1780335320195 0.0 0
1780335320197 0.15724867724867725 1
1780335320199 0.5211954002724795 2
1780335320200 0.7163514671235811 3
1780335320202 0.7997698462229355 4
1780335320204 0.7776317220367563 5
1780335320205 0.8110825997203038 6
1780335320207 0.8474486014501494 7
1780335320208 0.8551304397357029 8
1780335320210 0.8641702741702743 9
1780335320212 0.9272997711670481 10
1780335320213 0.9027066049892136 11
1780335320215 0.8669789670254066 12
1780335320216 0.9207848833313228 13
1780335320218 0.8746350055173586 14
1780335320219 0.9346177944862154 15
1780335320221 0.9258088402825246 16
1780335320222 0.9218088447500212 17
1780335320224 0.912897638044192 18
1780335320226 0.9102091567852437 19
1780335320227 0.9272819359003568 20
1780335320229 0.9030540293040294 21
1780335320230 0.951067821067821 22
1780335320232 0.9446786546786546 23
1780335320233 0.9619063964258471 24
1780335320235 0.9371361095045305 25
1780335320236 0.9281594611528821 26
1780335320238 0.9237318340414316 27
1780335320239 0.9171810748590934 28
1780335320241 0.9574076495586793 29
1780335320243 0.9471412024508 30
1780335320244 0.9415732513100934 31
1780335320246 0.9479186602870813 32
1780335320247 0.8881894129262552 33
1780335320249 0.9459574738986504 34
1780335320251 0.9120286718112804 35
1780335320252 0.9175686086097985 36
1780335320254 0.8877408354646207 37
1780335320255 0.9578838400348697 38
1780335320257 0.9163568749044588 39
1780335320258 0.8916543123386237 40
1780335320260 0.9021022242889251 41
1780335320261 0.8893207450444292 42
1780335320263 0.9061038961038961 43
1780335320265 0.9383227006911218 44
1780335320266 0.9419314590824888 45
1780335320268 0.9308339029391661 46
1780335320269 0.9077422723475357 47
1780335320271 0.9427276524644945 48
1780335320272 0.9720562770562771 49
1780335320274 0.9112655971479502 50
1780335320275 0.9282530601866986 51
1780335320277 0.8788345194537145 52
1780335320278 0.9247368421052633 53
1780335320280 0.915827067669173 54
1780335320282 0.8939545834282677 55
1780335320283 0.9358771929824561 56
1780335320285 0.9235098033388518 57
1780335320286 0.9474076495586793 58
1780335320288 0.9216370430357843 59
1780335320289 0.9282055682684973 60
1780335320291 0.9326489477976893 61
1780335320292 0.9108082706766917 62
1780335320294 0.9063134032477146 63
1780335320296 0.9115559650113425 64
1780335320297 0.9336465495289025 65
1780335320299 0.9458088402825245 66
1780335320300 0.9234814308498519 67
1780335320302 0.9272837396521607 68
1780335320303 0.922480559105273 69
1780335320305 0.9124242424242425 70
1780335320306 0.9487308191427184 71
1780335320308 0.9415303895637722 72
1780335320309 0.9248696172248805 73
1780335320311 0.9303863381101232 74
1780335320313 0.9262574255137185 75
1780335320314 0.9279105780027843 76
1780335320316 0.9128154873349382 77
1780335320317 0.9146723105718259 78
1780335320319 0.9508589655958076 79
1780335320320 0.9228867623604465 80
1780335320322 0.9148779144831776 81
1780335320323 0.9141465323387521 82
1780335320325 0.9230191420580438 83
1780335320327 0.9148245614035089 84
1780335320328 0.9565516062884484 85
1780335320330 0.9057700735796711 86
1780335320331 0.9467137540821751 87
1780335320333 0.8974607632387952 88
1780335320335 0.917373568143019 89
1780335320336 0.9324792052595254 90
1780335320338 0.9160359231411863 91
1780335320339 0.9324572795625427 92
1780335320341 0.9567604617604617 93
1780335320342 0.9215636313004734 94
1780335320344 0.9254518744256597 95
1780335320345 0.8963993977037455 96
1780335320347 0.9359926330978962 97
1780335320348 0.9123392968587478 98
1780335320350 0.9342508940335028 99
1780335320352 0.9309163719575618 100
1780335320353 0.9170426065162907 101
1780335320355 0.8773821809425524 102
1780335320356 0.9077727086257845 103
1780335320358 0.9145157272395125 104
1780335320359 0.9141677053596557 105
1780335320361 0.9134933796853302 106
1780335320362 0.8961004784688995 107
1780335320364 0.9466416040100251 108
1780335320365 0.9135363862144047 109
1780335320367 0.9258059179569477 110
1780335320369 0.922194121667806 111
1780335320370 0.8944012204424103 112
1780335320372 0.9178217282336275 113
1780335320373 0.9151196172248804 114
1780335320375 0.8899943039416722 115
1780335320376 0.9471177944862156 116
1780335320378 0.912745879851143 117
1780335320379 0.9305847953216373 118
1780335320381 0.9295670995670996 119
1780335320382 0.8933992177413229 120
1780335320384 0.9106298717809016 121
1780335320385 0.9399076903488666 122
1780335320387 0.9365516062884485 123
1780335320389 0.9005712141315858 124
1780335320390 0.8828952729417127 125
1780335320392 0.9317395762132603 126
1780335320393 0.9330491908295112 127
1780335320395 0.919257233994076 128
1780335320396 0.8825553488852721 129
1780335320398 0.8817110959216222 130
1780335320399 0.9574076495586791 131
1780335320401 0.8924326452028699 132
1780335320402 0.909708048117659 133
1780335320404 0.9285064935064936 134
1780335320406 0.9412884483937116 135
1780335320407 0.8965849226452942 136
1780335320409 0.8707478924584187 137
1780335320410 0.8845119661899847 138
1780335320412 0.927861220904699 139
1780335320413 0.9001852374678462 140
1780335320415 0.92975 141
1780335320417 0.9320811704822003 142
1780335320418 0.9426086956521738 143
1780335320420 0.9206208703577123 144
1780335320421 0.9422009569377989 145
1780335320423 0.9198350949838364 146
1780335320424 0.9178155281251256 147
1780335320426 0.9226367260377557 148
1780335320427 0.9474747474747474 149
1780335320429 0.9365252966175028 150
1780335320431 0.9000999942311021 151
1780335320432 0.8870914220760768 152
1780335320434 0.9367181128050692 153
1780335320435 0.9133804207488418 154
1780335320437 0.8845271601463551 155
1780335320438 0.8541159047350998 156
1780335320440 0.8323300461298173 157
1780335320441 0.7632192780337942 158
1780335320443 0.8522437871447577 159
1780335320445 0.8243190437013966 160
1780335320446 0.7832632173068041 161
1780335320448 0.7901637501682595 162
1780335320449 0.8684436063555057 163
1780335320451 0.7946213587492361 164
1780335320452 0.821253943456124 165
1780335320454 0.8522691468654587 166
1780335320455 0.7734040235127192 167
1780335320457 0.80051821748046 168
1780335320458 0.7906194087093266 169
1780335320460 0.7991629353357041 170
1780335320461 0.8615040973743355 171
1780335320463 0.8103491664106821 172
1780335320465 0.8138552117331225 173
1780335320466 0.83872799311112 174
1780335320468 0.809653774587985 175
1780335320469 0.7708533666569741 176
1780335320471 0.8342264655671574 177
1780335320472 0.857432613153437 178
1780335320474 0.8596000597867606 179
1780335320475 0.8381112093960391 180
1780335320477 0.8533592215056747 181
1780335320478 0.8521470342522974 182
1780335320480 0.8822564935064936 183
1780335320482 0.7982482721956407 184
1780335320483 0.8061365535049745 185
1780335320485 0.8427689712248536 186
1780335320486 0.8258138924386064 187
1780335320488 0.7910296055180966 188
1780335320489 0.7706827287741947 189
1780335320491 0.8123512542668889 190
1780335320493 0.8581001416584941 191
1780335320494 0.8297919617885292 192
1780335320496 0.8228247397597244 193
1780335320497 0.8528783255899961 194
1780335320499 0.8087908736617176 195
1780335320500 0.817188478442483 196
1780335320502 0.8759500926228615 197
1780335320503 0.8230077030812325 198
1780335320505 0.8288448558627926 199
1780335320507 0.7977702013173092 200
1780335320508 0.7845211284430561 201
1780335320510 0.8080457731945145 202
1780335320511 0.8898034116912836 203
1780335320513 0.846984372696447 204
1780335320514 0.8660168692676432 205
1780335320516 0.8085442773600668 206
1780335320517 0.839527796764639 207
1780335320519 0.8667877621996615 208
1780335320520 0.839384288629813 209
1780335320522 0.8657973243385142 210
1780335320523 0.8547479205259526 211
1780335320525 0.8022572891579488 212
1780335320526 0.815474025974026 213
1780335320528 0.8558891211987186 214
1780335320530 0.7846841496996296 215
1780335320531 0.8465058903944354 216
1780335320533 0.8463997113997115 217
1780335320534 0.8474253301625762 218
1780335320536 0.880672415557999 219
1780335320537 0.8261139211665528 220
1780335320539 0.8657766475011057 221
1780335320540 0.8733206024244522 222
1780335320542 0.8455447345259983 223
1780335320543 0.8157528703180876 224
1780335320545 0.8175719932241672 225
1780335320546 0.8311299081035923 226
1780335320548 0.8563422742834508 227
1780335320549 0.825453109057228 228
1780335320551 0.8720631081986918 229
1780335320553 0.8525689223057643 230
1780335320554 0.8361744066047472 231
1780335320556 0.7679996408819939 232
1780335320557 0.8771658312447785 233
1780335320559 0.856270452151459 234
1780335320560 0.8057283744097244 235
1780335320562 0.8576238314825272 236
1780335320563 0.8082452228676485 237
1780335320565 0.8264110044544827 238
1780335320566 0.8567791303124122 239
1780335320568 0.8401985433241321 240
1780335320569 0.7729366028708133 241
1780335320571 0.8466602427786638 242
1780335320572 0.7905962651899184 243
1780335320574 0.8202639352391674 244
1780335320576 0.8703123852411778 245
1780335320577 0.8269711399711399 246
1780335320579 0.8064348673616408 247
1780335320580 0.8099919823001664 248
1780335320582 0.8798393376489351 249
1780335320583 0.862420168067227 250
1780335320585 0.812063820327382 251
1780335320586 0.8323106250474671 252
1780335320588 0.8533394675499938 253
1780335320590 0.8117483660130718 254
1780335320591 0.8896650047578841 255
1780335320593 0.825875307698837 256
1780335320594 0.8332380952380951 257
1780335320596 0.8490916571351355 258
1780335320597 0.8359380206697477 259
1780335320599 0.8625527091774231 260
1780335320600 0.8189383016364442 261
1780335320602 0.8711786725486416 262
1780335320603 0.8053360897788142 263
1780335320605 0.8579368206612787 264
1780335320606 0.881784130185833 265
1780335320608 0.8290294824676975 266
1780335320610 0.8270716787512453 267
1780335320611 0.8505192328647706 268
1780335320613 0.8609749552133452 269
1780335320614 0.8297106171225165 270
1780335320616 0.8616362779769698 271
1780335320617 0.838119715270745 272
1780335320619 0.8751412622465253 273
1780335320620 0.8394257032956723 274
1780335320622 0.8253729789190484 275
1780335320623 0.8339644775514341 276
1780335320625 0.8541760841497684 277
1780335320627 0.8580756719163638 278
1780335320628 0.8063350560389193 279
1780335320630 0.8014766237262535 280
1780335320631 0.803724497052132 281
1780335320633 0.8184252337876646 282
1780335320634 0.8491162844723217 283
1780335320636 0.7992027126640131 284
1780335320637 0.8144710474162622 285
1780335320639 0.8270946955857441 286
1780335320641 0.8407378383570334 287
1780335320642 0.8837031060950837 288
1780335320644 0.8427769021484192 289
1780335320645 0.7983460825977988 290
1780335320656 0.861687370600414 291
1780335320658 0.8756439352663609 292
1780335320659 0.7791760775456428 293
1780335320661 0.8384695487653492 294
1780335320663 0.8473727768619408 295
1780335320664 0.8364291410344041 296
1780335320666 0.7804180460062813 297
1780335320667 0.8504468557758031 298
1780335320669 0.821055033344036 299
1780335320670 0.887349441961099 300
1780335320672 0.805975511416688 301
1780335320674 0.8136235887809115 302
1780335320675 0.8685529680979943 303
1780335320677 0.7736035126836043 304
1780335320679 0.847723239093208 305
1780335320680 0.8414889572669892 306
1780335320682 0.8179023844195468 307
1780335320683 0.7863520432096284 308
1780335320685 0.8441183030038865 309
1780335320687 0.8259473684210527 310
1780335320688 0.8262746457712133 311
1780335320690 0.872835331761163 312
1780335320691 0.8785858168244761 313
