1780138007095 0.0 0
1780138007097 0.055236401394893664 1
1780138007100 0.09397614582216983 2
1780138007102 0.11088841538878366 3
1780138007104 0.20032731608704085 4
1780138007106 0.2755192543012883 5
1780138007109 0.26317372949130835 6
1780138007111 0.30651020446527355 7
1780138007113 0.382974010411415 8
1780138007115 0.37417853412708274 9
1780138007117 0.4995206109731142 10
1780138007119 0.44821550673925514 11
1780138007122 0.49237970689583593 12
1780138007124 0.48377626423324854 13
1780138007126 0.5309537403823118 14
1780138007128 0.6187152003068519 15
1780138007130 0.5783338530707722 16
1780138007133 0.5986226532999283 17
1780138007135 0.6671859362802007 18
1780138007137 0.6569832294017528 19
1780138007140 0.6862151401857284 20
1780138007142 0.7143251479385933 21
1780138007144 0.7321142541352013 22
1780138007146 0.7787634336471545 23
1780138007148 0.7699783828070839 24
1780138007151 0.7292344913824276 25
1780138007153 0.7712543591258413 26
1780138007155 0.7731038244935011 27
1780138007157 0.7336541265006353 28
1780138007159 0.7344830765656216 29
1780138007162 0.7940315751727801 30
1780138007164 0.7273586167619066 31
1780138007166 0.7790211014389552 32
1780138007169 0.7760980286764119 33
1780138007171 0.8155109781559403 34
1780138007173 0.7386251200989238 35
1780138007175 0.76666821349171 36
1780138007178 0.7449901263681933 37
1780138007180 0.7464320968577436 38
1780138007182 0.7446549662094919 39
1780138007184 0.7552042050962892 40
1780138007187 0.7901987849319031 41
1780138007189 0.720825234461577 42
1780138007191 0.7260401208657689 43
1780138007194 0.8013972325376606 44
1780138007196 0.8199012227808253 45
1780138007198 0.7987075220305517 46
1780138007200 0.8036494820944737 47
1780138007203 0.7841599892811646 48
1780138007205 0.8252330905521271 49
1780138007207 0.8432925688499248 50
1780138007209 0.770021444509361 51
1780138007211 0.7510091910625334 52
1780138007214 0.7682674297768638 53
1780138007216 0.7940996036203709 54
1780138007218 0.7433157238199255 55
1780138007220 0.7983024944861387 56
1780138007222 0.8012348096324295 57
1780138007225 0.7941985627351481 58
1780138007227 0.7634961646422093 59
1780138007229 0.7796455883297988 60
1780138007232 0.7642749409042958 61
1780138007234 0.7750291086792092 62
1780138007236 0.795659958963837 63
1780138007238 0.8345813719043325 64
1780138007240 0.8345849563409871 65
1780138007243 0.8308974208974208 66
1780138007245 0.8094751014278136 67
1780138007247 0.8401914512837101 68
1780138007249 0.8586191735806628 69
1780138007252 0.8236017595036313 70
1780138007254 0.8354899113307328 71
1780138007256 0.8538304940308505 72
1780138007259 0.8178375993877166 73
1780138007261 0.806852446838767 74
1780138007264 0.7918716605955647 75
1780138007266 0.8122583049412319 76
1780138007268 0.7901376136962657 77
1780138007270 0.8328063182799428 78
1780138007273 0.863267356523469 79
1780138007275 0.8022077240598675 80
1780138007277 0.8471865874191454 81
1780138007280 0.8051503337797632 82
1780138007282 0.785953325953326 83
1780138007284 0.7746208655958117 84
1780138007286 0.8685778284580044 85
1780138007288 0.793705048869392 86
1780138007291 0.7961231318823765 87
1780138007293 0.8036534497325925 88
1780138007295 0.8687147224246068 89
1780138007298 0.8408047943413797 90
1780138007300 0.8353668341287879 91
1780138007302 0.8589671323134874 92
1780138007304 0.8024028065312182 93
1780138007306 0.814713567237256 94
1780138007309 0.8592573161943553 95
1780138007311 0.840849310944139 96
1780138007313 0.8390492042723909 97
1780138007316 0.8232403774092582 98
1780138007318 0.8253363379679863 99
1780138007320 0.826831981055537 100
1780138007322 0.8090494748801239 101
1780138007325 0.7746326267747246 102
1780138007327 0.8510580317495862 103
1780138007329 0.8281193506480087 104
1780138007331 0.8306953084257394 105
1780138007334 0.807501314763001 106
1780138007336 0.8480678596927813 107
1780138007338 0.828374782227006 108
1780138007341 0.7722041280180815 109
1780138007343 0.8557109299086193 110
1780138007345 0.8399654701195137 111
1780138007348 0.8358543678804358 112
1780138007350 0.8650813627580142 113
1780138007352 0.850285771769039 114
1780138007355 0.8102338053623244 115
1780138007357 0.8443849179509145 116
1780138007359 0.835298227220186 117
1780138007362 0.8488835214070246 118
1780138007364 0.8490924884195923 119
1780138007366 0.8221003418984287 120
1780138007368 0.8730983052035685 121
1780138007371 0.8708814389302194 122
1780138007373 0.8641500258207724 123
1780138007375 0.8630434450922255 124
1780138007377 0.7974141370448314 125
1780138007380 0.8704228499002017 126
1780138007382 0.8162630591809854 127
1780138007384 0.8468112961901959 128
1780138007386 0.789430164707936 129
1780138007389 0.7942064838193872 130
1780138007391 0.878905056939657 131
1780138007393 0.8689384343473296 132
1780138007395 0.8241425021912827 133
1780138007397 0.8018603278317403 134
1780138007400 0.8582687767355959 135
1780138007402 0.8585640385656431 136
1780138007404 0.817443524729239 137
1780138007407 0.8198228134076121 138
1780138007409 0.8650389689190179 139
1780138007411 0.8426485303314571 140
1780138007413 0.8122346036616029 141
1780138007415 0.8795482743534807 142
1780138007418 0.8973860832398163 143
1780138007420 0.8265953540919341 144
1780138007422 0.8811067726184006 145
1780138007424 0.8483287344519693 146
1780138007427 0.891523544549935 147
1780138007429 0.8226136253460663 148
1780138007431 0.8599174221809085 149
1780138007434 0.87450086498867 150
1780138007436 0.8320205092116127 151
1780138007438 0.8648219044560508 152
1780138007440 0.8758448026210303 153
1780138007443 0.8760904478491127 154
1780138007445 0.842790062291475 155
1780138007447 0.8647524158165408 156
1780138007449 0.8781908102747644 157
1780138007452 0.8989143698039225 158
1780138007454 0.9050316532858254 159
1780138007456 0.8754942233632862 160
1780138007458 0.8905020931144165 161
1780138007461 0.9038020335246953 162
1780138007463 0.9402145121300567 163
1780138007465 0.8705837981268179 164
1780138007467 0.8733510037146184 165
1780138007470 0.8810949619370673 166
1780138007472 0.8785677050847329 167
1780138007474 0.8649658128918449 168
1780138007476 0.9199138815826876 169
1780138007478 0.9242763334226749 170
1780138007481 0.9250087777802201 171
1780138007483 0.9052113750605406 172
1780138007485 0.9049749843652283 173
1780138007487 0.9001462676687325 174
1780138007490 0.8750535372486592 175
1780138007492 0.9035339677605183 176
1780138007494 0.9096970504315939 177
1780138007497 0.919312096289827 178
1780138007499 0.9215995401333746 179
1780138007501 0.9301780606494463 180
1780138007504 0.9299091772583429 181
1780138007506 0.8388657909178019 182
1780138007508 0.9288533353680979 183
1780138007510 0.9253733066249114 184
1780138007513 0.9297411369220786 185
1780138007515 0.9301793820214874 186
1780138007517 0.8918049692041606 187
1780138007519 0.8754082827566512 188
1780138007522 0.8630133891771099 189
1780138007524 0.9101827147238615 190
1780138007526 0.899332736155586 191
1780138007529 0.9002820251330584 192
1780138007531 0.8980413258811325 193
1780138007533 0.8813423513038403 194
1780138007536 0.9093684649397101 195
1780138007538 0.9039041165022598 196
1780138007540 0.9400587426546467 197
1780138007543 0.9350175061150672 198
1780138007545 0.9141305799700581 199
1780138007547 0.9060714258082679 200
1780138007549 0.9449785580273385 201
1780138007551 0.899601070593697 202
1780138007554 0.9461151898026843 203
1780138007556 0.9297377259893306 204
1780138007558 0.9249725453704916 205
1780138007560 0.9361086608720142 206
1780138007562 0.8942189349744286 207
1780138007565 0.9439912949898919 208
1780138007567 0.9257558323440345 209
1780138007569 0.9402634165150212 210
1780138007571 0.9099919586117571 211
1780138007573 0.8995241557757604 212
1780138007576 0.9001458448602906 213
1780138007578 0.871736206255657 214
1780138007580 0.8940905558469818 215
1780138007582 0.9348283478771284 216
1780138007585 0.9191452599604075 217
1780138007587 0.9196659471049717 218
1780138007589 0.9697055255399286 219
1780138007591 0.9351629072681705 220
1780138007593 0.9296174141809572 221
1780138007596 0.9504413002487457 222
1780138007598 0.9197502115088765 223
1780138007600 0.9143235550111702 224
1780138007602 0.9286325181818809 225
1780138007605 0.9596200207175816 226
1780138007607 0.939879426394189 227
1780138007609 0.9195186616348741 228
1780138007612 0.9238605437514293 229
1780138007614 0.9112758764246177 230
1780138007616 0.930187803131649 231
1780138007618 0.9255732749635189 232
1780138007621 0.9502072724023943 233
1780138007623 0.9261098422021009 234
1780138007625 0.8817199249984276 235
1780138007627 0.9496967699406724 236
1780138007630 0.9189990834636623 237
1780138007632 0.9349342399149844 238
1780138007634 0.9358037176915894 239
1780138007636 0.9442729713589791 240
1780138007639 0.9147175297858942 241
1780138007641 0.9410588406031282 242
1780138007643 0.9338493029814641 243
1780138007645 0.8941004994387913 244
1780138007647 0.9548968326875305 245
1780138007650 0.9602055636715457 246
1780138007652 0.9114689847209178 247
1780138007654 0.9255020931144167 248
1780138007656 0.9751928684007677 249
1780138007658 0.9447945989409405 250
1780138007661 0.9100959749868606 251
1780138007663 0.9395303220527869 252
1780138007665 0.9097318256411357 253
1780138007667 0.9172008111761191 254
1780138007670 0.9295500613963462 255
1780138007672 0.9200745241168263 256
1780138007674 0.8946576489580341 257
1780138007676 0.9544784257351056 258
1780138007678 0.9497096399535424 259
1780138007681 0.9600718259062291 260
1780138007683 0.9302640888006742 261
1780138007685 0.9558257531941743 262
1780138007687 0.944268935679659 263
1780138007690 0.950440690753853 264
1780138007692 0.9409501552505404 265
1780138007694 0.9230950817201824 266
1780138007696 0.9649749373433583 267
1780138007699 0.9548503528991334 268
1780138007701 0.9648154156498187 269
1780138007703 0.9600478822430041 270
1780138007706 0.9502519806691823 271
1780138007708 0.9292925730666424 272
1780138007710 0.9500602585262407 273
1780138007712 0.8978696702518454 274
1780138007715 0.9401783209100284 275
1780138007717 0.9446084800256817 276
1780138007719 0.9446462296320493 277
1780138007722 0.9298373983739838 278
1780138007724 0.930071710488912 279
1780138007726 0.8963435109404678 280
1780138007728 0.9342766534088145 281
1780138007730 0.9194047304657211 282
1780138007733 0.9650906346541778 283
1780138007735 0.9249700041847101 284
1780138007737 0.9401376957089409 285
1780138007739 0.9304381732943993 286
1780138007741 0.9445654378581209 287
1780138007744 0.9250541451032539 288
1780138007746 0.969977617589941 289
1780138007748 0.9208710127998421 290
1780138007750 0.9185084702758454 291
1780138007753 0.9448417312575297 292
1780138007755 0.9249046948712591 293
1780138007757 0.9403135418283044 294
1780138007759 0.8981312156801916 295
1780138007762 0.9451335407804644 296
1780138007764 0.94433127847762 297
1780138007766 0.9357275368197955 298
1780138007768 0.9039277150199737 299
1780138007770 0.9351351545231594 300
1780138007773 0.9549691771642991 301
1780138007775 0.9111144537267772 302
1780138007777 0.965061536318216 303
1780138007779 0.9651031894934334 304
1780138007782 0.9502445301263107 305
1780138007784 0.9350950145595934 306
1780138007786 0.9039933741419477 307
1780138007788 0.930615817544647 308
1780138007791 0.9112346808858437 309
1780138007793 0.9444904868447276 310
1780138007795 0.9196747410020242 311
1780138007798 0.9447314598905786 312
1780138007800 0.9540413651389261 313
