1780117598139 0.0 0
1780117598142 0.075 1
1780117598144 0.115 2
1780117598146 0.185 3
1780117598147 0.28 4
1780117598149 0.25 5
1780117598151 0.265 6
1780117598152 0.26 7
1780117598154 0.305 8
1780117598156 0.32 9
1780117598157 0.33 10
1780117598159 0.36 11
1780117598161 0.345 12
1780117598162 0.365 13
1780117598164 0.395 14
1780117598165 0.37 15
1780117598167 0.305 16
1780117598169 0.325 17
1780117598170 0.265 18
1780117598172 0.44 19
1780117598173 0.39 20
1780117598175 0.33 21
1780117598177 0.46 22
1780117598178 0.4 23
1780117598180 0.465 24
1780117598182 0.445 25
1780117598183 0.465 26
1780117598185 0.395 27
1780117598187 0.505 28
1780117598188 0.465 29
1780117598190 0.46 30
1780117598192 0.41 31
1780117598193 0.455 32
1780117598195 0.46 33
1780117598196 0.45 34
1780117598198 0.44 35
1780117598200 0.49 36
1780117598201 0.535 37
1780117598203 0.525 38
1780117598205 0.455 39
1780117598206 0.49 40
1780117598208 0.53 41
1780117598209 0.515 42
1780117598211 0.475 43
1780117598213 0.515 44
1780117598215 0.57 45
1780117598216 0.63 46
1780117598218 0.48 47
1780117598220 0.615 48
1780117598221 0.535 49
1780117598223 0.57 50
1780117598225 0.6 51
1780117598226 0.5 52
1780117598228 0.53 53
1780117598229 0.625 54
1780117598231 0.635 55
1780117598233 0.66 56
1780117598234 0.575 57
1780117598236 0.595 58
1780117598238 0.57 59
1780117598239 0.525 60
1780117598241 0.64 61
1780117598242 0.605 62
1780117598244 0.585 63
1780117598246 0.63 64
1780117598247 0.635 65
1780117598249 0.635 66
1780117598250 0.685 67
1780117598252 0.645 68
1780117598254 0.635 69
1780117598255 0.67 70
1780117598257 0.665 71
1780117598258 0.675 72
1780117598260 0.625 73
1780117598262 0.63 74
1780117598263 0.675 75
1780117598265 0.65 76
1780117598267 0.675 77
1780117598268 0.645 78
1780117598270 0.71 79
1780117598271 0.74 80
1780117598273 0.685 81
1780117598275 0.675 82
1780117598276 0.69 83
1780117598278 0.655 84
1780117598280 0.685 85
1780117598281 0.68 86
1780117598283 0.68 87
1780117598284 0.67 88
1780117598286 0.685 89
1780117598288 0.705 90
1780117598289 0.705 91
1780117598291 0.71 92
1780117598292 0.675 93
1780117598294 0.655 94
1780117598296 0.73 95
1780117598297 0.715 96
1780117598299 0.77 97
1780117598301 0.705 98
1780117598302 0.71 99
1780117598304 0.695 100
1780117598305 0.75 101
1780117598307 0.665 102
1780117598309 0.74 103
1780117598310 0.715 104
1780117598312 0.69 105
1780117598314 0.725 106
1780117598315 0.76 107
1780117598317 0.695 108
1780117598319 0.71 109
1780117598320 0.78 110
1780117598322 0.67 111
1780117598324 0.705 112
1780117598325 0.785 113
1780117598327 0.77 114
1780117598328 0.705 115
1780117598330 0.725 116
1780117598332 0.735 117
1780117598333 0.74 118
1780117598335 0.79 119
1780117598337 0.75 120
1780117598338 0.77 121
1780117598340 0.815 122
1780117598342 0.78 123
1780117598343 0.745 124
1780117598345 0.75 125
1780117598346 0.77 126
1780117598348 0.735 127
1780117598349 0.73 128
1780117598351 0.76 129
1780117598353 0.805 130
1780117598354 0.76 131
1780117598356 0.76 132
1780117598357 0.72 133
1780117598359 0.735 134
1780117598361 0.78 135
1780117598362 0.78 136
1780117598364 0.71 137
1780117598366 0.76 138
1780117598367 0.77 139
1780117598369 0.775 140
1780117598370 0.78 141
1780117598372 0.86 142
1780117598374 0.77 143
1780117598375 0.805 144
1780117598377 0.85 145
1780117598378 0.76 146
1780117598380 0.825 147
1780117598381 0.795 148
1780117598383 0.79 149
1780117598385 0.84 150
1780117598386 0.83 151
1780117598388 0.82 152
1780117598390 0.835 153
1780117598391 0.83 154
1780117598393 0.8 155
1780117598395 0.815 156
1780117598396 0.835 157
1780117598398 0.865 158
1780117598399 0.85 159
1780117598401 0.81 160
1780117598403 0.85 161
1780117598404 0.855 162
1780117598406 0.9 163
1780117598408 0.82 164
1780117598409 0.88 165
1780117598411 0.88 166
1780117598412 0.865 167
1780117598414 0.88 168
1780117598416 0.895 169
1780117598417 0.865 170
1780117598419 0.895 171
1780117598420 0.835 172
1780117598422 0.86 173
1780117598424 0.855 174
1780117598425 0.835 175
1780117598427 0.86 176
1780117598428 0.885 177
1780117598430 0.91 178
1780117598431 0.91 179
1780117598433 0.9 180
1780117598435 0.9 181
1780117598436 0.9 182
1780117598438 0.93 183
1780117598439 0.865 184
1780117598441 0.895 185
1780117598443 0.91 186
1780117598444 0.84 187
1780117598446 0.875 188
1780117598448 0.865 189
1780117598449 0.87 190
1780117598451 0.91 191
1780117598452 0.93 192
1780117598454 0.865 193
1780117598456 0.845 194
1780117598457 0.87 195
1780117598459 0.86 196
1780117598460 0.895 197
1780117598462 0.89 198
1780117598464 0.845 199
1780117598465 0.915 200
1780117598467 0.905 201
1780117598469 0.9 202
1780117598470 0.91 203
1780117598472 0.925 204
1780117598473 0.89 205
1780117598475 0.87 206
1780117598476 0.9 207
1780117598478 0.905 208
1780117598480 0.91 209
1780117598481 0.905 210
1780117598483 0.895 211
1780117598485 0.88 212
1780117598486 0.88 213
1780117598488 0.88 214
1780117598489 0.89 215
1780117598491 0.9 216
1780117598493 0.895 217
1780117598494 0.88 218
1780117598496 0.96 219
1780117598498 0.885 220
1780117598499 0.91 221
1780117598501 0.91 222
1780117598502 0.91 223
1780117598504 0.89 224
1780117598505 0.895 225
1780117598507 0.915 226
1780117598509 0.89 227
1780117598510 0.9 228
1780117598512 0.945 229
1780117598513 0.88 230
1780117598515 0.93 231
1780117598517 0.89 232
1780117598518 0.915 233
1780117598520 0.9 234
1780117598521 0.865 235
1780117598523 0.885 236
1780117598525 0.91 237
1780117598526 0.92 238
1780117598528 0.92 239
1780117598529 0.94 240
1780117598531 0.89 241
1780117598532 0.9 242
1780117598534 0.885 243
1780117598536 0.915 244
1780117598537 0.95 245
1780117598539 0.935 246
1780117598541 0.9 247
1780117598542 0.915 248
1780117598544 0.945 249
1780117598545 0.91 250
1780117598547 0.89 251
1780117598549 0.925 252
1780117598550 0.935 253
1780117598552 0.92 254
1780117598553 0.915 255
1780117598555 0.925 256
1780117598556 0.92 257
1780117598558 0.91 258
1780117598560 0.895 259
1780117598561 0.92 260
1780117598563 0.9 261
1780117598564 0.95 262
1780117598566 0.93 263
1780117598568 0.915 264
1780117598570 0.925 265
1780117598571 0.905 266
1780117598573 0.92 267
1780117598574 0.94 268
1780117598576 0.95 269
1780117598578 0.925 270
1780117598579 0.9 271
1780117598581 0.93 272
1780117598583 0.88 273
1780117598584 0.94 274
1780117598586 0.92 275
1780117598588 0.9 276
1780117598589 0.935 277
1780117598591 0.93 278
1780117598592 0.9 279
1780117598594 0.895 280
1780117598596 0.895 281
1780117598597 0.915 282
1780117598599 0.93 283
1780117598600 0.915 284
1780117598602 0.96 285
1780117598604 0.925 286
1780117598605 0.935 287
1780117598607 0.91 288
1780117598608 0.965 289
1780117598610 0.915 290
1780117598612 0.925 291
1780117598613 0.935 292
1780117598615 0.925 293
1780117598616 0.925 294
1780117598618 0.915 295
1780117598619 0.915 296
1780117598621 0.935 297
1780117598623 0.935 298
1780117598624 0.925 299
1780117598626 0.92 300
1780117598628 0.935 301
1780117598629 0.92 302
1780117598631 0.935 303
1780117598632 0.915 304
1780117598634 0.92 305
1780117598636 0.92 306
1780117598637 0.915 307
1780117598639 0.915 308
1780117598640 0.93 309
1780117598642 0.935 310
1780117598644 0.885 311
1780117598645 0.945 312
1780117598647 0.93 313
