1780122433620 0.0 0
1780122433623 0.06236186195516339 1
1780122433625 0.14419828537475596 2
1780122433627 0.32266066123337483 3
1780122433629 0.40009552260381687 4
1780122433631 0.47399530867272793 5
1780122433633 0.6524878671000301 6
1780122433636 0.6012158069551721 7
1780122433638 0.650604356939122 8
1780122433640 0.7216819542468638 9
1780122433642 0.8320192862603134 10
1780122433644 0.8416569095138741 11
1780122433646 0.7778156870139007 12
1780122433648 0.854455768090119 13
1780122433651 0.8745109515841223 14
1780122433653 0.8403581543254008 15
1780122433655 0.8386443325732827 16
1780122433657 0.9100920962580217 17
1780122433659 0.9156844137331943 18
1780122433661 0.8016864147379629 19
1780122433665 0.7982687569480501 20
1780122433667 0.8764528778168058 21
1780122433670 0.8956228459842217 22
1780122433672 0.8998645761359825 23
1780122433674 0.8894743422492306 24
1780122433676 0.7027709753043891 25
1780122433678 0.8664542711911134 26
1780122433680 0.8965495979781695 27
1780122433684 0.9051516291447641 28
1780122433687 0.8334296740760532 29
1780122433689 0.7304066891044505 30
1780122433691 0.8655168622155367 31
1780122433693 0.8076377131620325 32
1780122433696 0.6483185825064227 33
1780122433698 0.8823983797026159 34
1780122433700 0.8331747934790673 35
1780122433702 0.8749867914426928 36
1780122433704 0.9253775172196225 37
1780122433706 0.8818731817976702 38
1780122433709 0.7514443341643007 39
1780122433711 0.8998532169584801 40
1780122433713 0.6773111287735978 41
1780122433716 0.8478961980502417 42
1780122433718 0.90551582251839 43
1780122433721 0.8656820595984683 44
1780122433723 0.8589338636043358 45
1780122433725 0.9136254437794873 46
1780122433728 0.8921239465141906 47
1780122433730 0.9246411383510228 48
1780122433732 0.7861716061716062 49
1780122433735 0.8526916281662185 50
1780122433737 0.939426239143826 51
1780122433739 0.815401717019364 52
1780122433741 0.9148947385198394 53
1780122433743 0.9073751953199366 54
1780122433745 0.8493691044440113 55
1780122433747 0.8102725802725803 56
1780122433750 0.831803960450577 57
1780122433752 0.8691257018072852 58
1780122433754 0.929722250016157 59
1780122433756 0.8185341484301093 60
1780122433758 0.804931837701876 61
1780122433760 0.857392882460345 62
1780122433762 0.8945263454232123 63
1780122433765 0.9008040426268925 64
1780122433768 0.9144801730167584 65
1780122433772 0.8993323569446805 66
1780122433775 0.8027288526587573 67
1780122433777 0.8198375381222753 68
1780122433779 0.9253447811791842 69
1780122433781 0.8434424049540329 70
1780122433783 0.9258076252813096 71
1780122433785 0.8403526448108177 72
1780122433793 0.9124881494201136 73
1780122433795 0.904739045641813 74
1780122433797 0.8351421199247288 75
1780122433800 0.9236369651604379 76
1780122433802 0.9253561292393128 77
1780122433804 0.8175795280844872 78
1780122433806 0.7605528805581828 79
1780122433808 0.9105973070071348 80
1780122433810 0.6451851275965534 81
1780122433812 0.874251918131967 82
1780122433815 0.8905104104998653 83
1780122433817 0.9176832856389762 84
1780122433819 0.8378607758041097 85
1780122433821 0.8024268969430259 86
1780122433823 0.8668880728535113 87
1780122433825 0.9108018667129141 88
1780122433827 0.9364223738367692 89
1780122433830 0.8557197618901474 90
1780122433832 0.9348041815606075 91
1780122433834 0.9037508887508888 92
1780122433837 0.6970823589902232 93
1780122433839 0.8714348360665163 94
1780122433842 0.8989157554208681 95
1780122433844 0.8104012541596937 96
1780122433846 0.9007323656232513 97
1780122433848 0.8538100175465463 98
1780122433851 0.8967518649597641 99
1780122433853 0.9349154311670358 100
1780122433855 0.8993848096704322 101
1780122433857 0.8541231532480003 102
1780122433859 0.8389779243758705 103
1780122433861 0.9144956086684614 104
1780122433863 0.8639707188824612 105
1780122433867 0.9208880136736364 106
1780122433870 0.900172792323955 107
1780122433872 0.8363488191395169 108
1780122433874 0.9549521082255359 109
1780122433876 0.9350906816760476 110
1780122433878 0.9298363860738104 111
1780122433880 0.9097266033923956 112
1780122433883 0.8681230790999619 113
1780122433885 0.8891618812671442 114
1780122433887 0.9205530323063951 115
1780122433889 0.9290538940433487 116
1780122433891 0.9403363440462286 117
1780122433894 0.8949988932915763 118
1780122433896 0.7070136467407873 119
1780122433899 0.851317566561469 120
1780122433901 0.9352268741100577 121
1780122433903 0.8929941712891194 122
1780122433905 0.9090161829451331 123
1780122433907 0.8868016942407186 124
1780122433910 0.9254222428581264 125
1780122433912 0.8895609532544185 126
1780122433914 0.9124556676812317 127
1780122433916 0.9263203741059968 128
1780122433918 0.8554403427092065 129
1780122433920 0.8514598641935068 130
1780122433922 0.9600925466073091 131
1780122433925 0.9298129139592556 132
1780122433928 0.9251163927970805 133
1780122433931 0.9280192179261281 134
1780122433933 0.8841322896853179 135
1780122433935 0.9148571067748905 136
1780122433937 0.9600785735445555 137
1780122433940 0.9497934799475237 138
1780122433942 0.9251241631729437 139
1780122433944 0.9090390048784831 140
1780122433947 0.9284146747561384 141
1780122433949 0.939885487497811 142
1780122433951 0.9345439519829766 143
1780122433953 0.8974986322354745 144
1780122433955 0.8826227580399595 145
1780122433957 0.9216505481429144 146
1780122433959 0.8453455538799002 147
1780122433963 0.9547680097680098 148
1780122433966 0.9096324846324846 149
1780122433968 0.8916557714924028 150
1780122433971 0.9200507202751401 151
1780122433974 0.9345590053934085 152
1780122433976 0.819969723081291 153
1780122433978 0.8485298997809784 154
1780122433980 0.9391744196622247 155
1780122433982 0.8280093666293924 156
1780122433985 0.8767545322542084 157
1780122433987 0.92554366655699 158
1780122433989 0.9163297469653136 159
1780122433991 0.9282571192248611 160
1780122433994 0.9450485347711967 161
1780122433996 0.9499776175899411 162
1780122433998 0.9801036362011972 163
1780122434001 0.9499776175899411 164
1780122434003 0.9654984724304365 165
1780122434005 0.9748624140087554 166
1780122434008 0.9563029641753046 167
1780122434010 0.9288633424935184 168
1780122434012 0.9601232379088606 169
1780122434014 0.9450929620249262 170
1780122434017 0.9751036362011971 171
1780122434019 0.9409180689668496 172
1780122434021 0.9650817004989019 173
1780122434023 0.9454379191037114 174
1780122434025 0.9440693983748586 175
1780122434027 0.9647775617146008 176
1780122434029 0.9851067631555436 177
1780122434032 0.9451843962627018 178
1780122434035 0.960218393074619 179
1780122434038 0.9750677902269091 180
1780122434040 0.9450115599075207 181
1780122434042 0.863145012881855 182
1780122434044 0.9403231186158016 183
1780122434047 0.9501993097628528 184
1780122434049 0.9599375454253505 185
1780122434051 0.9650547886798894 186
1780122434054 0.9050892852132991 187
1780122434056 0.9492824303799912 188
1780122434059 0.9851156973108193 189
1780122434061 0.9602005247640678 190
1780122434064 0.9603204383692189 191
1780122434066 0.8886986684213302 192
1780122434068 0.9652368802368801 193
1780122434070 0.9607204708795894 194
1780122434073 0.9648404783064602 195
1780122434075 0.9699906191369607 196
1780122434077 0.9802376485303315 197
1780122434079 0.9601125703564726 198
1780122434081 0.9254846309018324 199
1780122434084 0.7988156365155799 200
1780122434087 0.9414693258564288 201
1780122434090 0.980103636201197 202
1780122434092 0.9596685803296843 203
1780122434094 0.9699655564803191 204
1780122434096 0.9452396316503551 205
1780122434098 0.9502618113593723 206
1780122434100 0.9555166429534283 207
1780122434103 0.9555766997230413 208
1780122434105 0.9749807445442877 209
1780122434107 0.9257370699508739 210
1780122434109 0.9649682367269019 211
1780122434111 0.9596565192200623 212
1780122434114 0.9553215672586063 213
1780122434116 0.9094516106855091 214
1780122434119 0.9949968730456537 215
1780122434121 0.9798655409631019 216
1780122434123 0.9799686834346655 217
1780122434126 0.9279019083897134 218
1780122434128 0.9746909627397432 219
1780122434131 0.9152064951585454 220
1780122434134 0.9797175866495508 221
1780122434137 0.9703058854650042 222
1780122434139 0.9448930804694008 223
1780122434142 0.9698306037137874 224
1780122434144 0.9799686834346655 225
1780122434146 0.9899937460913071 226
1780122434148 0.9499865586167345 227
1780122434150 0.9602460958274912 228
1780122434152 0.9504136201362818 229
1780122434155 0.9600956735616555 230
1780122434157 0.93059246616475 231
1780122434159 0.959959302571626 232
1780122434161 0.9452193335120166 233
1780122434163 0.9598556663704289 234
1780122434165 0.9244014662435716 235
1780122434167 0.9698525394160825 236
1780122434169 0.9650646632725625 237
1780122434171 0.970067790226909 238
1780122434174 0.9645716917668136 239
1780122434176 0.9751125703564728 240
1780122434178 0.9748556663704291 241
1780122434180 0.9600597647966069 242
1780122434182 0.9498049771592179 243
1780122434184 0.9601005092468509 244
1780122434186 0.8669534450022255 245
1780122434188 0.9542079730962317 246
1780122434190 0.9699906191369607 247
1780122434192 0.9508370209961399 248
1780122434194 0.9648274767594408 249
1780122434196 0.9508440682124892 250
1780122434199 0.9899937460913071 251
1780122434201 0.960075446590209 252
1780122434203 0.9547368172643569 253
1780122434205 0.949101151540176 254
1780122434207 0.9545945697536885 255
1780122434209 0.9600973822925042 256
1780122434211 0.8879088713060093 257
1780122434213 0.9749467477323703 258
1780122434215 0.9749937460913071 259
1780122434217 0.944170769324813 260
1780122434219 0.9453253283741088 261
1780122434221 0.9606572638600881 262
1780122434224 0.9849718103890119 263
1780122434226 0.9553475386402216 264
1780122434228 0.9802197802197803 265
1780122434230 0.9496842621232865 266
1780122434232 0.9753827751196174 267
1780122434234 0.9555166429534283 268
1780122434236 0.9647190208165819 269
1780122434238 0.9799906191369605 270
1780122434240 0.9799937460913071 271
1780122434242 0.959576379974326 272
1780122434244 0.9598624140087555 273
1780122434247 0.9517663020070636 274
1780122434249 0.974965556480319 275
1780122434251 0.9550566378422605 276
1780122434253 0.9799906191369605 277
1780122434255 0.9899937460913071 278
1780122434257 0.9700615363182159 279
1780122434259 0.9799874921826142 280
1780122434261 0.9949968730456537 281
1780122434263 0.9438848809035628 282
1780122434265 0.9749686834346655 283
1780122434267 0.9502786045789897 284
1780122434270 0.980103636201197 285
1780122434272 0.9801036362011972 286
1780122434274 0.8906222798827048 287
1780122434276 0.9697708140762742 288
1780122434278 0.9753278211672993 289
1780122434280 0.9070354445896243 290
1780122434282 0.9450928280426444 291
1780122434284 0.9135880385091288 292
1780122434286 0.9699686834346656 293
1780122434288 0.9498319517689909 294
1780122434291 0.9749776175899412 295
1780122434293 0.9547246791149231 296
1780122434295 0.9698008528496332 297
1780122434297 0.9748556663704291 298
1780122434299 0.9456197854249918 299
1780122434301 0.9604072465731719 300
1780122434303 0.9490949560319952 301
1780122434305 0.9600853211828821 302
1780122434307 0.9473039155965987 303
1780122434309 0.9751125703564728 304
1780122434311 0.9606572638600881 305
1780122434313 0.9799718103890118 306
1780122434315 0.9801067631555436 307
1780122434317 0.9134211499182063 308
1780122434319 0.9650875076998313 309
1780122434322 0.9558149381641037 310
1780122434324 0.9004260675313308 311
1780122434326 0.9705244755244754 312
1780122434328 0.9849906191369605 313
