1773271777183 0.0 0
1773271777217 0.7490530303030303 1
1773271777248 0.2125 2
1773271777293 0.2175 3
1773271777319 0.2625 4
1773271777347 0.2425 5
1773271777375 0.7642773892773893 6
1773271777402 0.2625 7
1773271777437 0.6746407939564509 8
1773271777468 0.7065656565656566 9
1773271777496 0.6654086566812124 10
1773271777522 0.6771434355704019 11
1773271777544 0.7307359307359307 12
1773271777581 0.2 13
1773271777599 0.235 14
1773271777635 0.2575 15
1773271777656 0.679411470323291 16
1773271777678 0.7009132420091324 17
1773271777726 0.8104473577510475 18
1773271777748 0.7033333333333334 19
1773271777769 0.6845040699427193 20
1773271777799 0.7268270944741533 21
1773271777828 0.6837989429403517 22
1773271777852 0.7463054187192117 23
1773271777888 0.7503040951479929 24
1773271777915 0.7297979797979798 25
1773271777944 0.8 26
1773271777971 0.2075 27
1773271778016 0.7319015930631176 28
1773271778041 0.7658392553297968 29
1773271778065 0.7549603174603174 30
1773271778095 0.7887218045112783 31
1773271778121 0.8050220088035214 32
1773271778155 0.7521978021978022 33
1773271778183 0.7773986350863107 34
1773271778202 0.8285590277777778 35
1773271778231 0.811811505507956 36
1773271778253 0.7674418604651163 37
1773271778280 0.24 38
1773271778301 0.7700534759358288 39
1773271778333 0.6917562724014337 40
1773271778366 0.7428525016244314 41
1773271778391 0.76270468661773 42
1773271778421 0.7626373626373626 43
1773271778446 0.7256719184430027 44
1773271778491 0.8094017094017094 45
1773271778516 0.7873772649053548 46
1773271778549 0.794766708701135 47
1773271778581 0.8256325632563256 48
1773271778610 0.7803757264495201 49
1773271778651 0.782258064516129 50
1773271778675 0.7738791423001949 51
1773271778702 0.7686480186480187 52
1773271778734 0.7819085052953378 53
1773271778758 0.746236559139785 54
1773271778801 0.7453208556149733 55
1773271778831 0.7852567310579521 56
1773271778861 0.8535714285714285 57
1773271778887 0.7983667708438351 58
1773271778911 0.8164391810517865 59
1773271778936 0.827323717948718 60
1773271778977 0.8107008442681314 61
1773271779010 0.830390920554855 62
1773271779033 0.7620203982515784 63
1773271779061 0.8200000000000001 64
1773271779105 0.760752688172043 65
1773271779128 0.7867024280067758 66
1773271779164 0.7545681063122924 67
1773271779188 0.8548942200627594 68
1773271779211 0.8089099954771597 69
1773271779242 0.7558963457839862 70
1773271779276 0.8065527065527065 71
1773271779303 0.7146410213894876 72
1773271779332 0.6567236823807537 73
1773271779356 0.7635999236495514 74
1773271779390 0.8279278216770845 75
1773271779447 0.7400740074007401 76
1773271779469 0.7970848345889289 77
1773271779496 0.813625450180072 78
1773271779534 0.8071658615136876 79
1773271779579 0.8136948209940911 80
1773271779610 0.8153044871794872 81
1773271779640 0.8668497609602279 82
1773271779668 0.7955660094084676 83
1773271779691 0.8399830220713073 84
1773271779743 0.8179028132992328 85
1773271779775 0.8274959742351047 86
1773271779797 0.8373333333333333 87
1773271779827 0.7890346861967247 88
1773271779853 0.8360000000000001 89
1773271779897 0.8872366165944148 90
1773271779934 0.7860509482661878 91
1773271779952 0.7498831229546516 92
1773271779976 0.7546777546777547 93
1773271780000 0.8146666666666667 94
1773271780024 0.8170940170940171 95
1773271780067 0.8115763546798029 96
1773271780091 0.8312020460358056 97
1773271780124 0.7954545454545454 98
1773271780148 0.8473097940311055 99
1773271780184 0.8027900441589724 100
1773271780228 0.8083306037777049 101
1773271780249 0.8175549322113137 102
1773271780274 0.8167919799498746 103
1773271780301 0.841044142614601 104
1773271780330 0.8513717214350316 105
1773271780370 0.8003003003003003 106
1773271780398 0.8294686964411735 107
1773271780423 0.820328131252501 108
1773271780454 0.8745041471330689 109
1773271780481 0.7593344155844155 110
1773271780507 0.8354623867234414 111
1773271780552 0.8111200321156162 112
1773271780594 0.8161733161733162 113
1773271780635 0.8257671290458175 114
1773271780659 0.7854285428542854 115
1773271780683 0.8491506459159801 116
1773271780705 0.7904647435897436 117
1773271780735 0.8480615446907582 118
1773271780762 0.8399359743897559 119
1773271780787 0.8634271099744245 120
1773271780813 0.8200000000000001 121
1773271780839 0.8088284102223697 122
1773271780874 0.7964526178273541 123
1773271780896 0.8389455256925136 124
1773271780925 0.837198657308514 125
1773271780950 0.8395989974937343 126
1773271780973 0.8523856316191725 127
1773271780995 0.8661858974358975 128
1773271781029 0.8153409090909092 129
1773271781053 0.8696110943623756 130
1773271781071 0.8157051282051282 131
1773271781091 0.8320587019429517 132
1773271781119 0.7987117552334944 133
1773271781141 0.8460891033554034 134
1773271781157 0.8556200580522471 135
1773271781189 0.7728455610049043 136
1773271781211 0.8553555080866646 137
1773271781232 0.8735746416989225 138
1773271781253 0.7943294329432944 139
1773271781286 0.7748357963875205 140
1773271781316 0.848849104859335 141
1773271781338 0.8205539943797672 142
1773271781359 0.8423935510541546 143
1773271781385 0.8008742839915586 144
1773271781413 0.7964285714285715 145
1773271781437 0.7921686746987953 146
1773271781466 0.8515625 147
1773271781494 0.793939393939394 148
1773271781519 0.8455598455598455 149
1773271781541 0.833743842364532 150
1773271781568 0.8220356878893464 151
1773271781591 0.8229166666666667 152
1773271781622 0.8104707792207793 153
1773271781651 0.8113479559262692 154
1773271781681 0.8480212158302733 155
1773271781705 0.8221950971416947 156
1773271781732 0.8464259317917855 157
1773271781778 0.8770833333333333 158
1773271781804 0.8782875339073004 159
1773271781831 0.8756993184823517 160
1773271781862 0.8633276740237691 161
1773271781888 0.7592704250829062 162
1773271781903 0.7850140056022409 163
1773271781946 0.8636828644501279 164
1773271781972 0.7524952112108075 165
1773271781999 0.8888188314417822 166
1773271782021 0.8564685133312584 167
1773271782045 0.8500000000000001 168
1773271782067 0.8238636363636364 169
1773271782107 0.8042606516290727 170
1773271782130 0.856748726655348 171
1773271782155 0.7794779477947795 172
1773271782179 0.8391405342624855 173
1773271782201 0.8648132427843802 174
1773271782221 0.8559570806761818 175
1773271782254 0.8436028873313108 176
1773271782275 0.8824175824175824 177
1773271782296 0.8266962395402763 178
1773271782314 0.7985274431057563 179
1773271782335 0.8618632638240482 180
1773271782357 0.8321314102564102 181
1773271782387 0.8411764705882353 182
1773271782406 0.8683571211661099 183
1773271782429 0.8770833333333333 184
1773271782450 0.8430853823010686 185
1773271782474 0.7938808373590982 186
1773271782512 0.8146464646464646 187
1773271782536 0.8008658008658008 188
1773271782559 0.8105876639145215 189
1773271782582 0.8417484805984106 190
1773271782604 0.8460144927536233 191
1773271782628 0.8559834660752093 192
1773271782664 0.843859649122807 193
1773271782688 0.8399937231928025 194
1773271782714 0.8352335233523352 195
1773271782735 0.8355034722222222 196
1773271782754 0.794159327867193 197
1773271782804 0.8037449503220876 198
