1780141649381 0.0 0
1780141649384 0.062040896525751364 1
1780141649387 0.08107521427790869 2
1780141649389 0.25641818013942314 3
1780141649392 0.23630619815493764 4
1780141649394 0.5272245006287559 5
1780141649396 0.38918794525548306 6
1780141649399 0.5544836088760468 7
1780141649401 0.6001195539353434 8
1780141649404 0.552261260741629 9
1780141649406 0.6578797173536086 10
1780141649409 0.6219739160885239 11
1780141649411 0.5709158922441624 12
1780141649413 0.6135231529372092 13
1780141649416 0.5596164008927221 14
1780141649419 0.711446640360744 15
1780141649421 0.6755820053632331 16
1780141649424 0.6135272383398784 17
1780141649426 0.6280983657192707 18
1780141649429 0.6807049460128174 19
1780141649431 0.7653137640255142 20
1780141649433 0.6281324540676869 21
1780141649436 0.7298074400426656 22
1780141649438 0.67267699102686 23
1780141649441 0.7760510199514571 24
1780141649443 0.7468957873390812 25
1780141649445 0.6173983374726408 26
1780141649448 0.757315467940468 27
1780141649450 0.7268738985573556 28
1780141649453 0.6316935253439271 29
1780141649455 0.7944199786399554 30
1780141649457 0.7186443605922759 31
1780141649460 0.8347424057715772 32
1780141649462 0.790244623004057 33
1780141649465 0.8228704056923541 34
1780141649467 0.6396842833943733 35
1780141649470 0.7311387724623019 36
1780141649472 0.7114072743998379 37
1780141649475 0.665528789293495 38
1780141649477 0.8589896360948993 39
1780141649480 0.7325892038795265 40
1780141649482 0.8362995036596184 41
1780141649484 0.6746535662684606 42
1780141649487 0.7722514842714063 43
1780141649489 0.647051623021835 44
1780141649492 0.8030057185549169 45
1780141649494 0.8863281573807889 46
1780141649497 0.6976574528261343 47
1780141649499 0.8533696110548032 48
1780141649501 0.8549828226103356 49
1780141649504 0.740748999572529 50
1780141649506 0.7662949952981855 51
1780141649509 0.8028881093365834 52
1780141649511 0.7323489573489573 53
1780141649514 0.8747480373162686 54
1780141649516 0.5721409810089605 55
1780141649519 0.8185464596079444 56
1780141649521 0.8237931175554755 57
1780141649523 0.8894213088070831 58
1780141649526 0.8374314034272923 59
1780141649528 0.8425848420825076 60
1780141649531 0.8743328258251983 61
1780141649533 0.7841021289140564 62
1780141649535 0.7903095161795087 63
1780141649538 0.8471177489877466 64
1780141649540 0.6970377578105839 65
1780141649542 0.8163973698292345 66
1780141649545 0.8817942391609674 67
1780141649547 0.830099863162099 68
1780141649550 0.7456182671690355 69
1780141649552 0.8219565071959053 70
1780141649555 0.8176428583811951 71
1780141649557 0.615577494788021 72
1780141649559 0.8885252541721778 73
1780141649562 0.9108501590305866 74
1780141649564 0.9165708044454887 75
1780141649567 0.876655498760762 76
1780141649569 0.8165193180527004 77
1780141649572 0.8849718436624727 78
1780141649574 0.9262751582039878 79
1780141649576 0.8419617546292996 80
1780141649579 0.9034873829720164 81
1780141649581 0.8292499785258428 82
1780141649584 0.8765346449374125 83
1780141649586 0.8779936615977093 84
1780141649588 0.8444707064043449 85
1780141649591 0.8314407173125661 86
1780141649593 0.6678762481706767 87
1780141649596 0.8150618524700575 88
1780141649598 0.826505338549626 89
1780141649601 0.8327605831206236 90
1780141649603 0.8987165766846946 91
1780141649606 0.8742150511029229 92
1780141649608 0.9497028923152158 93
1780141649610 0.878906651939585 94
1780141649613 0.9155147474435769 95
1780141649615 0.700780135519464 96
1780141649617 0.9211020635388489 97
1780141649620 0.8951528179160505 98
1780141649622 0.8997279844321294 99
1780141649625 0.903195562899262 100
1780141649627 0.9239313186539805 101
1780141649629 0.84445685608157 102
1780141649632 0.8653562639630751 103
1780141649634 0.8257450379177698 104
1780141649636 0.8944421255689863 105
1780141649639 0.8729336779893293 106
1780141649641 0.8750265397042136 107
1780141649644 0.9024091356286205 108
1780141649646 0.9145969221193868 109
1780141649649 0.8632237234483704 110
1780141649651 0.9107613853740373 111
1780141649653 0.827048228419039 112
1780141649656 0.8983153077033126 113
1780141649658 0.8228248145626325 114
1780141649661 0.8075598302565338 115
1780141649663 0.8342451492656149 116
1780141649666 0.7271380427814406 117
1780141649668 0.914244441423144 118
1780141649670 0.9063209137451457 119
1780141649673 0.9095870815874099 120
1780141649675 0.9137604550088285 121
1780141649678 0.8428456968859048 122
1780141649680 0.9104560351928773 123
1780141649683 0.9312159290015517 124
1780141649685 0.8952121862432649 125
1780141649688 0.873469728324352 126
1780141649690 0.919570758200934 127
1780141649693 0.650471041399834 128
1780141649695 0.8884010048303688 129
1780141649698 0.7914451792564757 130
1780141649700 0.9228538704630594 131
1780141649702 0.8879614050931794 132
1780141649705 0.8212690922212549 133
1780141649707 0.9022658583186391 134
1780141649710 0.9402425998061428 135
1780141649712 0.8056826914019842 136
1780141649715 0.8531459302511933 137
1780141649717 0.7774592339525019 138
1780141649719 0.8380022515626232 139
1780141649722 0.8862077500991064 140
1780141649724 0.8055506818022865 141
1780141649727 0.9410174009540533 142
1780141649729 0.9004305424492245 143
1780141649732 0.8528612008877122 144
1780141649734 0.9212027043198493 145
1780141649737 0.931044213651235 146
1780141649739 0.8794874592994354 147
1780141649742 0.9251588559932589 148
1780141649744 0.9299221788053623 149
1780141649747 0.8809639929835769 150
1780141649749 0.8788515808702628 151
1780141649752 0.9007884915456594 152
1780141649754 0.8914729641095122 153
1780141649756 0.9409221480274113 154
1780141649759 0.8887860449349537 155
1780141649762 0.9151212694023991 156
1780141649764 0.9401211596847027 157
1780141649767 0.9699686834346654 158
1780141649769 0.959849412461736 159
1780141649772 0.8664649332335287 160
1780141649774 0.9458842940921931 161
1780141649777 0.91947419939529 162
1780141649779 0.8916567120097287 163
1780141649782 0.9132141344708142 164
1780141649784 0.9400073753256128 165
1780141649786 0.9398036993672424 166
1780141649789 0.9496925239929093 167
1780141649791 0.9351472886132706 168
1780141649794 0.9059172631410796 169
1780141649796 0.9399718574108817 170
1780141649798 0.950037382386548 171
1780141649801 0.9502224604663629 172
1780141649803 0.918362478090215 173
1780141649806 0.846144063983469 174
1780141649808 0.8647291016014116 175
1780141649811 0.9546909627397433 176
1780141649813 0.9298001081871806 177
1780141649815 0.9702287143750559 178
1780141649818 0.9799937460913071 179
1780141649821 0.9597775617146009 180
1780141649823 0.9651063164477801 181
1780141649825 0.9354467858639873 182
1780141649828 0.9548546006940789 183
1780141649830 0.8737012703593023 184
1780141649833 0.9342427615970023 185
1780141649835 0.9600308450166647 186
1780141649838 0.9400511768932821 187
1780141649840 0.915454249361705 188
1780141649843 0.9405464667980714 189
1780141649845 0.9454032677575086 190
1780141649848 0.9206063669037382 191
1780141649850 0.9500485347711966 192
1780141649853 0.9453054387572404 193
1780141649855 0.8072436189626234 194
1780141649857 0.8860509019531577 195
1780141649860 0.9352522700574765 196
1780141649862 0.9551584248810867 197
1780141649865 0.9550686989518825 198
1780141649868 0.9294397245786923 199
1780141649870 0.9552183930746191 200
1780141649872 0.9749906191369606 201
1780141649875 0.925262419213967 202
1780141649877 0.9605484532483965 203
1780141649879 0.9447847243482673 204
1780141649882 0.9799686834346655 205
1780141649884 0.9650906346541775 206
1780141649887 0.8152975373886202 207
1780141649889 0.9749785580273386 208
1780141649891 0.9550067227974205 209
1780141649894 0.9600812537911384 210
1780141649896 0.9701928684007676 211
1780141649898 0.9348832523222766 212
1780141649901 0.8903841774028592 213
1780141649903 0.8419711987359045 214
1780141649906 0.9290862866986103 215
1780141649908 0.9749843652282678 216
1780141649911 0.9647878513026138 217
1780141649913 0.9701036362011971 218
1780141649916 0.9748404783064604 219
1780141649918 0.9600615363182159 220
1780141649921 0.883562502953352 221
1780141649923 0.9647082057865113 222
1780141649926 0.9400261523611375 223
1780141649928 0.9500524546852576 224
1780141649930 0.974987492182614 225
1780141649933 0.955064837764781 226
1780141649935 0.9500463482542475 227
1780141649938 0.911785184307649 228
1780141649940 0.9295046366556665 229
1780141649943 0.9697243342878773 230
1780141649945 0.9506452027504659 231
1780141649948 0.9403911180718059 232
1780141649950 0.9398029078324329 233
1780141649953 0.9599744906355946 234
1780141649955 0.7911811605633116 235
1780141649957 0.9468716309955761 236
1780141649960 0.8367821271151474 237
1780141649962 0.9495798834681421 238
1780141649965 0.9696905160319794 239
1780141649967 0.9799120207514989 240
1780141649969 0.9195411098949637 241
1780141649972 0.9455527207067643 242
1780141649974 0.974849412461736 243
1780141649976 0.9501834875377281 244
1780141649979 0.9899968730456535 245
1780141649981 0.9749686834346655 246
1780141649983 0.9255388139258864 247
1780141649986 0.950310414873958 248
1780141649988 0.8779791840594238 249
1780141649990 0.9596685803296843 250
1780141649993 0.9355295524615166 251
1780141649995 0.9899937460913073 252
1780141649998 0.9134094289497143 253
1780141650000 0.9599107429595236 254
1780141650003 0.954935180352382 255
1780141650005 0.969721207333531 256
1780141650007 0.9453255212333636 257
1780141650010 0.9703765212109243 258
1780141650012 0.9497664093299523 259
1780141650015 0.871367414646883 260
1780141650017 0.9503884378252232 261
1780141650020 0.9751036362011971 262
1780141650022 0.9608656082340292 263
1780141650025 0.9698494124617361 264
1780141650027 0.9602166532654337 265
1780141650030 0.9547734108709719 266
1780141650032 0.9305846220293275 267
1780141650034 0.960429748637648 268
1780141650037 0.9949968730456537 269
1780141650039 0.9453185807357822 270
1780141650042 0.9602376485303313 271
1780141650044 0.9648968326875303 272
1780141650047 0.955159780313824 273
1780141650049 0.9649404938236774 274
1780141650051 0.9798525394160823 275
1780141650054 0.8003099093071429 276
1780141650056 0.9554994128678338 277
1780141650059 0.9350180206759902 278
1780141650061 0.9849937460913072 279
1780141650063 0.9394564900328103 280
1780141650066 0.9705146009318024 281
1780141650068 0.9550594966448627 282
1780141650070 0.9604475541574388 283
1780141650073 0.9799874921826142 284
1780141650075 0.9121527595211806 285
1780141650077 0.9604837651349281 286
1780141650080 0.9500474355352404 287
1780141650083 0.9168443929057671 288
1780141650085 0.9899937460913071 289
1780141650087 0.9459564091592332 290
1780141650090 0.8510554457922879 291
1780141650102 0.9698556663704287 292
1780141650105 0.9600915750915752 293
1780141650107 0.8572684541150197 294
1780141650110 0.9279857073713768 295
1780141650112 0.9705146009318024 296
1780141650115 0.9553306418454044 297
1780141650117 0.9749749373433583 298
1780141650120 0.9549333311900107 299
1780141650122 0.9452322216420495 300
1780141650125 0.9801067631555437 301
1780141650127 0.9698404783064604 302
1780141650129 0.9448027906422688 303
1780141650132 0.9558119658119658 304
1780141650134 0.9699655564803191 305
1780141650137 0.9232041877677307 306
1780141650139 0.9649436207780239 307
1780141650142 0.9602099056271071 308
1780141650144 0.9556515957199601 309
1780141650146 0.9494198680449688 310
1780141650149 0.946949683464446 311
1780141650151 0.9799120207514989 312
1780141650153 0.9550046633666064 313
