1780114393384 0.0 0
1780114393386 0.9005555555555507 1
1780114393388 0.8988888888888837 2
1780114393390 0.9083333333333282 3
1780114393391 0.909999999999995 4
1780114393393 0.9255555555555505 5
1780114393395 0.926111111111106 6
1780114393396 0.9288888888888838 7
1780114393398 0.9327777777777728 8
1780114393400 0.932222222222217 9
1780114393402 0.9394444444444392 10
1780114393403 0.9477777777777725 11
1780114393405 0.9422222222222171 12
1780114393407 0.9488888888888836 13
1780114393409 0.9549999999999947 14
1780114393410 0.9555555555555502 15
1780114393412 0.9611111111111057 16
1780114393414 0.9561111111111057 17
1780114393416 0.9566666666666613 18
1780114393417 0.9661111111111058 19
1780114393419 0.9577777777777724 20
1780114393421 0.9666666666666612 21
1780114393423 0.9666666666666612 22
1780114393424 0.9672222222222168 23
1780114393426 0.9649999999999945 24
1780114393428 0.9672222222222169 25
1780114393430 0.9677777777777724 26
1780114393431 0.9705555555555501 27
1780114393433 0.9655555555555502 28
1780114393435 0.9722222222222168 29
1780114393437 0.9688888888888835 30
1780114393438 0.9711111111111057 31
1780114393440 0.9672222222222168 32
1780114393442 0.9711111111111057 33
1780114393444 0.9738888888888834 34
1780114393445 0.9655555555555502 35
1780114393447 0.9699999999999946 36
1780114393449 0.9699999999999944 37
1780114393450 0.9783333333333278 38
1780114393452 0.9727777777777723 39
1780114393454 0.9755555555555502 40
1780114393456 0.9761111111111058 41
1780114393457 0.9733333333333279 42
1780114393459 0.9727777777777723 43
1780114393461 0.9805555555555501 44
1780114393463 0.9699999999999944 45
1780114393464 0.9738888888888834 46
1780114393467 0.9711111111111055 47
1780114393469 0.9733333333333279 48
1780114393470 0.9772222222222167 49
1780114393472 0.9772222222222167 50
1780114393474 0.976666666666661 51
1780114393475 0.974444444444439 52
1780114393477 0.9755555555555502 53
1780114393479 0.9722222222222167 54
1780114393481 0.9744444444444389 55
1780114393482 0.9761111111111056 56
1780114393484 0.9788888888888833 57
1780114393486 0.9761111111111056 58
1780114393488 0.9749999999999946 59
1780114393489 0.9772222222222167 60
1780114393491 0.9749999999999945 61
1780114393493 0.9816666666666611 62
1780114393495 0.9738888888888834 63
1780114393496 0.9738888888888834 64
1780114393498 0.9761111111111056 65
1780114393500 0.9761111111111056 66
1780114393502 0.9716666666666611 67
1780114393504 0.9716666666666613 68
1780114393506 0.9738888888888834 69
1780114393507 0.9727777777777724 70
1780114393509 0.9755555555555502 71
1780114393511 0.9811111111111057 72
1780114393513 0.9788888888888835 73
1780114393514 0.9761111111111056 74
1780114393516 0.9761111111111058 75
1780114393518 0.9766666666666612 76
1780114393520 0.9822222222222168 77
1780114393521 0.9794444444444389 78
1780114393523 0.9816666666666611 79
1780114393525 0.9794444444444389 80
1780114393526 0.9777777777777723 81
1780114393528 0.9688888888888835 82
1780114393530 0.9772222222222167 83
1780114393532 0.9827777777777722 84
1780114393533 0.9827777777777722 85
1780114393535 0.9766666666666612 86
1780114393537 0.9772222222222167 87
1780114393539 0.9788888888888833 88
1780114393540 0.9772222222222167 89
1780114393542 0.9777777777777722 90
1780114393544 0.9722222222222168 91
1780114393546 0.976666666666661 92
1780114393547 0.9783333333333278 93
1780114393549 0.9772222222222167 94
1780114393551 0.9761111111111056 95
1780114393552 0.9749999999999945 96
1780114393554 0.97555555555555 97
1780114393556 0.9761111111111058 98
1780114393558 0.97555555555555 99
1780114393559 0.9844444444444388 100
1780114393561 0.9799999999999945 101
1780114393563 0.9799999999999945 102
1780114393564 0.9794444444444389 103
1780114393566 0.9799999999999945 104
1780114393568 0.9816666666666611 105
1780114393570 0.9833333333333278 106
1780114393571 0.9766666666666612 107
1780114393573 0.9794444444444389 108
1780114393575 0.9788888888888835 109
1780114393577 0.9805555555555501 110
1780114393578 0.9783333333333278 111
1780114393580 0.9794444444444389 112
1780114393582 0.9777777777777723 113
1780114393584 0.9794444444444389 114
1780114393585 0.9777777777777723 115
1780114393587 0.9861111111111056 116
1780114393589 0.9844444444444388 117
1780114393591 0.9783333333333278 118
1780114393592 0.9783333333333278 119
1780114393594 0.98555555555555 120
1780114393596 0.9822222222222168 121
1780114393598 0.9799999999999944 122
1780114393599 0.9872222222222167 123
1780114393601 0.9877777777777723 124
1780114393603 0.9799999999999945 125
1780114393605 0.9816666666666611 126
1780114393606 0.9799999999999944 127
1780114393608 0.9838888888888834 128
1780114393610 0.9827777777777722 129
1780114393612 0.9772222222222167 130
1780114393613 0.9805555555555501 131
1780114393615 0.9783333333333278 132
1780114393617 0.9788888888888833 133
1780114393618 0.9833333333333278 134
1780114393620 0.9833333333333277 135
1780114393622 0.9805555555555501 136
1780114393624 0.984444444444439 137
1780114393625 0.9866666666666613 138
1780114393627 0.9811111111111055 139
1780114393629 0.9844444444444388 140
1780114393631 0.9799999999999945 141
1780114393632 0.9794444444444389 142
1780114393634 0.9827777777777722 143
1780114393636 0.9822222222222166 144
1780114393638 0.9822222222222166 145
1780114393639 0.9838888888888834 146
1780114393641 0.9838888888888834 147
1780114393643 0.9805555555555501 148
1780114393645 0.9827777777777722 149
1780114393646 0.9772222222222167 150
1780114393648 0.9833333333333278 151
1780114393650 0.9844444444444388 152
1780114393652 0.9816666666666611 153
1780114393653 0.9822222222222168 154
1780114393655 0.9849999999999944 155
1780114393657 0.9849999999999944 156
1780114393659 0.9883333333333277 157
1780114393660 0.9861111111111056 158
1780114393662 0.9838888888888834 159
1780114393664 0.9899999999999946 160
1780114393666 0.9872222222222167 161
1780114393667 0.9883333333333277 162
1780114393669 0.98555555555555 163
1780114393671 0.9855555555555501 164
1780114393673 0.9911111111111055 165
1780114393674 0.984444444444439 166
1780114393676 0.99055555555555 167
1780114393678 0.9883333333333277 168
1780114393679 0.9877777777777721 169
1780114393681 0.9927777777777722 170
1780114393683 0.9849999999999944 171
1780114393685 0.984444444444439 172
1780114393686 0.9888888888888834 173
1780114393688 0.9916666666666611 174
1780114393690 0.9916666666666611 175
1780114393692 0.98555555555555 176
1780114393693 0.99055555555555 177
1780114393695 0.9877777777777721 178
1780114393697 0.9927777777777722 179
1780114393699 0.9938888888888833 180
1780114393700 0.9944444444444388 181
1780114393702 0.9911111111111055 182
1780114393704 0.986666666666661 183
1780114393705 0.9855555555555501 184
1780114393707 0.9922222222222168 185
1780114393709 0.9844444444444388 186
1780114393711 0.99055555555555 187
1780114393712 0.9911111111111055 188
1780114393714 0.9927777777777722 189
1780114393716 0.99055555555555 190
1780114393718 0.9899999999999946 191
1780114393719 0.9911111111111055 192
1780114393721 0.9899999999999946 193
1780114393723 0.9872222222222167 194
1780114393725 0.9899999999999943 195
1780114393726 0.9883333333333277 196
1780114393728 0.98555555555555 197
1780114393730 0.9877777777777723 198
1780114393732 0.9888888888888833 199
1780114393733 0.9888888888888833 200
1780114393735 0.9927777777777722 201
1780114393737 0.99055555555555 202
1780114393739 0.9911111111111055 203
1780114393740 0.9922222222222166 204
1780114393742 0.9938888888888833 205
1780114393744 0.9922222222222168 206
1780114393746 0.9955555555555501 207
1780114393747 0.9899999999999943 208
1780114393749 0.9877777777777721 209
1780114393751 0.9922222222222168 210
1780114393753 0.9961111111111055 211
1780114393754 0.9927777777777722 212
1780114393756 0.9894444444444389 213
1780114393758 0.99055555555555 214
1780114393760 0.9938888888888833 215
1780114393762 0.9922222222222166 216
1780114393764 0.9927777777777722 217
1780114393765 0.9894444444444389 218
1780114393767 0.99055555555555 219
1780114393769 0.9916666666666611 220
1780114393771 0.9938888888888833 221
1780114393772 0.9916666666666611 222
1780114393774 0.99055555555555 223
1780114393776 0.9922222222222168 224
1780114393777 0.9911111111111056 225
1780114393779 0.9911111111111056 226
1780114393781 0.99055555555555 227
1780114393783 0.9933333333333276 228
1780114393785 0.99055555555555 229
1780114393786 0.9916666666666611 230
1780114393788 0.9888888888888834 231
1780114393790 0.9894444444444389 232
1780114393792 0.9911111111111056 233
1780114393793 0.9911111111111055 234
1780114393795 0.9911111111111055 235
1780114393797 0.9899999999999946 236
1780114393799 0.9922222222222168 237
1780114393800 0.9883333333333277 238
1780114393802 0.9927777777777722 239
1780114393804 0.9877777777777723 240
1780114393806 0.9933333333333279 241
1780114393807 0.9911111111111056 242
1780114393809 0.9922222222222166 243
1780114393811 0.9944444444444388 244
1780114393813 0.9933333333333279 245
1780114393814 0.9894444444444389 246
1780114393816 0.9916666666666611 247
1780114393818 0.9938888888888833 248
1780114393820 0.9933333333333276 249
1780114393821 0.9894444444444389 250
1780114393823 0.9949999999999944 251
1780114393825 0.9922222222222166 252
1780114393827 0.9944444444444388 253
1780114393829 0.9933333333333276 254
1780114393830 0.9944444444444389 255
1780114393832 0.9922222222222166 256
1780114393834 0.99055555555555 257
1780114393836 0.9944444444444389 258
1780114393837 0.996666666666661 259
1780114393839 0.99055555555555 260
1780114393841 0.9933333333333276 261
1780114393843 0.9911111111111055 262
1780114393844 0.9899999999999946 263
1780114393846 0.9888888888888833 264
1780114393848 0.9927777777777722 265
1780114393850 0.9927777777777722 266
1780114393851 0.9949999999999944 267
1780114393853 0.9933333333333279 268
1780114393855 0.9899999999999946 269
1780114393857 0.9877777777777723 270
1780114393858 0.9911111111111056 271
1780114393860 0.9916666666666611 272
1780114393862 0.9922222222222166 273
1780114393864 0.9899999999999943 274
1780114393865 0.9944444444444389 275
1780114393867 0.9916666666666611 276
1780114393869 0.99055555555555 277
1780114393871 0.9916666666666611 278
1780114393873 0.9944444444444389 279
1780114393874 0.99055555555555 280
1780114393876 0.9933333333333279 281
1780114393878 0.9916666666666611 282
1780114393880 0.9938888888888833 283
1780114393881 0.9955555555555501 284
1780114393883 0.9894444444444389 285
1780114393885 0.9944444444444389 286
1780114393887 0.9922222222222168 287
1780114393888 0.9938888888888833 288
1780114393890 0.9927777777777722 289
1780114393892 0.9927777777777722 290
1780114393894 0.9944444444444388 291
1780114393895 0.9938888888888833 292
1780114393897 0.9899999999999946 293
1780114393899 0.9922222222222168 294
1780114393901 0.9922222222222166 295
1780114393902 0.9949999999999944 296
1780114393904 0.9938888888888833 297
1780114393906 0.9911111111111055 298
1780114393908 0.9944444444444389 299
1780114393909 0.9949999999999944 300
1780114393911 0.9938888888888833 301
1780114393913 0.9922222222222166 302
1780114393915 0.9922222222222166 303
1780114393917 0.9944444444444389 304
1780114393918 0.9877777777777721 305
1780114393920 0.99055555555555 306
1780114393922 0.9911111111111056 307
1780114393924 0.9938888888888833 308
1780114393925 0.9877777777777723 309
1780114393927 0.9933333333333279 310
1780114393929 0.9933333333333279 311
1780114393931 0.9922222222222166 312
1780114393932 0.9927777777777722 313
