1780136293946 0.0 0
1780136293948 0.07999999999999999 1
1780136293951 0.13999999999999999 2
1780136293953 0.29 3
1780136293955 0.175 4
1780136293957 0.355 5
1780136293960 0.48500000000000004 6
1780136293962 0.345 7
1780136293964 0.40499999999999997 8
1780136293966 0.45 9
1780136293975 0.475 10
1780136293978 0.56 11
1780136293980 0.485 12
1780136293982 0.44499999999999995 13
1780136293985 0.58 14
1780136293987 0.565 15
1780136293989 0.565 16
1780136293991 0.5599999999999999 17
1780136293994 0.53 18
1780136293996 0.605 19
1780136293998 0.5449999999999999 20
1780136294000 0.5900000000000001 21
1780136294003 0.63 22
1780136294005 0.535 23
1780136294007 0.6849999999999999 24
1780136294009 0.6199999999999999 25
1780136294012 0.7350000000000001 26
1780136294014 0.49499999999999994 27
1780136294016 0.69 28
1780136294018 0.6599999999999999 29
1780136294021 0.355 30
1780136294023 0.585 31
1780136294025 0.535 32
1780136294027 0.625 33
1780136294029 0.575 34
1780136294031 0.6450000000000001 35
1780136294034 0.5349999999999999 36
1780136294036 0.665 37
1780136294038 0.625 38
1780136294040 0.675 39
1780136294043 0.695 40
1780136294045 0.68 41
1780136294047 0.6300000000000001 42
1780136294049 0.605 43
1780136294051 0.64 44
1780136294054 0.6950000000000001 45
1780136294056 0.7949999999999999 46
1780136294058 0.77 47
1780136294060 0.7150000000000001 48
1780136294063 0.775 49
1780136294065 0.7500000000000001 50
1780136294067 0.6399999999999999 51
1780136294069 0.795 52
1780136294071 0.745 53
1780136294074 0.8150000000000001 54
1780136294076 0.695 55
1780136294078 0.665 56
1780136294080 0.65 57
1780136294083 0.7100000000000001 58
1780136294085 0.745 59
1780136294087 0.7899999999999999 60
1780136294089 0.8 61
1780136294091 0.745 62
1780136294094 0.73 63
1780136294096 0.8099999999999999 64
1780136294098 0.835 65
1780136294101 0.835 66
1780136294103 0.6599999999999999 67
1780136294105 0.8049999999999999 68
1780136294107 0.8549999999999999 69
1780136294110 0.825 70
1780136294112 0.76 71
1780136294114 0.89 72
1780136294116 0.8550000000000001 73
1780136294118 0.8200000000000001 74
1780136294121 0.8450000000000001 75
1780136294123 0.7100000000000001 76
1780136294125 0.825 77
1780136294127 0.775 78
1780136294129 0.905 79
1780136294132 0.78 80
1780136294134 0.79 81
1780136294136 0.7899999999999999 82
1780136294138 0.8200000000000001 83
1780136294140 0.8549999999999999 84
1780136294143 0.78 85
1780136294145 0.7449999999999999 86
1780136294147 0.8049999999999999 87
1780136294149 0.63 88
1780136294157 0.845 89
1780136294159 0.885 90
1780136294161 0.8 91
1780136294164 0.89 92
1780136294166 0.805 93
1780136294168 0.86 94
1780136294170 0.7100000000000001 95
1780136294172 0.885 96
1780136294175 0.8099999999999999 97
1780136294177 0.8400000000000001 98
1780136294179 0.865 99
1780136294181 0.875 100
1780136294184 0.715 101
1780136294186 0.835 102
1780136294188 0.765 103
1780136294190 0.8450000000000001 104
1780136294193 0.89 105
1780136294195 0.8400000000000001 106
1780136294197 0.795 107
1780136294199 0.8800000000000001 108
1780136294202 0.775 109
1780136294204 0.7849999999999999 110
1780136294206 0.885 111
1780136294208 0.78 112
1780136294211 0.845 113
1780136294213 0.8800000000000001 114
1780136294215 0.85 115
1780136294217 0.9099999999999999 116
1780136294219 0.8400000000000001 117
1780136294221 0.8799999999999999 118
1780136294224 0.925 119
1780136294226 0.835 120
1780136294228 0.8400000000000001 121
1780136294230 0.8450000000000001 122
1780136294232 0.7849999999999999 123
1780136294235 0.8800000000000001 124
1780136294237 0.835 125
1780136294239 0.9099999999999999 126
1780136294241 0.8550000000000001 127
1780136294244 0.835 128
1780136294246 0.78 129
1780136294248 0.8099999999999999 130
1780136294250 0.8649999999999999 131
1780136294252 0.8550000000000001 132
1780136294255 0.74 133
1780136294257 0.865 134
1780136294259 0.8949999999999999 135
1780136294261 0.8549999999999999 136
1780136294263 0.875 137
1780136294266 0.735 138
1780136294268 0.8550000000000001 139
1780136294270 0.875 140
1780136294272 0.865 141
1780136294274 0.89 142
1780136294277 0.9249999999999998 143
1780136294279 0.85 144
1780136294281 0.9349999999999999 145
1780136294284 0.8850000000000001 146
1780136294286 0.9199999999999999 147
1780136294288 0.825 148
1780136294291 0.745 149
1780136294293 0.8950000000000001 150
1780136294295 0.8699999999999999 151
1780136294297 0.72 152
1780136294300 0.8800000000000001 153
1780136294302 0.8549999999999999 154
1780136294304 0.86 155
1780136294306 0.875 156
1780136294308 0.8549999999999999 157
1780136294310 0.9400000000000001 158
1780136294313 0.9199999999999999 159
1780136294315 0.8850000000000001 160
1780136294317 0.915 161
1780136294319 0.8400000000000001 162
1780136294321 0.915 163
1780136294324 0.9199999999999999 164
1780136294326 0.9349999999999999 165
1780136294328 0.9349999999999999 166
1780136294330 0.8549999999999999 167
1780136294333 0.9349999999999998 168
1780136294336 0.925 169
1780136294338 0.9349999999999999 170
1780136294340 0.9350000000000002 171
1780136294343 0.9199999999999999 172
1780136294345 0.8949999999999999 173
1780136294347 0.9450000000000001 174
1780136294349 0.925 175
1780136294352 0.915 176
1780136294354 0.9349999999999999 177
1780136294356 0.9049999999999999 178
1780136294358 0.96 179
1780136294360 0.97 180
1780136294363 0.9 181
1780136294365 0.9099999999999999 182
1780136294367 0.9400000000000001 183
1780136294369 0.9099999999999999 184
1780136294371 0.9549999999999998 185
1780136294374 0.9400000000000001 186
1780136294376 0.915 187
1780136294378 0.9049999999999999 188
1780136294380 0.925 189
1780136294383 0.9299999999999999 190
1780136294385 0.9349999999999998 191
1780136294387 0.945 192
1780136294389 0.9499999999999998 193
1780136294392 0.905 194
1780136294394 0.9400000000000001 195
1780136294396 0.9 196
1780136294398 0.945 197
1780136294401 0.9499999999999998 198
1780136294403 0.93 199
1780136294405 0.9400000000000001 200
1780136294407 0.89 201
1780136294409 0.9099999999999999 202
1780136294412 0.9 203
1780136294414 0.9200000000000002 204
1780136294416 0.9550000000000001 205
1780136294418 0.9349999999999999 206
1780136294420 0.9549999999999998 207
1780136294422 0.8399999999999999 208
1780136294425 0.9 209
1780136294427 0.96 210
1780136294429 0.9 211
1780136294431 0.9199999999999999 212
1780136294434 0.95 213
1780136294436 0.9400000000000001 214
1780136294438 0.9299999999999999 215
1780136294441 0.9349999999999999 216
1780136294443 0.9549999999999998 217
1780136294445 0.96 218
1780136294447 0.9650000000000001 219
1780136294449 0.95 220
1780136294452 0.9549999999999998 221
1780136294454 0.97 222
1780136294456 0.9400000000000001 223
1780136294458 0.9400000000000001 224
1780136294460 0.885 225
1780136294463 0.9549999999999998 226
1780136294465 0.9749999999999999 227
1780136294467 0.9349999999999999 228
1780136294470 0.95 229
1780136294472 0.9549999999999998 230
1780136294474 0.97 231
1780136294476 0.915 232
1780136294479 0.9 233
1780136294481 0.9549999999999998 234
1780136294483 0.8949999999999999 235
1780136294485 0.95 236
1780136294488 0.9399999999999998 237
1780136294490 0.975 238
1780136294492 0.95 239
1780136294494 0.9600000000000002 240
1780136294496 0.865 241
1780136294499 0.96 242
1780136294501 0.96 243
1780136294503 0.9199999999999999 244
1780136294505 0.945 245
1780136294507 0.9299999999999999 246
1780136294510 0.95 247
1780136294512 0.9650000000000001 248
1780136294514 0.96 249
1780136294516 0.9549999999999998 250
1780136294518 0.945 251
1780136294520 0.9350000000000002 252
1780136294523 0.9549999999999998 253
1780136294525 0.905 254
1780136294527 0.9349999999999999 255
1780136294530 0.915 256
1780136294532 0.915 257
1780136294534 0.9099999999999999 258
1780136294536 0.9400000000000001 259
1780136294538 0.97 260
1780136294541 0.9400000000000001 261
1780136294543 0.9949999999999999 262
1780136294545 0.96 263
1780136294547 0.885 264
1780136294549 0.9599999999999997 265
1780136294552 0.9549999999999998 266
1780136294554 0.925 267
1780136294556 0.9600000000000002 268
1780136294558 0.975 269
1780136294560 0.9549999999999998 270
1780136294563 0.9799999999999999 271
1780136294565 0.9199999999999999 272
1780136294567 0.9549999999999998 273
1780136294570 0.86 274
1780136294572 0.9399999999999998 275
1780136294574 0.93 276
1780136294576 0.975 277
1780136294579 0.9550000000000001 278
1780136294581 0.95 279
1780136294583 0.93 280
1780136294585 0.95 281
1780136294588 0.8899999999999999 282
1780136294590 0.9299999999999999 283
1780136294592 0.96 284
1780136294594 0.95 285
1780136294596 0.96 286
1780136294599 0.96 287
1780136294601 0.925 288
1780136294603 0.96 289
1780136294605 0.9399999999999998 290
1780136294607 0.975 291
1780136294610 0.96 292
1780136294612 0.96 293
1780136294614 0.8300000000000001 294
1780136294616 0.9400000000000001 295
1780136294618 0.9199999999999999 296
1780136294621 0.9650000000000001 297
1780136294623 0.97 298
1780136294625 0.9649999999999999 299
1780136294627 0.9149999999999998 300
1780136294630 0.9650000000000001 301
1780136294632 0.975 302
1780136294634 0.9550000000000001 303
1780136294636 0.97 304
1780136294639 0.9650000000000001 305
1780136294641 0.8700000000000001 306
1780136294643 0.9349999999999998 307
1780136294645 0.9399999999999998 308
1780136294647 0.9549999999999998 309
1780136294650 0.95 310
1780136294652 0.8800000000000001 311
1780136294654 0.9800000000000001 312
1780136294656 0.9549999999999998 313
