1780269043971 0.0 0
1780269043976 0.54 1
1780269043978 0.53 2
1780269043980 0.63 3
1780269043982 0.805 4
1780269043984 0.76 5
1780269043985 0.72 6
1780269043987 0.765 7
1780269043989 0.755 8
1780269043991 0.785 9
1780269043992 0.725 10
1780269043994 0.78 11
1780269043996 0.815 12
1780269043997 0.85 13
1780269043999 0.845 14
1780269044001 0.815 15
1780269044002 0.745 16
1780269044004 0.87 17
1780269044006 0.875 18
1780269044007 0.755 19
1780269044009 0.82 20
1780269044011 0.83 21
1780269044012 0.83 22
1780269044014 0.86 23
1780269044016 0.645 24
1780269044017 0.835 25
1780269044019 0.71 26
1780269044021 0.855 27
1780269044022 0.8 28
1780269044024 0.82 29
1780269044026 0.815 30
1780269044027 0.865 31
1780269044029 0.8 32
1780269044031 0.89 33
1780269044032 0.825 34
1780269044034 0.875 35
1780269044036 0.85 36
1780269044037 0.825 37
1780269044039 0.7 38
1780269044041 0.845 39
1780269044042 0.82 40
1780269044044 0.87 41
1780269044046 0.87 42
1780269044047 0.83 43
1780269044049 0.77 44
1780269044051 0.815 45
1780269044052 0.805 46
1780269044054 0.85 47
1780269044056 0.865 48
1780269044057 0.845 49
1780269044060 0.815 50
1780269044061 0.845 51
1780269044063 0.805 52
1780269044065 0.795 53
1780269044066 0.9 54
1780269044068 0.885 55
1780269044070 0.635 56
1780269044071 0.885 57
1780269044073 0.765 58
1780269044075 0.61 59
1780269044076 0.805 60
1780269044079 0.855 61
1780269044081 0.86 62
1780269044082 0.84 63
1780269044085 0.89 64
1780269044087 0.895 65
1780269044090 0.77 66
1780269044092 0.845 67
1780269044094 0.81 68
1780269044096 0.895 69
1780269044098 0.84 70
1780269044099 0.865 71
1780269044101 0.745 72
1780269044103 0.84 73
1780269044104 0.8 74
1780269044106 0.84 75
1780269044108 0.855 76
1780269044110 0.79 77
1780269044111 0.88 78
1780269044113 0.86 79
1780269044115 0.84 80
1780269044116 0.835 81
1780269044118 0.845 82
1780269044120 0.835 83
1780269044122 0.895 84
1780269044123 0.9 85
1780269044125 0.875 86
1780269044127 0.775 87
1780269044128 0.855 88
1780269044130 0.86 89
1780269044132 0.86 90
1780269044133 0.94 91
1780269044135 0.885 92
1780269044137 0.86 93
1780269044138 0.88 94
1780269044140 0.825 95
1780269044142 0.88 96
1780269044143 0.82 97
1780269044145 0.72 98
1780269044147 0.855 99
1780269044148 0.865 100
1780269044150 0.8 101
1780269044152 0.81 102
1780269044153 0.84 103
1780269044155 0.88 104
1780269044157 0.855 105
1780269044158 0.845 106
1780269044160 0.92 107
1780269044162 0.875 108
1780269044163 0.79 109
1780269044165 0.875 110
1780269044167 0.895 111
1780269044169 0.84 112
1780269044170 0.85 113
1780269044172 0.9 114
1780269044174 0.8 115
1780269044175 0.86 116
1780269044177 0.78 117
1780269044179 0.75 118
1780269044181 0.9 119
1780269044182 0.855 120
1780269044184 0.8 121
1780269044186 0.855 122
1780269044187 0.78 123
1780269044189 0.84 124
1780269044191 0.85 125
1780269044192 0.915 126
1780269044194 0.87 127
1780269044196 0.84 128
1780269044197 0.78 129
1780269044199 0.93 130
1780269044201 0.875 131
1780269044202 0.815 132
1780269044204 0.685 133
1780269044206 0.91 134
1780269044208 0.83 135
1780269044209 0.81 136
1780269044211 0.845 137
1780269044213 0.865 138
1780269044214 0.86 139
1780269044216 0.875 140
1780269044218 0.86 141
1780269044219 0.89 142
1780269044221 0.88 143
1780269044223 0.89 144
1780269044224 0.865 145
1780269044226 0.855 146
1780269044228 0.84 147
1780269044229 0.84 148
1780269044231 0.86 149
1780269044233 0.855 150
1780269044234 0.855 151
1780269044236 0.845 152
1780269044238 0.895 153
1780269044239 0.795 154
1780269044241 0.885 155
1780269044243 0.87 156
1780269044244 0.855 157
1780269044246 0.8 158
1780269044248 0.885 159
1780269044249 0.85 160
1780269044251 0.875 161
1780269044253 0.91 162
1780269044254 0.675 163
1780269044256 0.875 164
1780269044258 0.875 165
1780269044260 0.85 166
1780269044261 0.805 167
1780269044263 0.885 168
1780269044265 0.845 169
1780269044266 0.865 170
1780269044268 0.8 171
1780269044270 0.84 172
1780269044271 0.855 173
1780269044273 0.795 174
1780269044275 0.175 175
1780269044276 0.485 176
1780269044278 0.74 177
1780269044280 0.78 178
1780269044281 0.815 179
1780269044283 0.835 180
1780269044285 0.79 181
1780269044286 0.9 182
1780269044288 0.915 183
1780269044290 0.855 184
1780269044292 0.895 185
1780269044293 0.91 186
1780269044295 0.905 187
1780269044297 0.925 188
1780269044298 0.895 189
1780269044300 0.835 190
1780269044302 0.88 191
1780269044303 0.87 192
1780269044305 0.83 193
1780269044307 0.935 194
1780269044308 0.885 195
1780269044310 0.815 196
1780269044312 0.935 197
1780269044313 0.935 198
1780269044315 0.905 199
1780269044317 0.91 200
1780269044318 0.71 201
1780269044320 0.945 202
1780269044322 0.95 203
1780269044323 0.955 204
1780269044325 0.915 205
1780269044327 0.93 206
1780269044328 0.92 207
1780269044330 0.9 208
1780269044332 0.94 209
1780269044333 0.915 210
1780269044335 0.9 211
1780269044337 0.93 212
1780269044338 0.915 213
1780269044340 0.92 214
1780269044342 0.905 215
1780269044344 0.92 216
1780269044345 0.96 217
1780269044347 0.925 218
1780269044349 0.87 219
1780269044350 0.94 220
1780269044352 0.83 221
1780269044354 0.92 222
1780269044355 0.94 223
1780269044357 0.93 224
1780269044359 0.93 225
1780269044361 0.965 226
1780269044362 0.965 227
1780269044364 0.985 228
1780269044366 0.925 229
1780269044367 0.94 230
1780269044369 0.895 231
1780269044371 0.92 232
1780269044372 0.59 233
1780269044374 0.95 234
1780269044376 0.93 235
1780269044377 0.895 236
1780269044379 0.895 237
1780269044381 0.945 238
1780269044382 0.97 239
1780269044384 0.94 240
1780269044386 0.94 241
1780269044387 0.935 242
1780269044389 0.955 243
1780269044391 0.915 244
1780269044393 0.925 245
1780269044394 0.925 246
1780269044396 0.91 247
1780269044398 0.9 248
1780269044399 0.94 249
1780269044401 0.925 250
1780269044403 0.89 251
1780269044405 0.73 252
1780269044406 0.9 253
1780269044408 0.97 254
1780269044410 0.82 255
1780269044411 0.94 256
1780269044413 0.945 257
1780269044415 0.93 258
1780269044417 0.945 259
1780269044418 0.93 260
1780269044420 0.865 261
1780269044422 0.96 262
1780269044423 0.95 263
1780269044425 0.93 264
1780269044427 0.935 265
1780269044429 0.915 266
1780269044430 0.965 267
1780269044432 0.93 268
1780269044434 0.895 269
1780269044435 0.955 270
1780269044437 0.94 271
1780269044439 0.915 272
1780269044441 0.955 273
1780269044442 0.965 274
1780269044444 0.965 275
1780269044446 0.94 276
1780269044447 0.85 277
1780269044449 0.91 278
1780269044451 0.95 279
1780269044453 0.91 280
1780269044454 0.945 281
1780269044456 0.925 282
1780269044458 0.96 283
1780269044459 0.705 284
1780269044461 0.945 285
1780269044463 0.955 286
1780269044464 0.95 287
1780269044466 0.945 288
1780269044468 0.92 289
1780269044469 0.9 290
1780269044471 0.965 291
1780269044473 0.905 292
1780269044475 0.93 293
1780269044477 0.93 294
1780269044479 0.935 295
1780269044482 0.96 296
1780269044483 0.935 297
1780269044485 0.955 298
1780269044487 0.96 299
1780269044488 0.945 300
1780269044490 0.91 301
1780269044492 0.73 302
1780269044494 0.94 303
1780269044496 0.91 304
1780269044498 0.925 305
1780269044500 0.965 306
1780269044502 0.905 307
1780269044504 0.905 308
1780269044506 0.955 309
1780269044507 0.935 310
1780269044509 0.97 311
1780269044511 0.945 312
1780269044512 0.98 313
1780269044514 0.955 314
1780269044516 0.98 315
1780269044518 0.96 316
1780269044520 0.9 317
1780269044523 0.81 318
1780269044525 0.975 319
1780269044528 0.965 320
1780269044531 0.965 321
1780269044534 0.96 322
1780269044537 0.98 323
1780269044539 0.965 324
1780269044540 0.965 325
1780269044542 0.955 326
1780269044544 0.95 327
1780269044546 0.955 328
1780269044548 0.93 329
1780269044549 0.96 330
1780269044551 0.905 331
1780269044553 0.925 332
1780269044555 0.965 333
1780269044557 0.945 334
1780269044559 0.965 335
1780269044561 0.92 336
1780269044562 0.95 337
1780269044564 0.925 338
1780269044566 0.89 339
1780269044568 0.895 340
1780269044571 0.975 341
1780269044573 0.96 342
1780269044576 0.975 343
1780269044578 0.955 344
1780269044580 0.945 345
1780269044582 0.97 346
1780269044584 0.94 347
1780269044586 0.93 348
