1780542303358 0.0 0
1780542303360 0.04434881671073858 1
1780542303362 0.09746414531311556 2
1780542303363 0.16332648302449942 3
1780542303365 0.10600344212920279 4
1780542303367 0.2557485282974879 5
1780542303368 0.22428343586238322 6
1780542303370 0.2434651283380866 7
1780542303371 0.36078502415458935 8
1780542303373 0.20921457031775686 9
1780542303375 0.2378095455269368 10
1780542303376 0.2837252249384602 11
1780542303378 0.20987463139694507 12
1780542303379 0.23069590368458098 13
1780542303381 0.4064315423138952 14
1780542303383 0.26523407335907334 15
1780542303384 0.24223557081108565 16
1780542303386 0.2870513404723931 17
1780542303387 0.35096238029674565 18
1780542303389 0.406569703626919 19
1780542303391 0.3279164267105444 20
1780542303392 0.2778558788469275 21
1780542303394 0.38453931115803824 22
1780542303395 0.3051643603712252 23
1780542303397 0.3517540926506444 24
1780542303399 0.3430204332417317 25
1780542303400 0.32321164021164017 26
1780542303402 0.4148545650144116 27
1780542303403 0.4397989393385813 28
1780542303405 0.3905268817204301 29
1780542303407 0.34325925925925926 30
1780542303408 0.3837092131724485 31
1780542303410 0.37303391053391055 32
1780542303411 0.3852752571082879 33
1780542303413 0.29202508018297496 34
1780542303415 0.33625 35
1780542303416 0.26470368177461995 36
1780542303418 0.3289730460102511 37
1780542303419 0.380452380952381 38
1780542303421 0.3837267952444946 39
1780542303423 0.37987809660044686 40
1780542303424 0.38808018526096333 41
1780542303426 0.38945498346758856 42
1780542303427 0.36790166940902236 43
1780542303429 0.41265215055601495 44
1780542303431 0.45098351940457204 45
1780542303432 0.2881213450292398 46
1780542303434 0.40855521314843346 47
1780542303435 0.34224844261429627 48
1780542303437 0.28568547465606287 49
1780542303439 0.4134647194910353 50
1780542303440 0.3271751932278248 51
1780542303442 0.24554841578632317 52
1780542303444 0.41105344923893317 53
1780542303445 0.30425993406212043 54
1780542303447 0.31930555555555556 55
1780542303448 0.35019814815016054 56
1780542303450 0.29720365259158366 57
1780542303451 0.27313414145461834 58
1780542303453 0.3549393070304627 59
1780542303455 0.42484755256981854 60
1780542303456 0.34329882527556943 61
1780542303458 0.3965999278499278 62
1780542303459 0.35926309801309797 63
1780542303461 0.3150988445106092 64
1780542303462 0.35285077241598983 65
1780542303464 0.3526004972696149 66
1780542303466 0.37050876411170525 67
1780542303467 0.44737453207267447 68
1780542303469 0.3221393000022764 69
1780542303470 0.3813139656780315 70
1780542303472 0.35411171515822676 71
1780542303474 0.3974936581617616 72
1780542303475 0.2880633694614204 73
1780542303477 0.4368875667228938 74
1780542303478 0.43711583463006604 75
1780542303480 0.3757738095238095 76
1780542303481 0.35332860654187936 77
1780542303483 0.34667292267255584 78
1780542303485 0.4133912070712644 79
1780542303486 0.4026463324926439 80
1780542303488 0.37065862449272063 81
1780542303489 0.38226480041697436 82
1780542303491 0.3478208556149732 83
1780542303493 0.4409137263016573 84
1780542303494 0.3733986831881569 85
1780542303496 0.37887792753548916 86
1780542303497 0.3387913910934844 87
1780542303499 0.3230612350848924 88
1780542303501 0.3347246652784627 89
1780542303502 0.28762816131237184 90
1780542303504 0.3469241922120961 91
1780542303505 0.39647543121478307 92
1780542303507 0.376369672333087 93
1780542303508 0.35040438622103387 94
1780542303510 0.4165806579041873 95
1780542303512 0.4228497000075947 96
1780542303513 0.3758251934822393 97
1780542303515 0.42000881185091704 98
1780542303516 0.38878542510121455 99
1780542303518 0.35428053794617265 100
1780542303520 0.37220634920634926 101
1780542303521 0.40468211527035053 102
1780542303523 0.3947206713537359 103
1780542303524 0.3397480401563886 104
1780542303526 0.360117115811842 105
1780542303528 0.3999559533958511 106
1780542303529 0.3118590820943762 107
1780542303531 0.35720981146513064 108
1780542303532 0.32735090595795324 109
1780542303534 0.3641156813602634 110
1780542303536 0.44223986797516207 111
1780542303537 0.44117446393762183 112
1780542303539 0.37870129870129865 113
1780542303540 0.4169402223854279 114
1780542303542 0.362897237236806 115
1780542303544 0.43598824786324786 116
1780542303545 0.3344650882886177 117
1780542303547 0.405988455988456 118
1780542303548 0.3968528029941073 119
1780542303550 0.4565704923731239 120
1780542303552 0.4029694423223836 121
1780542303553 0.3848627952507263 122
1780542303555 0.4290059078852183 123
1780542303556 0.40630682890020753 124
1780542303558 0.4395576384399914 125
1780542303560 0.3561864361129067 126
1780542303561 0.3444307592991803 127
1780542303563 0.33466527369753174 128
1780542303564 0.3251448801742919 129
1780542303566 0.43272381278733363 130
1780542303568 0.4136190927984097 131
1780542303569 0.38954819690113807 132
1780542303571 0.36994029362450415 133
1780542303573 0.4499962137965234 134
1780542303574 0.3318526632587874 135
1780542303576 0.4134885645068572 136
1780542303577 0.2954569504569505 137
1780542303579 0.2767943167943168 138
1780542303581 0.41690476190476194 139
1780542303582 0.44862104266003033 140
1780542303584 0.33620629370629374 141
1780542303586 0.4362100049783453 142
1780542303587 0.3357986002542401 143
1780542303589 0.4627984451266359 144
1780542303591 0.3366960363563007 145
1780542303592 0.34147604588394065 146
1780542303594 0.46507541478129716 147
1780542303596 0.3693791369449264 148
1780542303597 0.41043184885290146 149
1780542303599 0.33222204675743694 150
1780542303601 0.34518801881230726 151
1780542303603 0.3810396274405562 152
1780542303605 0.2933426529978254 153
1780542303606 0.18538575074350935 154
1780542303608 0.415329939668175 155
1780542303610 0.3219530663605457 156
1780542303611 0.3752502798498222 157
1780542303613 0.34940327291133744 158
1780542303615 0.27021115288220554 159
1780542303616 0.3467396711475659 160
1780542303618 0.3111213018177628 161
1780542303619 0.33600151404905226 162
1780542303621 0.20217611656636048 163
1780542303623 0.2735358056265984 164
1780542303624 0.3544599844599845 165
1780542303626 0.36201132201132197 166
1780542303627 0.4045238095238095 167
1780542303629 0.35201774142563613 168
1780542303631 0.2675761414405579 169
1780542303632 0.2122993917846859 170
1780542303634 0.33013371090062815 171
1780542303636 0.265490514905149 172
1780542303637 0.4638212898212899 173
1780542303639 0.3433624035663436 174
1780542303640 0.35287995158962904 175
1780542303642 0.3739714671293618 176
1780542303644 0.3603002842928216 177
1780542303645 0.3882773116893521 178
1780542303647 0.33052224736048263 179
1780542303649 0.19139452627904158 180
1780542303650 0.5031517359727623 181
1780542303652 0.38997086247086243 182
1780542303653 0.3541478705607367 183
1780542303655 0.42721789321789316 184
1780542303657 0.35437539207747415 185
1780542303658 0.3841744748116562 186
1780542303660 0.22467447740431618 187
1780542303661 0.30420054757322557 188
1780542303663 0.2886977636977637 189
1780542303665 0.3340583358849613 190
1780542303666 0.4176577632167694 191
1780542303668 0.25023919132870537 192
1780542303670 0.3965603840603841 193
1780542303671 0.26689401130241425 194
1780542303673 0.33712554252470217 195
1780542303674 0.38308158019570904 196
1780542303676 0.3033007399617445 197
1780542303678 0.2984707046460089 198
1780542303679 0.2811969438631842 199
1780542303681 0.39309548914913023 200
1780542303682 0.3184391534391534 201
1780542303684 0.36359505251868224 202
1780542303686 0.25649678349600713 203
1780542303687 0.2838301366702488 204
1780542303689 0.28993677122255623 205
1780542303690 0.3653649591149591 206
1780542303692 0.3350649054017175 207
1780542303694 0.39603731644172824 208
1780542303695 0.32427409988385597 209
1780542303697 0.31567676521640714 210
1780542303698 0.4027021881627144 211
1780542303700 0.39694352216411033 212
1780542303702 0.36798244344193143 213
1780542303703 0.3315676656679341 214
1780542303705 0.384452614379085 215
1780542303706 0.3533775260937153 216
1780542303708 0.38344432234432235 217
1780542303709 0.37473678315412184 218
1780542303711 0.402410397573441 219
1780542303713 0.34016354508011903 220
1780542303714 0.2930965411400194 221
1780542303716 0.39234268176672843 222
1780542303717 0.25804110263422647 223
1780542303719 0.25716185145852666 224
1780542303720 0.33003980162499147 225
1780542303722 0.3449772941906809 226
1780542303724 0.37866392600205545 227
1780542303725 0.35824450454668677 228
1780542303727 0.29637085761342974 229
1780542303728 0.33033139025540803 230
1780542303730 0.37109660076765344 231
1780542303731 0.4230279184323302 232
1780542303733 0.4309368464767738 233
1780542303735 0.39085470085470086 234
1780542303736 0.3197660397804693 235
1780542303738 0.2590950571939938 236
1780542303739 0.28359700644183405 237
1780542303741 0.3921596444177089 238
1780542303743 0.2654351204351204 239
1780542303744 0.33527343765459217 240
1780542303746 0.42325966311815366 241
1780542303747 0.4169429832816561 242
1780542303749 0.40499013285226315 243
1780542303751 0.41166209221138794 244
1780542303752 0.3581307189542483 245
1780542303754 0.3784020307178202 246
1780542303755 0.37189455520378767 247
1780542303757 0.354592483061543 248
1780542303759 0.3698373289098578 249
1780542303760 0.4140925799333486 250
1780542303762 0.34183446071284124 251
1780542303763 0.41034570724841657 252
1780542303765 0.3474895874725889 253
1780542303766 0.43516735274182083 254
1780542303768 0.16745209726633875 255
1780542303770 0.43182285035226214 256
1780542303771 0.3336981896285084 257
1780542303773 0.2734000331858349 258
1780542303774 0.2834316378066378 259
1780542303776 0.3114459838067549 260
1780542303778 0.33792023682072236 261
1780542303779 0.38256818202499854 262
1780542303781 0.42242451571199197 263
1780542303782 0.2905493344362945 264
1780542303784 0.37157575757575756 265
1780542303786 0.3644835801453449 266
1780542303787 0.4433011272141707 267
1780542303789 0.367400404606287 268
1780542303790 0.38673789173789175 269
1780542303792 0.41557539682539685 270
1780542303793 0.3324145467573825 271
1780542303795 0.34271791377038757 272
1780542303797 0.41699300699300695 273
1780542303798 0.29303347632759397 274
1780542303800 0.4290595043595685 275
1780542303801 0.2612460346670873 276
1780542303803 0.41270645872100103 277
1780542303805 0.39915051666599655 278
1780542303806 0.3591870255348516 279
1780542303808 0.447048074048074 280
1780542303809 0.36695129737663396 281
1780542303811 0.3054396978732842 282
1780542303813 0.39004515198063583 283
1780542303814 0.4546990396990397 284
1780542303816 0.37470123184408893 285
1780542303817 0.38596647917300086 286
1780542303819 0.4273200148200148 287
1780542303821 0.3039948856321947 288
1780542303822 0.3745834939799416 289
1780542303824 0.2733475783475784 290
1780542303825 0.4108011583011583 291
1780542303827 0.3213008936848602 292
1780542303829 0.3779186010068363 293
1780542303830 0.3062167540062277 294
1780542303832 0.3428815004262574 295
1780542303833 0.394514710435763 296
1780542303835 0.2846819846819847 297
1780542303836 0.3664600840336135 298
