1780533213227 0.0 0
1780533213229 0.5 1
1780533213231 0.5 2
1780533213233 0.5 3
1780533213234 0.5 4
1780533213236 0.486807792606228 5
1780533213238 0.6101376720901126 6
1780533213240 0.5 7
1780533213242 0.5 8
1780533213243 0.5 9
1780533213245 0.5 10
1780533213247 0.5417420132610006 11
1780533213249 0.5 12
1780533213251 0.5 13
1780533213252 0.5 14
1780533213254 0.5 15
1780533213256 0.5143158529234478 16
1780533213258 0.5 17
1780533213260 0.5 18
1780533213262 0.5 19
1780533213263 0.5799283154121864 20
1780533213265 0.5929174788823912 21
1780533213267 0.597040140559535 22
1780533213269 0.509714922758401 23
1780533213271 0.5 24
1780533213273 0.71875 25
1780533213274 0.5 26
1780533213276 0.6073848238482384 27
1780533213278 0.5 28
1780533213280 0.5 29
1780533213282 0.5 30
1780533213283 0.5992324561403509 31
1780533213285 0.543997668997669 32
1780533213287 0.606452510082047 33
1780533213289 0.5472027972027972 34
1780533213291 0.6554387641344164 35
1780533213292 0.5149562816382881 36
1780533213294 0.5825768434464087 37
1780533213296 0.5 38
1780533213298 0.5135135135135135 39
1780533213300 0.5119047619047619 40
1780533213302 0.5549548215079247 41
1780533213303 0.50495337995338 42
1780533213305 0.5256410256410257 43
1780533213307 0.5409226190476191 44
1780533213309 0.5 45
1780533213311 0.5 46
1780533213312 0.4939759036144578 47
1780533213314 0.5416666666666666 48
1780533213316 0.5 49
1780533213318 0.532520325203252 50
1780533213320 0.5667249417249417 51
1780533213321 0.6374740124740125 52
1780533213323 0.639529099651799 53
1780533213325 0.532608695652174 54
1780533213327 0.5 55
1780533213329 0.6227902532250358 56
1780533213331 0.5 57
1780533213332 0.5 58
1780533213334 0.5302960576775579 59
1780533213336 0.6630618192974382 60
1780533213338 0.5424605334784975 61
1780533213340 0.5 62
1780533213341 0.5 63
1780533213343 0.5344055712153871 64
1780533213345 0.5375 65
1780533213347 0.5319148936170213 66
1780533213349 0.524390243902439 67
1780533213351 0.58 68
1780533213353 0.7178184281842819 69
1780533213354 0.5 70
1780533213356 0.5815850815850816 71
1780533213358 0.628493950771798 72
1780533213360 0.6276223776223776 73
1780533213362 0.5822978984506826 74
1780533213363 0.6831168831168831 75
1780533213365 0.5 76
1780533213367 0.6959656389016721 77
1780533213369 0.6751950644166214 78
1780533213371 0.6232943469785575 79
1780533213372 0.5 80
1780533213374 0.5666016894087069 81
1780533213376 0.5818452380952381 82
1780533213378 0.5353559483994267 83
1780533213380 0.5908774857460715 84
1780533213381 0.6065082423463927 85
1780533213383 0.611268603827073 86
1780533213385 0.5 87
1780533213387 0.5060931899641578 88
1780533213389 0.6455744746126707 89
1780533213391 0.557843137254902 90
1780533213392 0.53125 91
1780533213394 0.5527994330262225 92
1780533213396 0.6669680530440024 93
1780533213398 0.5 94
1780533213400 0.5 95
1780533213401 0.6996448503297819 96
1780533213403 0.517056530214425 97
1780533213405 0.5 98
1780533213407 0.5930232558139534 99
1780533213409 0.5367965367965368 100
1780533213411 0.4968944099378882 101
1780533213413 0.5851025222282707 102
1780533213414 0.6666666666666667 103
1780533213416 0.5718412087098208 104
1780533213418 0.5 105
1780533213420 0.6823387582881254 106
1780533213421 0.6677215189873418 107
1780533213423 0.5116279069767442 108
1780533213425 0.5 109
1780533213427 0.4967105263157895 110
1780533213429 0.7466301288697971 111
1780533213431 0.5306122448979592 112
1780533213432 0.55 113
1780533213434 0.6138528138528139 114
1780533213436 0.5 115
1780533213438 0.6567599067599067 116
1780533213440 0.6170908079543874 117
1780533213441 0.5 118
1780533213443 0.5543028071790151 119
1780533213445 0.6596736596736597 120
1780533213447 0.6541218637992832 121
1780533213449 0.532608695652174 122
1780533213450 0.609658331742699 123
1780533213452 0.6621458710066305 124
1780533213454 0.5555555555555556 125
1780533213456 0.7266666666666667 126
1780533213458 0.5308857808857809 127
1780533213460 0.70220527275742 128
1780533213461 0.4936708860759494 129
1780533213463 0.5615575491506013 130
1780533213465 0.662940379403794 131
1780533213467 0.5121951219512195 132
1780533213468 0.5232293697205977 133
1780533213470 0.5792571712817112 134
1780533213472 0.5666666666666667 135
1780533213474 0.5696881091617934 136
1780533213476 0.578125 137
1780533213478 0.5942857142857143 138
1780533213479 0.5121951219512195 139
1780533213481 0.7262872628726287 140
1780533213483 0.6858047016274864 141
1780533213485 0.5717694216453522 142
1780533213487 0.5 143
1780533213488 0.6582211197732105 144
1780533213490 0.6179401993355482 145
1780533213492 0.534375 146
1780533213494 0.5394665215024497 147
1780533213496 0.5 148
1780533213497 0.5 149
1780533213499 0.47560975609756095 150
1780533213501 0.5893610608800481 151
1780533213503 0.5 152
1780533213505 0.5 153
1780533213507 0.5537406735228877 154
1780533213508 0.5 155
1780533213510 0.5 156
1780533213512 0.5 157
1780533213514 0.5148026315789473 158
1780533213516 0.5337380011293055 159
1780533213517 0.5822899655234985 160
1780533213519 0.5 161
1780533213521 0.5487804878048781 162
1780533213523 0.671875 163
1780533213525 0.5623700623700624 164
1780533213526 0.6203047484053863 165
1780533213528 0.5119047619047619 166
1780533213530 0.5 167
1780533213532 0.6398809523809523 168
1780533213534 0.5386178861788617 169
1780533213535 0.5926573426573426 170
1780533213537 0.5 171
1780533213539 0.6175406871609403 172
1780533213541 0.69642583218285 173
1780533213543 0.5 174
1780533213544 0.6994937873907041 175
1780533213546 0.5128205128205128 176
1780533213548 0.6463203463203463 177
1780533213550 0.6125 178
1780533213552 0.5856630824372759 179
1780533213553 0.5849909584086799 180
1780533213555 0.6494776985574532 181
1780533213557 0.5104166666666666 182
1780533213559 0.55 183
1780533213560 0.5890188434048083 184
1780533213562 0.6225490196078431 185
1780533213564 0.5 186
1780533213566 0.6423871562047638 187
1780533213568 0.5161290322580645 188
1780533213569 0.5870361522535436 189
1780533213571 0.5325497287522604 190
1780533213573 0.5232558139534884 191
1780533213575 0.5491039426523298 192
1780533213577 0.5 193
1780533213578 0.6220238095238095 194
1780533213580 0.5456358337168278 195
1780533213582 0.5571428571428572 196
1780533213588 0.6054488989271598 197
1780533213594 0.6569808646350106 198
1780533213596 0.587879290333278 199
1780533213598 0.6644370122630991 200
1780533213600 0.5392852176331525 201
1780533213602 0.6629084215370455 202
1780533213603 0.5375 203
1780533213605 0.5355691056910569 204
1780533213607 0.5509865693914774 205
1780533213609 0.5681173131504257 206
1780533213611 0.6498922235118554 207
1780533213613 0.5 208
1780533213614 0.5 209
1780533213616 0.5239595423644503 210
1780533213618 0.6437337014879583 211
1780533213620 0.549723229623974 212
1780533213622 0.6924628007231262 213
1780533213624 0.5 214
1780533213625 0.5396270396270396 215
1780533213627 0.525 216
1780533213629 0.5384615384615384 217
1780533213631 0.5682308074946112 218
1780533213632 0.5375 219
1780533213634 0.5319148936170213 220
1780533213636 0.5227272727272727 221
1780533213638 0.5277777777777778 222
1780533213640 0.55 223
1780533213641 0.5794774088187262 224
1780533213643 0.5425531914893617 225
1780533213645 0.6008158508158508 226
1780533213647 0.6379142300194932 227
1780533213649 0.604882459312839 228
1780533213650 0.5 229
1780533213652 0.5523297491039426 230
1780533213654 0.659375 231
1780533213656 0.5 232
1780533213658 0.5238095238095238 233
1780533213660 0.5116938341601701 234
1780533213661 0.5263997165131112 235
1780533213663 0.5696271929824561 236
1780533213665 0.58 237
1780533213667 0.5394736842105263 238
1780533213669 0.5387166307411706 239
1780533213670 0.5444444444444444 240
1780533213672 0.603125 241
1780533213674 0.525 242
1780533213676 0.615625 243
1780533213678 0.5653679653679654 244
1780533213680 0.5131578947368421 245
1780533213681 0.6544715447154471 246
1780533213683 0.5 247
1780533213685 0.5625 248
1780533213687 0.5714285714285714 249
1780533213689 0.56 250
1780533213690 0.5 251
1780533213692 0.6479521398987576 252
1780533213694 0.5568181818181818 253
1780533213696 0.6523892773892774 254
1780533213698 0.549923515505493 255
1780533213699 0.5 256
1780533213701 0.7663051036017243 257
1780533213703 0.643757254186702 258
1780533213705 0.5684343060287365 259
1780533213707 0.527027027027027 260
1780533213708 0.5595238095238095 261
1780533213710 0.5818181818181818 262
1780533213712 0.5588578088578089 263
1780533213714 0.5261151891586674 264
1780533213716 0.7170073703240161 265
1780533213718 0.5577651515151515 266
1780533213719 0.521875 267
1780533213721 0.6956480244321436 268
1780533213723 0.5613951266125179 269
1780533213725 0.5969696969696969 270
1780533213726 0.5386178861788617 271
1780533213728 0.5525067750677507 272
1780533213730 0.5227272727272727 273
1780533213732 0.5588235294117647 274
1780533213734 0.5163170163170163 275
1780533213735 0.5340909090909091 276
1780533213737 0.709375 277
1780533213739 0.6980365086669735 278
1780533213741 0.5707227555053642 279
1780533213743 0.6111111111111112 280
1780533213744 0.5913200723327305 281
1780533213746 0.6112115732368897 282
1780533213748 0.594032827120724 283
1780533213750 0.5808249721293199 284
1780533213752 0.5357142857142857 285
1780533213753 0.5212455898143887 286
1780533213755 0.7571082879612825 287
1780533213757 0.5405405405405406 288
1780533213759 0.54246993701088 289
1780533213761 0.5 290
1780533213762 0.5774349667271628 291
1780533213769 0.5635152696556205 292
1780533213771 0.5 293
1780533213773 0.5263157894736842 294
1780533213775 0.6225003703155088 295
1780533213776 0.5891228651964848 296
1780533213778 0.5375 297
1780533213780 0.653125 298
