1780131102566 0.0 0
1780131102568 0.07999999999999999 1
1780131102570 0.165 2
1780131102572 0.21999999999999997 3
1780131102574 0.38 4
1780131102576 0.42000000000000004 5
1780131102578 0.42000000000000004 6
1780131102580 0.5 7
1780131102582 0.49499999999999994 8
1780131102584 0.635 9
1780131102586 0.6 10
1780131102588 0.7150000000000001 11
1780131102590 0.7000000000000001 12
1780131102592 0.6449999999999999 13
1780131102594 0.72 14
1780131102597 0.6950000000000001 15
1780131102599 0.64 16
1780131102601 0.705 17
1780131102603 0.7 18
1780131102605 0.77 19
1780131102607 0.7699999999999999 20
1780131102609 0.7849999999999999 21
1780131102611 0.805 22
1780131102613 0.845 23
1780131102615 0.825 24
1780131102616 0.85 25
1780131102618 0.8400000000000001 26
1780131102620 0.835 27
1780131102622 0.8150000000000001 28
1780131102624 0.8400000000000001 29
1780131102626 0.8149999999999998 30
1780131102628 0.77 31
1780131102630 0.845 32
1780131102632 0.8049999999999999 33
1780131102634 0.8949999999999999 34
1780131102636 0.77 35
1780131102638 0.825 36
1780131102640 0.825 37
1780131102642 0.875 38
1780131102644 0.825 39
1780131102646 0.82 40
1780131102648 0.805 41
1780131102650 0.82 42
1780131102652 0.77 43
1780131102654 0.845 44
1780131102656 0.8550000000000001 45
1780131102658 0.8799999999999999 46
1780131102660 0.8600000000000001 47
1780131102662 0.8099999999999999 48
1780131102664 0.76 49
1780131102666 0.7699999999999999 50
1780131102669 0.7600000000000001 51
1780131102671 0.825 52
1780131102673 0.7849999999999999 53
1780131102675 0.845 54
1780131102677 0.765 55
1780131102679 0.8600000000000001 56
1780131102681 0.8649999999999999 57
1780131102683 0.8400000000000001 58
1780131102685 0.8549999999999999 59
1780131102687 0.8400000000000001 60
1780131102689 0.865 61
1780131102691 0.865 62
1780131102693 0.8049999999999999 63
1780131102695 0.89 64
1780131102697 0.8049999999999999 65
1780131102699 0.8699999999999999 66
1780131102701 0.885 67
1780131102703 0.8100000000000002 68
1780131102705 0.8450000000000001 69
1780131102707 0.8800000000000001 70
1780131102709 0.875 71
1780131102710 0.9099999999999999 72
1780131102712 0.875 73
1780131102714 0.885 74
1780131102716 0.885 75
1780131102718 0.875 76
1780131102720 0.845 77
1780131102722 0.8700000000000001 78
1780131102724 0.8300000000000001 79
1780131102726 0.8700000000000001 80
1780131102728 0.8700000000000001 81
1780131102730 0.8450000000000001 82
1780131102732 0.85 83
1780131102734 0.8950000000000001 84
1780131102736 0.9400000000000001 85
1780131102738 0.89 86
1780131102740 0.845 87
1780131102742 0.825 88
1780131102744 0.875 89
1780131102746 0.8400000000000001 90
1780131102748 0.8699999999999999 91
1780131102750 0.9199999999999999 92
1780131102752 0.9249999999999998 93
1780131102754 0.9199999999999999 94
1780131102756 0.845 95
1780131102758 0.89 96
1780131102760 0.9049999999999999 97
1780131102762 0.7699999999999999 98
1780131102764 0.8649999999999999 99
1780131102766 0.8699999999999999 100
1780131102768 0.86 101
1780131102770 0.875 102
1780131102772 0.8949999999999999 103
1780131102774 0.9099999999999999 104
1780131102776 0.9349999999999999 105
1780131102778 0.9099999999999999 106
1780131102780 0.835 107
1780131102782 0.9299999999999999 108
1780131102784 0.7600000000000001 109
1780131102786 0.905 110
1780131102788 0.89 111
1780131102790 0.8550000000000001 112
1780131102792 0.8800000000000001 113
1780131102794 0.905 114
1780131102796 0.8700000000000001 115
1780131102798 0.85 116
1780131102800 0.9099999999999999 117
1780131102802 0.9049999999999999 118
1780131102804 0.8899999999999999 119
1780131102806 0.905 120
1780131102808 0.9400000000000001 121
1780131102810 0.9 122
1780131102812 0.72 123
1780131102814 0.925 124
1780131102816 0.86 125
1780131102818 0.925 126
1780131102820 0.8949999999999999 127
1780131102822 0.865 128
1780131102824 0.785 129
1780131102826 0.89 130
1780131102828 0.89 131
1780131102830 0.845 132
1780131102832 0.9049999999999999 133
1780131102834 0.8800000000000001 134
1780131102836 0.8999999999999998 135
1780131102838 0.89 136
1780131102840 0.8350000000000002 137
1780131102842 0.9 138
1780131102844 0.8400000000000001 139
1780131102846 0.885 140
1780131102848 0.845 141
1780131102850 0.9099999999999999 142
1780131102852 0.8899999999999999 143
1780131102854 0.8799999999999999 144
1780131102856 0.9149999999999998 145
1780131102858 0.805 146
1780131102861 0.89 147
1780131102863 0.835 148
1780131102865 0.905 149
1780131102867 0.9200000000000002 150
1780131102869 0.89 151
1780131102871 0.8899999999999999 152
1780131102873 0.9 153
1780131102875 0.8899999999999999 154
1780131102877 0.915 155
1780131102879 0.9099999999999999 156
1780131102881 0.865 157
1780131102883 0.9649999999999999 158
1780131102885 0.9399999999999998 159
1780131102887 0.89 160
1780131102889 0.9299999999999999 161
1780131102891 0.93 162
1780131102893 0.9349999999999999 163
1780131102895 0.9099999999999999 164
1780131102897 0.9499999999999998 165
1780131102899 0.9549999999999998 166
1780131102901 0.945 167
1780131102903 0.925 168
1780131102905 0.9299999999999999 169
1780131102907 0.95 170
1780131102909 0.97 171
1780131102911 0.9349999999999999 172
1780131102913 0.9349999999999998 173
1780131102915 0.9550000000000001 174
1780131102917 0.9299999999999999 175
1780131102919 0.9349999999999999 176
1780131102921 0.945 177
1780131102923 0.9399999999999998 178
1780131102925 0.97 179
1780131102927 0.9800000000000001 180
1780131102929 0.9049999999999999 181
1780131102939 0.925 182
1780131102942 0.9550000000000001 183
1780131102944 0.925 184
1780131102946 0.9499999999999998 185
1780131102948 0.945 186
1780131102950 0.9049999999999999 187
1780131102952 0.8800000000000001 188
1780131102954 0.945 189
1780131102956 0.925 190
1780131102958 0.9349999999999999 191
1780131102960 0.9450000000000001 192
1780131102962 0.9450000000000001 193
1780131102964 0.925 194
1780131102966 0.9349999999999999 195
1780131102968 0.9149999999999998 196
1780131102970 0.9499999999999998 197
1780131102972 0.96 198
1780131102974 0.96 199
1780131102976 0.945 200
1780131102979 0.915 201
1780131102981 0.93 202
1780131102983 0.9649999999999999 203
1780131102985 0.9099999999999999 204
1780131102987 0.8699999999999999 205
1780131102989 0.9549999999999998 206
1780131102991 0.9549999999999998 207
1780131102993 0.9650000000000001 208
1780131102995 0.945 209
1780131102996 0.95 210
1780131102998 0.945 211
1780131103000 0.945 212
1780131103002 0.925 213
1780131103004 0.9299999999999999 214
1780131103006 0.9550000000000001 215
1780131103008 0.945 216
1780131103010 0.9550000000000001 217
1780131103012 0.9650000000000001 218
1780131103014 0.9700000000000001 219
1780131103016 0.9549999999999998 220
1780131103018 0.9549999999999998 221
1780131103020 0.9800000000000001 222
1780131103022 0.9399999999999998 223
1780131103024 0.9099999999999999 224
1780131103026 0.9649999999999999 225
1780131103029 0.9049999999999999 226
1780131103031 0.9599999999999997 227
1780131103033 0.925 228
1780131103035 0.9349999999999999 229
1780131103037 0.9400000000000001 230
1780131103039 0.96 231
1780131103041 0.8749999999999998 232
1780131103043 0.9400000000000001 233
1780131103045 0.9499999999999998 234
1780131103047 0.93 235
1780131103049 0.9550000000000001 236
1780131103051 0.9199999999999999 237
1780131103053 0.95 238
1780131103055 0.945 239
1780131103057 0.9400000000000001 240
1780131103059 0.95 241
1780131103061 0.9549999999999998 242
1780131103063 0.9650000000000001 243
1780131103065 0.9649999999999999 244
1780131103067 0.97 245
1780131103069 0.9400000000000001 246
1780131103071 0.9549999999999998 247
1780131103073 0.945 248
1780131103075 0.9549999999999998 249
1780131103077 0.9550000000000001 250
1780131103079 0.945 251
1780131103081 0.905 252
1780131103083 0.96 253
1780131103085 0.9550000000000001 254
1780131103087 0.9399999999999998 255
1780131103089 0.96 256
1780131103091 0.945 257
1780131103093 0.9549999999999998 258
1780131103095 0.925 259
1780131103097 0.9099999999999998 260
1780131103099 0.9349999999999999 261
1780131103101 0.9599999999999997 262
1780131103103 0.9549999999999998 263
1780131103105 0.9199999999999999 264
1780131103107 0.96 265
1780131103109 0.9349999999999999 266
1780131103111 0.9499999999999998 267
1780131103113 0.9649999999999999 268
1780131103115 0.985 269
1780131103117 0.9349999999999999 270
1780131103119 0.95 271
1780131103121 0.9099999999999999 272
1780131103123 0.9499999999999998 273
1780131103130 0.9549999999999998 274
1780131103132 0.9599999999999997 275
1780131103134 0.925 276
1780131103136 0.945 277
1780131103138 0.95 278
1780131103140 0.96 279
1780131103142 0.9299999999999999 280
1780131103144 0.96 281
1780131103146 0.925 282
1780131103148 0.96 283
1780131103150 0.945 284
1780131103152 0.9749999999999999 285
1780131103154 0.9749999999999999 286
1780131103156 0.9499999999999998 287
1780131103158 0.9099999999999999 288
1780131103160 0.97 289
1780131103162 0.95 290
1780131103164 0.945 291
1780131103166 0.975 292
1780131103168 0.96 293
1780131103171 0.9649999999999999 294
1780131103173 0.93 295
1780131103175 0.96 296
1780131103177 0.875 297
1780131103179 0.975 298
1780131103181 0.945 299
1780131103183 0.96 300
1780131103185 0.97 301
1780131103187 0.9650000000000001 302
1780131103189 0.9400000000000001 303
1780131103191 0.9400000000000001 304
1780131103193 0.97 305
1780131103195 0.96 306
1780131103197 0.945 307
1780131103199 0.9549999999999998 308
1780131103201 0.9549999999999998 309
1780131103203 0.915 310
1780131103205 0.9099999999999999 311
1780131103207 0.9650000000000001 312
1780131103209 0.9549999999999998 313
