1773275637401 0.0 0
1773275637425 0.5833333333333333 1
1773275637444 0.5 2
1773275637465 0.7992065913945683 3
1773275637490 0.8395989974937343 4
1773275637509 0.8225402862576319 5
1773275637528 0.8019021462719967 6
1773275637564 0.8350877192982455 7
1773275637586 0.7574267362505018 8
1773275637618 0.7377737773777377 9
1773275637644 0.6318295739348371 10
1773275637670 0.6799999999999999 11
1773275637693 0.7279727972797281 12
1773275637728 0.6979166666666667 13
1773275637749 0.7893416298675231 14
1773275637775 0.8255930337303573 15
1773275637800 0.8122807017543859 16
1773275637832 0.788244766505636 17
1773275637860 0.849959855479727 18
1773275637894 0.8076769092182965 19
1773275637917 0.8265224358974359 20
1773275637943 0.796875 21
1773275637971 0.8389423076923077 22
1773275637993 0.79 23
1773275638017 0.8201121794871795 24
1773275638058 0.7633834055852404 25
1773275638080 0.784219001610306 26
1773275638104 0.8035732674286891 27
1773275638131 0.79 28
1773275638156 0.8189102564102564 29
1773275638199 0.8269307723089235 30
1773275638221 0.8356331168831169 31
1773275638243 0.8805880588058805 32
1773275638267 0.8243919527574817 33
1773275638291 0.8056006493506493 34
1773275638318 0.6340536214485795 35
1773275638361 0.6668666866686669 36
1773275638386 0.6517713365539453 37
1773275638413 0.7724358974358975 38
1773275638440 0.7157215721572157 39
1773275638465 0.8102756892230576 40
1773275638495 0.8195488721804511 41
1773275638532 0.8515727062606773 42
1773275638557 0.7898434363709355 43
1773275638580 0.7935293529352936 44
1773275638602 0.8048219287715086 45
1773275638629 0.8232292917166867 46
1773275638655 0.8200501253132833 47
1773275638687 0.8392857142857143 48
1773275638712 0.6161616161616161 49
1773275638736 0.5 50
1773275638758 0.5 51
1773275638781 0.5 52
1773275638816 0.5387931034482759 53
1773275638838 0.520618556701031 54
1773275638867 0.650085076568912 55
1773275638895 0.785 56
1773275638918 0.7765399737876801 57
1773275638941 0.8221090835769735 58
1773275638981 0.8292829282928293 59
1773275639003 0.8128843633430789 60
1773275639028 0.7253542357552005 61
1773275639056 0.7780448717948718 62
1773275639083 0.7419967987194878 63
1773275639104 0.815 64
1773275639145 0.8013211890701631 65
1773275639166 0.8131318186367731 66
1773275639194 0.8266962395402763 67
1773275639217 0.8707729468599035 68
1773275639238 0.7940705128205128 69
1773275639262 0.7680288461538461 70
1773275639298 0.8085748792270531 71
1773275639320 0.7193974577119407 72
1773275639342 0.7491732120711037 73
1773275639369 0.7765106042416967 74
1773275639391 0.8287828782878288 75
1773275639416 0.7754275427542754 76
1773275639452 0.787515006002401 77
1773275639475 0.8396419437340154 78
1773275639496 0.8299512987012987 79
1773275639527 0.7962406015037594 80
1773275639553 0.8249324932493249 81
1773275639580 0.8659365936593659 82
1773275639610 0.84093637454982 83
1773275639639 0.8442028985507246 84
1773275639662 0.830883088308831 85
1773275639687 0.8152315231523153 86
1773275639713 0.8228070175438597 87
1773275639754 0.8075410827704406 88
1773275639779 0.825 89
1773275639801 0.8840536214485795 90
1773275639836 0.7865315134484143 91
1773275639862 0.71468587434974 92
1773275639884 0.7282828282828282 93
1773275639918 0.8341384863123994 94
1773275639940 0.7983798379837983 95
1773275639968 0.8178341384863124 96
1773275639994 0.8308270676691729 97
1773275640020 0.8548872180451128 98
1773275640052 0.8360902255639098 99
1773275640073 0.8189087964368863 100
1773275640099 0.8380681818181819 101
1773275640123 0.8385086925937092 102
1773275640147 0.8770032051282051 103
1773275640173 0.8213892503252928 104
1773275640205 0.8592859285928593 105
1773275640225 0.8049999999999999 106
1773275640248 0.8661858974358975 107
1773275640272 0.8466386554621849 108
1773275640295 0.8635447121685654 109
1773275640318 0.8001800180018002 110
1773275640352 0.8323308270676693 111
1773275640378 0.835 112
1773275640404 0.8321314102564102 113
1773275640426 0.83 114
1773275640451 0.8321256038647343 115
1773275640472 0.8461152882205514 116
1773275640512 0.79 117
1773275640534 0.8390111546578234 118
1773275640558 0.8407362945178072 119
1773275640583 0.8584061903326299 120
1773275640608 0.865046018407363 121
1773275640631 0.7945432619837203 122
1773275640667 0.8200000000000001 123
1773275640696 0.8641364136413641 124
1773275640721 0.8606060606060606 125
1773275640746 0.8506265664160402 126
1773275640772 0.868421052631579 127
1773275640816 0.8813932539285356 128
1773275640839 0.8478544869862326 129
1773275640862 0.8894927536231885 130
1773275640888 0.8604860486048604 131
1773275640910 0.868204200582856 132
1773275640934 0.8442028985507246 133
1773275640971 0.8505608974358975 134
1773275640995 0.8907563025210083 135
1773275641021 0.8045977011494253 136
1773275641044 0.8592859285928593 137
1773275641069 0.8576430572228891 138
1773275641091 0.8250713994288046 139
1773275641124 0.8203952011291461 140
1773275641146 0.8586956521739131 141
1773275641176 0.8746498599439776 142
1773275641204 0.8763943322279169 143
1773275641233 0.861247947454844 144
1773275641257 0.7883127323887047 145
1773275641282 0.6844660194174758 146
1773275641312 0.8268170426065162 147
1773275641342 0.8003201280512204 148
1773275641370 0.8587916499397832 149
1773275641393 0.8304897631473305 150
1773275641435 0.83 151
1773275641460 0.837092731829574 152
1773275641485 0.854040404040404 153
1773275641509 0.8277044056860571 154
1773275641533 0.8544745484400657 155
1773275641563 0.8408521303258145 156
1773275641605 0.8706342834203131 157
1773275641626 0.8885667785576239 158
1773275641652 0.8516624040920716 159
1773275641673 0.8794879487948795 160
1773275641698 0.8229291716686675 161
1773275641725 0.775 162
1773275641769 0.8544354435443544 163
1773275641794 0.9108527131782946 164
1773275641825 0.8598859885988599 165
1773275641858 0.925 166
1773275641892 0.8754058441558441 167
1773275641930 0.8610861086108611 168
1773275641950 0.8468998090644156 169
1773275641972 0.8528703331995182 170
1773275641998 0.8644364436443644 171
1773275642025 0.8198704322299828 172
1773275642053 0.8356331168831169 173
1773275642081 0.8384838483848385 174
1773275642120 0.8807927134420979 175
1773275642146 0.8606134224111752 176
1773275642165 0.8673510466988728 177
1773275642189 0.8449944550861983 178
1773275642216 0.8655158570855079 179
1773275642243 0.844551282051282 180
1773275642277 0.8917069243156199 181
1773275642305 0.8477390956382553 182
1773275642327 0.8648459383753502 183
1773275642354 0.8572866344605475 184
1773275642379 0.8655158570855079 185
1773275642406 0.84375 186
1773275642440 0.8389609084514119 187
1773275642464 0.853575424677042 188
1773275642491 0.8630452180872349 189
1773275642518 0.8493589743589745 190
1773275642543 0.8353518166349715 191
1773275642566 0.8940677966101696 192
1773275642593 0.8963365539452496 193
1773275642617 0.845 194
1773275642642 0.8329326923076923 195
1773275642664 0.8492142928635773 196
1773275642691 0.8226650563607085 197
1773275642721 0.8491379310344828 198
