1780386100415 0.0 0
1780386100417 0.08499999999999999 1
1780386100419 0.38999999999999996 2
1780386100421 0.595 3
1780386100422 0.475 4
1780386100424 0.725 5
1780386100425 0.725 6
1780386100427 0.8150000000000001 7
1780386100429 0.82 8
1780386100430 0.85 9
1780386100432 0.86 10
1780386100433 0.8400000000000001 11
1780386100435 0.8300000000000001 12
1780386100437 0.865 13
1780386100438 0.8699999999999999 14
1780386100440 0.8699999999999999 15
1780386100442 0.8400000000000001 16
1780386100443 0.9 17
1780386100445 0.9200000000000002 18
1780386100446 0.865 19
1780386100448 0.8200000000000001 20
1780386100450 0.82 21
1780386100451 0.8200000000000001 22
1780386100453 0.805 23
1780386100454 0.8300000000000001 24
1780386100456 0.8850000000000001 25
1780386100457 0.7999999999999999 26
1780386100459 0.8550000000000001 27
1780386100461 0.8300000000000001 28
1780386100462 0.8299999999999998 29
1780386100464 0.825 30
1780386100466 0.8550000000000001 31
1780386100467 0.795 32
1780386100469 0.795 33
1780386100470 0.8300000000000001 34
1780386100472 0.745 35
1780386100474 0.795 36
1780386100476 0.835 37
1780386100477 0.8100000000000002 38
1780386100479 0.885 39
1780386100480 0.7949999999999999 40
1780386100482 0.7799999999999999 41
1780386100484 0.845 42
1780386100485 0.835 43
1780386100487 0.8 44
1780386100489 0.8 45
1780386100490 0.8150000000000001 46
1780386100492 0.8 47
1780386100493 0.79 48
1780386100495 0.795 49
1780386100497 0.835 50
1780386100498 0.7949999999999999 51
1780386100500 0.8200000000000001 52
1780386100502 0.8099999999999999 53
1780386100503 0.8249999999999998 54
1780386100505 0.7450000000000001 55
1780386100506 0.8200000000000001 56
1780386100508 0.7949999999999999 57
1780386100510 0.8 58
1780386100511 0.86 59
1780386100513 0.8300000000000001 60
1780386100515 0.7849999999999999 61
1780386100516 0.82 62
1780386100518 0.8149999999999998 63
1780386100519 0.82 64
1780386100521 0.805 65
1780386100522 0.8150000000000001 66
1780386100524 0.825 67
1780386100526 0.7849999999999999 68
1780386100527 0.7949999999999999 69
1780386100529 0.8100000000000002 70
1780386100531 0.7899999999999999 71
1780386100532 0.8 72
1780386100534 0.85 73
1780386100535 0.865 74
1780386100537 0.8200000000000001 75
1780386100539 0.845 76
1780386100540 0.805 77
1780386100542 0.78 78
1780386100543 0.8149999999999998 79
1780386100545 0.835 80
1780386100547 0.76 81
1780386100548 0.785 82
1780386100550 0.8549999999999999 83
1780386100551 0.835 84
1780386100553 0.8049999999999999 85
1780386100555 0.825 86
1780386100557 0.8400000000000001 87
1780386100558 0.8400000000000001 88
1780386100560 0.825 89
1780386100562 0.7849999999999999 90
1780386100563 0.835 91
1780386100565 0.8299999999999998 92
1780386100567 0.7750000000000001 93
1780386100568 0.8200000000000001 94
1780386100570 0.795 95
1780386100572 0.7899999999999999 96
1780386100573 0.78 97
1780386100575 0.795 98
1780386100577 0.785 99
1780386100578 0.85 100
1780386100580 0.7849999999999999 101
1780386100582 0.7950000000000002 102
1780386100583 0.755 103
1780386100585 0.825 104
1780386100587 0.8 105
1780386100588 0.8700000000000001 106
1780386100590 0.845 107
1780386100591 0.85 108
1780386100593 0.8350000000000002 109
1780386100595 0.82 110
1780386100596 0.825 111
1780386100598 0.8 112
1780386100599 0.835 113
1780386100601 0.795 114
1780386100603 0.8350000000000002 115
1780386100604 0.785 116
1780386100606 0.85 117
1780386100608 0.82 118
1780386100609 0.785 119
1780386100611 0.8400000000000001 120
1780386100612 0.8099999999999999 121
1780386100614 0.79 122
1780386100616 0.835 123
1780386100617 0.78 124
1780386100619 0.825 125
1780386100620 0.7950000000000002 126
1780386100622 0.8149999999999998 127
1780386100624 0.72 128
1780386100625 0.8300000000000001 129
1780386100627 0.795 130
1780386100628 0.82 131
1780386100630 0.7849999999999999 132
1780386100632 0.75 133
1780386100633 0.82 134
1780386100635 0.825 135
1780386100636 0.8150000000000001 136
1780386100638 0.79 137
1780386100640 0.8399999999999999 138
1780386100641 0.76 139
1780386100643 0.805 140
1780386100644 0.8099999999999999 141
1780386100646 0.7899999999999999 142
1780386100648 0.82 143
1780386100649 0.8299999999999998 144
1780386100651 0.8300000000000001 145
1780386100653 0.8300000000000001 146
1780386100654 0.8100000000000002 147
1780386100656 0.82 148
1780386100657 0.8049999999999999 149
1780386100659 0.845 150
1780386100661 0.875 151
1780386100662 0.79 152
1780386100664 0.8200000000000001 153
1780386100665 0.8300000000000001 154
1780386100667 0.795 155
1780386100669 0.85 156
1780386100670 0.7499999999999999 157
1780386100672 0.8350000000000002 158
1780386100674 0.8400000000000001 159
1780386100676 0.8950000000000001 160
1780386100677 0.865 161
1780386100679 0.8949999999999999 162
1780386100681 0.9049999999999999 163
1780386100682 0.8700000000000001 164
1780386100684 0.8949999999999999 165
1780386100686 0.915 166
1780386100687 0.875 167
1780386100689 0.8799999999999999 168
1780386100691 0.905 169
1780386100692 0.9 170
1780386100694 0.915 171
1780386100696 0.8400000000000001 172
1780386100697 0.9349999999999999 173
1780386100699 0.89 174
1780386100701 0.9149999999999998 175
1780386100702 0.96 176
1780386100704 0.9199999999999999 177
1780386100705 0.93 178
1780386100707 0.9499999999999998 179
1780386100709 0.9199999999999999 180
1780386100710 0.905 181
1780386100717 0.9199999999999999 182
1780386100723 0.9 183
1780386100725 0.9349999999999999 184
1780386100727 0.9249999999999998 185
1780386100729 0.9200000000000002 186
1780386100730 0.9149999999999998 187
1780386100732 0.9399999999999998 188
1780386100734 0.9149999999999998 189
1780386100735 0.9199999999999999 190
1780386100737 0.9049999999999999 191
1780386100739 0.9149999999999998 192
1780386100740 0.93 193
1780386100742 0.905 194
1780386100743 0.9199999999999999 195
1780386100745 0.8950000000000001 196
1780386100747 0.9399999999999998 197
1780386100748 0.9 198
1780386100750 0.89 199
1780386100752 0.9200000000000002 200
1780386100753 0.9099999999999999 201
1780386100755 0.945 202
1780386100757 0.89 203
1780386100758 0.925 204
1780386100760 0.925 205
1780386100762 0.9099999999999999 206
1780386100763 0.9199999999999999 207
1780386100765 0.925 208
1780386100767 0.905 209
1780386100768 0.8700000000000001 210
1780386100770 0.9349999999999999 211
1780386100772 0.9299999999999999 212
1780386100773 0.89 213
1780386100775 0.9099999999999999 214
1780386100776 0.9349999999999999 215
1780386100778 0.9349999999999999 216
1780386100780 0.9399999999999998 217
1780386100782 0.93 218
1780386100784 0.93 219
1780386100786 0.9049999999999999 220
1780386100788 0.925 221
1780386100789 0.9349999999999999 222
1780386100791 0.8800000000000001 223
1780386100793 0.8949999999999999 224
1780386100794 0.9099999999999999 225
1780386100796 0.925 226
1780386100798 0.9399999999999998 227
1780386100799 0.9 228
1780386100801 0.9200000000000002 229
1780386100802 0.9199999999999999 230
1780386100804 0.9099999999999999 231
1780386100806 0.945 232
1780386100807 0.89 233
1780386100809 0.9100000000000001 234
1780386100810 0.9 235
1780386100812 0.9 236
1780386100813 0.9299999999999999 237
1780386100815 0.9299999999999999 238
1780386100817 0.9349999999999999 239
1780386100818 0.95 240
1780386100820 0.9250000000000002 241
1780386100821 0.915 242
1780386100823 0.9349999999999999 243
1780386100824 0.9199999999999999 244
1780386100826 0.9399999999999998 245
1780386100828 0.9099999999999999 246
1780386100829 0.9199999999999999 247
1780386100831 0.9 248
1780386100832 0.9200000000000002 249
1780386100834 0.925 250
1780386100835 0.9299999999999999 251
1780386100837 0.8899999999999999 252
1780386100839 0.9199999999999999 253
1780386100840 0.9099999999999999 254
1780386100842 0.9099999999999999 255
1780386100843 0.9 256
1780386100845 0.9200000000000002 257
1780386100846 0.9349999999999999 258
1780386100848 0.9299999999999999 259
1780386100850 0.875 260
1780386100851 0.8800000000000001 261
1780386100853 0.9 262
1780386100854 0.945 263
1780386100856 0.875 264
1780386100857 0.9399999999999998 265
1780386100859 0.89 266
1780386100861 0.9249999999999998 267
1780386100862 0.9099999999999999 268
1780386100864 0.8950000000000001 269
1780386100865 0.96 270
1780386100867 0.9399999999999998 271
1780386100868 0.9049999999999999 272
1780386100870 0.9200000000000002 273
1780386100872 0.905 274
1780386100873 0.8700000000000001 275
1780386100875 0.9550000000000001 276
1780386100876 0.8949999999999999 277
1780386100878 0.945 278
1780386100879 0.945 279
1780386100881 0.9249999999999998 280
1780386100883 0.9200000000000002 281
1780386100884 0.9049999999999999 282
1780386100886 0.9149999999999998 283
1780386100887 0.885 284
1780386100889 0.93 285
1780386100890 0.9299999999999999 286
1780386100897 0.905 287
1780386100899 0.885 288
1780386100900 0.9 289
1780386100902 0.9199999999999999 290
1780386100904 0.885 291
1780386100905 0.8899999999999999 292
1780386100907 0.9099999999999999 293
1780386100908 0.9200000000000002 294
1780386100910 0.95 295
1780386100911 0.925 296
1780386100913 0.9399999999999998 297
1780386100915 0.9399999999999998 298
1780386100916 0.9199999999999999 299
1780386100918 0.875 300
1780386100919 0.9299999999999999 301
1780386100921 0.9399999999999998 302
1780386100922 0.9349999999999999 303
1780386100924 0.9049999999999999 304
1780386100925 0.9399999999999998 305
1780386100927 0.905 306
1780386100929 0.9299999999999999 307
1780386100930 0.885 308
1780386100932 0.8950000000000001 309
1780386100933 0.9049999999999999 310
1780386100935 0.9299999999999999 311
1780386100936 0.9349999999999999 312
1780386100938 0.9399999999999998 313
