1780111761550 0.0 0
1780111761552 0.9033333333333282 1
1780111761554 0.9122222222222172 2
1780111761556 0.9294444444444393 3
1780111761557 0.9427777777777726 4
1780111761559 0.9544444444444391 5
1780111761560 0.9677777777777724 6
1780111761562 0.9666666666666612 7
1780111761564 0.9511111111111058 8
1780111761565 0.9744444444444389 9
1780111761567 0.9772222222222167 10
1780111761569 0.9616666666666613 11
1780111761570 0.9666666666666612 12
1780111761572 0.9705555555555501 13
1780111761574 0.9827777777777722 14
1780111761575 0.9866666666666613 15
1780111761577 0.9894444444444389 16
1780111761579 0.9861111111111056 17
1780111761580 0.9822222222222168 18
1780111761582 0.98555555555555 19
1780111761584 0.9916666666666611 20
1780111761585 0.9916666666666611 21
1780111761587 0.9855555555555501 22
1780111761589 0.9799999999999945 23
1780111761590 0.9888888888888833 24
1780111761592 0.9877777777777723 25
1780111761594 0.9799999999999945 26
1780111761595 0.9866666666666613 27
1780111761597 0.984444444444439 28
1780111761599 0.9805555555555501 29
1780111761600 0.9888888888888834 30
1780111761602 0.9877777777777721 31
1780111761604 0.9855555555555501 32
1780111761605 0.99055555555555 33
1780111761607 0.9911111111111055 34
1780111761609 0.9833333333333278 35
1780111761610 0.9666666666666612 36
1780111761612 0.9899999999999946 37
1780111761614 0.9861111111111057 38
1780111761615 0.9883333333333277 39
1780111761617 0.984444444444439 40
1780111761619 0.9922222222222166 41
1780111761620 0.9605555555555501 42
1780111761622 0.9822222222222168 43
1780111761623 0.9838888888888834 44
1780111761625 0.9766666666666612 45
1780111761627 0.9899999999999943 46
1780111761628 0.9916666666666611 47
1780111761630 0.9888888888888833 48
1780111761632 0.9833333333333278 49
1780111761633 0.99055555555555 50
1780111761635 0.9788888888888835 51
1780111761637 0.9888888888888833 52
1780111761638 0.9849999999999944 53
1780111761640 0.9899999999999946 54
1780111761642 0.9922222222222168 55
1780111761643 0.9888888888888833 56
1780111761645 0.9933333333333279 57
1780111761646 0.9733333333333279 58
1780111761648 0.9938888888888833 59
1780111761650 0.9955555555555501 60
1780111761651 0.9888888888888833 61
1780111761653 0.9922222222222168 62
1780111761655 0.9888888888888833 63
1780111761656 0.9749999999999946 64
1780111761658 0.99055555555555 65
1780111761660 0.9888888888888833 66
1780111761661 0.9761111111111056 67
1780111761663 0.9894444444444389 68
1780111761665 0.9816666666666611 69
1780111761666 0.9899999999999946 70
1780111761668 0.9866666666666613 71
1780111761670 0.9938888888888833 72
1780111761671 0.9911111111111055 73
1780111761673 0.9855555555555501 74
1780111761675 0.9883333333333277 75
1780111761676 0.9944444444444389 76
1780111761678 0.9911111111111055 77
1780111761679 0.9877777777777723 78
1780111761681 0.9944444444444389 79
1780111761683 0.9927777777777722 80
1780111761684 0.9788888888888835 81
1780111761686 0.9916666666666611 82
1780111761688 0.9944444444444388 83
1780111761689 0.9899999999999946 84
1780111761691 0.9938888888888833 85
1780111761693 0.9822222222222166 86
1780111761694 0.9888888888888833 87
1780111761696 0.9911111111111056 88
1780111761698 0.9911111111111055 89
1780111761699 0.9772222222222167 90
1780111761701 0.9916666666666611 91
1780111761703 0.99055555555555 92
1780111761704 0.9927777777777722 93
1780111761706 0.9955555555555501 94
1780111761708 0.9933333333333276 95
1780111761709 0.9827777777777722 96
1780111761711 0.9827777777777722 97
1780111761713 0.9883333333333277 98
1780111761714 0.9922222222222168 99
1780111761716 0.9922222222222166 100
1780111761718 0.9899999999999943 101
1780111761720 0.9811111111111057 102
1780111761721 0.9944444444444388 103
1780111761723 0.9833333333333278 104
1780111761724 0.9888888888888834 105
1780111761726 0.9877777777777723 106
1780111761728 0.9883333333333277 107
1780111761730 0.9811111111111057 108
1780111761731 0.9938888888888833 109
1780111761733 0.9849999999999944 110
1780111761735 0.9933333333333279 111
1780111761737 0.9961111111111055 112
1780111761739 0.9894444444444389 113
1780111761740 0.9738888888888834 114
1780111761742 0.9944444444444389 115
1780111761744 0.9822222222222168 116
1780111761745 0.9955555555555501 117
1780111761747 0.9922222222222168 118
1780111761749 0.9805555555555501 119
1780111761750 0.976666666666661 120
1780111761752 0.99055555555555 121
1780111761754 0.9883333333333277 122
1780111761755 0.9933333333333279 123
1780111761757 0.99055555555555 124
1780111761759 0.9916666666666611 125
1780111761760 0.9761111111111056 126
1780111761762 0.9888888888888834 127
1780111761764 0.9933333333333279 128
1780111761765 0.9883333333333277 129
1780111761767 0.9827777777777722 130
1780111761769 0.9911111111111055 131
1780111761770 0.9883333333333277 132
1780111761772 0.9894444444444389 133
1780111761774 0.9949999999999944 134
1780111761775 0.9949999999999944 135
1780111761777 0.9877777777777723 136
1780111761779 0.9722222222222168 137
1780111761780 0.99055555555555 138
1780111761782 0.9833333333333278 139
1780111761784 0.9966666666666611 140
1780111761785 0.99055555555555 141
1780111761787 0.9933333333333276 142
1780111761789 0.9722222222222167 143
1780111761790 0.9877777777777723 144
1780111761792 0.9949999999999944 145
1780111761794 0.9938888888888833 146
1780111761795 0.996666666666661 147
1780111761797 0.9927777777777722 148
1780111761799 0.9933333333333276 149
1780111761800 0.9938888888888833 150
1780111761802 0.9933333333333276 151
1780111761804 0.9955555555555501 152
1780111761805 0.9922222222222166 153
1780111761807 0.9899999999999943 154
1780111761809 0.9927777777777722 155
1780111761810 0.9949999999999944 156
1780111761812 0.9922222222222166 157
1780111761814 0.9933333333333279 158
1780111761815 0.9949999999999944 159
1780111761817 0.9972222222222167 160
1780111761819 0.9933333333333276 161
1780111761820 0.9944444444444389 162
1780111761822 0.9944444444444389 163
1780111761824 0.9944444444444389 164
1780111761825 0.9988888888888834 165
1780111761827 0.9949999999999944 166
1780111761829 0.9949999999999944 167
1780111761830 0.9966666666666611 168
1780111761832 0.9955555555555501 169
1780111761834 0.9988888888888834 170
1780111761835 0.9922222222222168 171
1780111761837 0.9938888888888833 172
1780111761839 0.9972222222222167 173
1780111761840 0.9972222222222167 174
1780111761842 0.9944444444444389 175
1780111761844 0.9911111111111055 176
1780111761845 0.9894444444444389 177
1780111761847 0.9855555555555501 178
1780111761849 0.9977777777777721 179
1780111761850 0.9972222222222167 180
1780111761852 0.9966666666666611 181
1780111761854 0.9922222222222166 182
1780111761855 0.9961111111111055 183
1780111761857 0.9838888888888834 184
1780111761858 0.9816666666666611 185
1780111761860 0.9955555555555501 186
1780111761862 0.9955555555555501 187
1780111761863 0.9977777777777721 188
1780111761865 0.9972222222222167 189
1780111761867 0.9916666666666611 190
1780111761868 0.9961111111111055 191
1780111761870 0.9972222222222167 192
1780111761872 0.9955555555555499 193
1780111761873 0.9938888888888833 194
1780111761875 0.9927777777777722 195
1780111761877 0.9961111111111055 196
1780111761878 0.9949999999999944 197
1780111761880 0.9938888888888833 198
1780111761882 0.9972222222222167 199
1780111761883 0.9938888888888833 200
1780111761885 0.9911111111111055 201
1780111761887 0.9883333333333277 202
1780111761888 0.9955555555555501 203
1780111761890 0.9977777777777721 204
1780111761892 0.9966666666666611 205
1780111761893 0.9966666666666611 206
1780111761895 0.9988888888888832 207
1780111761897 0.9983333333333277 208
1780111761898 0.9888888888888833 209
1780111761900 0.9955555555555501 210
1780111761902 0.9983333333333277 211
1780111761903 0.9988888888888832 212
1780111761905 0.9877777777777723 213
1780111761907 0.9927777777777722 214
1780111761908 0.9838888888888834 215
1780111761910 0.9949999999999944 216
1780111761912 0.9949999999999944 217
1780111761913 0.9988888888888834 218
1780111761915 0.9966666666666611 219
1780111761917 0.9977777777777723 220
1780111761918 0.9961111111111055 221
1780111761920 0.9899999999999946 222
1780111761922 0.9949999999999944 223
1780111761923 0.996666666666661 224
1780111761925 0.9888888888888834 225
1780111761927 0.9849999999999947 226
1780111761928 0.9966666666666611 227
1780111761930 0.9944444444444389 228
1780111761932 0.9972222222222167 229
1780111761933 0.9972222222222167 230
1780111761935 0.9983333333333277 231
1780111761937 0.9949999999999944 232
1780111761938 0.9933333333333279 233
1780111761940 0.9972222222222167 234
1780111761942 0.9972222222222167 235
1780111761943 0.9916666666666611 236
1780111761945 0.996666666666661 237
1780111761947 0.9977777777777723 238
1780111761949 0.9922222222222166 239
1780111761950 0.9961111111111055 240
1780111761952 0.9955555555555501 241
1780111761954 0.9961111111111055 242
1780111761955 0.9983333333333277 243
1780111761957 0.9977777777777721 244
1780111761959 0.9988888888888834 245
1780111761960 0.9955555555555499 246
1780111761962 0.9966666666666611 247
1780111761964 0.9844444444444388 248
1780111761965 0.9966666666666611 249
1780111761967 0.9866666666666613 250
1780111761969 0.9938888888888833 251
1780111761971 0.9922222222222168 252
1780111761972 0.9949999999999944 253
1780111761974 0.9961111111111055 254
1780111761976 0.9966666666666611 255
1780111761977 0.9977777777777723 256
1780111761979 0.9961111111111055 257
1780111761981 0.9949999999999944 258
1780111761982 0.9983333333333277 259
1780111761984 0.9944444444444388 260
1780111761986 0.9944444444444388 261
1780111761987 0.9944444444444388 262
1780111761989 0.9955555555555499 263
1780111761990 0.9944444444444389 264
1780111761992 0.9927777777777722 265
1780111761994 0.9972222222222167 266
1780111761996 0.9983333333333277 267
1780111761997 0.9944444444444389 268
1780111761999 0.9911111111111055 269
1780111762001 0.9955555555555499 270
1780111762003 0.9955555555555501 271
1780111762004 0.9966666666666611 272
1780111762006 0.9933333333333276 273
1780111762008 0.9961111111111055 274
1780111762009 0.9961111111111055 275
1780111762011 0.9977777777777721 276
1780111762012 0.9949999999999944 277
1780111762014 0.9944444444444389 278
1780111762016 0.9933333333333279 279
1780111762017 0.9977777777777721 280
1780111762019 0.9988888888888834 281
1780111762021 0.996666666666661 282
1780111762022 0.9972222222222167 283
1780111762024 0.9972222222222167 284
1780111762025 0.9966666666666611 285
1780111762027 0.9944444444444388 286
1780111762029 0.9899999999999946 287
1780111762030 0.9938888888888833 288
1780111762032 0.9977777777777723 289
1780111762034 0.9944444444444388 290
1780111762035 0.9961111111111055 291
1780111762037 0.9944444444444389 292
1780111762039 0.9955555555555499 293
1780111762040 0.9966666666666611 294
1780111762042 0.9961111111111055 295
1780111762043 0.9966666666666611 296
1780111762045 0.9961111111111055 297
1780111762047 0.9922222222222168 298
1780111762048 0.9949999999999944 299
1780111762050 0.9966666666666611 300
1780111762052 0.9955555555555501 301
1780111762053 0.9966666666666611 302
1780111762055 0.9961111111111055 303
1780111762056 0.9872222222222169 304
1780111762058 0.9938888888888833 305
1780111762060 0.9955555555555499 306
1780111762061 0.9955555555555499 307
1780111762063 0.9983333333333277 308
1780111762065 0.9961111111111055 309
1780111762066 0.9966666666666611 310
1780111762068 0.9949999999999944 311
1780111762069 0.9972222222222167 312
1780111762071 0.9955555555555501 313
