1780136840980 0.0 0
1780136840983 0.1 1
1780136840985 0.09 2
1780136840987 0.135 3
1780136840989 0.16 4
1780136840992 0.175 5
1780136840994 0.18 6
1780136840996 0.275 7
1780136840998 0.24499999999999997 8
1780136841001 0.24 9
1780136841003 0.27 10
1780136841005 0.215 11
1780136841008 0.255 12
1780136841010 0.23500000000000001 13
1780136841012 0.285 14
1780136841014 0.26999999999999996 15
1780136841017 0.23500000000000001 16
1780136841019 0.28500000000000003 17
1780136841021 0.255 18
1780136841024 0.30500000000000005 19
1780136841026 0.29 20
1780136841028 0.36999999999999994 21
1780136841030 0.365 22
1780136841033 0.35000000000000003 23
1780136841035 0.39499999999999996 24
1780136841037 0.31999999999999995 25
1780136841039 0.33999999999999997 26
1780136841041 0.29999999999999993 27
1780136841044 0.36 28
1780136841046 0.40499999999999997 29
1780136841048 0.38499999999999995 30
1780136841050 0.425 31
1780136841053 0.35 32
1780136841055 0.33499999999999996 33
1780136841057 0.41 34
1780136841059 0.41500000000000004 35
1780136841061 0.45 36
1780136841064 0.45000000000000007 37
1780136841066 0.43 38
1780136841068 0.35 39
1780136841071 0.39499999999999996 40
1780136841073 0.44000000000000006 41
1780136841075 0.4 42
1780136841077 0.425 43
1780136841080 0.46499999999999997 44
1780136841082 0.5 45
1780136841084 0.48 46
1780136841086 0.44000000000000006 47
1780136841089 0.46499999999999997 48
1780136841091 0.41500000000000004 49
1780136841093 0.48999999999999994 50
1780136841096 0.49499999999999994 51
1780136841098 0.45 52
1780136841100 0.515 53
1780136841102 0.4950000000000001 54
1780136841105 0.525 55
1780136841107 0.4750000000000001 56
1780136841109 0.475 57
1780136841111 0.45999999999999996 58
1780136841114 0.485 59
1780136841116 0.535 60
1780136841118 0.48999999999999994 61
1780136841120 0.535 62
1780136841123 0.46499999999999997 63
1780136841125 0.5 64
1780136841127 0.51 65
1780136841129 0.5700000000000001 66
1780136841131 0.55 67
1780136841134 0.4800000000000001 68
1780136841136 0.53 69
1780136841138 0.51 70
1780136841140 0.56 71
1780136841142 0.5450000000000002 72
1780136841145 0.52 73
1780136841147 0.525 74
1780136841149 0.6100000000000001 75
1780136841151 0.545 76
1780136841154 0.5599999999999998 77
1780136841156 0.5 78
1780136841158 0.555 79
1780136841160 0.48 80
1780136841163 0.5900000000000001 81
1780136841165 0.55 82
1780136841167 0.53 83
1780136841170 0.6100000000000001 84
1780136841172 0.655 85
1780136841175 0.5449999999999999 86
1780136841177 0.6250000000000001 87
1780136841180 0.5449999999999999 88
1780136841182 0.505 89
1780136841184 0.58 90
1780136841187 0.565 91
1780136841189 0.5700000000000001 92
1780136841191 0.635 93
1780136841194 0.5349999999999999 94
1780136841196 0.595 95
1780136841198 0.615 96
1780136841201 0.545 97
1780136841203 0.6199999999999999 98
1780136841205 0.5650000000000001 99
1780136841207 0.61 100
1780136841209 0.5800000000000001 101
1780136841212 0.58 102
1780136841214 0.575 103
1780136841216 0.595 104
1780136841218 0.61 105
1780136841221 0.61 106
1780136841223 0.595 107
1780136841225 0.615 108
1780136841227 0.5850000000000001 109
1780136841230 0.625 110
1780136841232 0.615 111
1780136841234 0.645 112
1780136841236 0.595 113
1780136841239 0.6050000000000001 114
1780136841241 0.64 115
1780136841243 0.66 116
1780136841246 0.64 117
1780136841248 0.7249999999999999 118
1780136841250 0.675 119
1780136841252 0.625 120
1780136841255 0.6799999999999999 121
1780136841257 0.71 122
1780136841259 0.6449999999999999 123
1780136841261 0.6649999999999999 124
1780136841264 0.655 125
1780136841266 0.6700000000000002 126
1780136841268 0.685 127
1780136841271 0.6799999999999999 128
1780136841273 0.7100000000000001 129
1780136841275 0.6399999999999999 130
1780136841277 0.6799999999999999 131
1780136841280 0.625 132
1780136841282 0.66 133
1780136841284 0.6800000000000002 134
1780136841287 0.7150000000000001 135
1780136841289 0.6499999999999999 136
1780136841291 0.63 137
1780136841293 0.64 138
1780136841296 0.6799999999999999 139
1780136841298 0.6100000000000001 140
1780136841301 0.6100000000000001 141
1780136841303 0.675 142
1780136841305 0.635 143
1780136841307 0.6950000000000001 144
1780136841310 0.7 145
1780136841312 0.6299999999999999 146
1780136841314 0.675 147
1780136841316 0.7 148
1780136841318 0.69 149
1780136841321 0.7249999999999999 150
1780136841323 0.6799999999999999 151
1780136841325 0.695 152
1780136841327 0.6749999999999999 153
1780136841330 0.7449999999999999 154
1780136841332 0.7150000000000001 155
1780136841334 0.7050000000000001 156
1780136841337 0.735 157
1780136841339 0.745 158
1780136841341 0.7849999999999999 159
1780136841343 0.7849999999999999 160
1780136841346 0.73 161
1780136841348 0.7449999999999999 162
1780136841350 0.8300000000000001 163
1780136841352 0.71 164
1780136841355 0.7350000000000001 165
1780136841357 0.795 166
1780136841359 0.765 167
1780136841362 0.785 168
1780136841364 0.7799999999999999 169
1780136841366 0.7650000000000001 170
1780136841368 0.8150000000000001 171
1780136841371 0.755 172
1780136841373 0.8150000000000001 173
1780136841375 0.7350000000000001 174
1780136841378 0.775 175
1780136841380 0.79 176
1780136841382 0.7999999999999999 177
1780136841384 0.8400000000000001 178
1780136841387 0.85 179
1780136841389 0.8400000000000001 180
1780136841391 0.8099999999999999 181
1780136841393 0.7999999999999999 182
1780136841396 0.78 183
1780136841398 0.77 184
1780136841400 0.795 185
1780136841402 0.8299999999999998 186
1780136841404 0.7849999999999999 187
1780136841407 0.775 188
1780136841409 0.82 189
1780136841411 0.79 190
1780136841413 0.8299999999999998 191
1780136841416 0.85 192
1780136841418 0.77 193
1780136841420 0.8049999999999999 194
1780136841423 0.825 195
1780136841425 0.7849999999999999 196
1780136841427 0.865 197
1780136841429 0.8049999999999999 198
1780136841432 0.8299999999999998 199
1780136841434 0.8400000000000001 200
1780136841436 0.8099999999999999 201
1780136841438 0.82 202
1780136841440 0.8950000000000001 203
1780136841443 0.835 204
1780136841445 0.85 205
1780136841449 0.8299999999999998 206
1780136841451 0.845 207
1780136841453 0.8800000000000001 208
1780136841456 0.8299999999999998 209
1780136841458 0.8649999999999999 210
1780136841460 0.8300000000000001 211
1780136841462 0.8250000000000002 212
1780136841465 0.8400000000000001 213
1780136841467 0.8149999999999998 214
1780136841469 0.825 215
1780136841471 0.835 216
1780136841474 0.8549999999999999 217
1780136841476 0.8550000000000001 218
1780136841478 0.8700000000000001 219
1780136841480 0.885 220
1780136841483 0.8550000000000001 221
1780136841485 0.8799999999999999 222
1780136841487 0.8550000000000001 223
1780136841489 0.8149999999999998 224
1780136841491 0.8800000000000001 225
1780136841494 0.835 226
1780136841496 0.89 227
1780136841498 0.8300000000000001 228
1780136841500 0.8899999999999999 229
1780136841502 0.8549999999999999 230
1780136841505 0.8699999999999999 231
1780136841507 0.8300000000000001 232
1780136841509 0.905 233
1780136841512 0.8249999999999998 234
1780136841514 0.8099999999999999 235
1780136841516 0.865 236
1780136841518 0.8450000000000001 237
1780136841520 0.8399999999999999 238
1780136841523 0.885 239
1780136841525 0.8600000000000001 240
1780136841527 0.865 241
1780136841529 0.865 242
1780136841531 0.86 243
1780136841534 0.8549999999999999 244
1780136841536 0.89 245
1780136841538 0.8299999999999998 246
1780136841541 0.8299999999999998 247
1780136841543 0.8699999999999999 248
1780136841545 0.925 249
1780136841548 0.8799999999999999 250
1780136841550 0.8550000000000001 251
1780136841552 0.875 252
1780136841554 0.885 253
1780136841557 0.86 254
1780136841559 0.8850000000000001 255
1780136841561 0.865 256
1780136841563 0.865 257
1780136841566 0.8799999999999999 258
1780136841568 0.835 259
1780136841570 0.865 260
1780136841572 0.835 261
1780136841574 0.9049999999999999 262
1780136841577 0.875 263
1780136841579 0.8700000000000001 264
1780136841581 0.8400000000000001 265
1780136841583 0.9 266
1780136841585 0.89 267
1780136841588 0.8899999999999999 268
1780136841590 0.905 269
1780136841592 0.8799999999999999 270
1780136841594 0.885 271
1780136841597 0.86 272
1780136841599 0.885 273
1780136841601 0.9350000000000002 274
1780136841604 0.8699999999999999 275
1780136841606 0.875 276
1780136841608 0.915 277
1780136841610 0.9149999999999998 278
1780136841612 0.8949999999999999 279
1780136841615 0.8700000000000001 280
1780136841617 0.8699999999999999 281
1780136841619 0.8549999999999999 282
1780136841622 0.9349999999999999 283
1780136841624 0.865 284
1780136841626 0.875 285
1780136841629 0.8550000000000001 286
1780136841631 0.885 287
1780136841633 0.905 288
1780136841635 0.9 289
1780136841638 0.8550000000000001 290
1780136841640 0.9199999999999999 291
1780136841643 0.9200000000000002 292
1780136841645 0.905 293
1780136841647 0.9 294
1780136841650 0.875 295
1780136841652 0.8949999999999999 296
1780136841654 0.8850000000000001 297
1780136841656 0.885 298
1780136841658 0.8800000000000001 299
1780136841661 0.885 300
1780136841663 0.925 301
1780136841665 0.9100000000000001 302
1780136841667 0.8699999999999999 303
1780136841670 0.89 304
1780136841672 0.915 305
1780136841674 0.875 306
1780136841676 0.8800000000000001 307
1780136841678 0.8950000000000001 308
1780136841681 0.8950000000000001 309
1780136841683 0.8899999999999999 310
1780136841685 0.8800000000000001 311
1780136841687 0.9 312
1780136841690 0.8950000000000001 313
