1780129539708 0.0 0
1780129539710 0.1 1
1780129539713 0.23500000000000001 2
1780129539715 0.10500000000000001 3
1780129539717 0.55 4
1780129539720 0.6 5
1780129539722 0.7249999999999999 6
1780129539724 0.39 7
1780129539726 0.7 8
1780129539729 0.8100000000000002 9
1780129539731 0.8649999999999999 10
1780129539733 0.825 11
1780129539736 0.6950000000000001 12
1780129539738 0.7649999999999999 13
1780129539740 0.905 14
1780129539743 0.89 15
1780129539745 0.885 16
1780129539747 0.9 17
1780129539750 0.8949999999999999 18
1780129539752 0.8400000000000001 19
1780129539755 0.9 20
1780129539757 0.9099999999999999 21
1780129539759 0.9349999999999999 22
1780129539762 0.905 23
1780129539764 0.9099999999999999 24
1780129539766 0.9499999999999998 25
1780129539768 0.9049999999999999 26
1780129539771 0.865 27
1780129539773 0.925 28
1780129539775 0.6649999999999999 29
1780129539778 0.785 30
1780129539780 0.9199999999999999 31
1780129539782 0.875 32
1780129539784 0.8649999999999999 33
1780129539787 0.9450000000000001 34
1780129539789 0.8400000000000001 35
1780129539791 0.9149999999999998 36
1780129539794 0.8700000000000001 37
1780129539796 0.9249999999999998 38
1780129539798 0.8949999999999999 39
1780129539801 0.7750000000000001 40
1780129539803 0.86 41
1780129539806 0.8099999999999999 42
1780129539808 0.93 43
1780129539810 0.8800000000000001 44
1780129539813 0.845 45
1780129539815 0.925 46
1780129539817 0.915 47
1780129539820 0.925 48
1780129539822 0.8949999999999999 49
1780129539824 0.825 50
1780129539827 0.885 51
1780129539829 0.85 52
1780129539831 0.9349999999999999 53
1780129539834 0.9499999999999998 54
1780129539836 0.8899999999999999 55
1780129539838 0.9249999999999998 56
1780129539841 0.9349999999999999 57
1780129539843 0.915 58
1780129539845 0.9049999999999999 59
1780129539848 0.885 60
1780129539850 0.9199999999999999 61
1780129539852 0.875 62
1780129539855 0.93 63
1780129539857 0.8850000000000001 64
1780129539859 0.7500000000000001 65
1780129539862 0.93 66
1780129539864 0.72 67
1780129539867 0.9 68
1780129539869 0.9400000000000001 69
1780129539871 0.95 70
1780129539874 0.9349999999999999 71
1780129539876 0.8550000000000001 72
1780129539878 0.96 73
1780129539881 0.9399999999999998 74
1780129539883 0.905 75
1780129539885 0.9400000000000001 76
1780129539888 0.745 77
1780129539890 0.9149999999999998 78
1780129539892 0.7250000000000001 79
1780129539894 0.93 80
1780129539897 0.675 81
1780129539899 0.9099999999999998 82
1780129539902 0.915 83
1780129539904 0.9299999999999999 84
1780129539906 0.905 85
1780129539909 0.8699999999999999 86
1780129539911 0.72 87
1780129539913 0.9099999999999999 88
1780129539916 0.875 89
1780129539918 0.93 90
1780129539920 0.86 91
1780129539923 0.9199999999999999 92
1780129539925 0.8200000000000001 93
1780129539927 0.775 94
1780129539930 0.9 95
1780129539932 0.89 96
1780129539935 0.9 97
1780129539937 0.93 98
1780129539939 0.865 99
1780129539942 0.9400000000000001 100
1780129539944 0.8400000000000001 101
1780129539946 0.905 102
1780129539949 0.8999999999999998 103
1780129539951 0.82 104
1780129539953 0.9299999999999999 105
1780129539956 0.9399999999999998 106
1780129539958 0.9549999999999998 107
1780129539960 0.9400000000000001 108
1780129539963 0.945 109
1780129539965 0.9550000000000001 110
1780129539967 0.9299999999999999 111
1780129539970 0.8800000000000001 112
1780129539972 0.825 113
1780129539974 0.96 114
1780129539977 0.9550000000000001 115
1780129539980 0.9299999999999999 116
1780129539982 0.945 117
1780129539984 0.9 118
1780129539987 0.95 119
1780129539989 0.945 120
1780129539992 0.9400000000000001 121
1780129539994 0.8799999999999999 122
1780129539997 0.9199999999999999 123
1780129539999 0.915 124
1780129540002 0.8649999999999999 125
1780129540004 0.9000000000000001 126
1780129540006 0.925 127
1780129540009 0.9400000000000001 128
1780129540011 0.9 129
1780129540024 0.9200000000000002 130
1780129540026 0.8400000000000001 131
1780129540029 0.86 132
1780129540032 0.85 133
1780129540034 0.9199999999999999 134
1780129540037 0.9400000000000001 135
1780129540039 0.9550000000000001 136
1780129540042 0.9549999999999998 137
1780129540044 0.905 138
1780129540047 0.8949999999999999 139
1780129540049 0.9099999999999999 140
1780129540051 0.95 141
1780129540054 0.9400000000000001 142
1780129540056 0.8549999999999999 143
1780129540059 0.9349999999999999 144
1780129540061 0.875 145
1780129540063 0.96 146
1780129540066 0.95 147
1780129540068 0.96 148
1780129540070 0.8300000000000001 149
1780129540073 0.95 150
1780129540075 0.905 151
1780129540077 0.93 152
1780129540080 0.945 153
1780129540082 0.8649999999999999 154
1780129540084 0.925 155
1780129540087 0.89 156
1780129540089 0.8649999999999999 157
1780129540091 0.9600000000000002 158
1780129540094 0.985 159
1780129540096 0.985 160
1780129540099 0.9599999999999997 161
1780129540101 0.95 162
1780129540104 0.97 163
1780129540106 0.9550000000000001 164
1780129540109 0.95 165
1780129540111 0.975 166
1780129540113 0.975 167
1780129540116 0.9649999999999999 168
1780129540118 0.97 169
1780129540120 0.96 170
1780129540123 0.9800000000000001 171
1780129540125 0.97 172
1780129540128 0.9799999999999999 173
1780129540130 0.96 174
1780129540132 0.975 175
1780129540135 0.9349999999999999 176
1780129540137 0.885 177
1780129540139 0.9649999999999999 178
1780129540142 0.9549999999999998 179
1780129540144 0.9199999999999999 180
1780129540146 0.9799999999999999 181
1780129540149 0.96 182
1780129540151 0.8800000000000001 183
1780129540154 0.925 184
1780129540156 0.97 185
1780129540158 0.96 186
1780129540161 0.97 187
1780129540163 0.96 188
1780129540165 0.885 189
1780129540168 0.95 190
1780129540170 0.985 191
1780129540172 0.96 192
1780129540175 0.975 193
1780129540177 0.97 194
1780129540179 0.9549999999999998 195
1780129540182 0.9550000000000001 196
1780129540184 0.97 197
1780129540186 0.9549999999999998 198
1780129540189 0.96 199
1780129540191 0.985 200
1780129540193 0.975 201
1780129540196 0.9749999999999999 202
1780129540198 0.9400000000000001 203
1780129540200 0.95 204
1780129540208 0.945 205
1780129540210 0.9799999999999999 206
1780129540213 0.9549999999999998 207
1780129540215 0.85 208
1780129540217 0.975 209
1780129540220 0.9550000000000001 210
1780129540222 0.9099999999999999 211
1780129540224 0.875 212
1780129540227 0.9549999999999998 213
1780129540229 0.9299999999999999 214
1780129540231 0.95 215
1780129540234 0.9299999999999999 216
1780129540236 0.985 217
1780129540239 0.8950000000000001 218
1780129540241 0.9800000000000001 219
1780129540243 0.945 220
1780129540246 0.9700000000000001 221
1780129540248 0.96 222
1780129540250 0.97 223
1780129540253 0.9650000000000001 224
1780129540255 0.805 225
1780129540257 0.9800000000000001 226
1780129540260 0.9800000000000001 227
1780129540262 0.9649999999999999 228
1780129540264 0.975 229
1780129540267 0.9800000000000001 230
1780129540269 0.9550000000000001 231
1780129540272 0.97 232
1780129540274 0.96 233
1780129540277 0.9099999999999999 234
1780129540279 0.9349999999999999 235
1780129540281 0.975 236
1780129540284 0.985 237
1780129540286 0.9350000000000002 238
1780129540288 0.97 239
1780129540291 0.9800000000000001 240
1780129540293 0.97 241
1780129540295 0.9549999999999998 242
1780129540298 0.9800000000000001 243
1780129540300 0.97 244
1780129540302 0.96 245
1780129540305 0.985 246
1780129540307 0.96 247
1780129540309 0.97 248
1780129540312 0.96 249
1780129540314 0.9400000000000001 250
1780129540317 0.9749999999999999 251
1780129540319 0.9550000000000001 252
1780129540321 0.945 253
1780129540324 0.9600000000000002 254
1780129540326 0.945 255
1780129540328 0.9799999999999999 256
1780129540331 0.9700000000000001 257
1780129540333 0.985 258
1780129540335 0.97 259
1780129540338 0.95 260
1780129540340 0.9400000000000001 261
1780129540342 0.875 262
1780129540345 0.9799999999999999 263
1780129540347 0.9599999999999997 264
1780129540349 0.96 265
1780129540352 0.9650000000000001 266
1780129540354 0.985 267
1780129540356 0.96 268
1780129540359 0.96 269
1780129540361 0.975 270
1780129540363 0.9549999999999998 271
1780129540365 0.95 272
1780129540368 0.9399999999999998 273
1780129540370 0.975 274
1780129540372 0.97 275
1780129540375 0.985 276
1780129540377 0.9650000000000001 277
1780129540380 0.99 278
1780129540382 0.95 279
1780129540384 0.99 280
1780129540387 0.975 281
1780129540390 0.975 282
1780129540392 0.9649999999999999 283
1780129540395 0.9549999999999998 284
1780129540397 0.9550000000000001 285
1780129540399 0.9799999999999999 286
1780129540402 0.9599999999999997 287
1780129540404 0.9650000000000001 288
1780129540406 0.975 289
1780129540408 0.9550000000000001 290
1780129540411 0.9400000000000001 291
1780129540413 0.975 292
1780129540416 0.975 293
1780129540418 0.975 294
1780129540420 0.9799999999999999 295
1780129540422 0.8999999999999998 296
1780129540425 0.97 297
1780129540427 0.9749999999999999 298
1780129540429 0.945 299
1780129540432 0.95 300
1780129540434 0.9550000000000001 301
1780129540437 0.9649999999999999 302
1780129540439 0.985 303
1780129540441 0.9400000000000001 304
1780129540444 0.975 305
1780129540446 0.96 306
1780129540448 0.975 307
1780129540451 0.985 308
1780129540453 0.97 309
1780129540455 0.95 310
1780129540458 0.9949999999999999 311
1780129540460 0.9799999999999999 312
1780129540462 0.99 313
