1780274878658 0.0 0
1780274878661 0.49315619967793883 1
1780274878662 0.6378964271376957 2
1780274878664 0.7954545454545454 3
1780274878666 0.7814009661835748 4
1780274878668 0.7134420978880993 5
1780274878671 0.7979066022544283 6
1780274878674 0.8462915601023018 7
1780274878678 0.7791176766154155 8
1780274878681 0.8006732991659129 9
1780274878683 0.6646616541353383 10
1780274878685 0.8130252100840336 11
1780274878687 0.8404564107696927 12
1780274878689 0.7661654135338345 13
1780274878691 0.8253205128205128 14
1780274878693 0.8020833333333333 15
1780274878695 0.7733686067019401 16
1780274878697 0.81 17
1780274878700 0.836310718586913 18
1780274878702 0.823051948051948 19
1780274878704 0.8327294685990339 20
1780274878707 0.7960004019696513 21
1780274878710 0.7848557692307692 22
1780274878712 0.8659846547314578 23
1780274878714 0.8301830183018302 24
1780274878716 0.6288659793814433 25
1780274878718 0.830883088308831 26
1780274878720 0.8257325732573257 27
1780274878722 0.8444041867954912 28
1780274878724 0.8391304347826087 29
1780274878726 0.8367409215746109 30
1780274878728 0.8216821682168217 31
1780274878730 0.7949999999999999 32
1780274878732 0.8891556622649059 33
1780274878734 0.7167919799498746 34
1780274878736 0.6261682242990654 35
1780274878738 0.8336893500152578 36
1780274878739 0.8112781954887218 37
1780274878741 0.8311063872861626 38
1780274878743 0.6774839743589743 39
1780274878745 0.5268817204301075 40
1780274878747 0.8456610949854869 41
1780274878748 0.8312807881773399 42
1780274878750 0.8045977011494253 43
1780274878752 0.8550899407094764 44
1780274878754 0.8058272003226132 45
1780274878756 0.8113811381138114 46
1780274878757 0.8663450909456336 47
1780274878759 0.8155388471177945 48
1780274878761 0.8466386554621849 49
1780274878763 0.77 50
1780274878765 0.8366346538615446 51
1780274878766 0.8474022711285298 52
1780274878768 0.8813729425933361 53
1780274878770 0.8705929487179487 54
1780274878772 0.8210889800820739 55
1780274878774 0.7770975511842633 56
1780274878776 0.8480632569312381 57
1780274878778 0.7323232323232323 58
1780274878779 0.8235323532353236 59
1780274878781 0.8460384153661464 60
1780274878783 0.837735094037615 61
1780274878785 0.6762705082032813 62
1780274878787 0.875801282051282 63
1780274878789 0.8249422168626268 64
1780274878792 0.854035403540354 65
1780274878796 0.8564833400240868 66
1780274878799 0.859594540345243 67
1780274878802 0.845 68
1780274878806 0.8777399659693724 69
1780274878810 0.8465346534653465 70
1780274878813 0.8870192307692308 71
1780274878817 0.8656416440558738 72
1780274878820 0.8044336471302763 73
1780274878823 0.7688172043010753 74
1780274878826 0.8493576876756324 75
1780274878828 0.8801880188018802 76
1780274878830 0.8482351744481742 77
1780274878832 0.8055974273942317 78
1780274878834 0.8866185897435898 79
1780274878837 0.8545673076923077 80
1780274878839 0.8298468621759583 81
1780274878842 0.7794777641778865 82
1780274878844 0.6584168438101022 83
1780274878847 0.9037705413852203 84
1780274878849 0.8940576230492197 85
1780274878852 0.8489562424729025 86
1780274878854 0.9213032581453634 87
1780274878856 0.8370053039575683 88
1780274878859 0.8548354835483548 89
1780274878861 0.8603896103896104 90
1780274878863 0.9143668831168831 91
1780274878865 0.8172932330827067 92
1780274878867 0.8287828782878288 93
1780274878869 0.855 94
1780274878872 0.8607746972275048 95
1780274878874 0.8741367230507457 96
1780274878876 0.8376623376623377 97
1780274878878 0.8483569490503466 98
1780274878881 0.7841056951256131 99
1780274878882 0.8894889488948894 100
1780274878884 0.8132045088566828 101
1780274878886 0.8010025062656642 102
1780274878888 0.7937575270975512 103
1780274878890 0.8587662337662337 104
1780274878892 0.8695303091128062 105
1780274878894 0.7536340852130325 106
1780274878896 0.7936698717948718 107
1780274878898 0.8200000000000001 108
1780274878900 0.8425480769230769 109
1780274878902 0.7380952380952381 110
1780274878903 0.8725853267941147 111
1780274878905 0.805999397045523 112
1780274878907 0.8215576073865918 113
1780274878909 0.8145561291628707 114
1780274878911 0.8417251551215543 115
1780274878913 0.8104967948717949 116
1780274878915 0.8334501050945851 117
1780274878917 0.7203881552621049 118
1780274878919 0.8998380402874785 119
1780274878921 0.8556200580522471 120
1780274878923 0.7832532051282051 121
1780274878925 0.8480632569312381 122
1780274878926 0.8277153558052435 123
1780274878928 0.8743374337433742 124
1780274878930 0.8794070512820513 125
1780274878932 0.8149334400960865 126
1780274878934 0.8551136363636364 127
1780274878936 0.8541666666666667 128
1780274878938 0.8691476590636255 129
1780274878939 0.8423558897243107 130
1780274878941 0.8817706763139384 131
1780274878943 0.7522752275227522 132
1780274878945 0.8843384338433844 133
1780274878947 0.8845384538453845 134
1780274878949 0.789049919484702 135
1780274878951 0.8271284711626488 136
1780274878952 0.812227958295374 137
1780274878954 0.8644357351019998 138
1780274878956 0.886329267063212 139
1780274878958 0.8872785829307568 140
1780274878960 0.8409455128205128 141
1780274878962 0.8889555822328932 142
1780274878963 0.8800322061191627 143
1780274878965 0.8276972624798712 144
1780274878967 0.8010752688172043 145
1780274878969 0.74816009678395 146
1780274878980 0.8101791612451206 147
1780274878983 0.8477390956382553 148
1780274878985 0.8313831383138314 149
1780274878986 0.8438101022370685 150
1780274878988 0.8734751487045065 151
1780274878990 0.875 152
1780274878992 0.8741469289441991 153
1780274878994 0.8229660248008872 154
1780274878996 0.8523809523809525 155
1780274878997 0.8493734335839599 156
1780274878999 0.8070898179228969 157
1780274879001 0.8494849484948495 158
1780274879003 0.8878205128205128 159
1780274879005 0.880492443198879 160
1780274879007 0.8793517406962785 161
1780274879008 0.8010204081632653 162
1780274879010 0.8922275641025641 163
1780274879012 0.8592733460114104 164
1780274879014 0.8577027434428701 165
1780274879016 0.8683574879227053 166
1780274879018 0.8849624060150376 167
1780274879019 0.8592733460114104 168
1780274879021 0.8613123993558776 169
1780274879023 0.8462384953981592 170
1780274879025 0.8878205128205128 171
1780274879028 0.8515727062606773 172
1780274879031 0.8105877616747181 173
1780274879034 0.8216286514605842 174
1780274879038 0.2232620320855615 175
1780274879042 0.5576802507836991 176
1780274879045 0.4863013698630137 177
1780274879048 0.6420056100981767 178
1780274879051 0.6977207977207978 179
1780274879053 0.7298971482000935 180
1780274879056 0.77945301542777 181
1780274879058 0.7265625 182
1780274879061 0.8620689655172413 183
1780274879064 0.8068878470970069 184
1780274879067 0.8670634920634921 185
1780274879069 0.8790541337421865 186
1780274879072 0.8073270013568521 187
1780274879075 0.8501984126984128 188
1780274879078 0.8533314511575381 189
1780274879081 0.8092318788315904 190
1780274879083 0.8836269778924923 191
1780274879086 0.939896622190167 192
1780274879089 0.8262867647058824 193
1780274879092 0.820543953375425 194
1780274879094 0.8444633317144246 195
1780274879097 0.8553062178588124 196
1780274879100 0.8233333333333334 197
1780274879103 0.8504808249333797 198
1780274879106 0.904862085086489 199
1780274879109 0.827065527065527 200
1780274879111 0.8788924681699648 201
1780274879113 0.8990446986672957 202
1780274879115 0.8814053779807205 203
1780274879117 0.860655737704918 204
1780274879119 0.884065934065934 205
1780274879121 0.9171626984126984 206
1780274879122 0.8560606060606061 207
1780274879124 0.8681932924630364 208
1780274879126 0.7708333333333333 209
1780274879128 0.905952380952381 210
1780274879130 0.883775521345125 211
1780274879131 0.8625053625053625 212
1780274879133 0.8964469378214119 213
1780274879135 0.8578347578347578 214
1780274879137 0.8547619047619048 215
1780274879139 0.9249308811155187 216
1780274879141 0.9018110555480471 217
1780274879142 0.892825311942959 218
1780274879144 0.7704785077047851 219
1780274879146 0.6355698529411764 220
1780274879148 0.8401924991702622 221
1780274879150 0.905952380952381 222
1780274879159 0.906269592476489 223
1780274879161 0.877115987460815 224
1780274879163 0.8223684210526316 225
1780274879165 0.9191468253968254 226
1780274879167 0.9226190476190477 227
1780274879169 0.9175824175824177 228
1780274879171 0.867628316533426 229
1780274879173 0.9020570359981299 230
1780274879175 0.8613333333333333 231
1780274879177 0.8966666666666667 232
1780274879178 0.9081620387065753 233
1780274879180 0.902281746031746 234
1780274879182 0.888416707139388 235
1780274879184 0.8762049720953831 236
1780274879186 0.8963619511064767 237
1780274879188 0.8765883711975356 238
1780274879190 0.87995337995338 239
1780274879192 0.9266422927231985 240
1780274879193 0.9313243803908724 241
1780274879195 0.9246143057503506 242
1780274879197 0.8846153846153846 243
1780274879199 0.9416666666666667 244
1780274879200 0.9009404388714733 245
1780274879202 0.9313030176609651 246
1780274879204 0.8832442067736186 247
1780274879206 0.9115278278639259 248
1780274879208 0.8980422219601368 249
1780274879209 0.911486158329286 250
1780274879211 0.8888888888888888 251
1780274879213 0.8273809523809523 252
1780274879215 0.8124778865432245 253
1780274879216 0.9305609036067257 254
1780274879218 0.8809523809523809 255
1780274879220 0.7375992063492064 256
1780274879222 0.8897681266102319 257
1780274879224 0.8522273756876281 258
1780274879226 0.9163705750756679 259
1780274879229 0.9031553663063654 260
1780274879232 0.9018808777429467 261
1780274879235 0.9112852664576803 262
1780274879237 0.8723469512943196 263
1780274879240 0.8913690476190477 264
1780274879241 0.873960498960499 265
1780274879243 0.8674807779285392 266
1780274879245 0.9005376344086022 267
1780274879247 0.8916507687128268 268
1780274879249 0.9389266634288489 269
1780274879251 0.9313243803908724 270
1780274879254 0.9092261904761905 271
1780274879256 0.9260526005425168 272
1780274879259 0.917742116485243 273
1780274879262 0.8448275862068966 274
1780274879264 0.8404255319148937 275
1780274879267 0.8810101991257893 276
1780274879269 0.9374336596296733 277
1780274879271 0.9238964992389649 278
1780274879273 0.8015873015873016 279
1780274879275 0.945054945054945 280
1780274879278 0.9518849206349207 281
1780274879280 0.890625 282
1780274879283 0.9472527472527472 283
1780274879285 0.9497535761509797 284
1780274879288 0.9246373393088807 285
1780274879291 0.9503968253968254 286
1780274879294 0.9166666666666667 287
1780274879296 0.9027256292587957 288
1780274879299 0.9101454501742998 289
1780274879302 0.9420289855072463 290
1780274879304 0.9255706653715396 291
1780274879307 0.9443665264142123 292
1780274879309 0.939896622190167 293
1780274879311 0.9179495578119882 294
1780274879314 0.8450776537029907 295
1780274879316 0.9434427214809472 296
1780274879318 0.906392694063927 297
1780274879320 0.8427754677754677 298
1780274879322 0.8455567141698528 299
1780274879324 0.9145628798503973 300
1780274879326 0.9201388888888888 301
1780274879328 0.9251111912489483 302
1780274879331 0.9387564282374941 303
1780274879332 0.8384615384615385 304
1780274879334 0.9146825396825397 305
1780274879336 0.941641774532581 306
1780274879338 0.9063216508352441 307
1780274879340 0.8062015503875969 308
1780274879341 0.9181818181818182 309
1780274879343 0.911541889483066 310
1780274879345 0.9607142857142856 311
1780274879347 0.9162637103432009 312
1780274879349 0.9781021897810219 313
1780274879351 0.9342831472211526 314
1780274879352 0.9428571428571428 315
1780274879354 0.8859180035650625 316
1780274879356 0.737410071942446 317
1780274879358 0.9121288616420242 318
1780274879360 0.9226323858945631 319
1780274879362 0.9540810193532876 320
1780274879363 0.9456508403876824 321
1780274879365 0.8999999999999999 322
1780274879367 0.8739571300218201 323
1780274879369 0.9263894236940059 324
1780274879371 0.9580926710306764 325
1780274879372 0.9345238095238095 326
1780274879374 0.8550267119961146 327
1780274879376 0.8725490196078431 328
1780274879378 0.9299999999999999 329
1780274879380 0.7264150943396226 330
1780274879381 0.9296875 331
1780274879383 0.9542319749216301 332
1780274879385 0.9366666666666668 333
1780274879387 0.9440382120533082 334
1780274879389 0.9334955393349553 335
1780274879390 0.9008895299915856 336
1780274879392 0.9448818897637795 337
1780274879394 0.9166666666666666 338
1780274879396 0.917742116485243 339
1780274879398 0.9463561580349902 340
1780274879399 0.9468085106382979 341
1780274879401 0.937120149602618 342
1780274879403 0.9519172977521336 343
1780274879405 0.9678571428571429 344
1780274879407 0.8673445535296868 345
1780274879408 0.9067095588235294 346
1780274879410 0.9143242202541394 347
1780274879412 0.8735042735042735 348
