1780701635560 0.0 0
1780701635576 0.499999999999996 1
1780701635591 0.7273576097105436 2
1780701635603 0.5384615384615334 3
1780701635617 0.7666666666666587 4
1780701635651 0.7185709978896523 5
1780701635682 0.5387931034482696 6
1780701635704 0.7911344033191312 7
1780701635721 0.7894736842105184 8
1780701635738 0.6614173228346376 9
1780701635764 0.7945391777382487 10
1780701635809 0.736363636363629 11
1780701635835 0.7696800960803502 12
1780701635852 0.6538461538461479 13
1780701635872 0.8085492489162134 14
1780701635888 0.8202020202020119 15
1780701635902 0.7752454417952219 16
1780701635916 0.8110281149496752 17
1780701635931 0.7346025239995613 18
1780701635946 0.7934005884825477 19
1780701635960 0.781249999999992 20
1780701635990 0.7955926269179201 21
1780701636015 0.8364121510673149 22
1780701636030 0.8108078955883855 23
1780701636045 0.7986666666666584 24
1780701636059 0.7621100164203537 25
1780701636072 0.8443821973233652 26
1780701636092 0.7907470288624706 27
1780701636105 0.7478472870629659 28
1780701636119 0.8050193050192964 29
1780701636133 0.7799671592774964 30
1780701636149 0.7807976515841607 31
1780701636163 0.8585911250144728 32
1780701636177 0.8307327001356759 33
1780701636191 0.7987997151866464 34
1780701636206 0.8062499999999918 35
1780701636225 0.7305117907527472 36
1780701636259 0.7745932962113686 37
1780701636280 0.7508488964346273 38
1780701636301 0.789673740893245 39
1780701636323 0.8473234082990093 40
1780701636340 0.7814908668567124 41
1780701636356 0.825892857142849 42
1780701636372 0.7861177947483966 43
1780701636391 0.7752525252525175 44
1780701636406 0.7453882453882377 45
1780701636422 0.8426102569857385 46
1780701636437 0.7999999999999919 47
1780701636452 0.8097383097383013 48
1780701636467 0.855050933786069 49
1780701636483 0.8396572827417295 50
1780701636499 0.7976336189310407 51
1780701636514 0.8028841166095986 52
1780701636546 0.7757037943696372 53
1780701636566 0.8232173174872579 54
1780701636589 0.774225105550399 55
1780701636610 0.8666666666666578 56
1780701636633 0.8356331168831084 57
1780701636654 0.883415435139564 58
1780701636688 0.7770833333333254 59
1780701636707 0.8107769423558817 60
1780701636727 0.7922705314009584 61
1780701636751 0.8111650976819436 62
1780701636766 0.8056956704497606 63
1780701636781 0.8241499270564381 64
1780701636797 0.7677595628415224 65
1780701636813 0.7839193326998123 66
1780701636828 0.8611697316852491 67
1780701636863 0.8373626373626282 68
1780701636891 0.8171355498721145 69
1780701636912 0.8277637662883479 70
1780701636938 0.8298663450909374 71
1780701636955 0.8622742200328319 72
1780701636972 0.8784856284856191 73
1780701636989 0.8170628183361546 74
1780701637003 0.7629255989911649 75
1780701637019 0.8499575551782593 76
1780701637047 0.7759590792838797 77
1780701637062 0.7939849624060071 78
1780701637079 0.8208333333333249 79
1780701637098 0.8225274725274636 80
1780701637114 0.8122465531224563 81
1780701637129 0.7712626843812036 82
1780701637158 0.760479358040326 83
1780701637178 0.8166360294117556 84
1780701637199 0.8187267465894914 85
1780701637212 0.7823859346348748 86
1780701637231 0.7957200567747487 87
1780701637254 0.8111420039130801 88
1780701637271 0.836842640626581 89
1780701637287 0.7826666666666584 90
1780701637302 0.7675692434890373 91
1780701637318 0.8255336617405499 92
1780701637335 0.824569739203877 93
1780701637351 0.8491474003556769 94
1780701637365 0.7323541411668635 95
1780701637379 0.8136752136752048 96
1780701637394 0.7666256157635392 97
1780701637411 0.7886278099888031 98
1780701637441 0.8241758241758154 99
1780701637456 0.8261535212754638 100
1780701637472 0.7852982418293522 101
1780701637493 0.7933496532027665 102
1780701637509 0.8480902777777688 103
1780701637525 0.8047504025764816 104
1780701637549 0.7945306725794449 105
1780701637565 0.818033455732346 106
1780701637582 0.8176932616783712 107
1780701637598 0.846353356157269 108
1780701637613 0.8408319185059335 109
1780701637629 0.7779040926002403 110
1780701637643 0.8081295581295497 111
1780701637659 0.8045454545454466 112
1780701637674 0.7680306905370766 113
1780701637707 0.7838910338910258 114
1780701637722 0.8124999999999918 115
1780701637742 0.8101067845971226 116
1780701637761 0.7948203068684916 117
1780701637776 0.8441572089112985 118
1780701637792 0.7824229478181185 119
1780701637810 0.734334135369801 120
1780701637825 0.7481711977290018 121
1780701637838 0.780281107895817 122
1780701637854 0.7706666666666588 123
1780701637868 0.7821563682219339 124
1780701637886 0.7952037351443043 125
1780701637900 0.8416666666666581 126
1780701637916 0.7902500261533554 127
1780701637933 0.8412563667232511 128
1780701637950 0.7871510673234732 129
1780701637981 0.8028110789582391 130
1780701637997 0.8402842137781812 131
1780701638011 0.8041666666666585 132
1780701638025 0.7446943972835238 133
1780701638040 0.7848843241000025 134
1780701638056 0.8312499999999915 135
1780701638070 0.8395833333333247 136
1780701638085 0.785714285714278 137
1780701638099 0.8523539302227738 138
1780701638115 0.7932876854445403 139
1780701638130 0.7974747474747395 140
1780701638145 0.8493333333333244 141
1780701638159 0.8512479871175438 142
1780701638173 0.8414060048122101 143
1780701638189 0.8354166666666583 144
1780701638204 0.8290726817042524 145
1780701638233 0.8028438030560189 146
1780701638250 0.8230179028132909 147
1780701638264 0.7843167541962645 148
1780701638280 0.8130305602716384 149
1780701638296 0.4731359649122733 150
1780701638313 0.5072863936186451 151
1780701638327 0.39577249339451526 152
1780701638345 0.4343749999999926 153
1780701638359 0.4957784031995187 154
1780701638375 0.501461988304086 155
1780701638396 0.44439421338154916 156
1780701638411 0.5076484494506963 157
1780701638426 0.46146245059288094 158
1780701638441 0.6038961038960962 159
1780701638454 0.5454545454545392 160
1780701638469 0.5374999999999941 161
1780701638503 0.6085120207927156 162
1780701638520 0.5940436375218923 163
1780701638535 0.5669872326313989 164
1780701638551 0.6099740090968098 165
1780701638571 0.5876095118898568 166
1780701638585 0.5727598566308193 167
1780701638602 0.5603070175438548 168
1780701638620 0.589452214452209 169
1780701638637 0.5866666666666613 170
1780701638653 0.6658272848466817 171
1780701638676 0.5845145287030412 172
1780701638700 0.5728319783197776 173
1780701638716 0.5926476550885199 174
1780701638730 0.6073593073593008 175
1780701638744 0.5295429208472644 176
1780701638760 0.5749999999999948 177
1780701638796 0.5605509355509309 178
1780701638817 0.5503573749187738 179
1780701638840 0.6293047433398242 180
1780701638857 0.6204301075268757 181
1780701638877 0.5652970218187554 182
1780701638908 0.6232598999864785 183
1780701638923 0.5444078947368372 184
1780701638959 0.5489510489510443 185
1780701638977 0.5589341692789922 186
1780701638993 0.5588578088578038 187
1780701639007 0.6596678755487603 188
1780701639021 0.6335141651597275 189
1780701639036 0.5917562724014281 190
1780701639051 0.5702194357366722 191
1780701639066 0.5874999999999945 192
1780701639079 0.5073785441883567 193
1780701639114 0.6062841983087319 194
1780701639146 0.5855428825359151 195
1780701639173 0.5834691156865597 196
1780701639190 0.5849823592575494 197
1780701639214 0.623392234643581 198
1780701639234 0.5738351254480231 199
1780701639260 0.5749999999999945 200
1780701639277 0.5880965342043125 201
1780701639294 0.5818452380952323 202
1780701639310 0.6805807622504438 203
1780701639324 0.6035402162642514 204
1780701639346 0.6236559139784885 205
1780701639370 0.5906432748537951 206
1780701639396 0.5515922681129143 207
1780701639429 0.5554571226080743 208
1780701639468 0.5407925407925364 209
1780701639495 0.542857142857137 210
1780701639508 0.5848390739695034 211
1780701639527 0.6213935764833898 212
1780701639548 0.6035402162642514 213
1780701639564 0.5416666666666619 214
1780701639584 0.5859324236517165 215
1780701639599 0.5343749999999957 216
1780701639619 0.571326164874547 217
1780701639653 0.6152240972600188 218
1780701639681 0.5356491460785895 219
1780701639710 0.5794153104279633 220
1780701639725 0.581818181818176 221
1780701639757 0.5590858416945319 222
1780701639781 0.6204763784708455 223
1780701639809 0.5458781362007125 224
1780701639855 0.5381253767329675 225
1780701639881 0.6157827679566747 226
1780701639900 0.5633333333333285 227
1780701639933 0.5857444243520139 228
1780701639963 0.6099740090968098 229
1780701639994 0.58960670360859 230
1780701640020 0.6161468486029825 231
1780701640051 0.6778179626280816 232
1780701640080 0.5586876891224666 233
1780701640104 0.599555146494855 234
1780701640145 0.6134199134199068 235
1780701640176 0.5667570825798621 236
1780701640202 0.5773212294951372 237
1780701640232 0.6067249296400475 238
1780701640261 0.5917118620497787 239
1780701640306 0.597170789512659 240
1780701640338 0.5548523206751005 241
1780701640368 0.5483969934038918 242
1780701640398 0.6199517781796197 243
1780701640425 0.5542005420054151 244
1780701640452 0.5773212294951372 245
1780701640473 0.6193556570268842 246
1780701640492 0.5958672086720807 247
1780701640520 0.642574816487853 248
1780701640544 0.6156249999999938 249
1780701640571 0.5967510750119387 250
1780701640605 0.5474941724941677 251
1780701640635 0.615405552531294 252
1780701640664 0.6169590643274787 253
1780701640696 0.6026998005829053 254
1780701640738 0.5906249999999942 255
1780701640767 0.6283173348390677 256
1780701640794 0.5596086884430391 257
1780701640827 0.5711382113821085 258
1780701640859 0.5411046885035276 259
1780701640892 0.5562499999999951 260
1780701640921 0.6277056277056207 261
1780701640966 0.5468749999999954 262
1780701641001 0.5917523694293141 263
1780701641029 0.570730262183375 264
1780701641062 0.5834691156865597 265
1780701641092 0.5180921052631541 266
1780701641109 0.5880858272162567 267
1780701641142 0.6183528366167914 268
1780701641167 0.6125929958265214 269
1780701641222 0.5957086391868945 270
1780701641258 0.6392441305592594 271
1780701641294 0.606067845198274 272
1780701641336 0.5759887424085266 273
1780701641369 0.5578431372548969 274
1780701641392 0.6000602772754613 275
1780701641416 0.5772162619988657 276
1780701641441 0.5899641577060875 277
1780701641470 0.5728040290327304 278
1780701641489 0.5507746586899781 279
1780701641507 0.5967510750119387 280
1780701641528 0.5972600254037315 281
1780701641549 0.6446452377425493 282
1780701641569 0.5952380952380898 283
1780701641586 0.5471861471861422 284
1780701641606 0.5372628726287219 285
1780701641636 0.5848484848484791 286
1780701641666 0.6489408976447864 287
1780701641685 0.5577935039012831 288
1780701641708 0.6297425474254674 289
1780701641738 0.597628330084464 290
1780701641764 0.5692590888172979 291
1780701641798 0.5587703435804654 292
1780701641823 0.6293047433398242 293
1780701641851 0.5791734557843228 294
1780701641881 0.612804878048774 295
1780701641910 0.5233792074282828 296
1780701641939 0.5396479767737206 297
1780701641968 0.631708870839299 298
