1780141266653 0.0 0
1780141266656 0.175 1
1780141266658 0.33499999999999996 2
1780141266661 0.41500000000000004 3
1780141266663 0.37 4
1780141266666 0.5 5
1780141266668 0.62 6
1780141266670 0.6699999999999999 7
1780141266673 0.7150000000000001 8
1780141266675 0.77 9
1780141266677 0.8450000000000001 10
1780141266680 0.9099999999999999 11
1780141266682 0.7350000000000001 12
1780141266685 0.875 13
1780141266687 0.77 14
1780141266689 0.9 15
1780141266692 0.9099999999999999 16
1780141266694 0.885 17
1780141266696 0.9049999999999999 18
1780141266699 0.8800000000000001 19
1780141266701 0.86 20
1780141266703 0.875 21
1780141266706 0.8899999999999999 22
1780141266708 0.905 23
1780141266711 0.9450000000000001 24
1780141266713 0.89 25
1780141266715 0.9199999999999999 26
1780141266718 0.885 27
1780141266720 0.9400000000000001 28
1780141266722 0.8950000000000001 29
1780141266725 0.61 30
1780141266727 0.86 31
1780141266729 0.93 32
1780141266732 0.8099999999999999 33
1780141266734 0.925 34
1780141266736 0.745 35
1780141266739 0.8800000000000001 36
1780141266741 0.775 37
1780141266744 0.82 38
1780141266746 0.75 39
1780141266748 0.905 40
1780141266750 0.8099999999999999 41
1780141266753 0.745 42
1780141266755 0.86 43
1780141266758 0.89 44
1780141266760 0.9149999999999998 45
1780141266762 0.915 46
1780141266764 0.93 47
1780141266767 0.9 48
1780141266769 0.9099999999999999 49
1780141266771 0.9200000000000002 50
1780141266774 0.8949999999999999 51
1780141266776 0.825 52
1780141266778 0.9099999999999999 53
1780141266781 0.8899999999999999 54
1780141266783 0.76 55
1780141266785 0.9299999999999999 56
1780141266788 0.73 57
1780141266790 0.77 58
1780141266792 0.9249999999999998 59
1780141266795 0.9400000000000001 60
1780141266797 0.9349999999999999 61
1780141266799 0.9199999999999999 62
1780141266802 0.9 63
1780141266804 0.8100000000000002 64
1780141266807 0.9199999999999999 65
1780141266809 0.9299999999999999 66
1780141266811 0.915 67
1780141266814 0.9100000000000001 68
1780141266816 0.9099999999999999 69
1780141266819 0.85 70
1780141266821 0.9199999999999999 71
1780141266823 0.9199999999999999 72
1780141266825 0.905 73
1780141266828 0.9400000000000001 74
1780141266830 0.5149999999999999 75
1780141266832 0.93 76
1780141266835 0.925 77
1780141266837 0.9099999999999999 78
1780141266839 0.96 79
1780141266842 0.9550000000000001 80
1780141266844 0.72 81
1780141266846 0.865 82
1780141266849 0.93 83
1780141266851 0.9099999999999999 84
1780141266853 0.9349999999999999 85
1780141266856 0.8099999999999999 86
1780141266858 0.9200000000000002 87
1780141266860 0.8699999999999999 88
1780141266863 0.9550000000000001 89
1780141266865 0.925 90
1780141266867 0.8549999999999999 91
1780141266870 0.9550000000000001 92
1780141266872 0.96 93
1780141266875 0.945 94
1780141266877 0.8949999999999999 95
1780141266879 0.8800000000000001 96
1780141266891 0.8400000000000001 97
1780141266894 0.9199999999999999 98
1780141266896 0.9149999999999998 99
1780141266899 0.9149999999999998 100
1780141266901 0.945 101
1780141266903 0.9049999999999999 102
1780141266906 0.9149999999999998 103
1780141266908 0.95 104
1780141266910 0.9249999999999998 105
1780141266913 0.9349999999999999 106
1780141266915 0.8600000000000001 107
1780141266918 0.8799999999999999 108
1780141266920 0.9650000000000001 109
1780141266922 0.915 110
1780141266925 0.9399999999999998 111
1780141266927 0.8950000000000001 112
1780141266929 0.945 113
1780141266932 0.72 114
1780141266934 0.8949999999999999 115
1780141266936 0.9700000000000001 116
1780141266939 0.9099999999999999 117
1780141266941 0.73 118
1780141266943 0.865 119
1780141266946 0.9199999999999999 120
1780141266948 0.96 121
1780141266950 0.97 122
1780141266953 0.8949999999999999 123
1780141266955 0.9650000000000001 124
1780141266957 0.8800000000000001 125
1780141266959 0.9499999999999998 126
1780141266962 0.9549999999999998 127
1780141266964 0.96 128
1780141266967 0.95 129
1780141266969 0.9200000000000002 130
1780141266971 0.9399999999999998 131
1780141266974 0.89 132
1780141266976 0.89 133
1780141266978 0.9199999999999999 134
1780141266981 0.9349999999999999 135
1780141266983 0.9650000000000001 136
1780141266985 0.9000000000000001 137
1780141266988 0.9100000000000001 138
1780141266990 0.9299999999999999 139
1780141266992 0.9349999999999999 140
1780141266995 0.8400000000000001 141
1780141266997 0.8799999999999999 142
1780141266999 0.9550000000000001 143
1780141267002 0.95 144
1780141267004 0.97 145
1780141267006 0.9499999999999998 146
1780141267009 0.9499999999999998 147
1780141267011 0.93 148
1780141267013 0.8949999999999999 149
1780141267016 0.9549999999999998 150
1780141267018 0.9199999999999999 151
1780141267020 0.9399999999999998 152
1780141267023 0.8949999999999999 153
1780141267025 0.945 154
1780141267027 0.9450000000000001 155
1780141267030 0.915 156
1780141267032 0.9550000000000001 157
1780141267034 0.9649999999999999 158
1780141267037 0.9400000000000001 159
1780141267039 0.95 160
1780141267041 0.975 161
1780141267043 0.9450000000000001 162
1780141267046 0.8649999999999999 163
1780141267048 0.95 164
1780141267050 0.9400000000000001 165
1780141267053 0.9549999999999998 166
1780141267055 0.905 167
1780141267057 0.925 168
1780141267060 0.945 169
1780141267067 0.9650000000000001 170
1780141267069 0.985 171
1780141267072 0.85 172
1780141267074 0.9450000000000001 173
1780141267076 0.9800000000000001 174
1780141267079 0.9549999999999998 175
1780141267081 0.915 176
1780141267083 0.9550000000000001 177
1780141267086 0.9649999999999999 178
1780141267088 0.97 179
1780141267090 0.975 180
1780141267092 0.97 181
1780141267095 0.9550000000000001 182
1780141267097 0.96 183
1780141267099 0.9600000000000002 184
1780141267102 0.9299999999999999 185
1780141267104 0.9549999999999998 186
1780141267106 0.93 187
1780141267109 0.905 188
1780141267111 0.925 189
1780141267113 0.9400000000000001 190
1780141267116 0.95 191
1780141267118 0.93 192
1780141267120 0.9599999999999997 193
1780141267123 0.97 194
1780141267125 0.8799999999999999 195
1780141267127 0.9299999999999999 196
1780141267130 0.93 197
1780141267132 0.975 198
1780141267134 0.915 199
1780141267136 0.9650000000000001 200
1780141267139 0.99 201
1780141267141 0.945 202
1780141267143 0.9650000000000001 203
1780141267146 0.96 204
1780141267148 0.9349999999999999 205
1780141267150 0.9299999999999999 206
1780141267152 0.96 207
1780141267155 0.78 208
1780141267157 0.95 209
1780141267159 0.945 210
1780141267162 0.975 211
1780141267164 0.875 212
1780141267166 0.97 213
1780141267169 0.9700000000000001 214
1780141267171 0.95 215
1780141267173 0.975 216
1780141267176 0.97 217
1780141267178 0.985 218
1780141267180 0.975 219
1780141267183 0.985 220
1780141267185 0.975 221
1780141267187 0.97 222
1780141267190 0.96 223
1780141267192 0.975 224
1780141267194 0.975 225
1780141267196 0.9549999999999998 226
1780141267199 0.97 227
1780141267201 0.97 228
1780141267204 0.97 229
1780141267206 0.96 230
1780141267208 0.9099999999999999 231
1780141267210 0.95 232
1780141267213 0.945 233
1780141267215 0.865 234
1780141267217 0.9249999999999998 235
1780141267220 0.97 236
1780141267222 0.8800000000000001 237
1780141267224 0.99 238
1780141267227 0.96 239
1780141267229 0.9700000000000001 240
1780141267231 0.9649999999999999 241
1780141267234 0.97 242
1780141267237 0.97 243
1780141267239 0.9549999999999998 244
1780141267241 0.9400000000000001 245
1780141267244 0.975 246
1780141267246 0.9799999999999999 247
1780141267248 0.9599999999999997 248
1780141267251 0.9599999999999997 249
1780141267253 0.975 250
1780141267255 0.96 251
1780141267258 0.97 252
1780141267260 0.97 253
1780141267262 0.985 254
1780141267265 0.9700000000000001 255
1780141267267 0.975 256
1780141267270 0.9549999999999998 257
1780141267272 0.975 258
1780141267274 0.9549999999999998 259
1780141267277 0.9749999999999999 260
1780141267279 0.9550000000000001 261
1780141267281 0.985 262
1780141267284 0.9800000000000001 263
1780141267286 0.9949999999999999 264
1780141267288 0.9799999999999999 265
1780141267291 0.9550000000000001 266
1780141267293 0.915 267
1780141267295 0.9399999999999998 268
1780141267297 0.99 269
1780141267300 0.9800000000000001 270
1780141267302 0.975 271
1780141267304 0.96 272
1780141267307 0.9599999999999997 273
1780141267309 0.9650000000000001 274
1780141267311 0.975 275
1780141267314 0.9550000000000001 276
1780141267316 0.99 277
1780141267318 0.97 278
1780141267321 0.9800000000000001 279
1780141267323 0.95 280
1780141267325 0.975 281
1780141267328 0.96 282
1780141267330 0.9749999999999999 283
1780141267332 0.9799999999999999 284
1780141267335 0.9650000000000001 285
1780141267337 0.9549999999999998 286
1780141267339 0.975 287
1780141267342 0.975 288
1780141267344 0.9949999999999999 289
1780141267346 0.96 290
1780141267348 0.9799999999999999 291
1780141267351 0.975 292
1780141267353 0.945 293
1780141267355 0.9800000000000001 294
1780141267358 0.96 295
1780141267360 0.9549999999999998 296
1780141267362 0.95 297
1780141267365 0.975 298
1780141267367 0.97 299
1780141267369 0.9649999999999999 300
1780141267372 0.9899999999999999 301
1780141267374 0.8949999999999999 302
1780141267376 0.9650000000000001 303
1780141267379 0.9700000000000001 304
1780141267381 0.9649999999999999 305
1780141267384 0.9650000000000001 306
1780141267386 0.96 307
1780141267388 0.97 308
1780141267391 0.975 309
1780141267393 0.95 310
1780141267395 0.96 311
1780141267398 0.9899999999999999 312
1780141267400 0.975 313
