1773272859222 0.0 0
1773272859241 0.52 1
1773272859254 0.425 2
1773272859266 0.455 3
1773272859278 0.73 4
1773272859289 0.705 5
1773272859301 0.6 6
1773272859313 0.55 7
1773272859324 0.65 8
1773272859336 0.79 9
1773272859347 0.735 10
1773272859359 0.74 11
1773272859388 0.705 12
1773272859402 0.755 13
1773272859415 0.615 14
1773272859427 0.625 15
1773272859440 0.65 16
1773272859454 0.71 17
1773272859465 0.75 18
1773272859478 0.82 19
1773272859491 0.81 20
1773272859503 0.84 21
1773272859516 0.77 22
1773272859530 0.765 23
1773272859550 0.775 24
1773272859567 0.76 25
1773272859581 0.675 26
1773272859607 0.675 27
1773272859622 0.6 28
1773272859636 0.61 29
1773272859654 0.71 30
1773272859665 0.81 31
1773272859676 0.865 32
1773272859688 0.82 33
1773272859698 0.78 34
1773272859712 0.72 35
1773272859723 0.75 36
1773272859737 0.825 37
1773272859748 0.855 38
1773272859760 0.755 39
1773272859773 0.795 40
1773272859785 0.825 41
1773272859809 0.855 42
1773272859821 0.795 43
1773272859836 0.79 44
1773272859849 0.745 45
1773272859860 0.675 46
1773272859870 0.685 47
1773272859881 0.66 48
1773272859891 0.585 49
1773272859902 0.605 50
1773272859913 0.645 51
1773272859924 0.655 52
1773272859935 0.65 53
1773272859945 0.705 54
1773272859956 0.775 55
1773272859966 0.815 56
1773272859990 0.835 57
1773272860001 0.825 58
1773272860013 0.845 59
1773272860023 0.84 60
1773272860034 0.815 61
1773272860045 0.84 62
1773272860056 0.835 63
1773272860067 0.83 64
1773272860077 0.79 65
1773272860088 0.79 66
1773272860098 0.835 67
1773272860110 0.88 68
1773272860121 0.8 69
1773272860132 0.785 70
1773272860143 0.755 71
1773272860165 0.615 72
1773272860177 0.555 73
1773272860188 0.575 74
1773272860198 0.745 75
1773272860210 0.785 76
1773272860221 0.795 77
1773272860235 0.83 78
1773272860249 0.82 79
1773272860261 0.79 80
1773272860272 0.83 81
1773272860283 0.88 82
1773272860300 0.83 83
1773272860311 0.845 84
1773272860323 0.815 85
1773272860333 0.825 86
1773272860359 0.84 87
1773272860371 0.8 88
1773272860383 0.835 89
1773272860394 0.88 90
1773272860406 0.75 91
1773272860417 0.645 92
1773272860428 0.675 93
1773272860441 0.78 94
1773272860452 0.79 95
1773272860463 0.81 96
1773272860484 0.805 97
1773272860496 0.835 98
1773272860507 0.82 99
1773272860518 0.825 100
1773272860531 0.8 101
1773272860557 0.785 102
1773272860570 0.845 103
1773272860586 0.825 104
1773272860598 0.85 105
1773272860612 0.81 106
1773272860625 0.845 107
1773272860637 0.82 108
1773272860651 0.84 109
1773272860663 0.78 110
1773272860676 0.82 111
1773272860688 0.84 112
1773272860700 0.8 113
1773272860711 0.82 114
1773272860723 0.815 115
1773272860734 0.82 116
1773272860762 0.8 117
1773272860775 0.85 118
1773272860787 0.86 119
1773272860799 0.835 120
1773272860811 0.85 121
1773272860824 0.8 122
1773272860837 0.78 123
1773272860849 0.825 124
1773272860861 0.845 125
1773272860874 0.9 126
1773272860886 0.9 127
1773272860897 0.885 128
1773272860908 0.815 129
1773272860920 0.89 130
1773272860932 0.86 131
1773272860955 0.85 132
1773272860965 0.82 133
1773272860974 0.825 134
1773272860984 0.84 135
1773272860993 0.8 136
1773272861003 0.79 137
1773272861013 0.76 138
1773272861023 0.755 139
1773272861034 0.765 140
1773272861044 0.74 141
1773272861054 0.83 142
1773272861065 0.885 143
1773272861075 0.865 144
1773272861086 0.775 145
1773272861096 0.805 146
1773272861121 0.86 147
1773272861133 0.805 148
1773272861144 0.835 149
1773272861155 0.85 150
1773272861166 0.83 151
1773272861182 0.865 152
1773272861194 0.82 153
1773272861204 0.825 154
1773272861215 0.795 155
1773272861228 0.825 156
1773272861240 0.83 157
1773272861251 0.855 158
1773272861263 0.855 159
1773272861275 0.9 160
1773272861286 0.85 161
1773272861310 0.815 162
1773272861322 0.845 163
1773272861332 0.9 164
1773272861343 0.83 165
1773272861353 0.875 166
1773272861362 0.905 167
1773272861378 0.87 168
1773272861395 0.835 169
1773272861409 0.85 170
1773272861421 0.87 171
1773272861432 0.825 172
1773272861445 0.895 173
1773272861456 0.875 174
1773272861467 0.85 175
1773272861478 0.86 176
1773272861506 0.84 177
1773272861518 0.825 178
1773272861529 0.825 179
1773272861541 0.825 180
1773272861552 0.825 181
1773272861566 0.86 182
1773272861586 0.835 183
1773272861599 0.865 184
1773272861610 0.83 185
1773272861621 0.82 186
1773272861639 0.845 187
1773272861657 0.855 188
1773272861670 0.855 189
1773272861684 0.86 190
1773272861695 0.855 191
1773272861722 0.89 192
1773272861733 0.89 193
1773272861744 0.83 194
1773272861754 0.88 195
1773272861763 0.91 196
1773272861774 0.83 197
1773272861788 0.865 198
