1780703077007 0.0 0
1780703077042 0.43977591036414565 1
1780703077080 0.44598337950138506 2
1780703077115 0.45054945054945056 3
1780703077146 0.5765582655826558 4
1780703077194 0.4428969359331476 5
1780703077225 0.45142857142857146 6
1780703077259 0.6575342465753424 7
1780703077284 0.6315304645348072 8
1780703077323 0.5178399228543876 9
1780703077353 0.5179467135691486 10
1780703077381 0.5057561328431077 11
1780703077424 0.6009577015163607 12
1780703077456 0.5106301995541297 13
1780703077481 0.5277777777777778 14
1780703077524 0.47671376242804814 15
1780703077546 0.48415622697126015 16
1780703077562 0.47881766063584247 17
1780703077576 0.4595922377794154 18
1780703077592 0.4846344722275243 19
1780703077608 0.5800176834659593 20
1780703077680 0.5403472931562819 21
1780703077718 0.48089700996677737 22
1780703077749 0.5361968138737648 23
1780703077779 0.5168267880217989 24
1780703077807 0.6111111111111112 25
1780703077834 0.47671376242804814 26
1780703077855 0.5087202161631049 27
1780703077873 0.48569591771134685 28
1780703077892 0.47222222222222227 29
1780703077917 0.5800176834659593 30
1780703077938 0.5016611295681063 31
1780703077954 0.49714285714285716 32
1780703077973 0.44337400984799824 33
1780703077989 0.525691699604743 34
1780703078006 0.5824121837386391 35
1780703078034 0.5541297373715405 36
1780703078049 0.5148110316649642 37
1780703078067 0.5332842053549496 38
1780703078080 0.546485260770975 39
1780703078095 0.4637385086823289 40
1780703078118 0.5106301995541297 41
1780703078137 0.4350282485875706 42
1780703078157 0.49454642192072357 43
1780703078177 0.5383813565631748 44
1780703078196 0.4624505928853755 45
1780703078210 0.46478270177692144 46
1780703078224 0.44598337950138506 47
1780703078241 0.5148110316649642 48
1780703078255 0.5232280946566661 49
1780703078270 0.5332842053549496 50
1780703078285 0.4554924242424242 51
1780703078319 0.4731348476564442 52
1780703078333 0.5087202161631049 53
1780703078347 0.5323799684628351 54
1780703078363 0.455535390199637 55
1780703078378 0.47428571428571425 56
1780703078392 0.49997092854235714 57
1780703078406 0.52 58
1780703078420 0.49714285714285716 59
1780703078441 0.48164667590862514 60
1780703078455 0.5179467135691486 61
1780703078470 0.5210965238213194 62
1780703078484 0.62756052141527 63
1780703078500 0.47222222222222227 64
1780703078516 0.46583284476581327 65
1780703078530 0.4494072700713523 66
1780703078545 0.5087202161631049 67
1780703078585 0.4624505928853755 68
1780703078602 0.44751381215469616 69
1780703078619 0.5087202161631049 70
1780703078639 0.47671376242804814 71
1780703078656 0.5106301995541297 72
1780703078672 0.47428571428571425 73
1780703078695 0.546485260770975 74
1780703078714 0.5657142857142857 75
1780703078729 0.43977591036414565 76
1780703078744 0.48927477017364657 77
1780703078759 0.5085995085995085 78
1780703078777 0.48415622697126015 79
1780703078792 0.45142857142857146 80
1780703078807 0.5738636363636364 81
1780703078836 0.5421245421245421 82
1780703078866 0.4700726951559209 83
1780703078882 0.4694960212201591 84
1780703078902 0.5315315315315315 85
1780703078924 0.47881766063584247 86
1780703078944 0.46478270177692144 87
1780703078961 0.52 88
1780703078978 0.48927477017364657 89
1780703078993 0.453551912568306 90
1780703079008 0.5347484733934283 91
1780703079023 0.4972484543786942 92
1780703079040 0.5057561328431077 93
1780703079056 0.5428571428571428 94
1780703079072 0.5046113306982872 95
1780703079089 0.475700746118169 96
1780703079108 0.5179467135691486 97
1780703079123 0.4595922377794154 98
1780703079158 0.5805841133445859 99
1780703079176 0.592999592999593 100
1780703079192 0.5367762128325508 101
1780703079207 0.5658835546475995 102
1780703079224 0.5137046861184793 103
1780703079240 0.5617731333220968 104
1780703079256 0.5396654902562529 105
1780703079275 0.4595922377794154 106
1780703079291 0.48669796557120504 107
1780703079304 0.5076000856347678 108
1780703079322 0.5367762128325508 109
1780703079340 0.4413702239789196 110
1780703079354 0.5323799684628351 111
1780703079374 0.5490196078431373 112
1780703079389 0.5087202161631049 113
1780703079403 0.5738636363636364 114
1780703079427 0.475700746118169 115
1780703079442 0.5800176834659593 116
1780703079457 0.5046113306982872 117
1780703079477 0.5244565217391304 118
1780703079494 0.5428571428571428 119
1780703079511 0.4624505928853755 120
1780703079529 0.5137046861184793 121
1780703079544 0.5106301995541297 122
1780703079560 0.5499839279974285 123
1780703079579 0.5298655897775902 124
1780703079602 0.5332842053549496 125
1780703079633 0.49301655151846513 126
1780703079657 0.5323799684628351 127
1780703079681 0.5477520617185422 128
1780703079700 0.4616588419405321 129
1780703079724 0.5056702529805176 130
1780703079739 0.5477520617185422 131
1780703079753 0.4637385086823289 132
1780703079768 0.48164667590862514 133
1780703079783 0.4972484543786942 134
1780703079797 0.49997092854235714 135
1780703079811 0.5403472931562819 136
1780703079825 0.5028055969884225 137
1780703079842 0.5352727948694117 138
1780703079862 0.4616588419405321 139
1780703079877 0.44751381215469616 140
1780703079891 0.4350282485875706 141
1780703079904 0.45652173913043476 142
1780703079918 0.48927477017364657 143
1780703079931 0.453551912568306 144
1780703079960 0.5459882583170255 145
1780703079980 0.48927477017364657 146
1780703079993 0.5347484733934283 147
1780703080006 0.5056702529805176 148
1780703080019 0.4637385086823289 149
1780703080033 0.2907801418439716 150
1780703080046 0.32684216852987136 151
1780703080059 0.34930493936705115 152
1780703080071 0.4797228839782031 153
1780703080084 0.6337846550612508 154
1780703080099 0.6464646464646464 155
1780703080112 0.7234443746071653 156
1780703080126 0.7387197266606371 157
1780703080141 0.74189204354169 158
1780703080155 0.7925476741402697 159
1780703080170 0.7126436781609196 160
1780703080210 0.7106242248863166 161
1780703080226 0.7326413462294565 162
1780703080241 0.7673032719430177 163
1780703080257 0.7431259993184975 164
1780703080272 0.7333333333333334 165
1780703080286 0.7955492647637021 166
1780703080301 0.7854997854997855 167
1780703080315 0.7708232538005144 168
1780703080328 0.7409523809523809 169
1780703080343 0.7782705099778271 170
1780703080357 0.7557109072481094 171
1780703080372 0.823726423409131 172
1780703080385 0.8098224152553263 173
1780703080400 0.7687029374726941 174
1780703080414 0.8089983022071308 175
1780703080428 0.7224565317950532 176
1780703080454 0.801234438748823 177
1780703080467 0.772432589770051 178
1780703080483 0.732620320855615 179
1780703080498 0.8060339178527431 180
1780703080511 0.7169104382337432 181
1780703080525 0.7379609080456697 182
1780703080541 0.7795165497028851 183
1780703080574 0.7173224785165084 184
1780703080592 0.7267759562841529 185
1780703080607 0.8297672507410995 186
1780703080623 0.7267759562841529 187
1780703080639 0.7411282493797864 188
1780703080655 0.7425997425997426 189
1780703080672 0.7357536764705883 190
1780703080687 0.7708333333333333 191
1780703080719 0.7489689797382104 192
1780703080736 0.7333333333333334 193
1780703080752 0.7931985294117647 194
1780703080768 0.7593518543276558 195
1780703080793 0.7472598323662154 196
1780703080810 0.8041861818951602 197
1780703080830 0.7640497640497641 198
1780703080853 0.772432589770051 199
1780703080869 0.8001998001998003 200
1780703080895 0.7849995865376664 201
1780703080913 0.7850646116746611 202
1780703080928 0.8110268392962026 203
1780703080943 0.7714285714285715 204
1780703080959 0.7512635283533116 205
1780703080974 0.7877608772550406 206
1780703080989 0.7700473274686489 207
1780703081017 0.7596086652690426 208
1780703081034 0.7721354166666667 209
1780703081049 0.746317724107582 210
1780703081068 0.746317724107582 211
1780703081082 0.767182913250329 212
1780703081099 0.7782705099778271 213
1780703081114 0.7860069417260367 214
1780703081130 0.698786932829486 215
1780703081145 0.7973333333333333 216
1780703081161 0.6902312202677288 217
1780703081176 0.7830171204784208 218
1780703081191 0.7582417582417582 219
1780703081205 0.8020833333333333 220
1780703081219 0.730080721142828 221
1780703081235 0.7502150925591851 222
1780703081249 0.743431855500821 223
1780703081295 0.7787365859055205 224
1780703081328 0.7768768196783762 225
1780703081361 0.7993876042656531 226
1780703081386 0.7829861111111112 227
1780703081422 0.8067338012409724 228
1780703081454 0.762550881953867 229
1780703081479 0.7631551848419318 230
1780703081524 0.8342201663146074 231
1780703081564 0.759799104705754 232
1780703081589 0.7082296404359392 233
1780703081621 0.7378917378917379 234
1780703081649 0.7504340277777778 235
1780703081680 0.7551087045250469 236
1780703081724 0.7173035902444038 237
1780703081758 0.759799104705754 238
1780703081813 0.7660427807486632 239
1780703081843 0.7860069417260367 240
1780703081870 0.6942897696255049 241
1780703081910 0.7287161892603526 242
1780703081948 0.7546908844176519 243
1780703081978 0.748143198581378 244
1780703082002 0.7604166666666667 245
1780703082028 0.8060339178527431 246
1780703082079 0.7877352385389972 247
1780703082110 0.7965618960431289 248
1780703082142 0.7300944669365722 249
1780703082174 0.8201022847009842 250
1780703082205 0.7716894977168949 251
1780703082229 0.7867803837953091 252
1780703082258 0.7627008952648042 253
1780703082285 0.7726333195535345 254
1780703082313 0.7406369955389562 255
1780703082338 0.7687612594444893 256
1780703082370 0.7395833333333333 257
1780703082407 0.766553480475382 258
1780703082438 0.7431259993184975 259
1780703082467 0.8089983022071308 260
1780703082496 0.8095289924083698 261
1780703082541 0.7142857142857143 262
1780703082571 0.7682771405399142 263
1780703082599 0.7767857142857143 264
1780703082621 0.7773808599311434 265
1780703082654 0.7660427807486632 266
1780703082671 0.776 267
1780703082697 0.7566721027154357 268
1780703082722 0.7539975399753998 269
1780703082757 0.776 270
1780703082800 0.7747747747747749 271
1780703082832 0.7933030177759405 272
1780703082859 0.7592151438305285 273
1780703082887 0.798089617146851 274
1780703082920 0.6991978609625669 275
1780703082952 0.7404170632517089 276
1780703082977 0.7834757834757835 277
1780703083004 0.7739739243088288 278
1780703083047 0.7300944669365722 279
1780703083078 0.8021337468916281 280
1780703083105 0.7660427807486632 281
1780703083129 0.7188456131646407 282
1780703083155 0.7103386809269162 283
1780703083177 0.7037037037037037 284
1780703083202 0.7795165497028851 285
1780703083225 0.8046875 286
1780703083261 0.7677119628339141 287
1780703083298 0.7580059691860934 288
1780703083328 0.7640953054965793 289
1780703083356 0.7795165497028851 290
1780703083382 0.7700473274686489 291
1780703083413 0.7484276729559749 292
1780703083446 0.775459349927435 293
1780703083476 0.7643362136684996 294
1780703083520 0.7399366802351877 295
1780703083541 0.7850646116746611 296
1780703083572 0.7419354838709677 297
1780703083596 0.7694613079228464 298
