1773299791950 0.0 0
1773299791987 0.45211038961038963 1
1773299792011 0.3464052287581699 2
1773299792035 0.3548387096774194 3
1773299792056 0.457356738910137 4
1773299792085 0.39197803275473175 5
1773299792110 0.6451803666469544 6
1773299792132 0.6940024479804161 7
1773299792156 0.6184438378679815 8
1773299792203 0.704360679970436 9
1773299792230 0.7431259993184975 10
1773299792252 0.7549938748468712 11
1773299792294 0.7630019749835418 12
1773299792318 0.7878787878787878 13
1773299792343 0.792509596431165 14
1773299792367 0.8146246148450612 15
1773299792405 0.7549938748468712 16
1773299792429 0.5709259418175577 17
1773299792453 0.5460679671205987 18
1773299792475 0.5946666666666667 19
1773299792516 0.6640018537828757 20
1773299792537 0.7767857142857143 21
1773299792558 0.7995425458096682 22
1773299792579 0.7987117552334944 23
1773299792602 0.8048780487804879 24
1773299792639 0.8158567774936061 25
1773299792661 0.8249606161386311 26
1773299792684 0.8032240974797548 27
1773299792708 0.794584032666149 28
1773299792732 0.808 29
1773299792764 0.8340666247642992 30
1773299792786 0.8448098921178444 31
1773299792812 0.7442521986481901 32
1773299792835 0.636617749825297 33
1773299792874 0.5877896613190731 34
1773299792896 0.35783534399451356 35
1773299792922 0.5882242840717666 36
1773299792942 0.5511165974638088 37
1773299792963 0.5924495924495925 38
1773299792999 0.6892692560895326 39
1773299793019 0.721964782205746 40
1773299793040 0.8599439775910365 41
1773299793063 0.81477071260353 42
1773299793086 0.809946151409566 43
1773299793125 0.7938403519798869 44
1773299793152 0.7789828069183522 45
1773299793174 0.8193496587715776 46
1773299793197 0.8533835536793144 47
1773299793224 0.8363171355498722 48
1773299793244 0.8044083352140223 49
1773299793273 0.7885235332043843 50
1773299793294 0.7504519874716712 51
1773299793320 0.782118517392516 52
1773299793349 0.7632897685779759 53
1773299793370 0.7678916827852997 54
1773299793400 0.8346651970239736 55
1773299793428 0.7940479868190712 56
1773299793461 0.8248905565978737 57
1773299793484 0.7844827586206897 58
1773299793506 0.8193496587715776 59
1773299793529 0.8624939522803086 60
1773299793569 0.8445297023496076 61
1773299793589 0.8222222222222222 62
1773299793612 0.8293857888398234 63
1773299793634 0.813953488372093 64
1773299793658 0.8498648783905515 65
1773299793694 0.8019047619047619 66
1773299793719 0.7756017951856384 67
1773299793741 0.7829681686647375 68
1773299793773 0.8032240974797548 69
1773299793810 0.798089617146851 70
1773299793832 0.7938403519798869 71
1773299793857 0.7850646116746611 72
1773299793875 0.8080808080808081 73
1773299793910 0.8051349572086899 74
1773299793927 0.7983667708438351 75
1773299793951 0.8372495168345031 76
1773299793975 0.818840579710145 77
1773299794013 0.8098288459613652 78
1773299794034 0.8314563701830997 79
1773299794059 0.8443423464135975 80
1773299794083 0.8289049919484701 81
1773299794109 0.8229166666666666 82
1773299794144 0.81998199819982 83
1773299794163 0.8249606161386311 84
1773299794183 0.8180825905039113 85
1773299794201 0.8291628982011858 86
1773299794239 0.8421226859514654 87
1773299794264 0.8334973132521002 88
1773299794288 0.8099809980998101 89
1773299794328 0.8348968105065666 90
1773299794350 0.8628571428571429 91
1773299794369 0.8640175266299011 92
1773299794386 0.822654607179955 93
1773299794412 0.8397435897435898 94
1773299794431 0.8429226520736743 95
1773299794467 0.8539447508247086 96
1773299794485 0.8645833333333334 97
1773299794509 0.8096955128205128 98
1773299794531 0.7949538646195394 99
1773299794555 0.8474214220323466 100
1773299794583 0.8147730970438787 101
1773299794610 0.788647342995169 102
1773299794636 0.8236331569664903 103
1773299794660 0.8303821541466423 104
1773299794688 0.7964456274954983 105
1773299794715 0.7830419536315245 106
1773299794732 0.8125205847330952 107
1773299794754 0.8193496587715776 108
1773299794774 0.7955492647637021 109
1773299794794 0.7869318181818181 110
1773299794818 0.7773808599311434 111
1773299794837 0.7877758913412564 112
1773299794870 0.8191136569189026 113
1773299794891 0.8441231929604023 114
1773299794912 0.7748592870544091 115
1773299794936 0.7999199679871949 116
1773299794973 0.8487750781328763 117
1773299794989 0.797077922077922 118
1773299795008 0.8644272049408752 119
1773299795031 0.8148843026891808 120
1773299795051 0.8446854881134297 121
1773299795069 0.8549963749093727 122
1773299795097 0.8195488721804511 123
1773299795117 0.7678916827852997 124
1773299795138 0.7477931904161412 125
1773299795156 0.8543847756772364 126
1773299795173 0.8408319185059423 127
1773299795206 0.8099809980998101 128
1773299795226 0.8585858585858586 129
1773299795243 0.87998799879988 130
1773299795268 0.8640175266299011 131
1773299795287 0.8240100565681961 132
1773299795311 0.8742928975487115 133
1773299795350 0.8446854881134297 134
1773299795374 0.7998198378540686 135
1773299795397 0.8567774936061381 136
1773299795420 0.809313528703332 137
1773299795440 0.8165185709417839 138
1773299795472 0.7842735411498221 139
1773299795496 0.8406620235923004 140
1773299795520 0.7678916827852997 141
1773299795539 0.8649155722326454 142
1773299795559 0.8479725302089067 143
1773299795593 0.8147730970438787 144
1773299795612 0.8230491165095175 145
1773299795633 0.8398558702832549 146
1773299795654 0.7364953886693018 147
1773299795675 0.75 148
1773299795713 0.8158567774936061 149
1773299795730 0.8297275641025641 150
1773299795753 0.818840579710145 151
1773299795775 0.8286117552172598 152
1773299795797 0.8558335907733499 153
1773299795811 0.8099239695878351 154
1773299795847 0.809313528703332 155
1773299795870 0.85143062066139 156
1773299795903 0.8541797611565054 157
1773299795923 0.8110268392962026 158
1773299795942 0.80389692017599 159
1773299795974 0.7566721027154357 160
1773299795997 0.8334973132521002 161
1773299796021 0.8091553836234687 162
1773299796043 0.8695303091128062 163
1773299796060 0.8547057792028858 164
1773299796082 0.8197115384615384 165
1773299796113 0.8588567395906845 166
1773299796131 0.8344993605657113 167
1773299796156 0.8798076923076923 168
1773299796178 0.83 169
1773299796212 0.8849280800500312 170
1773299796227 0.8497596153846154 171
1773299796248 0.8425396825396825 172
1773299796268 0.8474214220323466 173
1773299796288 0.8270776116366596 174
1773299796311 0.19083648591845315 175
1773299796345 0.42028985507246375 176
1773299796365 0.7496871088861077 177
1773299796386 0.40828402366863903 178
1773299796406 0.3457743457743458 179
1773299796429 0.40828402366863903 180
1773299796453 0.8310810810810811 181
1773299796476 0.7890510700554592 182
1773299796491 0.8533333333333333 183
1773299796513 0.7136112078640814 184
1773299796534 0.8155136268343816 185
1773299796552 0.805312195800306 186
1773299796578 0.7973657548125632 187
1773299796600 0.8251748251748252 188
1773299796623 0.8423657744569502 189
1773299796639 0.72875226039783 190
1773299796653 0.8813504476324021 191
1773299796683 0.832209134534716 192
1773299796709 0.8262078554049357 193
1773299796724 0.8787917450799018 194
1773299796738 0.844134792231678 195
1773299796760 0.836553234611487 196
1773299796779 0.8230923457954947 197
1773299796807 0.7419354838709677 198
1773299796831 0.7584230680270361 199
1773299796856 0.740814682497986 200
1773299796888 0.7620137299771167 201
1773299796906 0.7236227824463118 202
1773299796939 0.8333333333333334 203
1773299796957 0.8552441110672457 204
1773299796981 0.8609662843239485 205
1773299796998 0.8787917450799018 206
1773299797037 0.8863602380453961 207
1773299797060 0.8725524272969528 208
1773299797079 0.8466022396073017 209
1773299797096 0.8820615638636632 210
1773299797112 0.8767280091573479 211
1773299797144 0.8899111425650703 212
1773299797160 0.8496289758425681 213
1773299797190 0.861230606977325 214
1773299797208 0.797326010918244 215
1773299797230 0.8965992647058824 216
1773299797269 0.8898314421064228 217
1773299797291 0.8929909042268593 218
1773299797309 0.844134792231678 219
1773299797324 0.8921649309004228 220
1773299797353 0.8894545454545455 221
1773299797371 0.8957247132429613 222
1773299797397 0.8422939068100359 223
1773299797411 0.88846819876141 224
1773299797430 0.8297672507410995 225
1773299797470 0.7819090933269501 226
1773299797491 0.6981307326134912 227
1773299797516 0.9058478920389161 228
1773299797534 0.8532742177283021 229
1773299797555 0.9262181106160787 230
1773299797605 0.864314789687924 231
1773299797622 0.878581835842642 232
1773299797640 0.9112125824454591 233
1773299797658 0.9131944444444444 234
1773299797674 0.8666666666666667 235
1773299797706 0.9028654686741135 236
1773299797722 0.8159735001840265 237
1773299797738 0.9043092724315014 238
1773299797753 0.9303378613723441 239
1773299797773 0.939896622190167 240
1773299797793 0.9141851883635115 241
1773299797820 0.9088319088319088 242
1773299797840 0.945938640356805 243
1773299797863 0.9084668192219679 244
1773299797881 0.9160613397901534 245
1773299797914 0.9387567622741655 246
1773299797931 0.8755887318937172 247
1773299797946 0.8732048843683674 248
1773299797964 0.7914059240717564 249
1773299797983 0.8467606912795482 250
1773299798000 0.8566040088531438 251
1773299798037 0.8684172888240511 252
1773299798053 0.9064808753390068 253
1773299798070 0.9160613397901534 254
1773299798086 0.9392909179213211 255
1773299798103 0.9150072850898494 256
1773299798133 0.9321636705621165 257
1773299798153 0.8929909042268593 258
1773299798171 0.9373040752351097 259
1773299798186 0.8851102941176471 260
1773299798205 0.8852345142097793 261
1773299798222 0.922037422037422 262
1773299798248 0.9111348084955123 263
1773299798265 0.9078826161337018 264
1773299798284 0.8797932443803342 265
1773299798301 0.877315666789351 266
1773299798316 0.9370691381332418 267
1773299798344 0.8957247132429613 268
1773299798361 0.9073108562159657 269
1773299798376 0.9019353350062012 270
1773299798392 0.8831229546517064 271
1773299798410 0.8700623700623701 272
1773299798428 0.9167383641863951 273
1773299798458 0.9180302027176142 274
1773299798472 0.9259368982372982 275
1773299798489 0.915855271066234 276
1773299798505 0.9028654686741135 277
1773299798522 0.9438885252034042 278
1773299798539 0.9214762465645858 279
1773299798563 0.9292536257516801 280
1773299798577 0.9492643328259767 281
1773299798601 0.9342085588683873 282
1773299798620 0.9393588577413932 283
1773299798636 0.933556824016188 284
1773299798670 0.9379960317460317 285
1773299798686 0.9581327192798827 286
1773299798705 0.8493068113321278 287
1773299798723 0.8620689655172413 288
1773299798740 0.8079590312600022 289
1773299798755 0.8994469582704877 290
1773299798797 0.9229880631497882 291
1773299798812 0.9536554281079829 292
1773299798828 0.9131944444444444 293
1773299798845 0.9225578050669322 294
1773299798864 0.8985286656519533 295
1773299798893 0.9519172977521336 296
1773299798910 0.929826799783101 297
1773299798928 0.9139044339216531 298
1773299798945 0.9709090909090909 299
1773299798962 0.9243636363636364 300
1773299798979 0.9101527403414196 301
1773299799007 0.9572845156369184 302
1773299799024 0.9304831421619744 303
1773299799041 0.9150072850898494 304
1773299799056 0.9119485779695342 305
1773299799069 0.8731539367581771 306
1773299799096 0.8938879456706281 307
1773299799113 0.9155191349159415 308
1773299799131 0.9122257053291536 309
1773299799150 0.9119485779695342 310
1773299799166 0.9310661764705883 311
1773299799182 0.9572845156369184 312
1773299799213 0.9528246255454653 313
1773299799231 0.9206712433257056 314
1773299799247 0.9450800915331807 315
1773299799266 0.9267832502604827 316
1773299799287 0.8852345142097793 317
1773299799305 0.9285714285714286 318
1773299799341 0.9764123127727327 319
1773299799363 0.939896622190167 320
1773299799401 0.9373040752351097 321
1773299799427 0.9189079605352075 322
1773299799449 0.961018711018711 323
1773299799488 0.9425855634589009 324
1773299799506 0.9605211212001579 325
1773299799526 0.946170639074135 326
1773299799543 0.9373040752351097 327
1773299799574 0.9530185576697204 328
1773299799590 0.9378774805867127 329
1773299799609 0.929826799783101 330
1773299799624 0.938941467070023 331
1773299799639 0.9321636705621165 332
1773299799659 0.945938640356805 333
1773299799694 0.895162036323271 334
1773299799712 0.9202279202279202 335
1773299799733 0.8830561330561331 336
1773299799753 0.9217098567290378 337
1773299799773 0.8513312609812136 338
1773299799798 0.8104459642921181 339
1773299799817 0.740814682497986 340
1773299799837 0.7013333333333334 341
1773299799856 0.4253685648344402 342
1773299799877 0.5544542064028435 343
1773299799891 0.5533955076842243 344
1773299799920 0.898236092265943 345
1773299799939 0.9206712433257056 346
1773299799962 0.8830561330561331 347
1773299799976 0.9073108562159657 348
