1773285639654 0.0 0
1773285639679 0.4935981449742864 1
1773285639697 0.6404764287859008 2
1773285639711 0.6964785914365677 3
1773285639727 0.6599999999999935 4
1773285639743 0.6249999999999932 5
1773285639761 0.6861675507957095 6
1773285639777 0.7559023609443702 7
1773285639792 0.7842083505580741 8
1773285639810 0.6874999999999922 9
1773285639826 0.7960950080515217 10
1773285639844 0.7966536026529918 11
1773285639861 0.7586553945249523 12
1773285639877 0.8468998090644072 13
1773285639903 0.8249198717948636 14
1773285639933 0.7728272827282652 15
1773285639960 0.7019230769230698 16
1773285639987 0.6770833333333267 17
1773285640003 0.8115288220551298 18
1773285640020 0.8352340936374467 19
1773285640040 0.8592859285928507 20
1773285640061 0.8606060606060519 21
1773285640083 0.8862179487179399 22
1773285640108 0.8406840684068323 23
1773285640126 0.8588972431077609 24
1773285640145 0.8647364736473562 25
1773285640163 0.8665110356536413 26
1773285640181 0.7952629466077801 27
1773285640199 0.7934564431954958 28
1773285640218 0.8299999999999917 29
1773285640237 0.8052884615384536 30
1773285640261 0.7795396419437257 31
1773285640280 0.6922192219221853 32
1773285640299 0.7504006410256336 33
1773285640318 0.705528846153839 34
1773285640337 0.7847117794486138 35
1773285640356 0.7436772380569978 36
1773285640375 0.7891602442197899 37
1773285640393 0.8013211890701551 38
1773285640416 0.8630452180872263 39
1773285640450 0.8380952380952298 40
1773285640468 0.8673448729628419 41
1773285640498 0.8944577831132364 42
1773285640517 0.8388471177944778 43
1773285640536 0.8749999999999913 44
1773285640569 0.8166666666666584 45
1773285640590 0.8373397435897352 46
1773285640612 0.8598738864978395 47
1773285640630 0.8911030595813114 48
1773285640649 0.8493397358943493 49
1773285640668 0.8340024086712081 50
1773285640704 0.8574879227053055 51
1773285640723 0.7938398150939525 52
1773285640741 0.8350877192982372 53
1773285640759 0.8812399355877529 54
1773285640778 0.8602860286028517 55
1773285640797 0.8807523009203594 56
1773285640816 0.8413300941390744 57
1773285640834 0.8830515297906514 58
1773285640851 0.846867167919791 59
1773285640882 0.8056759754007379 60
1773285640900 0.8672495226610304 61
1773285640919 0.8807843532614086 62
1773285640941 0.8202110389610306 63
1773285640960 0.8280312124849858 64
1773285640978 0.7340425531914821 65
1773285640999 0.7809523809523731 66
1773285641018 0.65656565656565 67
1773285641037 0.7321428571428494 68
1773285641064 0.7009803921568557 69
1773285641088 0.8133253301320447 70
1773285641119 0.8390977443608939 71
1773285641143 0.8616721937493632 72
1773285641163 0.8652365236523567 73
1773285641181 0.8559064682660101 74
1773285641215 0.8914090726615728 75
1773285641235 0.8270933977455635 76
1773285641254 0.8652597402597315 77
1773285641273 0.883226528328747 78
1773285641293 0.8701690821255952 79
1773285641312 0.8962415837604172 80
1773285641334 0.8349999999999917 81
1773285641353 0.8561698717948633 82
1773285641371 0.8560356035603475 83
1773285641391 0.784655711261208 84
1773285641409 0.8825943349014025 85
1773285641427 0.8798879887988711 86
1773285641444 0.8529796000401886 87
1773285641462 0.8807017543859561 88
1773285641481 0.9030248216259582 89
1773285641512 0.839283928392831 90
1773285641534 0.8213392052847481 91
1773285641558 0.8365539452495891 92
1773285641579 0.8665865384615299 93
1773285641599 0.8994391025640937 94
1773285641617 0.882644379941939 95
1773285641644 0.8942706751695426 96
1773285641659 0.8686818136322604 97
1773285641680 0.8649999999999913 98
1773285641700 0.7972188875550141 99
1773285641719 0.7745098039215609 100
1773285641744 0.6886792452830118 101
1773285641763 0.7156862745097967 102
1773285641780 0.8184380032206038 103
1773285641798 0.8914786967418458 104
1773285641828 0.8529176258632685 105
1773285641849 0.8565705128205043 106
1773285641869 0.8502160586875604 107
1773285641890 0.8547192473225818 108
1773285641910 0.8565705128205043 109
1773285641928 0.8355889724310694 110
1773285641960 0.8500661173837774 111
1773285641979 0.8429371748699396 112
1773285641998 0.876839155239707 113
1773285642016 0.8497832442786487 114
1773285642034 0.8079710144927456 115
1773285642053 0.8818438003220523 116
1773285642071 0.8449999999999915 117
1773285642090 0.8224289715886273 118
1773285642111 0.8818706346796146 119
1773285642147 0.880200501253124 120
1773285642167 0.8315789473684128 121
1773285642186 0.8246909858305617 122
1773285642206 0.8661654135338259 123
1773285642227 0.8549999999999915 124
1773285642246 0.8890004014451939 125
1773285642266 0.8685474189675784 126
1773285642284 0.8918741808649977 127
1773285642303 0.8156568202439679 128
1773285642327 0.8119266055045788 129
1773285642346 0.7918506623845765 130
1773285642364 0.7677767776777602 131
1773285642386 0.845794392523356 132
1773285642416 0.8379629629629546 133
1773285642451 0.8505050505050418 134
1773285642488 0.8469551282051198 135
1773285642519 0.8456119162640816 136
1773285642546 0.868589743589735 137
1773285642580 0.8711779448621467 138
1773285642611 0.8473557692307607 139
1773285642650 0.8679806432099922 140
1773285642703 0.8649364936493563 141
1773285642734 0.8561850993043569 142
1773285642765 0.8450345034503366 143
1773285642796 0.8616721937493632 144
1773285642828 0.8389423076922993 145
1773285642867 0.8477390956382469 146
1773285642911 0.874136723050737 147
1773285642949 0.8599959855479642 148
1773285642991 0.8725961538461451 149
1773285643015 0.8522408963585351 150
1773285643047 0.8849384938493761 151
1773285643087 0.8134320888799839 152
1773285643128 0.8482252141982778 153
1773285643157 0.841384138413833 154
1773285643198 0.8842384238423755 155
1773285643236 0.8537660256410171 156
1773285643265 0.8551355135513466 157
1773285643294 0.8446054750402492 158
1773285643321 0.8477129416474742 159
1773285643362 0.7988759534323484 160
1773285643387 0.8425370148059139 161
1773285643420 0.8220551378446035 162
1773285643456 0.8783948733597715 163
1773285643487 0.8830128205128117 164
1773285643513 0.9095909590959006 165
1773285643546 0.8606985146527413 166
1773285643576 0.9047404740473957 167
1773285643601 0.8707667571098294 168
1773285643626 0.8849999999999911 169
1773285643663 0.872541148133271 170
1773285643688 0.8849999999999911 171
1773285643721 0.885838583858377 172
1773285643752 0.8631071858691202 173
1773285643794 0.8183460457647449 174
1773285643824 0.8243419077169369 175
1773285643849 0.8576441867561709 176
1773285643873 0.9141414141414048 177
1773285643904 0.8846618357487834 178
1773285643950 0.8583358639538329 179
1773285643985 0.9398939893989305 180
1773285644018 0.8528151774785715 181
1773285644065 0.8651515151515063 182
1773285644115 0.8339371980676245 183
1773285644170 0.8574429771908678 184
1773285644200 0.8479391756702597 185
1773285644229 0.872448979591828 186
1773285644261 0.8807017543859561 187
1773285644287 0.8496240601503675 188
1773285644322 0.8859385938593771 189
1773285644345 0.8407809983896857 190
1773285644389 0.835041704351313 191
1773285644413 0.8213821382138131 192
1773285644442 0.8207887098388469 193
1773285644465 0.8434373749499716 194
1773285644495 0.8335845643653821 195
1773285644526 0.9048926864001535 196
1773285644550 0.8132045088566747 197
1773285644590 0.8446199007996674 198
