1780137834404 0.0 0
1780137834407 0.10500000000000001 1
1780137834410 0.17 2
1780137834412 0.19 3
1780137834415 0.23500000000000001 4
1780137834417 0.21999999999999997 5
1780137834419 0.395 6
1780137834422 0.43000000000000005 7
1780137834424 0.42000000000000004 8
1780137834427 0.43500000000000005 9
1780137834429 0.505 10
1780137834432 0.495 11
1780137834434 0.5650000000000001 12
1780137834437 0.49000000000000005 13
1780137834439 0.5650000000000001 14
1780137834442 0.62 15
1780137834444 0.5900000000000001 16
1780137834447 0.635 17
1780137834449 0.585 18
1780137834452 0.6699999999999999 19
1780137834454 0.665 20
1780137834457 0.6849999999999999 21
1780137834460 0.68 22
1780137834462 0.675 23
1780137834465 0.645 24
1780137834467 0.7499999999999999 25
1780137834470 0.75 26
1780137834472 0.725 27
1780137834475 0.675 28
1780137834477 0.8150000000000001 29
1780137834480 0.7300000000000001 30
1780137834482 0.75 31
1780137834484 0.7350000000000001 32
1780137834487 0.76 33
1780137834490 0.7449999999999999 34
1780137834492 0.7849999999999999 35
1780137834495 0.7649999999999999 36
1780137834497 0.775 37
1780137834500 0.78 38
1780137834502 0.7449999999999999 39
1780137834505 0.8 40
1780137834507 0.765 41
1780137834510 0.71 42
1780137834512 0.7649999999999999 43
1780137834515 0.7950000000000002 44
1780137834518 0.77 45
1780137834520 0.78 46
1780137834523 0.785 47
1780137834525 0.7799999999999999 48
1780137834528 0.7999999999999999 49
1780137834530 0.78 50
1780137834532 0.75 51
1780137834535 0.785 52
1780137834537 0.7100000000000001 53
1780137834540 0.71 54
1780137834542 0.7950000000000002 55
1780137834545 0.8300000000000001 56
1780137834547 0.835 57
1780137834550 0.7950000000000002 58
1780137834552 0.7949999999999999 59
1780137834555 0.8300000000000001 60
1780137834557 0.76 61
1780137834560 0.7999999999999999 62
1780137834562 0.805 63
1780137834565 0.85 64
1780137834567 0.7899999999999999 65
1780137834570 0.77 66
1780137834572 0.755 67
1780137834575 0.74 68
1780137834577 0.77 69
1780137834580 0.8099999999999999 70
1780137834582 0.835 71
1780137834585 0.82 72
1780137834587 0.82 73
1780137834590 0.755 74
1780137834592 0.78 75
1780137834595 0.7999999999999999 76
1780137834597 0.85 77
1780137834600 0.8150000000000001 78
1780137834602 0.825 79
1780137834605 0.8299999999999998 80
1780137834607 0.8099999999999999 81
1780137834610 0.795 82
1780137834612 0.8150000000000001 83
1780137834615 0.835 84
1780137834617 0.8099999999999999 85
1780137834620 0.7750000000000001 86
1780137834622 0.8200000000000001 87
1780137834625 0.775 88
1780137834627 0.8099999999999999 89
1780137834630 0.85 90
1780137834632 0.7899999999999999 91
1780137834635 0.79 92
1780137834637 0.775 93
1780137834640 0.8300000000000001 94
1780137834642 0.77 95
1780137834645 0.865 96
1780137834647 0.745 97
1780137834650 0.86 98
1780137834652 0.825 99
1780137834655 0.8300000000000001 100
1780137834657 0.8399999999999999 101
1780137834660 0.875 102
1780137834662 0.835 103
1780137834665 0.835 104
1780137834667 0.805 105
1780137834670 0.86 106
1780137834672 0.79 107
1780137834675 0.86 108
1780137834677 0.8549999999999999 109
1780137834680 0.825 110
1780137834682 0.8300000000000001 111
1780137834685 0.8300000000000001 112
1780137834687 0.805 113
1780137834690 0.8 114
1780137834692 0.845 115
1780137834695 0.8100000000000002 116
1780137834697 0.85 117
1780137834700 0.85 118
1780137834702 0.8100000000000002 119
1780137834705 0.85 120
1780137834707 0.8400000000000001 121
1780137834710 0.8099999999999999 122
1780137834712 0.8550000000000001 123
1780137834715 0.82 124
1780137834717 0.805 125
1780137834720 0.865 126
1780137834722 0.8600000000000001 127
1780137834725 0.85 128
1780137834727 0.8400000000000001 129
1780137834730 0.885 130
1780137834732 0.825 131
1780137834735 0.845 132
1780137834737 0.8300000000000001 133
1780137834740 0.845 134
1780137834742 0.845 135
1780137834745 0.8200000000000001 136
1780137834748 0.865 137
1780137834750 0.8400000000000001 138
1780137834753 0.8 139
1780137834755 0.8600000000000001 140
1780137834758 0.8400000000000001 141
1780137834760 0.8649999999999999 142
1780137834763 0.86 143
1780137834765 0.865 144
1780137834768 0.845 145
1780137834770 0.8549999999999999 146
1780137834773 0.885 147
1780137834775 0.8400000000000001 148
1780137834778 0.885 149
1780137834780 0.875 150
1780137834783 0.8550000000000001 151
1780137834785 0.8550000000000001 152
1780137834788 0.865 153
1780137834790 0.805 154
1780137834793 0.8649999999999999 155
1780137834795 0.8700000000000001 156
1780137834798 0.85 157
1780137834800 0.9 158
1780137834803 0.8949999999999999 159
1780137834805 0.9049999999999999 160
1780137834808 0.885 161
1780137834810 0.9099999999999999 162
1780137834813 0.8800000000000001 163
1780137834815 0.865 164
1780137834818 0.9099999999999998 165
1780137834820 0.885 166
1780137834823 0.8949999999999999 167
1780137834825 0.875 168
1780137834828 0.89 169
1780137834830 0.9199999999999999 170
1780137834833 0.89 171
1780137834835 0.8699999999999999 172
1780137834838 0.8949999999999999 173
1780137834840 0.9099999999999999 174
1780137834843 0.905 175
1780137834845 0.8700000000000001 176
1780137834848 0.9200000000000002 177
1780137834850 0.9 178
1780137834853 0.9349999999999999 179
1780137834855 0.95 180
1780137834858 0.9200000000000002 181
1780137834860 0.8800000000000001 182
1780137834863 0.8899999999999999 183
1780137834865 0.9 184
1780137834868 0.95 185
1780137834870 0.925 186
1780137834873 0.9099999999999999 187
1780137834875 0.9099999999999999 188
1780137834878 0.9349999999999999 189
1780137834880 0.8949999999999999 190
1780137834883 0.9 191
1780137834885 0.9099999999999999 192
1780137834888 0.8949999999999999 193
1780137834890 0.9200000000000002 194
1780137834893 0.905 195
1780137834895 0.9049999999999999 196
1780137834897 0.8799999999999999 197
1780137834900 0.905 198
1780137834902 0.9199999999999999 199
1780137834905 0.9 200
1780137834907 0.915 201
1780137834910 0.9000000000000001 202
1780137834912 0.925 203
1780137834915 0.915 204
1780137834917 0.9149999999999998 205
1780137834920 0.9199999999999999 206
1780137834922 0.975 207
1780137834925 0.9349999999999999 208
1780137834927 0.8799999999999999 209
1780137834930 0.9299999999999999 210
1780137834932 0.9299999999999999 211
1780137834935 0.9349999999999999 212
1780137834937 0.905 213
1780137834940 0.9100000000000001 214
1780137834942 0.9199999999999999 215
1780137834945 0.9299999999999999 216
1780137834947 0.93 217
1780137834950 0.9200000000000002 218
1780137834952 0.8949999999999999 219
1780137834955 0.95 220
1780137834957 0.9199999999999999 221
1780137834960 0.93 222
1780137834962 0.9199999999999999 223
1780137834965 0.9200000000000002 224
1780137834967 0.9099999999999999 225
1780137834970 0.9 226
1780137834972 0.9099999999999999 227
1780137834975 0.925 228
1780137834978 0.915 229
1780137834980 0.925 230
1780137834983 0.915 231
1780137834985 0.8950000000000001 232
1780137834988 0.915 233
1780137834990 0.9049999999999999 234
1780137834993 0.9099999999999999 235
1780137834996 0.8850000000000001 236
1780137834998 0.9399999999999998 237
1780137835000 0.925 238
1780137835003 0.9299999999999999 239
1780137835006 0.9099999999999999 240
1780137835008 0.945 241
1780137835011 0.9299999999999999 242
1780137835013 0.9549999999999998 243
1780137835016 0.95 244
1780137835018 0.945 245
1780137835021 0.8800000000000001 246
1780137835023 0.93 247
1780137835026 0.9450000000000001 248
1780137835028 0.9349999999999998 249
1780137835031 0.9199999999999999 250
1780137835033 0.9350000000000002 251
1780137835035 0.925 252
1780137835038 0.9450000000000001 253
1780137835040 0.8949999999999999 254
1780137835043 0.9199999999999999 255
1780137835045 0.9349999999999999 256
1780137835048 0.9349999999999999 257
1780137835050 0.925 258
1780137835053 0.96 259
1780137835055 0.9200000000000002 260
1780137835058 0.9400000000000001 261
1780137835060 0.9399999999999998 262
1780137835063 0.925 263
1780137835065 0.8849999999999998 264
1780137835068 0.915 265
1780137835070 0.9549999999999998 266
1780137835073 0.925 267
1780137835075 0.9199999999999999 268
1780137835078 0.8949999999999999 269
1780137835080 0.9249999999999998 270
1780137835083 0.9299999999999999 271
1780137835085 0.9 272
1780137835088 0.93 273
1780137835090 0.9400000000000001 274
1780137835093 0.945 275
1780137835095 0.9349999999999999 276
1780137835098 0.9349999999999998 277
1780137835100 0.9349999999999999 278
1780137835103 0.9550000000000001 279
1780137835105 0.925 280
1780137835108 0.9299999999999999 281
1780137835110 0.9200000000000002 282
1780137835113 0.9549999999999998 283
1780137835116 0.9549999999999998 284
1780137835118 0.9 285
1780137835121 0.9299999999999999 286
1780137835123 0.9649999999999999 287
1780137835125 0.93 288
1780137835128 0.89 289
1780137835130 0.93 290
1780137835133 0.9199999999999999 291
1780137835135 0.9099999999999999 292
1780137835138 0.915 293
1780137835140 0.9 294
1780137835143 0.9199999999999999 295
1780137835145 0.95 296
1780137835148 0.96 297
1780137835150 0.9199999999999999 298
1780137835153 0.925 299
1780137835164 0.9299999999999999 300
1780137835167 0.9550000000000001 301
1780137835169 0.9349999999999999 302
1780137835172 0.9349999999999999 303
1780137835174 0.9350000000000002 304
1780137835177 0.95 305
1780137835179 0.9349999999999999 306
1780137835182 0.9199999999999999 307
1780137835184 0.9349999999999999 308
1780137835187 0.93 309
1780137835189 0.925 310
1780137835192 0.9349999999999999 311
1780137835194 0.9349999999999999 312
1780137835197 0.9399999999999998 313
