1780122899069 0.0 0
1780122899071 0.04626274614285368 1
1780122899073 0.3847216121238744 2
1780122899075 0.4915413533834586 3
1780122899077 0.513098143467271 4
1780122899078 0.6037752573936783 5
1780122899080 0.6585984848484848 6
1780122899082 0.708015005738791 7
1780122899084 0.7506718195693425 8
1780122899085 0.5926298304564275 9
1780122899087 0.8332242948326005 10
1780122899089 0.8549749373433585 11
1780122899091 0.8489194139194141 12
1780122899092 0.8851351105035314 13
1780122899094 0.7076246491093255 14
1780122899096 0.8632639454367144 15
1780122899098 0.893131692868535 16
1780122899099 0.8774992818013413 17
1780122899101 0.9261336675020886 18
1780122899103 0.8944632414369256 19
1780122899105 0.8811178343085568 20
1780122899106 0.8677185960716718 21
1780122899108 0.9130198840509782 22
1780122899110 0.8853446280391359 23
1780122899112 0.9397420804070421 24
1780122899113 0.9181017714240731 25
1780122899115 0.9058793228129612 26
1780122899117 0.7643910870691056 27
1780122899119 0.8891020053657751 28
1780122899120 0.9043923255107466 29
1780122899122 0.864891346012089 30
1780122899124 0.8875811688311688 31
1780122899126 0.8189280689280689 32
1780122899127 0.9129736842105263 33
1780122899129 0.9355647641831852 34
1780122899131 0.8618996851102114 35
1780122899133 0.8699782471757166 36
1780122899134 0.8216943299058753 37
1780122899136 0.9201984126984126 38
1780122899138 0.9130211558307533 39
1780122899140 0.9242770959018098 40
1780122899141 0.8913471095393293 41
1780122899143 0.9066563146997929 42
1780122899145 0.7652765246449457 43
1780122899146 0.891974439962056 44
1780122899148 0.9076122999807211 45
1780122899150 0.9206625699721676 46
1780122899152 0.9201749639249639 47
1780122899153 0.9134237107921319 48
1780122899155 0.9259512307338393 49
1780122899157 0.9009513683197893 50
1780122899158 0.891828529657477 51
1780122899160 0.8693831219427292 52
1780122899162 0.9056837390128466 53
1780122899164 0.8637703118137899 54
1780122899166 0.9315265436318068 55
1780122899167 0.9486618060302272 56
1780122899169 0.879155142758858 57
1780122899171 0.9175705976170372 58
1780122899173 0.9170350117718538 59
1780122899174 0.8882356551202053 60
1780122899176 0.8852966794698112 61
1780122899178 0.8908494886755756 62
1780122899179 0.9051921005702985 63
1780122899181 0.8588784699095644 64
1780122899183 0.9286775316187083 65
1780122899185 0.8476574960127593 66
1780122899187 0.894358623832308 67
1780122899189 0.8788611977749315 68
1780122899191 0.9477862475688562 69
1780122899193 0.914105718842561 70
1780122899194 0.8866591384099222 71
1780122899196 0.9115732513100934 72
1780122899198 0.9181735588972432 73
1780122899199 0.8982563713148422 74
1780122899201 0.9360503531556162 75
1780122899203 0.9211923464299723 76
1780122899205 0.9085050694919117 77
1780122899206 0.8512116188113039 78
1780122899208 0.9093567251461989 79
1780122899210 0.9538095238095238 80
1780122899212 0.9305809979494191 81
1780122899213 0.9022372574234275 82
1780122899215 0.8896023758455701 83
1780122899217 0.9126474201080473 84
1780122899218 0.9408190931875142 85
1780122899220 0.8876707244162487 86
1780122899222 0.8514980028023507 87
1780122899224 0.8810358056265984 88
1780122899225 0.9363059823471722 89
1780122899227 0.9277557828022223 90
1780122899229 0.8799832915622389 91
1780122899230 0.9167857142857143 92
1780122899232 0.9683418031244118 93
1780122899234 0.8534294626941688 94
1780122899236 0.922164881901724 95
1780122899237 0.9088544483738993 96
1780122899239 0.9236034306195595 97
1780122899241 0.8696275174101261 98
1780122899242 0.9418080808080808 99
1780122899244 0.9317947536826254 100
1780122899246 0.8815980684469794 101
1780122899248 0.9222346269714692 102
1780122899249 0.8979342295131769 103
1780122899251 0.8998809523809523 104
1780122899253 0.9399749373433585 105
1780122899254 0.9225559369438088 106
1780122899256 0.9252918894830661 107
1780122899258 0.9113972348526124 108
1780122899260 0.880780450111079 109
1780122899261 0.8702240449608871 110
1780122899263 0.9097133556980104 111
1780122899265 0.9395203918888129 112
1780122899266 0.9216309713678136 113
1780122899268 0.9324212705677237 114
1780122899270 0.8788033395176251 115
1780122899272 0.9560041407867494 116
1780122899273 0.9424641148325359 117
1780122899275 0.8814342839972131 118
1780122899277 0.9396657046657045 119
1780122899279 0.8722743707904999 120
1780122899280 0.9348033126293995 121
1780122899282 0.942990897990898 122
1780122899284 0.9225873015873016 123
1780122899285 0.921147186147186 124
1780122899287 0.8751052357701974 125
1780122899289 0.8999401170911469 126
1780122899291 0.9070820991873625 127
1780122899292 0.9196574770258982 128
1780122899294 0.9212903429522422 129
1780122899296 0.9333151719879409 130
1780122899298 0.8955864654049887 131
1780122899299 0.895840337945601 132
1780122899301 0.9307796005164427 133
1780122899303 0.9430171277997366 134
1780122899304 0.9611221234905445 135
1780122899306 0.9537593984962406 136
1780122899308 0.900110275689223 137
1780122899310 0.748336634424937 138
1780122899312 0.9169628616997038 139
1780122899313 0.9136946082140591 140
1780122899315 0.8944105355615652 141
1780122899317 0.926984126984127 142
1780122899319 0.9343255866940078 143
1780122899320 0.9323970169164678 144
1780122899322 0.9429285632381609 145
1780122899324 0.9306594549615145 146
1780122899325 0.9191386774145395 147
1780122899327 0.9433392968587476 148
1780122899329 0.8977491076175287 149
1780122899330 0.9545589764926149 150
1780122899332 0.9260609857978279 151
1780122899334 0.9025161553422423 152
1780122899335 0.9321904761904761 153
1780122899337 0.9661904761904762 154
1780122899339 0.9310427584111794 155
1780122899341 0.8932381756530365 156
1780122899342 0.9191666666666667 157
1780122899344 0.958579898362507 158
1780122899346 0.9375252525252525 159
1780122899347 0.9343621290989711 160
1780122899349 0.9719565217391303 161
1780122899351 0.9416097937150569 162
1780122899352 0.9523160173160173 163
1780122899354 0.9391923865608076 164
1780122899356 0.9573742047426258 165
1780122899358 0.9347368421052632 166
1780122899359 0.9479619503303715 167
1780122899361 0.959047619047619 168
1780122899363 0.9058835200746966 169
1780122899365 0.9337667887667889 170
1780122899366 0.9572306920133007 171
1780122899368 0.951650114591291 172
1780122899370 0.9404528031308217 173
1780122899372 0.9714285714285713 174
1780122899373 0.9343767521570724 175
1780122899375 0.9501086048454468 176
1780122899377 0.9566666666666667 177
1780122899378 0.9731037078863165 178
1780122899380 0.9857142857142858 179
1780122899382 0.9754761904761905 180
1780122899383 0.8949370209216758 181
1780122899385 0.9274975596485895 182
1780122899387 0.9161948748132959 183
1780122899389 0.9528860028860029 184
1780122899390 0.9708840282524493 185
1780122899392 0.9668398268398268 186
1780122899394 0.9459139009139008 187
1780122899396 0.932361300979722 188
1780122899397 0.9439877361387659 189
1780122899399 0.9414553093964859 190
1780122899401 0.9530786452296749 191
1780122899403 0.9546649727084509 192
1780122899404 0.9704761904761904 193
1780122899406 0.9756892230576442 194
1780122899408 0.9711904761904762 195
1780122899409 0.9570995670995671 196
1780122899411 0.9804761904761904 197
1780122899413 0.9624076495586792 198
1780122899415 0.9290733421168202 199
1780122899416 0.9620995670995672 200
1780122899418 0.9459220389805099 201
1780122899420 0.9223747775235189 202
1780122899421 0.9726086956521739 203
1780122899423 0.9518198571294546 204
1780122899425 0.9728656126482212 205
1780122899427 0.9575324675324675 206
1780122899428 0.9622476646160856 207
1780122899430 0.9751587301587301 208
1780122899432 0.9542173615857827 209
1780122899433 0.9308959156785244 210
1780122899435 0.9592871066555277 211
1780122899437 0.9525523294402012 212
1780122899438 0.9726708074534163 213
1780122899440 0.9456349206349207 214
1780122899442 0.908986766269375 215
1780122899443 0.96657666894509 216
1780122899445 0.9664285714285713 217
1780122899447 0.9614035087719298 218
1780122899449 0.976190476190476 219
1780122899450 0.9804761904761904 220
1780122899452 0.9713852813852814 221
1780122899454 0.9904761904761905 222
1780122899456 0.9713852813852814 223
1780122899457 0.9754511278195489 224
1780122899459 0.9671611721611721 225
1780122899461 0.9721695543205839 226
1780122899462 0.9718398268398267 227
1780122899464 0.856422918709818 228
1780122899466 0.9811471861471862 229
1780122899468 0.9473533471359558 230
1780122899469 0.9671946169772256 231
1780122899471 0.9437301587301586 232
1780122899473 0.956628469569646 233
1780122899475 0.9473160173160172 234
1780122899476 0.9355809979494192 235
1780122899478 0.9213230342642108 236
1780122899480 0.9475544922913344 237
1780122899481 0.9051708074534162 238
1780122899483 0.9664285714285714 239
1780122899485 0.9488879808216193 240
1780122899486 0.9728656126482212 241
1780122899488 0.9754761904761905 242
1780122899490 0.9659523809523808 243
1780122899492 0.9560970608339028 244
1780122899493 0.9807142857142856 245
1780122899495 0.9813852813852814 246
1780122899497 0.9757142857142858 247
1780122899499 0.9661221234905446 248
1780122899500 0.9857142857142858 249
1780122899502 0.9759523809523809 250
1780122899504 0.9672943722943723 251
1780122899506 0.9759523809523809 252
1780122899508 0.9713602187286398 253
1780122899509 0.961976911976912 254
1780122899511 0.9576262626262626 255
1780122899513 0.9672943722943723 256
1780122899515 0.9430026977853065 257
1780122899516 0.9854761904761904 258
1780122899518 0.9265335242573094 259
1780122899520 0.9675324675324676 260
1780122899521 0.977432712215321 261
1780122899523 0.9763852813852815 262
1780122899525 0.950026455026455 263
1780122899527 0.9807142857142856 264
1780122899528 0.9857142857142858 265
1780122899530 0.977432712215321 266
1780122899532 0.9667388167388167 267
1780122899533 0.9559022556390977 268
1780122899535 0.9904761904761905 269
1780122899537 0.9674327122153208 270
1780122899538 0.990909090909091 271
1780122899541 0.9692424242424241 272
1780122899542 0.9657142857142856 273
1780122899544 0.9568364092048303 274
1780122899546 0.9813852813852814 275
1780122899548 0.962169554320584 276
1780122899549 0.9417027417027416 277
1780122899551 0.9569063964258472 278
1780122899553 0.9807142857142856 279
1780122899554 0.9420745044429255 280
1780122899556 0.9336243386243387 281
1780122899558 0.9540389016018306 282
1780122899560 0.9520995670995671 283
1780122899561 0.9672943722943723 284
1780122899563 0.7790050690050692 285
1780122899565 0.9813852813852815 286
1780122899566 0.9722943722943722 287
1780122899568 0.9706892230576439 288
1780122899570 0.9807142857142856 289
1780122899572 0.9480848861283644 290
1780122899573 0.9727272727272727 291
1780122899575 0.9475757575757575 292
1780122899577 0.9675324675324676 293
1780122899578 0.9663602187286398 294
1780122899580 0.9471682995367205 295
1780122899582 0.9629653679653678 296
1780122899584 0.972670807453416 297
1780122899585 0.9254142727826938 298
1780122899587 0.9454778249972758 299
1780122899589 0.9275990779086755 300
1780122899591 0.9854761904761904 301
1780122899592 0.9811471861471862 302
1780122899594 0.9572476646160857 303
1780122899596 0.980952380952381 304
1780122899597 0.9720562770562771 305
1780122899599 0.9501948051948051 306
1780122899601 0.9652380952380952 307
1780122899603 0.9709523809523809 308
1780122899605 0.9564285714285713 309
1780122899606 0.9711904761904762 310
1780122899608 0.9444444444444444 311
1780122899610 0.9763852813852812 312
1780122899611 0.9613636363636362 313
