1780131197426 0.0 0
1780131197429 0.903888888888884 1
1780131197431 0.9116666666666615 2
1780131197434 0.9205555555555505 3
1780131197436 0.943333333333328 4
1780131197438 0.9327777777777726 5
1780131197441 0.9461111111111059 6
1780131197443 0.9566666666666611 7
1780131197446 0.9549999999999947 8
1780131197448 0.9516666666666612 9
1780131197450 0.957222222222217 10
1780131197453 0.959444444444439 11
1780131197455 0.9655555555555502 12
1780131197457 0.9522222222222169 13
1780131197460 0.9683333333333278 14
1780131197462 0.9738888888888834 15
1780131197465 0.9816666666666611 16
1780131197467 0.9733333333333279 17
1780131197469 0.9733333333333279 18
1780131197472 0.9772222222222167 19
1780131197474 0.9849999999999944 20
1780131197476 0.9855555555555501 21
1780131197479 0.9711111111111057 22
1780131197481 0.9722222222222168 23
1780131197483 0.9816666666666611 24
1780131197485 0.9761111111111056 25
1780131197488 0.9883333333333277 26
1780131197490 0.9805555555555501 27
1780131197492 0.9827777777777722 28
1780131197495 0.9894444444444389 29
1780131197497 0.9749999999999945 30
1780131197499 0.9816666666666611 31
1780131197502 0.9844444444444388 32
1780131197504 0.9872222222222167 33
1780131197506 0.9894444444444389 34
1780131197509 0.9727777777777723 35
1780131197511 0.9872222222222167 36
1780131197513 0.9838888888888834 37
1780131197516 0.969444444444439 38
1780131197518 0.9749999999999945 39
1780131197520 0.984444444444439 40
1780131197523 0.9883333333333277 41
1780131197525 0.9894444444444389 42
1780131197527 0.9872222222222167 43
1780131197529 0.99055555555555 44
1780131197532 0.9788888888888835 45
1780131197534 0.9872222222222167 46
1780131197536 0.9727777777777724 47
1780131197539 0.9899999999999946 48
1780131197541 0.9811111111111057 49
1780131197543 0.9794444444444389 50
1780131197546 0.9761111111111056 51
1780131197548 0.9816666666666611 52
1780131197550 0.9716666666666611 53
1780131197553 0.9872222222222167 54
1780131197555 0.9805555555555501 55
1780131197557 0.9849999999999944 56
1780131197560 0.9822222222222168 57
1780131197562 0.9822222222222168 58
1780131197564 0.9811111111111055 59
1780131197567 0.9911111111111056 60
1780131197569 0.9855555555555501 61
1780131197571 0.9838888888888834 62
1780131197573 0.9872222222222167 63
1780131197576 0.9861111111111056 64
1780131197578 0.9766666666666612 65
1780131197580 0.9811111111111055 66
1780131197583 0.984444444444439 67
1780131197585 0.9844444444444388 68
1780131197587 0.9805555555555502 69
1780131197590 0.98555555555555 70
1780131197592 0.9911111111111056 71
1780131197594 0.9627777777777725 72
1780131197596 0.99055555555555 73
1780131197599 0.9844444444444388 74
1780131197601 0.99055555555555 75
1780131197603 0.9927777777777722 76
1780131197606 0.9927777777777722 77
1780131197608 0.9888888888888834 78
1780131197610 0.9911111111111055 79
1780131197612 0.9799999999999944 80
1780131197615 0.9894444444444389 81
1780131197617 0.9894444444444389 82
1780131197619 0.9927777777777722 83
1780131197622 0.9872222222222167 84
1780131197624 0.9911111111111055 85
1780131197626 0.9894444444444389 86
1780131197629 0.9888888888888834 87
1780131197631 0.9761111111111058 88
1780131197633 0.986666666666661 89
1780131197636 0.9766666666666612 90
1780131197638 0.9838888888888834 91
1780131197640 0.9866666666666613 92
1780131197643 0.9922222222222168 93
1780131197645 0.9899999999999946 94
1780131197647 0.9916666666666611 95
1780131197650 0.9883333333333277 96
1780131197652 0.9827777777777722 97
1780131197654 0.9827777777777722 98
1780131197656 0.9766666666666612 99
1780131197659 0.9888888888888833 100
1780131197661 0.9894444444444389 101
1780131197664 0.9927777777777722 102
1780131197666 0.9805555555555501 103
1780131197669 0.9911111111111055 104
1780131197671 0.9866666666666613 105
1780131197673 0.9911111111111056 106
1780131197676 0.9838888888888835 107
1780131197678 0.9911111111111056 108
1780131197680 0.99055555555555 109
1780131197682 0.9911111111111056 110
1780131197685 0.9894444444444389 111
1780131197687 0.99055555555555 112
1780131197689 0.9861111111111056 113
1780131197692 0.9899999999999946 114
1780131197694 0.9938888888888833 115
1780131197696 0.9888888888888833 116
1780131197698 0.9922222222222166 117
1780131197701 0.9922222222222166 118
1780131197703 0.9877777777777721 119
1780131197705 0.99055555555555 120
1780131197707 0.9894444444444389 121
1780131197710 0.9916666666666611 122
1780131197712 0.9849999999999944 123
1780131197714 0.9899999999999946 124
1780131197717 0.9883333333333277 125
1780131197719 0.9877777777777723 126
1780131197721 0.9894444444444389 127
1780131197723 0.9894444444444389 128
1780131197726 0.9872222222222167 129
1780131197728 0.9883333333333277 130
1780131197731 0.9888888888888834 131
1780131197733 0.9694444444444391 132
1780131197735 0.9861111111111056 133
1780131197738 0.9777777777777722 134
1780131197740 0.9938888888888833 135
1780131197742 0.9899999999999946 136
1780131197744 0.9927777777777722 137
1780131197747 0.9938888888888833 138
1780131197749 0.9883333333333277 139
1780131197751 0.984444444444439 140
1780131197754 0.9899999999999946 141
1780131197756 0.99055555555555 142
1780131197758 0.984444444444439 143
1780131197761 0.9944444444444389 144
1780131197763 0.9899999999999943 145
1780131197765 0.9872222222222167 146
1780131197767 0.9922222222222168 147
1780131197770 0.9922222222222166 148
1780131197772 0.9911111111111055 149
1780131197774 0.9911111111111055 150
1780131197777 0.9877777777777721 151
1780131197779 0.9949999999999944 152
1780131197781 0.99055555555555 153
1780131197783 0.9849999999999944 154
1780131197786 0.9922222222222166 155
1780131197788 0.9938888888888833 156
1780131197790 0.9888888888888834 157
1780131197793 0.9949999999999944 158
1780131197795 0.9911111111111056 159
1780131197797 0.9916666666666611 160
1780131197800 0.99055555555555 161
1780131197802 0.9972222222222167 162
1780131197804 0.9938888888888833 163
1780131197806 0.9916666666666611 164
1780131197809 0.9961111111111055 165
1780131197811 0.9933333333333276 166
1780131197813 0.9933333333333279 167
1780131197816 0.996666666666661 168
1780131197818 0.9927777777777722 169
1780131197820 0.9966666666666611 170
1780131197822 0.99055555555555 171
1780131197825 0.9916666666666611 172
1780131197827 0.9949999999999944 173
1780131197829 0.9972222222222167 174
1780131197832 0.9944444444444389 175
1780131197834 0.9899999999999943 176
1780131197836 0.9933333333333279 177
1780131197838 0.9938888888888833 178
1780131197841 0.9933333333333279 179
1780131197843 0.9972222222222167 180
1780131197845 0.9977777777777723 181
1780131197848 0.9944444444444388 182
1780131197850 0.9933333333333279 183
1780131197852 0.9877777777777723 184
1780131197854 0.9955555555555501 185
1780131197857 0.9916666666666611 186
1780131197859 0.9961111111111055 187
1780131197861 0.9949999999999944 188
1780131197864 0.9955555555555501 189
1780131197866 0.9949999999999944 190
1780131197868 0.9955555555555501 191
1780131197871 0.99055555555555 192
1780131197873 0.9927777777777722 193
1780131197875 0.9944444444444389 194
1780131197877 0.9894444444444389 195
1780131197880 0.9927777777777722 196
1780131197882 0.9933333333333279 197
1780131197884 0.9933333333333276 198
1780131197886 0.9927777777777722 199
1780131197889 0.9916666666666611 200
1780131197901 0.9961111111111055 201
1780131197903 0.9894444444444389 202
1780131197905 0.9938888888888833 203
1780131197908 0.9977777777777721 204
1780131197910 0.9977777777777723 205
1780131197912 0.9977777777777723 206
1780131197915 0.9988888888888832 207
1780131197917 0.9966666666666611 208
1780131197919 0.9961111111111055 209
1780131197922 0.9972222222222167 210
1780131197924 0.9972222222222167 211
1780131197926 0.9983333333333277 212
1780131197929 0.9938888888888833 213
1780131197931 0.9927777777777722 214
1780131197934 0.9938888888888833 215
1780131197936 0.9961111111111055 216
1780131197938 0.9955555555555501 217
1780131197940 0.9988888888888834 218
1780131197943 0.996666666666661 219
1780131197945 0.9933333333333279 220
1780131197947 0.9977777777777723 221
1780131197950 0.9944444444444389 222
1780131197952 0.9911111111111056 223
1780131197954 0.9933333333333276 224
1780131197957 0.9972222222222167 225
1780131197959 0.9944444444444389 226
1780131197961 0.9972222222222167 227
1780131197964 0.9966666666666611 228
1780131197966 0.9961111111111055 229
1780131197968 0.9972222222222167 230
1780131197971 0.9955555555555501 231
1780131197973 0.9949999999999944 232
1780131197975 0.9983333333333277 233
1780131197978 0.9966666666666611 234
1780131197980 0.9961111111111055 235
1780131197982 0.9933333333333276 236
1780131197985 0.9977777777777721 237
1780131197987 0.996666666666661 238
1780131197989 0.9944444444444389 239
1780131197992 0.9944444444444389 240
1780131197994 0.9983333333333277 241
1780131197996 0.9938888888888833 242
1780131197998 0.9977777777777723 243
1780131198001 0.9977777777777721 244
1780131198003 0.9949999999999944 245
1780131198005 0.984444444444439 246
1780131198008 0.9938888888888833 247
1780131198010 0.9944444444444388 248
1780131198012 0.9938888888888833 249
1780131198014 0.9944444444444389 250
1780131198017 0.9944444444444388 251
1780131198019 0.9955555555555501 252
1780131198021 0.9961111111111055 253
1780131198024 0.9944444444444389 254
1780131198026 0.9961111111111055 255
1780131198028 0.9955555555555501 256
1780131198030 0.9961111111111055 257
1780131198033 0.9861111111111056 258
1780131198035 0.9972222222222167 259
1780131198037 0.9922222222222168 260
1780131198040 0.9866666666666613 261
1780131198042 0.9972222222222167 262
1780131198044 0.9955555555555499 263
1780131198046 0.99055555555555 264
1780131198049 0.9972222222222167 265
1780131198051 0.9966666666666611 266
1780131198053 0.9944444444444388 267
1780131198055 0.9927777777777722 268
1780131198058 0.9955555555555501 269
1780131198060 0.9944444444444389 270
1780131198062 0.9927777777777722 271
1780131198065 0.9938888888888833 272
1780131198067 0.9949999999999944 273
1780131198069 0.9961111111111055 274
1780131198071 0.9955555555555499 275
1780131198074 0.9961111111111055 276
1780131198076 0.9916666666666611 277
1780131198083 0.9955555555555501 278
1780131198085 0.9777777777777723 279
1780131198088 0.9949999999999944 280
1780131198090 0.9977777777777723 281
1780131198092 0.9955555555555499 282
1780131198095 0.9977777777777721 283
1780131198097 0.9977777777777721 284
1780131198099 0.9955555555555501 285
1780131198102 0.996666666666661 286
1780131198104 0.9955555555555499 287
1780131198106 0.9949999999999944 288
1780131198109 0.9927777777777722 289
1780131198111 0.9949999999999944 290
1780131198113 0.996666666666661 291
1780131198116 0.9927777777777722 292
1780131198118 0.9938888888888833 293
1780131198120 0.9938888888888833 294
1780131198123 0.9933333333333279 295
1780131198125 0.9805555555555502 296
1780131198127 0.9888888888888833 297
1780131198130 0.9938888888888833 298
1780131198132 0.9877777777777723 299
1780131198134 0.9972222222222167 300
1780131198137 0.9977777777777723 301
1780131198139 0.9961111111111055 302
1780131198141 0.9949999999999944 303
1780131198144 0.9944444444444388 304
1780131198146 0.9927777777777722 305
1780131198148 0.9933333333333276 306
1780131198151 0.984444444444439 307
1780131198153 0.9944444444444389 308
1780131198155 0.9961111111111055 309
1780131198158 0.9938888888888833 310
1780131198160 0.99055555555555 311
1780131198163 0.9961111111111055 312
1780131198165 0.9922222222222168 313
