1780242421313 0.0 0
1780242421315 0.8994444444444394 1
1780242421317 0.9033333333333283 2
1780242421318 0.9283333333333281 3
1780242421320 0.9422222222222171 4
1780242421322 0.9427777777777726 5
1780242421323 0.9611111111111057 6
1780242421325 0.9622222222222169 7
1780242421327 0.9649999999999948 8
1780242421328 0.9722222222222168 9
1780242421330 0.9838888888888834 10
1780242421332 0.968333333333328 11
1780242421334 0.9755555555555502 12
1780242421335 0.9777777777777723 13
1780242421337 0.9799999999999944 14
1780242421339 0.9922222222222168 15
1780242421340 0.9877777777777721 16
1780242421342 0.9827777777777722 17
1780242421344 0.9883333333333277 18
1780242421346 0.9849999999999944 19
1780242421347 0.9849999999999944 20
1780242421349 0.9844444444444388 21
1780242421351 0.9916666666666611 22
1780242421352 0.9922222222222168 23
1780242421354 0.9711111111111057 24
1780242421356 0.9883333333333277 25
1780242421357 0.99055555555555 26
1780242421359 0.984444444444439 27
1780242421361 0.9888888888888834 28
1780242421362 0.9783333333333278 29
1780242421364 0.9899999999999943 30
1780242421366 0.9899999999999946 31
1780242421368 0.9922222222222168 32
1780242421369 0.9822222222222168 33
1780242421371 0.9816666666666611 34
1780242421373 0.9738888888888836 35
1780242421374 0.9822222222222168 36
1780242421376 0.9783333333333278 37
1780242421378 0.9516666666666612 38
1780242421379 0.9894444444444389 39
1780242421381 0.9816666666666611 40
1780242421383 0.99055555555555 41
1780242421385 0.9738888888888834 42
1780242421386 0.9861111111111056 43
1780242421388 0.9922222222222166 44
1780242421389 0.9616666666666612 45
1780242421391 0.9633333333333279 46
1780242421393 0.9916666666666611 47
1780242421395 0.9916666666666611 48
1780242421396 0.9944444444444388 49
1780242421398 0.9849999999999947 50
1780242421400 0.9799999999999945 51
1780242421401 0.9811111111111057 52
1780242421403 0.9838888888888834 53
1780242421405 0.9916666666666611 54
1780242421407 0.9816666666666611 55
1780242421408 0.9911111111111056 56
1780242421410 0.9933333333333279 57
1780242421412 0.9938888888888833 58
1780242421413 0.9855555555555501 59
1780242421415 0.9899999999999946 60
1780242421417 0.9927777777777722 61
1780242421418 0.98555555555555 62
1780242421420 0.9899999999999946 63
1780242421422 0.9922222222222168 64
1780242421424 0.9866666666666613 65
1780242421426 0.9888888888888834 66
1780242421427 0.9866666666666613 67
1780242421429 0.9916666666666611 68
1780242421431 0.9883333333333277 69
1780242421433 0.9833333333333278 70
1780242421434 0.9633333333333282 71
1780242421436 0.9894444444444389 72
1780242421438 0.9938888888888833 73
1780242421439 0.9938888888888833 74
1780242421441 0.9861111111111056 75
1780242421443 0.9922222222222168 76
1780242421444 0.9938888888888833 77
1780242421446 0.9927777777777722 78
1780242421448 0.9949999999999944 79
1780242421449 0.9944444444444389 80
1780242421451 0.9933333333333279 81
1780242421453 0.9861111111111056 82
1780242421455 0.9849999999999944 83
1780242421456 0.9883333333333277 84
1780242421458 0.99055555555555 85
1780242421460 0.9894444444444389 86
1780242421461 0.9872222222222167 87
1780242421463 0.968333333333328 88
1780242421464 0.9861111111111056 89
1780242421466 0.9922222222222168 90
1780242421468 0.9849999999999944 91
1780242421469 0.9744444444444389 92
1780242421471 0.9949999999999944 93
1780242421473 0.9894444444444389 94
1780242421475 0.9861111111111056 95
1780242421476 0.9911111111111055 96
1780242421478 0.9949999999999944 97
1780242421480 0.9955555555555501 98
1780242421481 0.9899999999999946 99
1780242421483 0.9944444444444388 100
1780242421485 0.9799999999999945 101
1780242421486 0.9888888888888834 102
1780242421488 0.9816666666666614 103
1780242421490 0.9933333333333276 104
1780242421491 0.9949999999999944 105
1780242421493 0.9899999999999946 106
1780242421495 0.9894444444444389 107
1780242421497 0.9922222222222166 108
1780242421498 0.9977777777777721 109
1780242421500 0.9894444444444389 110
1780242421502 0.9872222222222167 111
1780242421503 0.9944444444444389 112
1780242421505 0.9933333333333279 113
1780242421507 0.9922222222222168 114
1780242421509 0.99055555555555 115
1780242421510 0.9855555555555501 116
1780242421512 0.9922222222222166 117
1780242421514 0.9899999999999943 118
1780242421515 0.9961111111111055 119
1780242421517 0.9855555555555501 120
1780242421519 0.9894444444444389 121
1780242421520 0.9849999999999944 122
1780242421522 0.99055555555555 123
1780242421524 0.9949999999999944 124
1780242421525 0.9799999999999945 125
1780242421527 0.9933333333333276 126
1780242421529 0.9944444444444389 127
1780242421530 0.9916666666666611 128
1780242421532 0.9877777777777721 129
1780242421534 0.9883333333333277 130
1780242421535 0.9938888888888833 131
1780242421537 0.9922222222222166 132
1780242421539 0.9727777777777723 133
1780242421540 0.9949999999999944 134
1780242421542 0.9899999999999943 135
1780242421544 0.9944444444444389 136
1780242421545 0.9927777777777722 137
1780242421547 0.9927777777777722 138
1780242421549 0.9899999999999946 139
1780242421550 0.99055555555555 140
1780242421552 0.9911111111111055 141
1780242421554 0.9949999999999944 142
1780242421555 0.9899999999999946 143
1780242421557 0.9866666666666613 144
1780242421559 0.9961111111111055 145
1780242421560 0.9927777777777722 146
1780242421562 0.9949999999999944 147
1780242421564 0.9988888888888834 148
1780242421565 0.9944444444444388 149
1780242421567 0.9938888888888833 150
1780242421569 0.99055555555555 151
1780242421570 0.9899999999999943 152
1780242421572 0.9861111111111056 153
1780242421574 0.9944444444444389 154
1780242421576 0.9916666666666611 155
1780242421577 0.99055555555555 156
1780242421579 0.9916666666666611 157
1780242421581 0.9966666666666611 158
1780242421582 0.9949999999999944 159
1780242421584 0.9927777777777722 160
1780242421586 0.9883333333333277 161
1780242421587 0.9911111111111055 162
1780242421589 0.9955555555555499 163
1780242421591 0.9933333333333276 164
1780242421592 0.9961111111111055 165
1780242421594 0.9938888888888833 166
1780242421596 0.9949999999999944 167
1780242421597 0.9922222222222166 168
1780242421599 0.9955555555555499 169
1780242421600 0.9949999999999944 170
1780242421602 0.9977777777777723 171
1780242421604 0.9949999999999944 172
1780242421606 0.9944444444444388 173
1780242421607 0.9977777777777723 174
1780242421609 0.9877777777777721 175
1780242421611 0.9916666666666611 176
1780242421612 0.9883333333333277 177
1780242421614 0.9944444444444389 178
1780242421616 0.9966666666666611 179
1780242421617 0.9983333333333277 180
1780242421619 0.9972222222222167 181
1780242421621 0.9933333333333276 182
1780242421622 0.9933333333333279 183
1780242421624 0.9938888888888833 184
1780242421626 0.9972222222222167 185
1780242421627 0.9955555555555499 186
1780242421629 0.9961111111111055 187
1780242421631 0.9933333333333276 188
1780242421632 0.9927777777777722 189
1780242421634 0.9944444444444389 190
1780242421636 0.9938888888888833 191
1780242421637 0.9961111111111055 192
1780242421639 0.9938888888888833 193
1780242421640 0.9933333333333276 194
1780242421642 0.9933333333333276 195
1780242421644 0.9922222222222168 196
1780242421645 0.9988888888888834 197
1780242421647 0.9949999999999944 198
1780242421649 0.9955555555555499 199
1780242421650 0.9961111111111055 200
1780242421652 0.9966666666666611 201
1780242421654 0.9944444444444389 202
1780242421655 0.9966666666666611 203
1780242421657 0.9949999999999944 204
1780242421659 0.9972222222222167 205
1780242421660 0.9955555555555499 206
1780242421662 0.9961111111111055 207
1780242421664 0.9983333333333277 208
1780242421665 0.9949999999999944 209
1780242421667 0.9966666666666611 210
1780242421669 0.9966666666666611 211
1780242421670 0.9955555555555499 212
1780242421672 0.996666666666661 213
1780242421674 0.9949999999999944 214
1780242421676 0.9949999999999944 215
1780242421677 0.9988888888888834 216
1780242421679 0.9972222222222167 217
1780242421681 0.9983333333333277 218
1780242421682 0.9988888888888834 219
1780242421684 0.9972222222222167 220
1780242421686 0.9927777777777722 221
1780242421687 0.9977777777777721 222
1780242421689 0.9961111111111055 223
1780242421691 0.9972222222222167 224
1780242421692 0.9961111111111055 225
1780242421694 0.9972222222222167 226
1780242421696 0.9811111111111057 227
1780242421697 0.9955555555555499 228
1780242421699 0.9949999999999944 229
1780242421701 0.9972222222222167 230
1780242421702 0.9961111111111055 231
1780242421704 0.9955555555555499 232
1780242421706 0.9961111111111055 233
1780242421707 0.9944444444444388 234
1780242421709 0.9938888888888833 235
1780242421711 0.9977777777777721 236
1780242421713 0.9961111111111055 237
1780242421714 0.9966666666666611 238
1780242421716 0.9961111111111055 239
1780242421718 0.9961111111111055 240
1780242421719 0.9972222222222167 241
1780242421721 0.9944444444444389 242
1780242421723 0.9955555555555499 243
1780242421724 0.9944444444444389 244
1780242421726 0.9983333333333277 245
1780242421727 0.9972222222222167 246
1780242421729 0.9972222222222167 247
1780242421731 0.9955555555555501 248
1780242421732 0.9855555555555501 249
1780242421734 0.9966666666666611 250
1780242421736 0.9949999999999944 251
1780242421737 0.9988888888888834 252
1780242421739 0.9966666666666611 253
1780242421741 0.9849999999999944 254
1780242421742 0.9972222222222167 255
1780242421744 0.9972222222222167 256
1780242421746 0.9927777777777722 257
1780242421747 0.9977777777777723 258
1780242421749 0.9961111111111055 259
1780242421751 0.9983333333333277 260
1780242421752 0.9966666666666611 261
1780242421754 0.9983333333333277 262
1780242421756 0.9949999999999944 263
1780242421758 0.9977777777777723 264
1780242421759 0.9944444444444389 265
1780242421761 0.9977777777777723 266
1780242421762 0.9972222222222167 267
1780242421764 0.9988888888888834 268
1780242421766 0.9988888888888834 269
1780242421767 0.9955555555555499 270
1780242421769 0.9983333333333277 271
1780242421771 0.9944444444444389 272
1780242421772 0.9961111111111055 273
1780242421774 0.9966666666666611 274
1780242421776 0.9977777777777721 275
1780242421777 0.9938888888888833 276
1780242421779 0.9977777777777723 277
1780242421781 0.9938888888888833 278
1780242421782 0.9716666666666611 279
1780242421784 0.9861111111111056 280
1780242421786 0.9938888888888833 281
1780242421787 0.9933333333333279 282
1780242421789 0.9961111111111055 283
1780242421791 0.9977777777777723 284
1780242421792 0.9983333333333277 285
1780242421794 0.9983333333333277 286
1780242421796 0.9955555555555501 287
1780242421797 0.9949999999999944 288
1780242421799 0.9961111111111055 289
1780242421801 0.9949999999999944 290
1780242421803 0.9883333333333277 291
1780242421804 0.9966666666666611 292
1780242421806 0.9977777777777723 293
1780242421808 0.9983333333333277 294
1780242421809 0.9961111111111055 295
1780242421811 0.9944444444444389 296
1780242421813 0.9977777777777721 297
1780242421815 0.9988888888888832 298
1780242421816 0.9944444444444389 299
1780242421818 0.9961111111111055 300
1780242421820 0.9983333333333277 301
1780242421821 0.9961111111111055 302
1780242421823 0.9938888888888833 303
1780242421825 0.9961111111111055 304
1780242421827 0.996666666666661 305
1780242421828 0.996666666666661 306
1780242421830 0.9961111111111055 307
1780242421832 0.9977777777777723 308
1780242421833 0.9972222222222167 309
1780242421835 0.9977777777777723 310
1780242421837 0.9955555555555501 311
1780242421838 0.9966666666666611 312
1780242421840 0.9977777777777723 313
