1780272163462 0.0 0
1780272163464 0.365 1
1780272163466 0.7961573891301488 2
1780272163468 0.8862508858965272 3
1780272163470 0.8771850512356841 4
1780272163472 0.8857142857142857 5
1780272163474 0.8786764705882353 6
1780272163476 0.8006824568446407 7
1780272163478 0.9311330561330562 8
1780272163480 0.8886535746374021 9
1780272163482 0.9312011044638748 10
1780272163484 0.9210422424003157 11
1780272163485 0.9315257352941176 12
1780272163487 0.8874080882352942 13
1780272163489 0.8794667551720323 14
1780272163491 0.90405708220309 15
1780272163493 0.9537037037037037 16
1780272163495 0.8972891169890775 17
1780272163496 0.9287275376396309 18
1780272163498 0.9407894736842105 19
1780272163500 0.8737578211262422 20
1780272163502 0.94375 21
1780272163504 0.9126373626373627 22
1780272163506 0.9057584982242517 23
1780272163507 0.8764044943820224 24
1780272163509 0.9566885964912281 25
1780272163511 0.905680224403927 26
1780272163513 0.9325552687689374 27
1780272163514 0.9209979209979211 28
1780272163516 0.7847117794486216 29
1780272163518 0.9660360659364975 30
1780272163519 0.8901633646159194 31
1780272163521 0.9221491228070176 32
1780272163523 0.9020805065581186 33
1780272163525 0.9416666666666667 34
1780272163526 0.9611285266457681 35
1780272163528 0.9289642015486477 36
1780272163530 0.9235294117647059 37
1780272163532 0.9315100514258999 38
1780272163534 0.9266666666666667 39
1780272163535 0.9420692851349786 40
1780272163537 0.9102564102564102 41
1780272163539 0.9437012263099219 42
1780272163541 0.9294478527607362 43
1780272163543 0.9454365079365079 44
1780272163545 0.9078369905956112 45
1780272163547 0.9181818181818182 46
1780272163548 0.9332468451468333 47
1780272163550 0.8273182957393483 48
1780272163552 0.8179386395894748 49
1780272163554 0.9012870325400679 50
1780272163555 0.9466666666666667 51
1780272163557 0.9243727598566308 52
1780272163559 0.9404388714733543 53
1780272163561 0.6699346405228759 54
1780272163563 0.8892931392931394 55
1780272163565 0.9473614949335438 56
1780272163566 0.9501096491228069 57
1780272163568 0.921875 58
1780272163570 0.9423796166432912 59
1780272163572 0.9058118498417006 60
1780272163573 0.9401862866120525 61
1780272163575 0.9197802197802198 62
1780272163577 0.9196581196581197 63
1780272163579 0.9604395604395605 64
1780272163581 0.8522273756876281 65
1780272163582 0.9300281876968994 66
1780272163584 0.9042735042735043 67
1780272163586 0.9459263291598621 68
1780272163588 0.9538097118041848 69
1780272163589 0.8560606060606061 70
1780272163591 0.9519143531119579 71
1780272163593 0.9561680427391938 72
1780272163595 0.8734939759036144 73
1780272163619 0.9130434782608696 74
1780272163622 0.934186801298233 75
1780272163624 0.8486842105263157 76
1780272163626 0.9281683229051649 77
1780272163628 0.9308461639689433 78
1780272163630 0.9651529868868383 79
1780272163632 0.9471958389868838 80
1780272163634 0.9283129805517865 81
1780272163636 0.9619047619047619 82
1780272163638 0.9195867026055705 83
1780272163640 0.9189785624211854 84
1780272163642 0.8789719052876948 85
1780272163644 0.9598566308243728 86
1780272163646 0.9460028050490883 87
1780272163648 0.9684701263648632 88
1780272163650 0.9456303809411488 89
1780272163652 0.9437797208160761 90
1780272163654 0.9532491818606825 91
1780272163656 0.9625668449197862 92
1780272163658 0.9246143057503506 93
1780272163659 0.9328340606203562 94
1780272163661 0.912568306010929 95
1780272163663 0.9344650611922621 96
1780272163665 0.9233128834355828 97
1780272163667 0.9721832632071061 98
1780272163669 0.9508835758835759 99
1780272163671 0.9191782673334234 100
1780272163673 0.9514033264033264 101
1780272163675 0.8616582144120769 102
1780272163676 0.941692789968652 103
1780272163678 0.9057142857142857 104
1780272163680 0.9561136478944698 105
1780272163682 0.9437645687645688 106
1780272163684 0.9549538610976203 107
1780272163686 0.9607142857142856 108
1780272163688 0.9565322972316659 109
1780272163689 0.9539877300613497 110
1780272163691 0.9228395061728395 111
1780272163693 0.9483870967741935 112
1780272163695 0.8980422219601368 113
1780272163697 0.9511904761904761 114
1780272163699 0.9154761904761906 115
1780272163700 0.9684701263648632 116
1780272163702 0.8735144312393888 117
1780272163704 0.9448250991705733 118
1780272163706 0.9499945408887434 119
1780272163708 0.9622192720433677 120
1780272163709 0.8385416666666667 121
1780272163711 0.9540842212075089 122
1780272163713 0.9300356506238859 123
1780272163715 0.9146270396270396 124
1780272163716 0.9024522178146412 125
1780272163718 0.9467495607514529 126
1780272163720 0.9150177574835109 127
1780272163722 0.8920388554534896 128
1780272163723 0.9507836990595611 129
1780272163725 0.965372907153729 130
1780272163727 0.974012474012474 131
1780272163729 0.9502299799504659 132
1780272163730 0.9500057930714865 133
1780272163732 0.935161329898172 134
1780272163734 0.9530111704711024 135
1780272163736 0.9530695078640284 136
1780272163737 0.9299999999999999 137
1780272163739 0.9664031620553359 138
1780272163741 0.9334283602576285 139
1780272163743 0.9554633970429138 140
1780272163745 0.9210526315789473 141
1780272163746 0.9566666666666667 142
1780272163748 0.9630263002712585 143
1780272163750 0.9805194805194806 144
1780272163752 0.9901960784313726 145
1780272163753 0.943087318087318 146
1780272163755 0.9594291779691001 147
1780272163757 0.8461499338826162 148
1780272163759 0.9593253968253967 149
1780272163761 0.9664031620553359 150
1780272163764 0.9187410111738024 151
1780272163766 0.9632560422034107 152
1780272163769 0.9757163671685285 153
1780272163772 0.9633333333333334 154
1780272163774 0.9267848470131131 155
1780272163777 0.9767732596394263 156
1780272163779 0.963877338877339 157
1780272163781 0.9547619047619047 158
1780272163784 0.9507836990595611 159
1780272163786 0.932952182952183 160
1780272163788 0.9430357353461493 161
1780272163790 0.9528301886792453 162
1780272163792 0.9257142857142857 163
1780272163793 0.967948717948718 164
1780272163795 0.949147343884186 165
1780272163797 0.8780381944444444 166
1780272163799 0.8721227621483376 167
1780272163800 0.96875 168
1780272163802 0.9527051895472948 169
1780272163804 0.9599792099792099 170
1780272163806 0.9133639043563708 171
1780272163808 0.9590017825311943 172
1780272163809 0.9334969611968209 173
1780272163811 0.9689655172413794 174
1780272163827 0.18146085817228955 175
1780272163829 0.24242424242424243 176
1780272163831 0.6428155904595696 177
1780272163833 0.2562814070351759 178
1780272163835 0.7192221150755385 179
1780272163836 0.7611111111111111 180
1780272163838 0.7290995551464948 181
1780272163840 0.7948273649082275 182
1780272163844 0.786624203821656 183
1780272163846 0.7302878598247811 184
1780272163847 0.782554298868982 185
1780272163853 0.78725452445129 186
1780272163857 0.7401253918495299 187
1780272163859 0.7272727272727273 188
1780272163861 0.8154618683962758 189
1780272163863 0.8111111111111111 190
1780272163865 0.8516009852216748 191
1780272163866 0.7494454527122404 192
1780272163868 0.7602495543672014 193
1780272163870 0.8613333333333333 194
1780272163872 0.7698209718670077 195
1780272163873 0.7349726775956285 196
1780272163875 0.8415690001055854 197
1780272163877 0.8144654088050314 198
1780272163879 0.8186349303224494 199
1780272163880 0.7666666666666666 200
1780272163882 0.7738095238095238 201
1780272163884 0.7868325973504617 202
1780272163886 0.7924528301886793 203
1780272163888 0.8596059113300492 204
1780272163889 0.8291560102301789 205
1780272163891 0.7837483617300132 206
1780272163893 0.8373333333333333 207
1780272163896 0.82953181272509 208
1780272163899 0.8506433823529411 209
1780272163901 0.812099358974359 210
1780272163904 0.8277560044216661 211
1780272163906 0.8551054154609343 212
1780272163908 0.8201754385964912 213
1780272163911 0.8435114503816794 214
1780272163915 0.8253676470588236 215
1780272163917 0.8623188405797102 216
1780272163920 0.7875351264552388 217
1780272163924 0.7686868686868686 218
1780272163926 0.8734015345268542 219
1780272163927 0.8344594594594594 220
1780272163929 0.7748538011695907 221
1780272163931 0.8388798701298701 222
1780272163933 0.8448397146015476 223
1780272163935 0.8812500000000001 224
1780272163937 0.8506493506493507 225
1780272163939 0.7701298701298701 226
1780272163941 0.8450520833333333 227
1780272163943 0.8403519479198454 228
1780272163945 0.867573846664454 229
1780272163947 0.8051305130513051 230
1780272163949 0.8500000000000001 231
1780272163951 0.8553793657165797 232
1780272163953 0.7822906430833061 233
1780272163955 0.8501651486337704 234
1780272163957 0.9002506265664161 235
1780272163960 0.7651909722222222 236
1780272163962 0.8599837662337663 237
1780272163964 0.7716049382716049 238
1780272163966 0.8192982456140351 239
1780272163968 0.8040865384615384 240
1780272163970 0.8180224403927069 241
1780272163971 0.8336397058823529 242
1780272163973 0.8402166211154976 243
1780272163975 0.8334345581536593 244
1780272163977 0.8369047619047618 245
1780272163978 0.8268542199488491 246
1780272163980 0.8580085162135604 247
1780272163983 0.8226308913677017 248
1780272163985 0.8904335289877459 249
1780272163987 0.7850167836435764 250
1780272163988 0.8458040512608516 251
1780272163990 0.8191707717569787 252
1780272163992 0.8482142857142857 253
1780272163994 0.8246922230007006 254
1780272163995 0.8754516258530711 255
1780272163997 0.7994350282485876 256
1780272163999 0.7987804878048781 257
1780272164001 0.8496925897961385 258
1780272164003 0.7823464912280702 259
1780272164004 0.8426332288401254 260
1780272164006 0.8057644110275689 261
1780272164008 0.8653333333333333 262
1780272164010 0.8772079772079773 263
1780272164011 0.9050620248099239 264
1780272164013 0.8548942200627594 265
1780272164015 0.8854961832061068 266
1780272164016 0.8526519510409039 267
1780272164018 0.8196202531645569 268
1780272164020 0.8526672740155886 269
1780272164022 0.8565837013247692 270
1780272164023 0.8890061300371822 271
1780272164025 0.8228609625668449 272
1780272164027 0.867816091954023 273
1780272164029 0.7987132352941176 274
1780272164030 0.847623089983022 275
1780272164032 0.8389434315100515 276
1780272164034 0.8561397951641854 277
1780272164036 0.8655717125222304 278
1780272164037 0.8279059249208502 279
1780272164039 0.8603896103896104 280
1780272164041 0.8643048128342246 281
1780272164043 0.8873152709359606 282
1780272164045 0.8440152801358234 283
1780272164046 0.8478173202943845 284
1780272164048 0.830995398945124 285
1780272164050 0.8440000000000001 286
1780272164052 0.8916666666666666 287
1780272164054 0.8633038541325472 288
1780272164056 0.8195187165775402 289
1780272164058 0.8434328208220279 290
1780272164060 0.786624203821656 291
1780272164062 0.8132348182504584 292
1780272164063 0.894703656998739 293
1780272164065 0.8 294
1780272164067 0.8707110376188507 295
1780272164069 0.8982082174853259 296
1780272164071 0.8875868055555556 297
1780272164073 0.8604395604395605 298
1780272164075 0.8805546457036795 299
1780272164076 0.7612359550561798 300
1780272164078 0.8278671930357324 301
1780272164080 0.8905548755609956 302
1780272164082 0.9016393442622951 303
1780272164084 0.8805233805233805 304
1780272164086 0.8608659100462379 305
1780272164088 0.8110640482608138 306
1780272164090 0.8794563279857397 307
1780272164092 0.8659420289855073 308
1780272164094 0.8360000000000001 309
1780272164096 0.843943778420835 310
1780272164098 0.8724832214765101 311
1780272164099 0.8336384904892686 312
1780272164101 0.871044714181969 313
1780272164103 0.8509403761504601 314
1780272164105 0.8889736547655376 315
1780272164106 0.8559253246753247 316
1780272164108 0.8944550095085577 317
1780272164110 0.8142992296256251 318
1780272164112 0.7844438170525128 319
1780272164114 0.8485243055555556 320
1780272164115 0.8552672227371022 321
1780272164117 0.8499320012553615 322
1780272164119 0.8693094629156011 323
1780272164121 0.9035353535353536 324
1780272164123 0.845780051150895 325
1780272164124 0.881294964028777 326
1780272164126 0.8495105554900342 327
1780272164128 0.8136290646326776 328
1780272164130 0.8251748251748252 329
1780272164132 0.8553355335533552 330
1780272164133 0.7714285714285715 331
1780272164135 0.8416666666666667 332
1780272164137 0.8373530298462466 333
1780272164139 0.8845834630148355 334
1780272164141 0.8723832528180354 335
1780272164142 0.887138296776851 336
1780272164144 0.8287836210357287 337
1780272164146 0.867816091954023 338
1780272164148 0.8789774565850501 339
1780272164150 0.8591549295774648 340
1780272164152 0.9061969439728353 341
1780272164153 0.88 342
1780272164155 0.905 343
1780272164157 0.8289302983842435 344
1780272164159 0.8337413300693595 345
1780272164161 0.8612913191226443 346
1780272164162 0.8289828497465215 347
1780272164164 0.866015132408575 348
