1779431371919 0.0 0
1779431371926 0.09 1
1779431371929 0.12 2
1779431371931 0.315 3
1779431371933 0.405 4
1779431371936 0.385 5
1779431371938 0.405 6
1779431371940 0.405 7
1779431371943 0.45 8
1779431371945 0.305 9
1779431371947 0.445 10
1779431371949 0.43 11
1779431371952 0.43 12
1779431371954 0.385 13
1779431371956 0.345 14
1779431371959 0.24 15
1779431371961 0.385 16
1779431371963 0.37 17
1779431371965 0.345 18
1779431371968 0.35 19
1779431371970 0.335 20
1779431371972 0.4 21
1779431371975 0.41 22
1779431371977 0.37 23
1779431371979 0.445 24
1779431371982 0.32 25
1779431371984 0.385 26
1779431371986 0.405 27
1779431371988 0.455 28
1779431371991 0.37 29
1779431371993 0.405 30
1779431371995 0.46 31
1779431371998 0.365 32
1779431372000 0.37 33
1779431372002 0.42 34
1779431372005 0.41 35
1779431372007 0.335 36
1779431372009 0.325 37
1779431372011 0.38 38
1779431372014 0.32 39
1779431372016 0.315 40
1779431372018 0.345 41
1779431372020 0.44 42
1779431372023 0.385 43
1779431372025 0.4 44
1779431372027 0.4 45
1779431372030 0.45 46
1779431372032 0.295 47
1779431372034 0.415 48
1779431372037 0.39 49
1779431372039 0.44 50
1779431372041 0.39 51
1779431372044 0.435 52
1779431372046 0.45 53
1779431372048 0.385 54
1779431372050 0.34 55
1779431372053 0.415 56
1779431372055 0.35 57
1779431372057 0.495 58
1779431372060 0.47 59
1779431372062 0.42 60
1779431372064 0.44 61
1779431372066 0.395 62
1779431372069 0.415 63
1779431372071 0.46 64
1779431372073 0.46 65
1779431372075 0.37 66
1779431372078 0.3 67
1779431372080 0.305 68
1779431372082 0.355 69
1779431372084 0.435 70
1779431372087 0.29 71
1779431372089 0.325 72
1779431372091 0.345 73
1779431372093 0.41 74
1779431372096 0.455 75
1779431372098 0.36 76
1779431372100 0.41 77
1779431372102 0.52 78
1779431372105 0.475 79
1779431372107 0.44 80
1779431372109 0.425 81
1779431372111 0.39 82
1779431372113 0.325 83
1779431372116 0.36 84
1779431372118 0.355 85
1779431372120 0.405 86
1779431372123 0.435 87
1779431372125 0.37 88
1779431372127 0.41 89
1779431372129 0.4 90
1779431372131 0.335 91
1779431372134 0.395 92
1779431372136 0.26 93
1779431372138 0.35 94
1779431372140 0.385 95
1779431372143 0.325 96
1779431372145 0.44 97
1779431372147 0.335 98
1779431372149 0.445 99
1779431372152 0.4 100
1779431372154 0.32 101
1779431372156 0.415 102
1779431372158 0.48 103
1779431372160 0.43 104
1779431372162 0.36 105
1779431372165 0.51 106
1779431372167 0.415 107
1779431372169 0.35 108
1779431372171 0.415 109
1779431372173 0.375 110
1779431372176 0.32 111
1779431372178 0.37 112
1779431372180 0.415 113
1779431372182 0.37 114
1779431372184 0.385 115
1779431372186 0.33 116
1779431372189 0.415 117
1779431372191 0.36 118
1779431372193 0.375 119
1779431372195 0.35 120
1779431372197 0.42 121
1779431372200 0.42 122
1779431372202 0.39 123
1779431372204 0.44 124
1779431372206 0.37 125
1779431372208 0.43 126
1779431372211 0.3 127
1779431372213 0.505 128
1779431372215 0.285 129
1779431372217 0.465 130
1779431372220 0.4 131
1779431372222 0.4 132
1779431372224 0.39 133
1779431372226 0.395 134
1779431372229 0.38 135
1779431372231 0.43 136
1779431372233 0.43 137
1779431372235 0.325 138
1779431372238 0.3 139
1779431372240 0.42 140
1779431372242 0.405 141
1779431372244 0.37 142
1779431372246 0.45 143
1779431372248 0.34 144
1779431372251 0.31 145
1779431372253 0.335 146
1779431372255 0.405 147
1779431372257 0.39 148
1779431372259 0.31 149
1779431372262 0.405 150
1779431372264 0.31 151
1779431372266 0.43 152
1779431372268 0.37 153
1779431372271 0.46 154
1779431372273 0.395 155
1779431372275 0.4 156
1779431372277 0.34 157
1779431372280 0.445 158
1779431372282 0.43 159
1779431372284 0.375 160
1779431372286 0.35 161
1779431372288 0.51 162
1779431372291 0.385 163
1779431372293 0.435 164
1779431372295 0.37 165
1779431372297 0.355 166
1779431372299 0.36 167
1779431372301 0.325 168
1779431372304 0.41 169
1779431372306 0.455 170
1779431372308 0.395 171
1779431372310 0.39 172
1779431372312 0.35 173
1779431372315 0.455 174
1779431372317 0.335 175
1779431372319 0.425 176
1779431372321 0.43 177
1779431372323 0.485 178
1779431372326 0.36 179
1779431372328 0.385 180
1779431372330 0.395 181
1779431372332 0.41 182
1779431372334 0.31 183
1779431372337 0.375 184
1779431372339 0.45 185
1779431372341 0.335 186
1779431372343 0.5 187
1779431372345 0.365 188
1779431372347 0.4 189
1779431372349 0.46 190
1779431372352 0.435 191
1779431372354 0.38 192
1779431372356 0.385 193
1779431372358 0.3 194
1779431372360 0.355 195
1779431372362 0.385 196
1779431372364 0.415 197
1779431372367 0.34 198
1779431372369 0.415 199
1779431372371 0.41 200
1779431372373 0.38 201
1779431372375 0.34 202
1779431372377 0.36 203
1779431372380 0.38 204
1779431372382 0.395 205
1779431372384 0.41 206
1779431372386 0.45 207
1779431372388 0.38 208
1779431372390 0.365 209
1779431372393 0.41 210
1779431372395 0.35 211
1779431372397 0.43 212
1779431372399 0.46 213
1779431372401 0.275 214
1779431372404 0.31 215
1779431372406 0.365 216
1779431372408 0.355 217
1779431372410 0.415 218
1779431372413 0.36 219
1779431372415 0.43 220
1779431372417 0.38 221
1779431372419 0.45 222
1779431372422 0.315 223
1779431372424 0.395 224
1779431372426 0.445 225
1779431372428 0.42 226
1779431372430 0.36 227
1779431372432 0.39 228
1779431372435 0.47 229
1779431372437 0.455 230
1779431372439 0.46 231
1779431372441 0.385 232
1779431372443 0.38 233
1779431372445 0.35 234
1779431372448 0.395 235
1779431372450 0.385 236
1779431372452 0.39 237
1779431372454 0.41 238
1779431372456 0.38 239
1779431372459 0.45 240
1779431372461 0.33 241
1779431372463 0.36 242
1779431372465 0.465 243
1779431372467 0.325 244
1779431372469 0.38 245
1779431372472 0.425 246
1779431372474 0.425 247
1779431372476 0.335 248
1779431372478 0.385 249
1779431372480 0.385 250
1779431372482 0.305 251
1779431372484 0.3 252
1779431372487 0.475 253
1779431372489 0.425 254
1779431372491 0.435 255
1779431372493 0.44 256
1779431372495 0.46 257
1779431372497 0.32 258
1779431372500 0.38 259
1779431372502 0.355 260
1779431372504 0.42 261
1779431372506 0.435 262
1779431372508 0.405 263
1779431372510 0.415 264
1779431372512 0.435 265
1779431372515 0.37 266
1779431372517 0.4 267
1779431372519 0.37 268
1779431372521 0.475 269
1779431372523 0.4 270
1779431372526 0.405 271
1779431372528 0.37 272
1779431372530 0.345 273
1779431372532 0.455 274
1779431372534 0.4 275
1779431372536 0.45 276
1779431372538 0.285 277
1779431372541 0.315 278
1779431372543 0.29 279
1779431372545 0.46 280
1779431372547 0.45 281
1779431372549 0.385 282
1779431372551 0.335 283
1779431372554 0.355 284
1779431372556 0.42 285
1779431372558 0.35 286
1779431372560 0.38 287
1779431372562 0.32 288
1779431372564 0.395 289
1779431372566 0.405 290
1779431372569 0.4 291
1779431372571 0.38 292
1779431372573 0.38 293
1779431372575 0.415 294
1779431372577 0.345 295
1779431372579 0.315 296
1779431372582 0.405 297
1779431372584 0.345 298
1779431372586 0.465 299
1779431372588 0.385 300
1779431372590 0.435 301
1779431372592 0.495 302
1779431372595 0.405 303
1779431372597 0.41 304
1779431372599 0.285 305
1779431372601 0.34 306
1779431372603 0.37 307
1779431372605 0.3 308
1779431372608 0.405 309
1779431372610 0.405 310
1779431372612 0.345 311
1779431372614 0.395 312
1779431372616 0.465 313
