1780127867047 0.0 0
1780127867049 0.8983333333333283 1
1780127867051 0.916111111111106 2
1780127867053 0.9394444444444392 3
1780127867055 0.9405555555555501 4
1780127867057 0.9466666666666613 5
1780127867059 0.9477777777777726 6
1780127867061 0.9549999999999947 7
1780127867063 0.9494444444444392 8
1780127867065 0.9516666666666614 9
1780127867067 0.943333333333328 10
1780127867069 0.9616666666666612 11
1780127867071 0.9544444444444393 12
1780127867073 0.9599999999999946 13
1780127867075 0.9577777777777724 14
1780127867077 0.9461111111111059 15
1780127867079 0.9566666666666613 16
1780127867081 0.9577777777777724 17
1780127867083 0.9549999999999945 18
1780127867085 0.969444444444439 19
1780127867087 0.9538888888888837 20
1780127867089 0.9638888888888835 21
1780127867091 0.9627777777777723 22
1780127867093 0.9705555555555503 23
1780127867095 0.9733333333333277 24
1780127867097 0.9599999999999946 25
1780127867099 0.9688888888888834 26
1780127867101 0.9727777777777723 27
1780127867103 0.9705555555555503 28
1780127867105 0.9655555555555502 29
1780127867107 0.9566666666666613 30
1780127867109 0.9649999999999945 31
1780127867111 0.9638888888888835 32
1780127867113 0.9672222222222169 33
1780127867115 0.9644444444444391 34
1780127867117 0.96555555555555 35
1780127867119 0.9688888888888835 36
1780127867121 0.959444444444439 37
1780127867122 0.974444444444439 38
1780127867124 0.9683333333333278 39
1780127867126 0.9572222222222168 40
1780127867128 0.9588888888888836 41
1780127867130 0.9711111111111057 42
1780127867132 0.9755555555555502 43
1780127867134 0.9794444444444389 44
1780127867136 0.9811111111111057 45
1780127867138 0.9788888888888835 46
1780127867140 0.9755555555555502 47
1780127867142 0.9655555555555502 48
1780127867144 0.9849999999999944 49
1780127867146 0.9733333333333279 50
1780127867148 0.9661111111111058 51
1780127867150 0.9772222222222167 52
1780127867152 0.9805555555555501 53
1780127867154 0.9838888888888834 54
1780127867156 0.9772222222222167 55
1780127867158 0.9694444444444391 56
1780127867160 0.9783333333333278 57
1780127867162 0.9816666666666611 58
1780127867164 0.9727777777777723 59
1780127867166 0.9861111111111056 60
1780127867168 0.9777777777777722 61
1780127867170 0.9772222222222167 62
1780127867172 0.9799999999999945 63
1780127867174 0.9827777777777722 64
1780127867176 0.9861111111111056 65
1780127867178 0.9872222222222167 66
1780127867180 0.9833333333333278 67
1780127867182 0.9755555555555502 68
1780127867183 0.974444444444439 69
1780127867185 0.9811111111111057 70
1780127867187 0.9772222222222167 71
1780127867189 0.9827777777777722 72
1780127867191 0.9822222222222168 73
1780127867193 0.9838888888888834 74
1780127867195 0.9766666666666612 75
1780127867197 0.9816666666666611 76
1780127867199 0.984444444444439 77
1780127867201 0.9783333333333278 78
1780127867203 0.9916666666666611 79
1780127867205 0.9877777777777721 80
1780127867207 0.9827777777777722 81
1780127867209 0.9833333333333278 82
1780127867211 0.9699999999999946 83
1780127867213 0.9861111111111056 84
1780127867215 0.9872222222222167 85
1780127867217 0.9861111111111056 86
1780127867219 0.9888888888888834 87
1780127867221 0.9811111111111057 88
1780127867223 0.9855555555555501 89
1780127867224 0.9799999999999945 90
1780127867226 0.9755555555555502 91
1780127867228 0.9838888888888834 92
1780127867230 0.9861111111111056 93
1780127867232 0.984444444444439 94
1780127867234 0.9872222222222167 95
1780127867236 0.9833333333333277 96
1780127867238 0.9766666666666612 97
1780127867240 0.9705555555555501 98
1780127867242 0.98555555555555 99
1780127867244 0.9911111111111055 100
1780127867246 0.9811111111111057 101
1780127867248 0.9844444444444388 102
1780127867250 0.9833333333333277 103
1780127867252 0.984444444444439 104
1780127867254 0.9877777777777723 105
1780127867256 0.9838888888888834 106
1780127867258 0.974444444444439 107
1780127867260 0.9922222222222168 108
1780127867262 0.9755555555555502 109
1780127867264 0.99055555555555 110
1780127867266 0.9672222222222169 111
1780127867268 0.99055555555555 112
1780127867270 0.9872222222222167 113
1780127867272 0.9861111111111056 114
1780127867274 0.9822222222222168 115
1780127867276 0.99055555555555 116
1780127867278 0.9877777777777721 117
1780127867280 0.9849999999999944 118
1780127867282 0.9911111111111055 119
1780127867284 0.9872222222222167 120
1780127867286 0.9805555555555501 121
1780127867288 0.9872222222222167 122
1780127867290 0.9849999999999944 123
1780127867292 0.9916666666666611 124
1780127867294 0.9761111111111056 125
1780127867296 0.9894444444444389 126
1780127867298 0.9894444444444389 127
1780127867300 0.9822222222222168 128
1780127867302 0.9811111111111057 129
1780127867303 0.9799999999999944 130
1780127867305 0.9811111111111057 131
1780127867307 0.9783333333333278 132
1780127867309 0.9911111111111055 133
1780127867311 0.9811111111111057 134
1780127867313 0.9888888888888834 135
1780127867315 0.9888888888888834 136
1780127867317 0.9855555555555501 137
1780127867319 0.9838888888888834 138
1780127867321 0.9716666666666613 139
1780127867323 0.9872222222222167 140
1780127867325 0.9777777777777723 141
1780127867327 0.9844444444444388 142
1780127867329 0.9922222222222168 143
1780127867331 0.9822222222222168 144
1780127867333 0.9899999999999946 145
1780127867335 0.9899999999999946 146
1780127867337 0.9933333333333276 147
1780127867339 0.984444444444439 148
1780127867341 0.9916666666666611 149
1780127867343 0.99055555555555 150
1780127867345 0.986666666666661 151
1780127867347 0.9833333333333277 152
1780127867349 0.9888888888888834 153
1780127867351 0.9894444444444389 154
1780127867353 0.9833333333333278 155
1780127867355 0.9861111111111056 156
1780127867357 0.9927777777777722 157
1780127867359 0.9966666666666611 158
1780127867361 0.9916666666666611 159
1780127867363 0.9877777777777721 160
1780127867365 0.9938888888888833 161
1780127867367 0.9911111111111056 162
1780127867369 0.9916666666666611 163
1780127867371 0.9938888888888833 164
1780127867372 0.9933333333333279 165
1780127867375 0.9949999999999944 166
1780127867377 0.9911111111111055 167
1780127867379 0.9872222222222167 168
1780127867380 0.9938888888888833 169
1780127867383 0.9922222222222166 170
1780127867385 0.9933333333333276 171
1780127867386 0.9938888888888833 172
1780127867388 0.9938888888888833 173
1780127867390 0.9966666666666611 174
1780127867392 0.9927777777777722 175
1780127867394 0.9938888888888833 176
1780127867396 0.9949999999999944 177
1780127867398 0.9861111111111057 178
1780127867400 0.9944444444444388 179
1780127867402 0.99055555555555 180
1780127867404 0.9949999999999944 181
1780127867406 0.9949999999999944 182
1780127867408 0.9922222222222168 183
1780127867410 0.9849999999999944 184
1780127867412 0.9949999999999944 185
1780127867414 0.9944444444444389 186
1780127867416 0.9944444444444389 187
1780127867418 0.9933333333333276 188
1780127867420 0.984444444444439 189
1780127867422 0.9922222222222168 190
1780127867424 0.9566666666666613 191
1780127867426 0.9938888888888833 192
1780127867428 0.9938888888888833 193
1780127867429 0.9944444444444389 194
1780127867431 0.9933333333333279 195
1780127867433 0.9899999999999943 196
1780127867435 0.9955555555555501 197
1780127867437 0.9933333333333276 198
1780127867439 0.9938888888888833 199
1780127867441 0.9949999999999944 200
1780127867443 0.9972222222222167 201
1780127867445 0.9911111111111055 202
1780127867447 0.9899999999999946 203
1780127867449 0.9916666666666611 204
1780127867451 0.9955555555555499 205
1780127867453 0.9927777777777722 206
1780127867455 0.9938888888888833 207
1780127867457 0.9944444444444389 208
1780127867459 0.9938888888888833 209
1780127867461 0.9944444444444389 210
1780127867463 0.9944444444444389 211
1780127867465 0.9938888888888833 212
1780127867467 0.9911111111111055 213
1780127867469 0.9922222222222166 214
1780127867471 0.9927777777777722 215
1780127867473 0.9927777777777722 216
1780127867475 0.9949999999999944 217
1780127867477 0.9961111111111055 218
1780127867479 0.9988888888888834 219
1780127867481 0.9977777777777723 220
1780127867483 0.9949999999999944 221
1780127867485 0.9916666666666611 222
1780127867487 0.9938888888888833 223
1780127867489 0.9777777777777723 224
1780127867491 0.9933333333333279 225
1780127867493 0.9927777777777722 226
1780127867495 0.9961111111111055 227
1780127867507 0.986666666666661 228
1780127867509 0.9972222222222167 229
1780127867511 0.9961111111111055 230
1780127867513 0.9961111111111055 231
1780127867515 0.9944444444444388 232
1780127867517 0.9938888888888833 233
1780127867519 0.9955555555555499 234
1780127867521 0.9933333333333276 235
1780127867523 0.9955555555555501 236
1780127867525 0.9955555555555501 237
1780127867527 0.9961111111111055 238
1780127867529 0.9961111111111055 239
1780127867531 0.9961111111111055 240
1780127867533 0.9955555555555499 241
1780127867535 0.9916666666666611 242
1780127867537 0.9933333333333279 243
1780127867539 0.9944444444444389 244
1780127867541 0.9983333333333277 245
1780127867543 0.9972222222222167 246
1780127867545 0.9961111111111055 247
1780127867547 0.9949999999999944 248
1780127867549 0.9983333333333277 249
1780127867551 0.9961111111111055 250
1780127867553 0.9944444444444388 251
1780127867555 0.9972222222222167 252
1780127867557 0.9955555555555501 253
1780127867559 0.9961111111111055 254
1780127867561 0.9944444444444389 255
1780127867563 0.9966666666666611 256
1780127867565 0.99055555555555 257
1780127867567 0.9966666666666611 258
1780127867569 0.9916666666666611 259
1780127867571 0.9972222222222167 260
1780127867573 0.9955555555555501 261
1780127867575 0.9977777777777721 262
1780127867577 0.9938888888888833 263
1780127867579 0.9961111111111055 264
1780127867581 0.9955555555555501 265
1780127867583 0.9955555555555501 266
1780127867585 0.9949999999999944 267
1780127867587 0.9988888888888834 268
1780127867589 0.9988888888888834 269
1780127867591 0.9955555555555499 270
1780127867593 0.9916666666666611 271
1780127867595 0.9927777777777722 272
1780127867597 0.9961111111111055 273
1780127867599 0.9949999999999944 274
1780127867601 0.9938888888888833 275
1780127867603 0.9949999999999944 276
1780127867605 0.9961111111111055 277
1780127867607 0.9949999999999944 278
1780127867609 0.9977777777777721 279
1780127867611 0.9933333333333279 280
1780127867613 0.9955555555555499 281
1780127867615 0.9938888888888833 282
1780127867617 0.9927777777777722 283
1780127867619 0.996666666666661 284
1780127867621 0.9972222222222167 285
1780127867623 0.9949999999999944 286
1780127867625 0.9949999999999944 287
1780127867627 0.9944444444444389 288
1780127867629 0.9983333333333277 289
1780127867631 0.9966666666666611 290
1780127867633 0.9966666666666611 291
1780127867635 0.9966666666666611 292
1780127867637 0.9966666666666611 293
1780127867638 0.996666666666661 294
1780127867640 0.9933333333333279 295
1780127867642 0.9949999999999944 296
1780127867644 0.9966666666666611 297
1780127867646 0.9972222222222167 298
1780127867648 0.9927777777777722 299
1780127867650 0.9949999999999944 300
1780127867652 0.9955555555555499 301
1780127867654 0.9966666666666611 302
1780127867656 0.9961111111111055 303
1780127867658 0.9922222222222168 304
1780127867660 0.9961111111111055 305
1780127867662 0.9894444444444389 306
1780127867664 0.9933333333333276 307
1780127867666 0.9966666666666611 308
1780127867668 0.9938888888888833 309
1780127867670 0.9966666666666611 310
1780127867672 0.9938888888888833 311
1780127867674 0.9966666666666611 312
1780127867676 0.9972222222222167 313
