1780130201253 0.0 0
1780130201258 0.105 1
1780130201262 0.4 2
1780130201266 0.575 3
1780130201269 0.635 4
1780130201273 0.82 5
1780130201276 0.78 6
1780130201280 0.825 7
1780130201283 0.835 8
1780130201287 0.855 9
1780130201290 0.88 10
1780130201294 0.875 11
1780130201297 0.845 12
1780130201301 0.795 13
1780130201304 0.815 14
1780130201307 0.915 15
1780130201311 0.91 16
1780130201314 0.935 17
1780130201318 0.845 18
1780130201321 0.925 19
1780130201325 0.895 20
1780130201329 0.875 21
1780130201332 0.965 22
1780130201336 0.965 23
1780130201339 0.935 24
1780130201343 0.95 25
1780130201346 0.95 26
1780130201350 0.965 27
1780130201353 0.94 28
1780130201357 0.95 29
1780130201360 0.965 30
1780130201364 0.97 31
1780130201367 0.955 32
1780130201371 0.61 33
1780130201374 0.82 34
1780130201378 0.895 35
1780130201381 0.9 36
1780130201385 0.93 37
1780130201388 0.925 38
1780130201392 0.885 39
1780130201395 0.945 40
1780130201399 0.82 41
1780130201402 0.96 42
1780130201405 0.965 43
1780130201409 0.95 44
1780130201412 0.92 45
1780130201416 0.945 46
1780130201419 0.95 47
1780130201423 0.95 48
1780130201426 0.735 49
1780130201430 0.955 50
1780130201433 0.955 51
1780130201436 0.955 52
1780130201440 0.96 53
1780130201443 0.985 54
1780130201447 0.92 55
1780130201450 0.84 56
1780130201454 0.95 57
1780130201457 0.9 58
1780130201461 0.96 59
1780130201464 0.94 60
1780130201467 0.895 61
1780130201471 0.83 62
1780130201475 0.925 63
1780130201478 0.935 64
1780130201482 0.915 65
1780130201485 0.96 66
1780130201489 0.95 67
1780130201492 0.93 68
1780130201496 0.905 69
1780130201499 0.97 70
1780130201503 0.96 71
1780130201506 0.93 72
1780130201510 0.885 73
1780130201514 0.97 74
1780130201517 0.96 75
1780130201521 0.94 76
1780130201524 0.97 77
1780130201528 0.955 78
1780130201531 0.985 79
1780130201535 0.945 80
1780130201538 0.905 81
1780130201542 0.945 82
1780130201545 0.975 83
1780130201549 0.91 84
1780130201552 0.93 85
1780130201555 0.94 86
1780130201559 0.97 87
1780130201562 0.895 88
1780130201566 0.98 89
1780130201569 0.94 90
1780130201573 0.97 91
1780130201576 0.955 92
1780130201580 0.93 93
1780130201583 0.85 94
1780130201587 0.925 95
1780130201590 0.845 96
1780130201594 0.94 97
1780130201597 0.82 98
1780130201601 0.965 99
1780130201604 0.945 100
1780130201607 0.91 101
1780130201611 0.88 102
1780130201615 0.93 103
1780130201618 0.835 104
1780130201622 0.975 105
1780130201625 0.92 106
1780130201629 0.97 107
1780130201632 0.97 108
1780130201636 0.965 109
1780130201639 0.965 110
1780130201643 0.97 111
1780130201646 0.93 112
1780130201650 0.955 113
1780130201653 0.95 114
1780130201657 0.97 115
1780130201660 0.955 116
1780130201664 0.965 117
1780130201668 0.91 118
1780130201671 0.905 119
1780130201674 0.9 120
1780130201678 0.96 121
1780130201681 0.945 122
1780130201685 0.93 123
1780130201688 0.935 124
1780130201692 0.97 125
1780130201695 0.95 126
1780130201698 0.655 127
1780130201702 0.97 128
1780130201705 0.97 129
1780130201709 0.935 130
1780130201712 0.985 131
1780130201716 0.96 132
1780130201719 0.945 133
1780130201722 0.98 134
1780130201726 0.94 135
1780130201729 0.94 136
1780130201733 0.985 137
1780130201736 0.97 138
1780130201740 0.725 139
1780130201743 0.945 140
1780130201746 0.975 141
1780130201750 0.955 142
1780130201753 0.96 143
1780130201757 0.965 144
1780130201760 0.965 145
1780130201764 0.98 146
1780130201768 0.98 147
1780130201771 0.965 148
1780130201775 0.94 149
1780130201778 0.975 150
1780130201781 0.96 151
1780130201785 0.94 152
1780130201788 0.97 153
1780130201792 0.97 154
1780130201795 0.925 155
1780130201799 0.985 156
1780130201802 0.87 157
1780130201806 0.885 158
1780130201809 0.885 159
1780130201812 0.94 160
1780130201816 0.95 161
1780130201819 0.945 162
1780130201823 0.83 163
1780130201826 0.93 164
1780130201830 0.905 165
1780130201833 0.93 166
1780130201837 0.735 167
1780130201840 0.93 168
1780130201844 0.805 169
1780130201847 0.945 170
1780130201851 0.885 171
1780130201854 0.835 172
1780130201858 0.945 173
1780130201861 0.915 174
1780130201865 0.805 175
1780130201868 0.905 176
1780130201872 0.925 177
1780130201875 0.94 178
1780130201879 0.935 179
1780130201882 0.84 180
1780130201886 0.93 181
1780130201889 0.95 182
1780130201893 0.935 183
1780130201896 0.835 184
1780130201900 0.86 185
1780130201903 0.89 186
1780130201907 0.96 187
1780130201910 0.945 188
1780130201914 0.88 189
1780130201918 0.925 190
1780130201921 0.935 191
1780130201925 0.74 192
1780130201928 0.95 193
1780130201932 0.965 194
1780130201936 0.98 195
1780130201939 0.9 196
1780130201942 0.845 197
1780130201946 0.935 198
1780130201949 0.94 199
1780130201953 0.925 200
1780130201956 0.92 201
1780130201960 0.955 202
1780130201963 0.93 203
1780130201967 0.92 204
1780130201970 0.935 205
1780130201974 0.95 206
1780130201977 0.94 207
1780130201981 0.95 208
1780130201984 0.94 209
1780130201988 0.91 210
1780130201991 0.705 211
1780130201995 0.905 212
1780130201999 0.81 213
1780130202002 0.9 214
1780130202006 0.835 215
1780130202010 0.96 216
1780130202013 0.94 217
1780130202017 0.92 218
1780130202020 0.95 219
1780130202024 0.96 220
1780130202027 0.91 221
1780130202031 0.93 222
1780130202034 0.935 223
1780130202037 0.935 224
1780130202041 0.87 225
1780130202044 0.955 226
1780130202048 0.88 227
1780130202051 0.96 228
1780130202055 0.935 229
1780130202058 0.935 230
1780130202062 0.885 231
1780130202065 0.9 232
1780130202069 0.915 233
1780130202072 0.835 234
1780130202076 0.94 235
1780130202079 0.89 236
1780130202083 0.96 237
1780130202087 0.975 238
1780130202090 0.96 239
1780130202094 0.975 240
1780130202098 0.94 241
1780130202101 0.94 242
1780130202105 0.94 243
1780130202108 0.935 244
1780130202112 0.915 245
1780130202115 0.955 246
1780130202118 0.925 247
1780130202122 0.885 248
1780130202125 0.95 249
1780130202129 0.955 250
1780130202132 0.97 251
1780130202136 0.88 252
1780130202140 0.73 253
1780130202143 0.93 254
1780130202147 0.755 255
1780130202150 0.95 256
1780130202154 0.935 257
1780130202157 0.92 258
1780130202161 0.945 259
1780130202164 0.925 260
1780130202168 0.96 261
1780130202171 0.935 262
1780130202175 0.975 263
1780130202179 0.945 264
1780130202182 0.955 265
1780130202186 0.945 266
1780130202189 0.955 267
1780130202193 0.95 268
1780130202196 0.935 269
1780130202200 0.88 270
1780130202204 0.955 271
1780130202207 0.975 272
1780130202210 0.96 273
1780130202214 0.97 274
1780130202217 0.97 275
1780130202221 0.97 276
1780130202225 0.97 277
1780130202228 0.97 278
1780130202232 0.95 279
1780130202235 0.895 280
1780130202239 0.95 281
1780130202242 0.675 282
1780130202246 0.95 283
1780130202249 0.935 284
1780130202253 0.895 285
1780130202256 0.96 286
1780130202260 0.935 287
1780130202263 0.9 288
1780130202267 0.795 289
1780130202271 0.95 290
1780130202274 0.94 291
1780130202277 0.94 292
1780130202281 0.945 293
1780130202284 0.935 294
1780130202288 0.93 295
1780130202291 0.945 296
1780130202295 0.95 297
1780130202298 0.96 298
1780130202301 0.945 299
1780130202305 0.85 300
1780130202309 0.94 301
1780130202312 0.95 302
1780130202316 0.905 303
1780130202319 0.94 304
1780130202323 0.95 305
1780130202326 0.96 306
1780130202330 0.945 307
1780130202333 0.98 308
1780130202337 0.945 309
1780130202340 0.93 310
1780130202344 0.945 311
1780130202348 0.96 312
1780130202351 0.965 313
