1780280737647 0.0 0
1780280737649 0.43070652173913043 1
1780280737651 0.8569383470127887 2
1780280737653 0.8632054510442897 3
1780280737655 0.9189408706952567 4
1780280737657 0.84779299847793 5
1780280737658 0.8174269898835655 6
1780280737660 0.9301270417422868 7
1780280737662 0.9382157926461724 8
1780280737664 0.8922543701024714 9
1780280737666 0.8028846153846154 10
1780280737668 0.9246718194086615 11
1780280737670 0.9462074768601996 12
1780280737672 0.9459325396825397 13
1780280737674 0.9289940828402368 14
1780280737676 0.9363636363636363 15
1780280737678 0.8964285714285715 16
1780280737680 0.9241071428571428 17
1780280737682 0.9617834394904459 18
1780280737684 0.9227598324097851 19
1780280737686 0.9419642857142857 20
1780280737688 0.9211469534050178 21
1780280737692 0.9255952380952381 22
1780280737695 0.9225578050669322 23
1780280737698 0.9166666666666667 24
1780280737702 0.8939160569888334 25
1780280737705 0.8976190476190475 26
1780280737708 0.925 27
1780280737710 0.9237132352941176 28
1780280737712 0.9437861057621093 29
1780280737714 0.8401165711988745 30
1780280737716 0.8830192565132324 31
1780280737718 0.9150072850898494 32
1780280737720 0.9103257196918502 33
1780280737722 0.8830520776628561 34
1780280737724 0.9061850311850312 35
1780280737726 0.9450816823079597 36
1780280737728 0.9118410189880881 37
1780280737729 0.9238565488565489 38
1780280737731 0.8854723707664884 39
1780280737733 0.9489795918367347 40
1780280737735 0.9275698414410527 41
1780280737737 0.9347587719298246 42
1780280737739 0.9565850815850816 43
1780280737741 0.9503638253638254 44
1780280737743 0.9312717625601061 45
1780280737746 0.9316519060454371 46
1780280737748 0.9797297297297297 47
1780280737750 0.9288519806980137 48
1780280737751 0.924468566259611 49
1780280737753 0.9382352941176471 50
1780280737755 0.9366666666666666 51
1780280737757 0.9403868930122384 52
1780280737759 0.9431679956750911 53
1780280737761 0.9379120879120879 54
1780280737763 0.9154411764705883 55
1780280737765 0.9241071428571428 56
1780280737768 0.938514244500541 57
1780280737770 0.9277546777546778 58
1780280737772 0.96 59
1780280737774 0.9599780701754386 60
1780280737776 0.9511904761904761 61
1780280737778 0.9297907842382236 62
1780280737781 0.9362397441246002 63
1780280737785 0.9401408450704225 64
1780280737788 0.8145203473166649 65
1780280737791 0.9301116184677829 66
1780280737795 0.9352226720647774 67
1780280737798 0.9557473171811041 68
1780280737800 0.8990040460628695 69
1780280737801 0.9737964313769498 70
1780280737803 0.9211753159121581 71
1780280737805 0.9297311009639777 72
1780280737807 0.9089741857007704 73
1780280737810 0.9597096726410902 74
1780280737812 0.8859180035650625 75
1780280737814 0.9383116883116883 76
1780280737816 0.9269592476489028 77
1780280737819 0.9138712113040665 78
1780280737821 0.9512987012987013 79
1780280737823 0.8217147435897436 80
1780280737825 0.7941147032329097 81
1780280737827 0.9582521117608837 82
1780280737829 0.9265451407615144 83
1780280737831 0.9651529868868383 84
1780280737834 0.9702490491964175 85
1780280737836 0.7798165137614679 86
1780280737838 0.8819444444444444 87
1780280737840 0.951098901098901 88
1780280737842 0.9328063241106719 89
1780280737845 0.9558320556669418 90
1780280737847 0.9664232769111627 91
1780280737849 0.9580926710306764 92
1780280737851 0.9188165832370685 93
1780280737853 0.911541889483066 94
1780280737855 0.8616163704009921 95
1780280737857 0.9369143883968682 96
1780280737859 0.9576403326403327 97
1780280737861 0.9446279042339898 98
1780280737863 0.9484126984126984 99
1780280737865 0.9698005698005698 100
1780280737867 0.9364228667507356 101
1780280737869 0.9087630724846736 102
1780280737871 0.9053490369279843 103
1780280737873 0.9698528598296272 104
1780280737875 0.9737736765420106 105
1780280737877 0.9547619047619047 106
1780280737879 0.9270833333333333 107
1780280737881 0.9643581938102486 108
1780280737882 0.94 109
1780280737884 0.930952380952381 110
1780280737886 0.9299999999999999 111
1780280737888 0.8587848932676518 112
1780280737891 0.928867780325363 113
1780280737892 0.9229474696477942 114
1780280737894 0.8970240578500904 115
1780280737896 0.966617110420327 116
1780280737899 0.9306666666666666 117
1780280737901 0.828021978021978 118
1780280737903 0.966765873015873 119
1780280737905 0.9334969611968209 120
1780280737906 0.9327256944444444 121
1780280737908 0.9233333333333333 122
1780280737911 0.870971063742148 123
1780280737913 0.935888738127544 124
1780280737915 0.9333333333333333 125
1780280737917 0.937938288920056 126
1780280737919 0.9059983171054213 127
1780280737921 0.9407308377896613 128
1780280737923 0.9246143057503506 129
1780280737925 0.93125 130
1780280737927 0.9595238095238096 131
1780280737929 0.9610213468569406 132
1780280737931 0.94375 133
1780280737933 0.947008547008547 134
1780280737935 0.8410276997189884 135
1780280737937 0.946208947155021 136
1780280737938 0.9549910873440286 137
1780280737940 0.9347735118736269 138
1780280737943 0.8877438351122562 139
1780280737945 0.9546913104864587 140
1780280737947 0.9274904592709567 141
1780280737949 0.9371451743714517 142
1780280737950 0.9009404388714733 143
1780280737952 0.8893333333333333 144
1780280737954 0.952518331530232 145
1780280737956 0.9120151371807002 146
1780280737958 0.9289940828402368 147
1780280737960 0.9404742165478361 148
1780280737962 0.9354072529255011 149
1780280737964 0.9632179112779864 150
1780280737966 0.8736263736263736 151
1780280737968 0.8987371104159425 152
1780280737970 0.9345238095238095 153
1780280737972 0.9595641110742339 154
1780280737974 0.9246373393088807 155
1780280737976 0.9363505228993869 156
1780280737978 0.9548387096774194 157
1780280737980 0.9276353276353276 158
1780280737982 0.9333824070666176 159
1780280737984 0.961038961038961 160
1780280737986 0.8325741471808887 161
1780280737988 0.9399801587301587 162
1780280737990 0.9599945938640357 163
1780280737992 0.9427083333333333 164
1780280737994 0.9462316176470589 165
1780280737996 0.940625 166
1780280737998 0.9186720142602496 167
1780280738000 0.9631566294025724 168
1780280738002 0.9103232533889468 169
1780280738004 0.9298737727910238 170
1780280738006 0.9523809523809523 171
1780280738008 0.9121084618980833 172
1780280738010 0.929236938318198 173
1780280738012 0.8828640945429267 174
1780280738014 0.1674848059841047 175
1780280738016 0.28 176
1780280738017 0.4636752136752137 177
1780280738019 0.5522376174550088 178
1780280738021 0.690625 179
1780280738023 0.7725557259110745 180
1780280738025 0.7661654135338346 181
1780280738027 0.7243716278457693 182
1780280738029 0.8071710897797855 183
1780280738031 0.7790697674418605 184
1780280738033 0.7723492723492724 185
1780280738035 0.8244900010049241 186
1780280738037 0.7977159656264134 187
1780280738039 0.8084328070850981 188
1780280738041 0.7295008912655971 189
1780280738043 0.7792022792022792 190
1780280738045 0.78125 191
1780280738049 0.8011904761904762 192
1780280738053 0.8270952432315823 193
1780280738057 0.8042244640605296 194
1780280738060 0.8083481535725494 195
1780280738064 0.765625 196
1780280738067 0.8181444991789819 197
1780280738071 0.8057907005275426 198
1780280738075 0.8065018591096372 199
1780280738078 0.7888198757763976 200
1780280738081 0.7421422032346658 201
1780280738083 0.8220875641445573 202
1780280738085 0.7878317334839073 203
1780280738088 0.7666666666666666 204
1780280738090 0.8285291943828529 205
1780280738093 0.7875101378751014 206
1780280738096 0.7828099838969405 207
1780280738099 0.8007293007293008 208
1780280738101 0.8479166666666667 209
1780280738104 0.8111274690222059 210
1780280738107 0.8351018675721562 211
1780280738110 0.804273919378339 212
1780280738112 0.7999799979998 213
1780280738115 0.7836257309941521 214
1780280738118 0.875037503750375 215
1780280738120 0.8228275789251399 216
1780280738123 0.8295465919327394 217
1780280738126 0.8244324432443244 218
1780280738128 0.7833333333333334 219
1780280738131 0.824668807707748 220
1780280738133 0.8164627987880149 221
1780280738136 0.8586666666666667 222
1780280738138 0.8166312379795526 223
1780280738140 0.8240296118447379 224
1780280738142 0.8469696969696969 225
1780280738144 0.8469636862984437 226
1780280738146 0.8616541353383459 227
1780280738148 0.8416666666666667 228
1780280738150 0.8417467948717949 229
1780280738152 0.8452380952380952 230
1780280738154 0.8408812729498164 231
1780280738156 0.8535714285714285 232
1780280738158 0.7992327365728901 233
1780280738159 0.871748152647029 234
1780280738161 0.8398692810457516 235
1780280738163 0.8002557544757034 236
1780280738165 0.8043365494345887 237
1780280738167 0.784375 238
1780280738169 0.8360902255639098 239
1780280738171 0.8541666666666667 240
1780280738173 0.8614880144730892 241
1780280738175 0.8413224801527485 242
1780280738177 0.7674825174825175 243
1780280738179 0.8204432383536862 244
1780280738181 0.8238095238095238 245
1780280738183 0.8772593526691888 246
1780280738185 0.812366737739872 247
1780280738187 0.7950819672131147 248
1780280738189 0.8357371794871795 249
1780280738191 0.8544159544159544 250
1780280738192 0.8648364836483649 251
1780280738194 0.7937853107344632 252
1780280738196 0.788218793828892 253
1780280738198 0.8940576230492197 254
1780280738200 0.8875811688311688 255
1780280738202 0.8005050505050505 256
1780280738204 0.8324808184143222 257
1780280738206 0.8919191919191919 258
1780280738208 0.8773969808241534 259
1780280738210 0.8438850366797307 260
1780280738212 0.8493333333333333 261
1780280738214 0.898276586801177 262
1780280738216 0.8214285714285714 263
1780280738218 0.8684077335762729 264
1780280738219 0.8168348045397226 265
1780280738222 0.8526166616054256 266
1780280738224 0.8568951448388413 267
1780280738225 0.8568840579710145 268
1780280738227 0.880706549245875 269
1780280738229 0.865 270
1780280738231 0.8380622110130307 271
1780280738233 0.7839506172839505 272
1780280738235 0.845034503450345 273
1780280738237 0.8694424102939637 274
1780280738239 0.8612535612535612 275
1780280738241 0.8000815993472052 276
1780280738243 0.8659846547314578 277
1780280738245 0.8583333333333334 278
1780280738247 0.8569656883009508 279
1780280738249 0.8871434477056634 280
1780280738251 0.8452345234523453 281
1780280738253 0.8504381797064724 282
1780280738255 0.880807774066201 283
1780280738257 0.8356020418376539 284
1780280738259 0.8481057180182896 285
1780280738261 0.8720545680033072 286
1780280738263 0.8835164835164835 287
1780280738265 0.8532054395337543 288
1780280738267 0.8524955436720143 289
1780280738269 0.8398486759142496 290
1780280738271 0.8329043329043329 291
1780280738273 0.8346666666666667 292
1780280738275 0.8637362637362638 293
1780280738277 0.8732323232323231 294
1780280738279 0.8892463235294117 295
1780280738281 0.846812130917826 296
1780280738283 0.8105500821018062 297
1780280738285 0.8003707565751361 298
1780280738287 0.8344892812105927 299
1780280738289 0.8518667201926937 300
1780280738291 0.8565208687819037 301
1780280738293 0.8692899140660335 302
1780280738295 0.8582417582417583 303
1780280738297 0.8725677991733038 304
1780280738299 0.8734751487045065 305
1780280738301 0.8604269293924467 306
1780280738303 0.8208423147073454 307
1780280738305 0.8677309578620759 308
1780280738307 0.8469603790704708 309
1780280738309 0.8358201431595927 310
1780280738311 0.8847409220726234 311
1780280738313 0.8728770977791176 312
1780280738315 0.8811965811965812 313
1780280738317 0.8469967532467533 314
1780280738319 0.8789473684210527 315
1780280738321 0.8380681818181819 316
1780280738323 0.855475040257649 317
1780280738325 0.8061512710534575 318
1780280738327 0.8871935713559149 319
1780280738329 0.8418003565062389 320
1780280738331 0.8321678321678322 321
1780280738333 0.835712116610993 322
1780280738335 0.7921686746987953 323
1780280738337 0.8339189747829681 324
1780280738339 0.7981150793650793 325
1780280738341 0.7981366459627329 326
1780280738343 0.866015132408575 327
1780280738345 0.8766233766233766 328
1780280738347 0.8638990446986673 329
1780280738349 0.8152837553798418 330
1780280738351 0.8419354838709677 331
1780280738353 0.8559113300492611 332
1780280738355 0.8439716312056738 333
1780280738357 0.88008800880088 334
1780280738359 0.8640135385959166 335
1780280738361 0.899326805385557 336
1780280738363 0.8942630454684162 337
1780280738365 0.8515031885818403 338
1780280738367 0.8429443690637721 339
1780280738369 0.8084719334719335 340
1780280738371 0.8414684378539801 341
1780280738373 0.9006527947776417 342
1780280738375 0.8570705536997671 343
1780280738377 0.871684516064458 344
1780280738379 0.8936781609195402 345
1780280738381 0.8782467532467533 346
1780280738383 0.8645833333333333 347
1780280738385 0.8839598997493734 348
