1773251669382 0.0 0
1773251669401 0.14 1
1773251669417 0.48 2
1773251669439 0.385 3
1773251669460 0.625 4
1773251669488 0.84 5
1773251669506 0.76 6
1773251669523 0.695 7
1773251669541 0.64 8
1773251669556 0.76 9
1773251669574 0.78 10
1773251669591 0.695 11
1773251669619 0.725 12
1773251669640 0.77 13
1773251669660 0.8 14
1773251669675 0.84 15
1773251669694 0.84 16
1773251669712 0.875 17
1773251669730 0.88 18
1773251669749 0.885 19
1773251669780 0.89 20
1773251669797 0.905 21
1773251669813 0.895 22
1773251669830 0.89 23
1773251669849 0.895 24
1773251669871 0.9 25
1773251669894 0.905 26
1773251669933 0.905 27
1773251669953 0.89 28
1773251669969 0.875 29
1773251669981 0.915 30
1773251669994 0.89 31
1773251670007 0.85 32
1773251670020 0.815 33
1773251670032 0.835 34
1773251670044 0.87 35
1773251670056 0.9 36
1773251670067 0.92 37
1773251670079 0.945 38
1773251670093 0.95 39
1773251670109 0.94 40
1773251670119 0.89 41
1773251670144 0.86 42
1773251670160 0.905 43
1773251670173 0.895 44
1773251670185 0.92 45
1773251670195 0.96 46
1773251670207 0.9 47
1773251670220 0.945 48
1773251670231 0.91 49
1773251670243 0.925 50
1773251670255 0.92 51
1773251670265 0.915 52
1773251670277 0.91 53
1773251670289 0.92 54
1773251670299 0.935 55
1773251670311 0.91 56
1773251670335 0.93 57
1773251670369 0.945 58
1773251670382 0.95 59
1773251670397 0.94 60
1773251670410 0.935 61
1773251670423 0.955 62
1773251670442 0.91 63
1773251670454 0.95 64
1773251670471 0.94 65
1773251670490 0.96 66
1773251670507 0.945 67
1773251670520 0.92 68
1773251670533 0.945 69
1773251670547 0.96 70
1773251670576 0.935 71
1773251670592 0.94 72
1773251670606 0.93 73
1773251670620 0.93 74
1773251670633 0.945 75
1773251670645 0.93 76
1773251670658 0.915 77
1773251670670 0.915 78
1773251670682 0.94 79
1773251670694 0.9 80
1773251670706 0.945 81
1773251670717 0.945 82
1773251670728 0.95 83
1773251670749 0.935 84
1773251670763 0.965 85
1773251670777 0.95 86
1773251670798 0.94 87
1773251670810 0.935 88
1773251670823 0.98 89
1773251670838 0.95 90
1773251670852 0.96 91
1773251670867 0.96 92
1773251670883 0.945 93
1773251670900 0.945 94
1773251670913 0.945 95
1773251670925 0.975 96
1773251670938 0.945 97
1773251670949 0.93 98
1773251670961 0.93 99
1773251670974 0.97 100
1773251670986 0.96 101
1773251671011 0.935 102
1773251671023 0.96 103
1773251671035 0.965 104
1773251671048 0.95 105
1773251671062 0.96 106
1773251671078 0.96 107
1773251671091 0.96 108
1773251671104 0.935 109
1773251671117 0.94 110
1773251671131 0.955 111
1773251671144 0.945 112
1773251671157 0.95 113
1773251671169 0.95 114
1773251671181 0.97 115
1773251671194 0.97 116
1773251671215 0.975 117
1773251671229 0.96 118
1773251671241 0.935 119
1773251671253 0.94 120
1773251671268 0.96 121
1773251671280 0.95 122
1773251671293 0.95 123
1773251671308 0.93 124
1773251671320 0.94 125
1773251671332 0.94 126
1773251671345 0.965 127
1773251671360 0.94 128
1773251671371 0.955 129
1773251671381 0.925 130
1773251671397 0.89 131
1773251671423 0.81 132
1773251671437 0.72 133
