1780395698658 0.0 0
1780395698660 0.9066666666666616 1
1780395698662 0.9205555555555505 2
1780395698664 0.9277777777777727 3
1780395698665 0.9305555555555504 4
1780395698667 0.9449999999999947 5
1780395698669 0.9499999999999946 6
1780395698671 0.959444444444439 7
1780395698672 0.9588888888888837 8
1780395698674 0.9616666666666613 9
1780395698675 0.9611111111111057 10
1780395698677 0.9661111111111056 11
1780395698679 0.96555555555555 12
1780395698680 0.9661111111111058 13
1780395698682 0.9688888888888835 14
1780395698684 0.9716666666666611 15
1780395698685 0.9777777777777723 16
1780395698687 0.974444444444439 17
1780395698689 0.9755555555555502 18
1780395698690 0.9738888888888834 19
1780395698692 0.9749999999999945 20
1780395698694 0.9649999999999948 21
1780395698695 0.9683333333333278 22
1780395698697 0.9649999999999945 23
1780395698698 0.9649999999999945 24
1780395698700 0.9611111111111057 25
1780395698702 0.9672222222222169 26
1780395698703 0.9655555555555502 27
1780395698705 0.9633333333333278 28
1780395698707 0.9649999999999948 29
1780395698708 0.9644444444444391 30
1780395698710 0.9672222222222169 31
1780395698712 0.9672222222222168 32
1780395698713 0.9666666666666612 33
1780395698715 0.968333333333328 34
1780395698717 0.9627777777777725 35
1780395698718 0.9661111111111058 36
1780395698720 0.9727777777777723 37
1780395698721 0.958333333333328 38
1780395698723 0.9627777777777723 39
1780395698725 0.9677777777777724 40
1780395698726 0.9627777777777725 41
1780395698728 0.9638888888888835 42
1780395698730 0.9655555555555502 43
1780395698731 0.9722222222222168 44
1780395698733 0.9649999999999945 45
1780395698735 0.9694444444444391 46
1780395698736 0.9588888888888836 47
1780395698738 0.9688888888888835 48
1780395698739 0.9655555555555502 49
1780395698741 0.9677777777777722 50
1780395698743 0.9599999999999946 51
1780395698745 0.9655555555555502 52
1780395698746 0.9616666666666612 53
1780395698748 0.9599999999999946 54
1780395698750 0.9699999999999946 55
1780395698751 0.9716666666666611 56
1780395698753 0.9661111111111058 57
1780395698754 0.9722222222222167 58
1780395698756 0.9677777777777724 59
1780395698758 0.9727777777777723 60
1780395698759 0.9688888888888835 61
1780395698761 0.9711111111111057 62
1780395698763 0.9633333333333279 63
1780395698764 0.9588888888888836 64
1780395698766 0.9688888888888835 65
1780395698768 0.9644444444444391 66
1780395698769 0.9499999999999946 67
1780395698771 0.9605555555555503 68
1780395698772 0.9649999999999948 69
1780395698774 0.9622222222222169 70
1780395698776 0.9661111111111056 71
1780395698777 0.9711111111111057 72
1780395698779 0.9666666666666612 73
1780395698781 0.9649999999999945 74
1780395698782 0.9599999999999946 75
1780395698784 0.9666666666666612 76
1780395698786 0.9761111111111056 77
1780395698787 0.9722222222222167 78
1780395698789 0.9711111111111057 79
1780395698791 0.9622222222222169 80
1780395698792 0.9666666666666612 81
1780395698794 0.9666666666666612 82
1780395698796 0.9677777777777724 83
1780395698797 0.9633333333333279 84
1780395698799 0.9688888888888835 85
1780395698800 0.9661111111111058 86
1780395698802 0.9649999999999945 87
1780395698804 0.9677777777777724 88
1780395698805 0.9616666666666612 89
1780395698807 0.968333333333328 90
1780395698809 0.9649999999999948 91
1780395698810 0.9627777777777723 92
1780395698812 0.9666666666666612 93
1780395698814 0.9627777777777723 94
1780395698816 0.9627777777777725 95
1780395698817 0.9649999999999945 96
1780395698819 0.958333333333328 97
1780395698820 0.9677777777777724 98
1780395698822 0.9749999999999945 99
1780395698824 0.9683333333333278 100
1780395698825 0.9649999999999945 101
1780395698827 0.9599999999999946 102
1780395698829 0.9688888888888835 103
1780395698830 0.9699999999999946 104
1780395698832 0.9677777777777724 105
1780395698834 0.9722222222222168 106
1780395698835 0.9655555555555502 107
1780395698837 0.9633333333333279 108
1780395698839 0.9649999999999948 109
1780395698840 0.9683333333333278 110
1780395698842 0.9661111111111056 111
1780395698844 0.9672222222222169 112
1780395698845 0.9655555555555502 113
1780395698847 0.9688888888888834 114
1780395698849 0.9638888888888835 115
1780395698850 0.9638888888888835 116
1780395698852 0.969444444444439 117
1780395698853 0.9638888888888835 118
1780395698855 0.956111111111106 119
1780395698857 0.9672222222222169 120
1780395698858 0.9666666666666612 121
1780395698860 0.9677777777777724 122
1780395698862 0.969444444444439 123
1780395698863 0.9655555555555502 124
1780395698865 0.958333333333328 125
1780395698867 0.9616666666666613 126
1780395698868 0.9627777777777723 127
1780395698870 0.9655555555555502 128
1780395698872 0.9644444444444391 129
1780395698873 0.9633333333333279 130
1780395698875 0.9672222222222168 131
1780395698877 0.9683333333333278 132
1780395698878 0.9655555555555502 133
1780395698880 0.9699999999999944 134
1780395698881 0.9649999999999945 135
1780395698883 0.9649999999999945 136
1780395698885 0.9655555555555502 137
1780395698886 0.962222222222217 138
1780395698888 0.9672222222222169 139
1780395698890 0.9672222222222168 140
1780395698891 0.9633333333333279 141
1780395698893 0.9727777777777723 142
1780395698895 0.9655555555555502 143
1780395698896 0.9638888888888836 144
1780395698898 0.9677777777777722 145
1780395698899 0.969444444444439 146
1780395698901 0.9644444444444392 147
1780395698903 0.9561111111111058 148
1780395698904 0.969444444444439 149
1780395698906 0.9688888888888835 150
1780395698908 0.9622222222222169 151
1780395698909 0.9699999999999946 152
1780395698911 0.9655555555555502 153
1780395698913 0.9605555555555503 154
1780395698914 0.9622222222222169 155
1780395698916 0.9655555555555502 156
1780395698917 0.9238888888888835 157
1780395698919 0.9388888888888838 158
1780395698921 0.9399999999999947 159
1780395698922 0.9272222222222171 160
1780395698924 0.9294444444444393 161
1780395698926 0.9294444444444393 162
1780395698927 0.9299999999999947 163
1780395698929 0.9344444444444393 164
1780395698931 0.9249999999999948 165
1780395698932 0.9366666666666615 166
1780395698934 0.9316666666666616 167
1780395698936 0.9227777777777726 168
1780395698937 0.9366666666666614 169
1780395698939 0.9288888888888838 170
1780395698940 0.9305555555555504 171
1780395698942 0.9277777777777725 172
1780395698944 0.9361111111111059 173
1780395698945 0.926111111111106 174
1780395698947 0.9338888888888837 175
1780395698949 0.9272222222222171 176
1780395698950 0.9288888888888838 177
1780395698952 0.928333333333328 178
1780395698954 0.9361111111111059 179
1780395698955 0.9361111111111059 180
1780395698957 0.9327777777777726 181
1780395698959 0.9344444444444393 182
1780395698960 0.9283333333333281 183
1780395698962 0.9288888888888838 184
1780395698963 0.9372222222222171 185
1780395698965 0.9288888888888838 186
1780395698967 0.9338888888888839 187
1780395698968 0.9283333333333281 188
1780395698970 0.9255555555555505 189
1780395698972 0.9338888888888837 190
1780395698973 0.9333333333333282 191
1780395698975 0.9361111111111059 192
1780395698977 0.9311111111111059 193
1780395698978 0.9299999999999947 194
1780395698980 0.9272222222222173 195
1780395698982 0.9283333333333281 196
1780395698984 0.9266666666666616 197
1780395698985 0.9272222222222171 198
1780395698987 0.9255555555555504 199
1780395698989 0.9327777777777726 200
1780395698990 0.9283333333333281 201
1780395698992 0.9266666666666616 202
1780395698993 0.9372222222222171 203
1780395698995 0.9249999999999948 204
1780395698997 0.9327777777777726 205
1780395698998 0.9349999999999948 206
1780395699000 0.9288888888888838 207
1780395699002 0.9272222222222171 208
1780395699003 0.9305555555555506 209
1780395699005 0.9294444444444393 210
1780395699007 0.924999999999995 211
1780395699008 0.9288888888888838 212
1780395699010 0.9316666666666613 213
1780395699012 0.926111111111106 214
1780395699013 0.9188888888888836 215
1780395699015 0.926111111111106 216
1780395699017 0.9288888888888838 217
1780395699018 0.9394444444444392 218
1780395699020 0.9288888888888838 219
1780395699021 0.9316666666666616 220
1780395699023 0.9288888888888838 221
1780395699025 0.9316666666666615 222
1780395699026 0.9294444444444393 223
1780395699028 0.9272222222222173 224
1780395699030 0.9283333333333281 225
1780395699031 0.9283333333333281 226
1780395699033 0.9366666666666614 227
1780395699035 0.9277777777777727 228
1780395699036 0.9288888888888838 229
1780395699038 0.9227777777777728 230
1780395699039 0.9238888888888839 231
1780395699041 0.9272222222222171 232
1780395699043 0.9244444444444394 233
1780395699044 0.9227777777777728 234
1780395699046 0.9266666666666616 235
1780395699048 0.918888888888884 236
1780395699049 0.9188888888888836 237
1780395699051 0.931111111111106 238
1780395699053 0.926111111111106 239
1780395699054 0.9277777777777727 240
1780395699056 0.932222222222217 241
1780395699058 0.9305555555555504 242
1780395699059 0.9299999999999949 243
1780395699061 0.9305555555555504 244
1780395699063 0.929999999999995 245
1780395699064 0.9277777777777729 246
1780395699066 0.9405555555555501 247
1780395699068 0.931111111111106 248
1780395699069 0.931111111111106 249
1780395699071 0.9288888888888838 250
1780395699073 0.9349999999999948 251
1780395699074 0.9305555555555504 252
1780395699076 0.926111111111106 253
1780395699078 0.9233333333333282 254
1780395699079 0.9211111111111061 255
1780395699081 0.9383333333333281 256
1780395699083 0.9305555555555504 257
1780395699084 0.9216666666666615 258
1780395699086 0.926111111111106 259
1780395699087 0.9338888888888836 260
1780395699089 0.9272222222222171 261
1780395699091 0.9366666666666614 262
1780395699092 0.9361111111111061 263
1780395699094 0.9383333333333284 264
1780395699096 0.9299999999999949 265
1780395699097 0.932222222222217 266
1780395699099 0.9349999999999948 267
1780395699101 0.926111111111106 268
1780395699102 0.931111111111106 269
1780395699104 0.9277777777777725 270
1780395699106 0.9283333333333283 271
1780395699107 0.9327777777777728 272
1780395699109 0.924999999999995 273
1780395699111 0.9283333333333281 274
1780395699112 0.9249999999999948 275
1780395699114 0.9288888888888838 276
1780395699116 0.9244444444444394 277
1780395699117 0.9333333333333282 278
1780395699119 0.9211111111111061 279
1780395699121 0.9344444444444392 280
1780395699122 0.9372222222222171 281
1780395699124 0.9399999999999948 282
1780395699126 0.9288888888888838 283
1780395699127 0.9255555555555505 284
1780395699129 0.9311111111111059 285
1780395699131 0.9266666666666616 286
1780395699132 0.9299999999999949 287
1780395699134 0.9233333333333282 288
1780395699136 0.9294444444444393 289
1780395699137 0.9327777777777726 290
1780395699139 0.9349999999999948 291
1780395699141 0.9299999999999949 292
1780395699142 0.9277777777777725 293
1780395699144 0.9299999999999947 294
1780395699146 0.931111111111106 295
1780395699147 0.9288888888888838 296
1780395699149 0.9294444444444394 297
1780395699151 0.9249999999999948 298
1780395699153 0.9355555555555505 299
1780395699154 0.9316666666666615 300
1780395699156 0.931111111111106 301
1780395699158 0.9333333333333282 302
1780395699159 0.9305555555555504 303
1780395699161 0.9249999999999948 304
1780395699162 0.9344444444444393 305
1780395699164 0.9299999999999949 306
1780395699166 0.9205555555555505 307
1780395699167 0.9277777777777725 308
1780395699169 0.9316666666666615 309
1780395699171 0.9288888888888838 310
1780395699172 0.9233333333333285 311
1780395699174 0.9333333333333282 312
1780395699176 0.9277777777777725 313
