1780545228851 0.0 0
1780545228858 0.07716390423572743 1
1780545228859 0.11836274509803921 2
1780545228861 0.07088622889827709 3
1780545228863 0.12709401709401708 4
1780545228864 0.18753187042842215 5
1780545228866 0.20346961861667748 6
1780545228868 0.17560716178363237 7
1780545228869 0.2995622973598888 8
1780545228871 0.2380310091350411 9
1780545228872 0.3366475518178304 10
1780545228874 0.12131979458450046 11
1780545228876 0.23276785714285714 12
1780545228877 0.25108924427812684 13
1780545228879 0.23189571150097468 14
1780545228880 0.31875114615807815 15
1780545228882 0.4312861864806945 16
1780545228884 0.3898782504045662 17
1780545228885 0.260195927833499 18
1780545228887 0.28468370445344127 19
1780545228888 0.42140003813390914 20
1780545228890 0.4445823885109599 21
1780545228891 0.35812205263424773 22
1780545228893 0.36017316017316015 23
1780545228895 0.23019357192934065 24
1780545228896 0.32838963632288404 25
1780545228898 0.3086041083099907 26
1780545228899 0.2777747632884619 27
1780545228901 0.32729840780688235 28
1780545228902 0.3092917012065949 29
1780545228904 0.3518213763708132 30
1780545228905 0.3481835538042969 31
1780545228907 0.3634695613253897 32
1780545228909 0.4135397885335858 33
1780545228910 0.39828072855936625 34
1780545228912 0.33889294411980436 35
1780545228913 0.4359751761925675 36
1780545228915 0.4129960317460317 37
1780545228916 0.30584703730930146 38
1780545228918 0.3608475091616491 39
1780545228920 0.3935796221322537 40
1780545228921 0.29564548983435185 41
1780545228923 0.2935830835830836 42
1780545228924 0.35211744776962167 43
1780545228926 0.43157603989272825 44
1780545228927 0.40490410809632776 45
1780545228929 0.3749320814705769 46
1780545228931 0.4068880183114185 47
1780545228932 0.36951659451659447 48
1780545228934 0.4163991494832617 49
1780545228935 0.5101464646464647 50
1780545228937 0.438907324112278 51
1780545228938 0.4212434495329232 52
1780545228940 0.36497987897693945 53
1780545228942 0.42159791189202955 54
1780545228943 0.4513600932950779 55
1780545228945 0.15932758000719166 56
1780545228946 0.4594818777713515 57
1780545228948 0.16271406930878113 58
1780545228949 0.4151614343103705 59
1780545228951 0.3916342429500324 60
1780545228952 0.4266298596733379 61
1780545228954 0.37920911316433703 62
1780545228955 0.4673922994813406 63
1780545228957 0.34371595703874186 64
1780545228959 0.4654553954477455 65
1780545228960 0.15236185383244205 66
1780545228962 0.3816117574288306 67
1780545228963 0.32694210356228404 68
1780545228965 0.5051283284111607 69
1780545228966 0.4845412716574044 70
1780545228968 0.35536440570923333 71
1780545228969 0.4211701983326863 72
1780545228971 0.43902755196359855 73
1780545228973 0.4332412847272904 74
1780545228974 0.4726459622056991 75
1780545228976 0.35535004168061113 76
1780545228977 0.44123825626197544 77
1780545228979 0.47307779285391227 78
1780545228981 0.45753095975232194 79
1780545228982 0.24534429824561405 80
1780545228984 0.4100327281414238 81
1780545228985 0.4514295044036423 82
1780545228987 0.45601651555174794 83
1780545228989 0.3494607843137255 84
1780545228990 0.41587512381344177 85
1780545228992 0.5001486608629465 86
1780545228993 0.3407549590435949 87
1780545228995 0.41313814887657185 88
1780545228997 0.40197722567287786 89
1780545228998 0.43157131960335626 90
1780545229000 0.4178529690681393 91
1780545229001 0.3667606704297881 92
1780545229003 0.41964390142021724 93
1780545229004 0.3497921885186036 94
1780545229006 0.3900714285714285 95
1780545229008 0.39549540013624784 96
1780545229009 0.36634218430000687 97
1780545229011 0.3611756168359942 98
1780545229012 0.3431211180124224 99
1780545229014 0.45387721836756034 100
1780545229015 0.49329399799918044 101
1780545229017 0.4946765106866974 102
1780545229019 0.45944765511702634 103
1780545229020 0.37011795471679937 104
1780545229022 0.43612637362637363 105
1780545229023 0.4665194489784653 106
1780545229025 0.41720268861573206 107
1780545229026 0.5454113084302918 108
1780545229029 0.44300225068735977 109
1780545229030 0.41603729603729606 110
1780545229032 0.4446468751435 111
1780545229033 0.46162931323922035 112
1780545229035 0.2984656836219336 113
1780545229037 0.30715993265993263 114
1780545229040 0.3764159451316039 115
1780545229041 0.45175374792083184 116
1780545229043 0.38034315517135003 117
1780545229045 0.42079448329448327 118
1780545229046 0.3964426655216129 119
1780545229048 0.3374235729248494 120
1780545229049 0.40423364404212914 121
1780545229051 0.4201489686783805 122
1780545229052 0.5109728381374723 123
1780545229054 0.56 124
1780545229055 0.47882468924987565 125
1780545229057 0.4134684379005968 126
1780545229059 0.4782109270040305 127
1780545229060 0.38575136872930993 128
1780545229062 0.42520577461753933 129
1780545229063 0.3988948433584626 130
1780545229065 0.45559619450317124 131
1780545229066 0.3123682336182336 132
1780545229068 0.4960519191114061 133
1780545229070 0.3607364289589353 134
1780545229071 0.323898783209128 135
1780545229073 0.4107190324295587 136
1780545229074 0.5371591371591371 137
1780545229076 0.4529050091709938 138
1780545229077 0.43117251542783464 139
1780545229079 0.42850481554041064 140
1780545229080 0.3716531984786994 141
1780545229082 0.41324281124879325 142
1780545229084 0.378671523353324 143
1780545229085 0.47853953862674786 144
1780545229087 0.4187730047730048 145
1780545229088 0.35769165475047826 146
1780545229090 0.4662306166056166 147
1780545229091 0.41125855822664337 148
1780545229093 0.3723450761539356 149
1780545229095 0.28388511828172247 150
1780545229096 0.4271483067759664 151
1780545229098 0.31250517598343686 152
1780545229099 0.2935103855696785 153
1780545229101 0.4273907202243034 154
1780545229103 0.4292237134450249 155
1780545229104 0.31418207782480534 156
1780545229106 0.4023582576843447 157
1780545229107 0.37644688644688645 158
1780545229109 0.4105886284338297 159
1780545229110 0.4638717984913637 160
1780545229112 0.3550025807525807 161
1780545229113 0.3795112781954887 162
1780545229115 0.35000381424977556 163
1780545229117 0.3874188311688312 164
1780545229118 0.3386108315191917 165
1780545229120 0.20141099322133807 166
1780545229121 0.49376737967914436 167
1780545229123 0.3297598541809068 168
1780545229124 0.4521204750983962 169
1780545229126 0.3205536130536131 170
1780545229128 0.4915152643615901 171
1780545229129 0.44628496858928546 172
1780545229131 0.3429685023960899 173
1780545229132 0.38811399467649466 174
1780545229134 0.4049241118358765 175
1780545229135 0.4657842157842157 176
1780545229137 0.29785586446994217 177
1780545229139 0.38858303113935155 178
1780545229140 0.26875972067148535 179
1780545229142 0.3794290936713668 180
1780545229143 0.38391827233932496 181
1780545229145 0.36418807484505156 182
1780545229146 0.3457696715049656 183
1780545229148 0.3430256593865616 184
1780545229150 0.4392764910842386 185
1780545229151 0.4180555555555555 186
1780545229153 0.4478708083170326 187
1780545229154 0.29074438158740484 188
1780545229156 0.2516692131398014 189
1780545229157 0.3912175457841093 190
1780545229159 0.34740689833102023 191
1780545229161 0.37409399111526775 192
1780545229162 0.3710792905529748 193
1780545229164 0.20871790710882893 194
1780545229165 0.45611904761904765 195
1780545229167 0.4269855998641606 196
1780545229168 0.32653679653679657 197
1780545229170 0.3832447209653092 198
1780545229172 0.3866804218777903 199
1780545229173 0.3893697166429972 200
1780545229175 0.3353770865071175 201
1780545229176 0.2865353930714693 202
1780545229178 0.4623332904254943 203
1780545229179 0.2576825423014171 204
1780545229181 0.4538492866782341 205
1780545229183 0.3585586913086913 206
1780545229184 0.36799080230114706 207
1780545229186 0.37462545787545787 208
1780545229187 0.2763178210678211 209
1780545229189 0.4192051282051283 210
1780545229190 0.23946324958352405 211
1780545229192 0.3807025093981616 212
1780545229193 0.4004310923615977 213
1780545229195 0.39007910906298005 214
1780545229197 0.44577765607886094 215
1780545229198 0.20453217437600607 216
1780545229200 0.44012131682344446 217
1780545229201 0.44673641173641176 218
1780545229203 0.38066624895572265 219
1780545229204 0.46580879161524325 220
1780545229206 0.5278761516261516 221
1780545229208 0.42917720685111993 222
1780545229209 0.37894528619528617 223
1780545229211 0.3756400714295451 224
1780545229212 0.4505394605394605 225
1780545229214 0.36663238464322057 226
1780545229216 0.35881465278017 227
1780545229217 0.3678861489387806 228
1780545229219 0.42651288068083737 229
1780545229220 0.5588642583470169 230
1780545229222 0.40919289419289423 231
1780545229224 0.37819729707338845 232
1780545229225 0.40855821371610845 233
1780545229227 0.32307759650640633 234
1780545229228 0.3960804702543833 235
1780545229230 0.32062121212121214 236
1780545229231 0.41318150448585234 237
1780545229233 0.3785786975667035 238
1780545229235 0.38868518518518513 239
1780545229236 0.3878184775185512 240
1780545229238 0.34359868012233685 241
1780545229239 0.37600572337681337 242
1780545229241 0.4439648206550282 243
1780545229242 0.4954182046024151 244
1780545229244 0.41843500797448163 245
1780545229246 0.39295287548484487 246
1780545229247 0.37130970698355076 247
1780545229249 0.4210857524828113 248
1780545229250 0.29436263736263735 249
1780545229252 0.34043491080642785 250
1780545229253 0.41233407587704124 251
1780545229255 0.47981865375846217 252
1780545229257 0.4597920599324774 253
1780545229258 0.38733497512717463 254
1780545229260 0.4584617314358693 255
1780545229261 0.4241910270695418 256
1780545229263 0.3645974855407427 257
1780545229264 0.3740476748913282 258
1780545229266 0.3738610715979137 259
1780545229267 0.27129159104658196 260
1780545229269 0.44056792694723723 261
1780545229271 0.41460101010101014 262
1780545229272 0.47665133477633476 263
1780545229274 0.36878180642886527 264
1780545229275 0.5020821517899906 265
1780545229277 0.46819852941176465 266
1780545229278 0.42565909505564675 267
1780545229280 0.4416632282149523 268
1780545229282 0.3291841736694678 269
1780545229283 0.5129897728440744 270
1780545229285 0.38505406027145156 271
1780545229286 0.4063253346493122 272
1780545229288 0.4101967351508575 273
1780545229289 0.4232296315728479 274
1780545229291 0.40891257254511115 275
1780545229293 0.45248969902086067 276
1780545229294 0.36792966292966295 277
1780545229296 0.3132881525151262 278
1780545229297 0.42976857282502434 279
1780545229299 0.29741970791506395 280
1780545229300 0.45602553098242754 281
1780545229302 0.3807876712328767 282
1780545229304 0.40047800376189124 283
1780545229305 0.45002148311404977 284
1780545229307 0.39485062522019043 285
1780545229308 0.3445718771912162 286
1780545229310 0.38850931677018635 287
1780545229311 0.4224022341749273 288
1780545229313 0.40741746012932456 289
1780545229315 0.40061205391701904 290
1780545229316 0.38037878787878787 291
1780545229318 0.3927022485250333 292
1780545229319 0.3865609721953006 293
1780545229321 0.44671480795708113 294
1780545229322 0.37870802358643163 295
1780545229324 0.42227006298617553 296
1780545229326 0.34638320322904503 297
1780545229327 0.47956860706860704 298
