1780107333400 0.0 0
1780107333402 0.028299948638931694 1
1780107333404 0.19458979574540214 2
1780107333406 0.3309748421720345 3
1780107333407 0.4513004337705525 4
1780107333409 0.6135432090753514 5
1780107333410 0.6532480716048144 6
1780107333412 0.4221540998239817 7
1780107333414 0.7597387178161575 8
1780107333415 0.7825797508724338 9
1780107333417 0.8205873030085545 10
1780107333419 0.7204271622686257 11
1780107333420 0.8075198785088584 12
1780107333422 0.6833133272617855 13
1780107333423 0.892200052821314 14
1780107333425 0.7367994912134682 15
1780107333427 0.8784433099549378 16
1780107333428 0.8958559712031156 17
1780107333430 0.8998483480562471 18
1780107333432 0.9093712372252242 19
1780107333433 0.8432664289890225 20
1780107333435 0.8949684809995597 21
1780107333437 0.9248907450498638 22
1780107333438 0.9102143661139989 23
1780107333440 0.9341773037244273 24
1780107333441 0.879454321440068 25
1780107333443 0.9141806922102174 26
1780107333445 0.8728716238458902 27
1780107333446 0.9156593969762312 28
1780107333448 0.8827155541379653 29
1780107333450 0.913691336476959 30
1780107333451 0.8525819708746539 31
1780107333453 0.8361724433033804 32
1780107333454 0.9450754465902091 33
1780107333456 0.8637567345583657 34
1780107333458 0.8048652460898136 35
1780107333459 0.7255066185796237 36
1780107333461 0.913347569833638 37
1780107333462 0.9107657532882178 38
1780107333464 0.9081460089854871 39
1780107333466 0.9101514366079264 40
1780107333467 0.8945874547182127 41
1780107333469 0.8518054385856242 42
1780107333470 0.8559773427025956 43
1780107333472 0.9095565606206858 44
1780107333474 0.7027640283755778 45
1780107333475 0.8639709854037807 46
1780107333477 0.8713854423783494 47
1780107333478 0.8937685651761539 48
1780107333480 0.7635346183428025 49
1780107333482 0.9249393499893545 50
1780107333483 0.9135590304717391 51
1780107333485 0.8226803928135764 52
1780107333486 0.9255051150686582 53
1780107333488 0.9392526899881289 54
1780107333490 0.8453202423257098 55
1780107333491 0.8960539543369876 56
1780107333493 0.8628411311338141 57
1780107333494 0.847971903683645 58
1780107333496 0.939260910249357 59
1780107333498 0.9407663525933818 60
1780107333499 0.9152358298699763 61
1780107333501 0.8341447914558013 62
1780107333503 0.9234983971941013 63
1780107333504 0.8188016469595416 64
1780107333506 0.9304024838684659 65
1780107333507 0.9052699220771421 66
1780107333509 0.8710230355865786 67
1780107333511 0.8956652816927855 68
1780107333512 0.6337558042126066 69
1780107333514 0.9298931686049873 70
1780107333516 0.9346784722907959 71
1780107333517 0.8215537202680651 72
1780107333519 0.9058703242271922 73
1780107333520 0.901897646999499 74
1780107333522 0.8695579397987012 75
1780107333524 0.9447655006049788 76
1780107333525 0.8292829693625636 77
1780107333527 0.876262323701348 78
1780107333528 0.9185621891385095 79
1780107333530 0.9351849132336938 80
1780107333532 0.9155333317796343 81
1780107333533 0.8048450394979151 82
1780107333535 0.8563001512631896 83
1780107333536 0.9123688900354615 84
1780107333538 0.8923421109334424 85
1780107333540 0.799209257469826 86
1780107333541 0.8886899008850231 87
1780107333543 0.8274384858400816 88
1780107333544 0.8597248695757951 89
1780107333546 0.9242743278852483 90
1780107333548 0.9448448919501551 91
1780107333549 0.8863875317536488 92
1780107333551 0.8295846421283256 93
1780107333552 0.9298800789223811 94
1780107333554 0.8660953238175988 95
1780107333556 0.9188061025128524 96
1780107333557 0.906991309930976 97
1780107333559 0.88794378009481 98
1780107333560 0.9348656749207545 99
1780107333562 0.9403309634310919 100
1780107333564 0.7932102247218527 101
1780107333565 0.8712814764567289 102
1780107333567 0.6795889295889295 103
1780107333568 0.877898582898583 104
1780107333570 0.7833273992066984 105
1780107333572 0.9401961828085064 106
1780107333573 0.8704805643606133 107
1780107333575 0.9391958802741858 108
1780107333576 0.955686209656111 109
1780107333578 0.8402255874207093 110
1780107333580 0.9099271474496122 111
1780107333581 0.8831816996467385 112
1780107333583 0.8442644050342901 113
1780107333584 0.8650419328417792 114
1780107333586 0.9448426399825033 115
1780107333587 0.9549624295259724 116
1780107333589 0.9257549734616864 117
1780107333591 0.9051602171798011 118
1780107333592 0.9205396913740944 119
1780107333594 0.9357621096910599 120
1780107333595 0.9304750368000809 121
1780107333597 0.9126132799675206 122
1780107333599 0.8450114641455269 123
1780107333600 0.8892802924208677 124
1780107333602 0.9600686989518824 125
1780107333603 0.893108140457306 126
1780107333605 0.9358961152832184 127
1780107333607 0.950237789384131 128
1780107333608 0.9248282602454619 129
1780107333610 0.9007964800786483 130
1780107333611 0.9605417056100698 131
1780107333613 0.914605765096406 132
1780107333615 0.909898227093349 133
1780107333616 0.9349565089080569 134
1780107333618 0.9265850922408939 135
1780107333619 0.945049475208594 136
1780107333621 0.9106994524549765 137
1780107333622 0.8221886084402131 138
1780107333624 0.9234234488406503 139
1780107333626 0.9031305266817929 140
1780107333627 0.9549134232061063 141
1780107333629 0.920820681213325 142
1780107333631 0.9599754310729919 143
1780107333632 0.9454041196188255 144
1780107333634 0.7497290774483756 145
1780107333635 0.9309113346873443 146
1780107333637 0.9496627731287551 147
1780107333638 0.9488818904672562 148
1780107333640 0.9053882541857584 149
1780107333642 0.7710455131678662 150
1780107333643 0.9448685109660719 151
1780107333645 0.9554915802967867 152
1780107333646 0.959345823909367 153
1780107333648 0.8517955404613329 154
1780107333650 0.8644245003456211 155
1780107333651 0.9599046478493891 156
1780107333653 0.8309916554732428 157
1780107333654 0.9148110473485177 158
1780107333656 0.9748008528496334 159
1780107333658 0.9751125703564728 160
1780107333659 0.9549718103890118 161
1780107333661 0.9649566223250433 162
1780107333662 0.9646784549223575 163
1780107333664 0.9300327895101415 164
1780107333665 0.9440834039462217 165
1780107333667 0.9600745061528118 166
1780107333669 0.9394622972337394 167
1780107333670 0.9655385786557235 168
1780107333672 0.9699807445442875 169
1780107333673 0.9553386044849459 170
1780107333675 0.8967314601300055 171
1780107333677 0.9602197802197802 172
1780107333678 0.9798337306681336 173
1780107333680 0.9551854856026871 174
1780107333681 0.9593426969550205 175
1780107333683 0.9547018346876543 176
1780107333684 0.9848587933247753 177
1780107333686 0.9361403155274186 178
1780107333688 0.9555540631222945 179
1780107333689 0.9548968326875305 180
1780107333691 0.9698472259447868 181
1780107333692 0.9548310974434211 182
1780107333694 0.9552438775981182 183
1780107333695 0.9400113149971346 184
1780107333697 0.9702255874207093 185
1780107333699 0.9424925352781578 186
1780107333700 0.9245608117335372 187
1780107333702 0.969708652494275 188
1780107333703 0.9541609560979953 189
1780107333705 0.9649718103890119 190
1780107333706 0.9648838311405108 191
1780107333708 0.9698462855073895 192
1780107333710 0.9446992133650056 193
1780107333711 0.98510989010989 194
1780107333713 0.9749937460913071 195
1780107333714 0.9649906191369606 196
1780107333716 0.9799686834346655 197
1780107333717 0.970071410910889 198
1780107333719 0.9648124672514917 199
1780107333721 0.9211380273979579 200
1780107333722 0.9547634411741646 201
1780107333724 0.9800848274532484 202
1780107333725 0.9399146969342809 203
1780107333727 0.9702067786727607 204
1780107333728 0.9751067631555437 205
1780107333730 0.9651036362011972 206
1780107333732 0.9700937616085241 207
1780107333733 0.9495773204117235 208
1780107333735 0.9849718103890119 209
1780107333736 0.9556738860910876 210
1780107333738 0.9603126331033307 211
1780107333739 0.9748306037137875 212
1780107333741 0.9600655719975361 213
1780107333743 0.9548852752035126 214
1780107333744 0.9899937460913071 215
1780107333746 0.9797274612422238 216
1780107333747 0.9849718103890119 217
1780107333749 0.9652005247640678 218
1780107333750 0.9597897632557453 219
1780107333752 0.965093761608524 220
1780107333754 0.9746878357853968 221
1780107333755 0.9699686834346656 222
1780107333757 0.9601959953551139 223
1780107333758 0.9549154311670358 224
1780107333760 0.9067116321438391 225
1780107333761 0.8975989182568812 226
1780107333763 0.9598004061418696 227
1780107333765 0.9460164605166559 228
1780107333766 0.9456344783567534 229
1780107333768 0.8723221018671495 230
1780107333769 0.9548122193757622 231
1780107333771 0.9599968482047474 232
1780107333772 0.9650875076998313 233
1780107333774 0.9603475386402216 234
1780107333776 0.9445679395486841 235
1780107333777 0.950064356996321 236
1780107333779 0.984855666370429 237
1780107333780 0.9642392972880778 238
1780107333782 0.9649297105060308 239
1780107333783 0.9849906191369605 240
1780107333785 0.9801067631555437 241
1780107333787 0.9602135263110873 242
1780107333788 0.9797175866495508 243
1780107333790 0.9599315596684018 244
1780107333791 0.9802197802197803 245
1780107333793 0.858962395470155 246
1780107333795 0.922998334935374 247
1780107333796 0.9446384581044402 248
1780107333798 0.9699686834346654 249
1780107333799 0.9747342088805503 250
1780107333801 0.9899937460913071 251
1780107333803 0.9548033545401966 252
1780107333804 0.9749655564803191 253
1780107333806 0.964312154556057 254
1780107333807 0.9700785735445555 255
1780107333809 0.9602577310064546 256
1780107333811 0.9403309634310919 257
1780107333813 0.9599968482047474 258
1780107333814 0.965065571997536 259
1780107333816 0.9599686834346656 260
1780107333817 0.9603895227579438 261
1780107333819 0.9607801555169976 262
1780107333830 0.9849718103890119 263
1780107333832 0.9109463327370303 264
1780107333834 0.9448769065727763 265
1780107333835 0.9546970851142866 266
1780107333837 0.9801067631555437 267
1780107333838 0.9551577723528943 268
1780107333840 0.974849412461736 269
1780107333842 0.9899937460913071 270
1780107333843 0.9799906191369606 271
1780107333845 0.9597789171473382 272
1780107333846 0.9344275871990295 273
1780107333848 0.9697274612422238 274
1780107333849 0.964662773128755 275
1780107333851 0.98510989010989 276
1780107333853 0.9749718103890119 277
1780107333854 0.9899937460913073 278
1780107333856 0.8571207267718896 279
1780107333857 0.970795343580966 280
1780107333859 0.9899937460913069 281
1780107333860 0.9597914719865941 282
1780107333862 0.9697243342878773 283
1780107333864 0.8773749335816088 284
1780107333865 0.9649593025716261 285
1780107333867 0.9647977258952869 286
1780107333868 0.9648869580948572 287
1780107333870 0.9799686834346655 288
1780107333872 0.9704547485035292 289
1780107333873 0.9649525549332996 290
1780107333875 0.9306946082170728 291
1780107333876 0.9749785580273386 292
1780107333878 0.9298827137737057 293
1780107333879 0.9643708865660084 294
1780107333881 0.9652094589193434 295
1780107333883 0.8839304469599721 296
1780107333884 0.9551257058611448 297
1780107333886 0.9599691771642991 298
1780107333887 0.9748404783064604 299
1780107333889 0.9499530486629331 300
1780107333890 0.954285110626574 301
1780107333892 0.9698525394160823 302
1780107333894 0.9450630876754111 303
1780107333895 0.9749785580273385 304
1780107333897 0.9949968730456537 305
1780107333898 0.9799686834346655 306
1780107333900 0.9801067631555437 307
1780107333901 0.9851067631555438 308
1780107333903 0.9801156973108194 309
1780107333905 0.9749816849816849 310
1780107333906 0.9028104893252518 311
1780107333908 0.9698561601000625 312
1780107333909 0.9555858734172625 313
