1780550266571 0.0 0
1780550266574 0.49999999999999667 1
1780550266576 0.49999999999999684 2
1780550266578 0.5168940870695129 3
1780550266580 0.499999999999997 4
1780550266583 0.524999999999996 5
1780550266585 0.4999999999999969 6
1780550266587 0.4999999999999969 7
1780550266589 0.529471544715443 8
1780550266592 0.49999999999999684 9
1780550266594 0.4999999999999967 10
1780550266596 0.5501129305477084 11
1780550266599 0.499999999999997 12
1780550266601 0.49698795180722594 13
1780550266603 0.49999999999999684 14
1780550266606 0.5919135502671133 15
1780550266608 0.5104460288509334 16
1780550266610 0.5891211906449192 17
1780550266612 0.49999999999999684 18
1780550266615 0.4999999999999969 19
1780550266617 0.4999999999999969 20
1780550266619 0.49696969696969395 21
1780550266621 0.49999999999999695 22
1780550266624 0.64848484848484 23
1780550266626 0.571684587813614 24
1780550266628 0.5206449668474948 25
1780550266631 0.6183035714285634 26
1780550266633 0.5611814345991512 27
1780550266635 0.5575880758807533 28
1780550266637 0.6093189964157647 29
1780550266640 0.5263997165131075 30
1780550266642 0.6434602281143414 31
1780550266644 0.7030303030302898 32
1780550266647 0.49999999999999684 33
1780550266649 0.6033197831978234 34
1780550266651 0.5111111111111076 35
1780550266654 0.49999999999999695 36
1780550266656 0.607526881720424 37
1780550266658 0.5486300127018642 38
1780550266661 0.4999999999999967 39
1780550266663 0.4999999999999967 40
1780550266665 0.49999999999999684 41
1780550266667 0.5348837209302286 42
1780550266670 0.5285714285714248 43
1780550266672 0.563398015108868 44
1780550266674 0.5512820512820469 45
1780550266677 0.49999999999999695 46
1780550266679 0.4999999999999969 47
1780550266681 0.6964157706093095 48
1780550266683 0.6562499999999919 49
1780550266686 0.7032520325203145 50
1780550266688 0.4999999999999966 51
1780550266690 0.499999999999997 52
1780550266693 0.5255411255411218 53
1780550266695 0.499999999999997 54
1780550266697 0.6333634719710604 55
1780550266700 0.49999999999999695 56
1780550266702 0.5718749999999948 57
1780550266704 0.5138888888888854 58
1780550266706 0.499999999999997 59
1780550266709 0.6626016260162516 60
1780550266711 0.5221448674270439 61
1780550266713 0.5744680851063781 62
1780550266716 0.6771680216802067 63
1780550266718 0.6857142857142728 64
1780550266720 0.5121951219512161 65
1780550266723 0.49700598802394913 66
1780550266725 0.6480331262939886 67
1780550266727 0.5416666666666624 68
1780550266730 0.4999999999999967 69
1780550266732 0.5116279069767408 70
1780550266734 0.4999999999999969 71
1780550266736 0.5263157894736805 72
1780550266739 0.5882675438596436 73
1780550266741 0.49999999999999695 74
1780550266743 0.6631900987345194 75
1780550266746 0.5585664335664289 76
1780550266748 0.5256410256410219 77
1780550266750 0.6343749999999926 78
1780550266753 0.5232558139534846 79
1780550266755 0.6900459191230843 80
1780550266757 0.5128205128205093 81
1780550266759 0.5650994575045161 82
1780550266762 0.7575914679306665 83
1780550266764 0.49999999999999695 84
1780550266766 0.4999999999999969 85
1780550266769 0.6003221352968189 86
1780550266771 0.6844405594405507 87
1780550266773 0.5827216261998817 88
1780550266775 0.6705627705627601 89
1780550266778 0.6579560790087041 90
1780550266780 0.4968749999999969 91
1780550266782 0.6083221988929115 92
1780550266785 0.5777777777777728 93
1780550266787 0.5223214285714247 94
1780550266789 0.6547202797202725 95
1780550266791 0.5285142941786363 96
1780550266794 0.4967741935483839 97
1780550266796 0.4999999999999967 98
1780550266798 0.534405571215383 99
1780550266801 0.5572938395216197 100
1780550266803 0.6747967479674692 101
1780550266805 0.5556403893872827 102
1780550266808 0.5303030303030264 103
1780550266810 0.6392851664365629 104
1780550266812 0.5106382978723369 105
1780550266814 0.6297977384933833 106
1780550266817 0.6764705882352846 107
1780550266828 0.7946329033285411 108
1780550266831 0.5517241379310298 109
1780550266833 0.4999999999999967 110
1780550266835 0.6222587719298185 111
1780550266837 0.5292994846344683 112
1780550266840 0.640689769524118 113
1780550266842 0.49999999999999684 114
1780550266845 0.5614812189936165 115
1780550266847 0.5128205128205093 116
1780550266849 0.5845988648565674 117
1780550266851 0.4969512195121921 118
1780550266854 0.6622628726287183 119
1780550266856 0.5657894736842057 120
1780550266858 0.706402293358804 121
1780550266861 0.4999999999999969 122
1780550266863 0.499999999999997 123
1780550266865 0.5355691056910528 124
1780550266867 0.5536130536130491 125
1780550266870 0.7274631706987336 126
1780550266872 0.6812499999999904 127
1780550266874 0.6392276422764153 128
1780550266877 0.4999999999999969 129
1780550266879 0.7109102967998548 130
1780550266881 0.6548102981029701 131
1780550266883 0.5285714285714248 132
1780550266886 0.6186147186147094 133
1780550266888 0.6640355652331613 134
1780550266890 0.5638297872340379 135
1780550266893 0.5024110910186825 136
1780550266895 0.499999999999997 137
1780550266897 0.529471544715443 138
1780550266899 0.4999999999999969 139
1780550266902 0.5789330430048936 140
1780550266904 0.49999999999999695 141
1780550266906 0.6063988095238032 142
1780550266909 0.5343749999999959 143
1780550266911 0.748028673835114 144
1780550266913 0.5394265232974867 145
1780550266915 0.7031249999999909 146
1780550266918 0.6161809205287401 147
1780550266920 0.5739149755591713 148
1780550266922 0.4999999999999969 149
1780550266924 0.46951219512194836 150
1780550266927 0.5241389045736788 151
1780550266929 0.4999999999999969 152
1780550266931 0.5667965981573294 153
1780550266934 0.5106382978723369 154
1780550266936 0.5389863547758225 155
1780550266938 0.5525069088037825 156
1780550266941 0.49999999999999656 157
1780550266943 0.5899641577060875 158
1780550266945 0.5246753246753205 159
1780550266948 0.4999999999999969 160
1780550266950 0.4999999999999969 161
1780550266952 0.5111111111111076 162
1780550266954 0.5170969049871568 163
1780550266957 0.4999999999999969 164
1780550266959 0.4999999999999969 165
1780550266961 0.5157754406754517 166
1780550266964 0.5193841246472785 167
1780550266966 0.49679487179486864 168
1780550266968 0.5983253191842084 169
1780550266970 0.49999999999999706 170
1780550266973 0.5121575031754638 171
1780550266975 0.5166666666666632 172
1780550266977 0.49999999999999684 173
1780550266980 0.49999999999999667 174
1780550266982 0.5534437946718601 175
1780550266984 0.6254976907150754 176
1780550266986 0.4999999999999971 177
1780550266989 0.499999999999997 178
1780550266991 0.4999999999999969 179
1780550266993 0.499999999999997 180
1780550266996 0.5116938341601667 181
1780550266998 0.4999999999999969 182
1780550267005 0.5374730558779597 183
1780550267007 0.6097046413502042 184
1780550267009 0.6321070234113644 185
1780550267012 0.5511010728401989 186
1780550267014 0.6346832336247793 187
1780550267016 0.671686746987942 188
1780550267018 0.5555555555555509 189
1780550267021 0.6215686274509731 190
1780550267023 0.49999999999999695 191
1780550267025 0.4999999999999969 192
1780550267028 0.4999999999999967 193
1780550267030 0.671215074723838 194
1780550267032 0.5476190476190433 195
1780550267034 0.5286348054043113 196
1780550267037 0.5131578947368387 197
1780550267039 0.4999999999999969 198
1780550267041 0.5517701081321241 199
1780550267044 0.6031249999999939 200
1780550267046 0.5691964285714233 201
1780550267048 0.49999999999999684 202
1780550267051 0.6244517543859582 203
1780550267053 0.6774551918234257 204
1780550267055 0.6303030303030219 205
1780550267058 0.49999999999999684 206
1780550267060 0.49999999999999695 207
1780550267062 0.7277056277056155 208
1780550267064 0.49999999999999684 209
1780550267067 0.6590946774995781 210
1780550267069 0.5124999999999966 211
1780550267071 0.6093726031599879 212
1780550267074 0.5293851717902311 213
1780550267076 0.5394736842105222 214
1780550267078 0.6350931677018561 215
1780550267080 0.6340977862716912 216
1780550267083 0.6142026578073005 217
1780550267085 0.5818384091225093 218
1780550267088 0.4999999999999971 219
1780550267090 0.49999999999999695 220
1780550267092 0.5256410256410219 221
1780550267094 0.49999999999999695 222
1780550267097 0.5405405405405364 223
1780550267099 0.4967105263157862 224
1780550267101 0.49999999999999706 225
1780550267104 0.5457368718238238 226
1780550267106 0.6067073170731644 227
1780550267108 0.4999999999999968 228
1780550267110 0.6093749999999941 229
1780550267113 0.6606060606060499 230
1780550267115 0.5697695518054747 231
1780550267117 0.6241065627030458 232
1780550267120 0.5256410256410219 233
1780550267122 0.5333333333333293 234
1780550267124 0.5593749999999953 235
1780550267127 0.5126488095238061 236
1780550267129 0.532258064516125 237
1780550267131 0.5243902439024353 238
1780550267133 0.6220862470862407 239
1780550267136 0.6672035588280336 240
1780550267138 0.5548187444739118 241
1780550267140 0.6562499999999925 242
1780550267143 0.6444204941137375 243
1780550267145 0.4999999999999969 244
1780550267148 0.5333333333333293 245
1780550267150 0.6034667893848692 246
1780550267152 0.5263157894736805 247
1780550267154 0.5587238848108368 248
1780550267157 0.566666666666662 249
1780550267159 0.5499999999999954 250
1780550267161 0.5399999999999958 251
1780550267164 0.6432900432900353 252
1780550267166 0.5682640144665413 253
1780550267168 0.5249999999999962 254
1780550267171 0.7031249999999907 255
1780550267173 0.7679324894514646 256
1780550267176 0.5394736842105222 257
1780550267178 0.5348837209302286 258
1780550267181 0.6562499999999872 259
1780550267183 0.5767543859649074 260
1780550267185 0.5796536796536742 261
1780550267187 0.5593749999999953 262
1780550267190 0.6157827679566747 263
1780550267192 0.5138888888888854 264
1780550267194 0.6455744746126635 265
1780550267197 0.5714285714285667 266
1780550267199 0.67220279720279 267
1780550267201 0.6525015069318792 268
1780550267204 0.5911246612466068 269
1780550267206 0.5888888888888837 270
1780550267208 0.6500904159131935 271
1780550267210 0.5517241379310298 272
1780550267213 0.5549548215079202 273
1780550267215 0.49999999999999684 274
1780550267217 0.4999999999999969 275
1780550267220 0.5406249999999957 276
1780550267222 0.5686564953340196 277
1780550267224 0.5151515151515117 278
1780550267226 0.6029622551361622 279
1780550267229 0.6468097120270966 280
1780550267231 0.7199480181936224 281
1780550267233 0.6533032185206031 282
1780550267236 0.6373040752351036 283
1780550267238 0.6596816114359885 284
1780550267240 0.5634408602150491 285
1780550267243 0.5566308243727549 286
1780550267245 0.7160375856027936 287
1780550267247 0.5839305621914261 288
1780550267250 0.6029622551361622 289
1780550267252 0.4999999999999968 290
1780550267254 0.6699604743082921 291
1780550267256 0.49999999999999684 292
1780550267259 0.6848602988953745 293
1780550267261 0.49999999999999706 294
1780550267263 0.5249999999999962 295
1780550267266 0.5654288240495079 296
1780550267268 0.5749999999999948 297
1780550267270 0.51351351351351 298
