1780124678950 0.0 0
1780124678954 0.02665363310524601 1
1780124678958 0.49835495805238644 2
1780124678961 0.6817931832383962 3
1780124678965 0.7139365218103289 4
1780124678968 0.7137428096353847 5
1780124678972 0.8709251122603179 6
1780124678975 0.7696537259643254 7
1780124678979 0.836002088033239 8
1780124678982 0.8270039660829134 9
1780124678985 0.8640084030179116 10
1780124678989 0.8724429268661467 11
1780124678992 0.9301002172738446 12
1780124678995 0.8913704881777083 13
1780124678999 0.9068002612744916 14
1780124679002 0.9252546454544557 15
1780124679005 0.9254350463400527 16
1780124679009 0.9348093402971452 17
1780124679012 0.9146477908852152 18
1780124679016 0.856002923520086 19
1780124679019 0.95083468734945 20
1780124679022 0.9471538966312487 21
1780124679026 0.923914844227111 22
1780124679029 0.9355841353209774 23
1780124679033 0.950080900915304 24
1780124679036 0.8876431056865839 25
1780124679039 0.9454993078677288 26
1780124679043 0.9500651252897722 27
1780124679046 0.9337136568198261 28
1780124679049 0.9295142844211945 29
1780124679053 0.9278918449971082 30
1780124679056 0.8862656950892246 31
1780124679060 0.935038385614706 32
1780124679063 0.9697342088805504 33
1780124679067 0.9550915750915749 34
1780124679070 0.8816486327975419 35
1780124679074 0.9346860394228816 36
1780124679077 0.9503831638491459 37
1780124679080 0.9145076313406314 38
1780124679084 0.9033062322660601 39
1780124679087 0.965065571997536 40
1780124679090 0.9750937616085242 41
1780124679094 0.91981959622211 42
1780124679097 0.9649776175899409 43
1780124679100 0.9650906346541778 44
1780124679104 0.9312898351698842 45
1780124679107 0.9455297013641044 46
1780124679110 0.8222591915771578 47
1780124679114 0.9239840268409913 48
1780124679117 0.8736351666839471 49
1780124679122 0.8120064999624012 50
1780124679125 0.9397670618581445 51
1780124679129 0.9220947663664572 52
1780124679132 0.9499530486629331 53
1780124679136 0.9506436330804184 54
1780124679139 0.908259458413502 55
1780124679143 0.9547144596952043 56
1780124679146 0.8735504448065099 57
1780124679150 0.9351050139881976 58
1780124679153 0.9648243498050944 59
1780124679157 0.8659459849558638 60
1780124679160 0.9551996160390942 61
1780124679164 0.9144709804984844 62
1780124679167 0.868344772818457 63
1780124679171 0.954907616005177 64
1780124679174 0.970228714375056 65
1780124679178 0.9442184117408765 66
1780124679181 0.9646992716312358 67
1780124679184 0.8347293479474878 68
1780124679187 0.9648066600505624 69
1780124679191 0.9355026307465332 70
1780124679194 0.9450324062698305 71
1780124679197 0.77542691351202 72
1780124679201 0.7999619549263542 73
1780124679204 0.9250068039552172 74
1780124679208 0.7098753403319966 75
1780124679211 0.7976406237416065 76
1780124679214 0.9799906191369605 77
1780124679218 0.9595773204117235 78
1780124679221 0.9654004989348453 79
1780124679225 0.9699655564803191 80
1780124679228 0.9448405253283303 81
1780124679231 0.8991679176003204 82
1780124679235 0.7495449347990183 83
1780124679238 0.9698404783064604 84
1780124679242 0.9045470244429852 85
1780124679245 0.9547713078059079 86
1780124679248 0.9704578754578754 87
1780124679252 0.9070165981892933 88
1780124679255 0.9747342088805503 89
1780124679259 0.9549908481987475 90
1780124679262 0.9074031467035318 91
1780124679266 0.9443360982192818 92
1780124679269 0.9115217014847399 93
1780124679273 0.9799906191369606 94
1780124679276 0.9502264144411201 95
1780124679279 0.8585958652337116 96
1780124679283 0.9345933801697004 97
1780124679286 0.8891319897083099 98
1780124679289 0.8498349158505096 99
1780124679293 0.9599286112700748 100
1780124679296 0.9795716917668138 101
1780124679300 0.9545988326476131 102
1780124679303 0.9594449307016104 103
1780124679307 0.9748556663704286 104
1780124679310 0.959961489088575 105
1780124679314 0.9271769966543486 106
1780124679317 0.9547655006049789 107
1780124679320 0.9545151953546736 108
1780124679324 0.9552537521907913 109
1780124679327 0.9498561601000626 110
1780124679331 0.9612260503723918 111
1780124679334 0.9597082057865114 112
1780124679337 0.9599066755677796 113
1780124679341 0.9263768884821516 114
1780124679344 0.9696847088310504 115
1780124679348 0.9595732530199795 116
1780124679351 0.9899937460913071 117
1780124679355 0.9544392406908454 118
1780124679358 0.9457036898500313 119
1780124679362 0.9304790115765726 120
1780124679366 0.9597905315491966 121
1780124679369 0.96483328396037 122
1780124679374 0.9748404783064604 123
1780124679378 0.9795748187211603 124
1780124679381 0.9550602585262405 125
1780124679384 0.9397866621409028 126
1780124679388 0.9698404783064604 127
1780124679391 0.9545303220527867 128
1780124679395 0.9602345215759849 129
1780124679398 0.9606365521513146 130
1780124679402 0.9544491152835184 131
1780124679405 0.9899937460913073 132
1780124679408 0.9356035609158276 133
1780124679412 0.9650686989518824 134
1780124679415 0.9548306037137874 135
1780124679418 0.8295714808406665 136
1780124679422 0.9308560441569256 137
1780124679425 0.934909107938633 138
1780124679429 0.9378232073580561 139
1780124679432 0.9750848274532485 140
1780124679435 0.9548561601000627 141
1780124679439 0.9600906346541775 142
1780124679442 0.9650853211828823 143
1780124679446 0.9701709326984724 144
1780124679449 0.9644807766758985 145
1780124679453 0.9799785580273385 146
1780124679456 0.9696000476488281 147
1780124679460 0.9749686834346655 148
1780124679463 0.9745497560645185 149
1780124679466 0.9649593025716262 150
1780124679470 0.9651767398994016 151
1780124679473 0.9749744906355946 152
1780124679476 0.9751094434021264 153
1780124679480 0.9699614890885752 154
1780124679483 0.9851188242651657 155
1780124679486 0.9699785580273386 156
1780124679490 0.8490824230653423 157
1780124679493 0.9142317581149417 158
1780124679497 0.9253248448883878 159
1780124679500 0.9017605727490196 160
1780124679504 0.9196003432203689 161
1780124679507 0.935778933391257 162
1780124679511 0.9403206227574081 163
1780124679514 0.9195231594191202 164
1780124679517 0.9600964418551067 165
1780124679521 0.5569984132102463 166
1780124679524 0.7566879339889163 167
1780124679528 0.8866148968587992 168
1780124679531 0.9394308002652034 169
1780124679534 0.8838400695011736 170
1780124679538 0.9101838167691827 171
1780124679541 0.8643492781728075 172
1780124679546 0.7887657929902533 173
1780124679550 0.9451628112603723 174
1780124679554 0.8909283954580122 175
1780124679557 0.8183261245180751 176
1780124679560 0.91124350332637 177
1780124679564 0.9438233406956507 178
1780124679567 0.8399248583906598 179
1780124679571 0.9651996160390942 180
1780124679574 0.8669880123232467 181
1780124679577 0.9249985045620475 182
1780124679581 0.9397684800816425 183
1780124679584 0.5638520744881893 184
1780124679587 0.9305906687761778 185
1780124679591 0.9197111293439324 186
1780124679594 0.7894872432518567 187
1780124679598 0.9445313717264938 188
1780124679601 0.9257654095645407 189
1780124679604 0.9492511138146569 190
1780124679608 0.7869619437326929 191
1780124679611 0.9143040945773443 192
1780124679615 0.9302036517184142 193
1780124679618 0.9025841853505525 194
1780124679622 0.9234185056136276 195
1780124679625 0.9389915846526888 196
1780124679629 0.9082446682446681 197
1780124679632 0.9401248332227226 198
1780124679636 0.5084660403468104 199
1780124679639 0.9006361285755677 200
1780124679643 0.9085611072709918 201
1780124679646 0.8875255202410857 202
1780124679650 0.9448400315986966 203
1780124679653 0.9652125858736899 204
1780124679656 0.9348384891388744 205
1780124679659 0.9144574417027101 206
1780124679663 0.9747144596952042 207
1780124679666 0.9749906191369607 208
1780124679669 0.9496134788996837 209
1780124679673 0.9499301725232406 210
1780124679676 0.9465668396830826 211
1780124679680 0.9254275427326162 212
1780124679683 0.944562132347755 213
1780124679687 0.8481756039536359 214
1780124679690 0.9452102518790582 215
1780124679693 0.9304151347155198 216
1780124679697 0.8528185360498701 217
1780124679700 0.9444643249521298 218
1780124679703 0.9251186673137892 219
1780124679707 0.9398592870544091 220
1780124679710 0.904015522027341 221
1780124679714 0.944405634550573 222
1780124679717 0.9357399604626222 223
1780124679720 0.8753845762553052 224
1780124679724 0.868434477739938 225
1780124679727 0.9488780658100298 226
1780124679730 0.9699968730456534 227
1780124679742 0.8984515270218291 228
1780124679746 0.914496835325936 229
1780124679749 0.869151873888716 230
1780124679752 0.940056369690516 231
1780124679756 0.8970977988856499 232
1780124679759 0.8479138662305632 233
1780124679762 0.9299402800086444 234
1780124679766 0.8755800790090994 235
1780124679769 0.949899512934113 236
1780124679772 0.9459597655233086 237
1780124679776 0.9494826886290302 238
1780124679779 0.93430634920231 239
1780124679783 0.8880693325493393 240
1780124679786 0.8825749228188252 241
1780124679789 0.914751394185118 242
1780124679793 0.9554078129353527 243
1780124679796 0.9131982427440795 244
1780124679799 0.940532031412201 245
1780124679803 0.8653250007265141 246
1780124679807 0.9308181631673287 247
1780124679810 0.903060317390002 248
1780124679814 0.9355523250260094 249
1780124679817 0.9025291435932689 250
1780124679820 0.9647310819262038 251
1780124679824 0.939641983684286 252
1780124679827 0.9449400788283375 253
1780124679831 0.7881379164351301 254
1780124679834 0.8648098328393579 255
1780124679838 0.9549494279789531 256
1780124679841 0.9398762994398424 257
1780124679844 0.9084088108478353 258
1780124679848 0.9949968730456537 259
1780124679851 0.9156284920383199 260
1780124679854 0.9252703130559358 261
1780124679857 0.8916379665325198 262
1780124679861 0.9350499372258039 263
1780124679864 0.878179288805011 264
1780124679868 0.9545497560645186 265
1780124679871 0.9601577723528945 266
1780124679874 0.9544121700732742 267
1780124679878 0.9197021833679756 268
1780124679881 0.8338239056606109 269
1780124679885 0.9395198835621859 270
1780124679888 0.9498185426041651 271
1780124679891 0.954758752966652 272
1780124679895 0.9550901879464139 273
1780124679898 0.719778423814935 274
1780124679901 0.9556628049682653 275
1780124679905 0.9113858102402993 276
1780124679908 0.8389498140638973 277
1780124679912 0.930051636884637 278
1780124679915 0.9494857204792423 279
1780124679919 0.954401254645157 280
1780124679922 0.9700875076998312 281
1780124679930 0.9089004858423804 282
1780124679934 0.9290035813720025 283
1780124679937 0.9641296643735668 284
1780124679941 0.9249286739659011 285
1780124679944 0.9602947958711161 286
1780124679947 0.799770224182314 287
1780124679950 0.9595654378581209 288
1780124679954 0.9547623736506324 289
1780124679957 0.9392470781353369 290
1780124679960 0.9553444116858751 291
1780124679964 0.9202695215211261 292
1780124679967 0.910588642217024 293
1780124679971 0.9446371465741856 294
1780124679974 0.915699301771338 295
1780124679977 0.901760428275191 296
1780124679981 0.9337232621892442 297
1780124679984 0.9252182704489584 298
1780124679987 0.8085721146923337 299
1780124679993 0.8067818554949074 300
1780124679997 0.9252785477153331 301
1780124680000 0.9447491049715129 302
1780124680004 0.9445773204117234 303
1780124680007 0.9552745688996698 304
1780124680011 0.9351544382297299 305
1780124680014 0.9599781113195748 306
1780124680018 0.9451156973108195 307
1780124680021 0.9699843652282677 308
1780124680024 0.9449687304565355 309
1780124680028 0.9500505624895869 310
1780124680031 0.9650547886798895 311
1780124680034 0.9599691771642991 312
1780124680038 0.8551590461267882 313
