1780120039961 0.0 0
1780120039962 0.095 1
1780120039964 0.09 2
1780120039966 0.13 3
1780120039967 0.16499999999999998 4
1780120039969 0.18 5
1780120039971 0.17 6
1780120039972 0.175 7
1780120039974 0.15000000000000002 8
1780120039976 0.16 9
1780120039977 0.24 10
1780120039979 0.215 11
1780120039981 0.19 12
1780120039982 0.25000000000000006 13
1780120039984 0.255 14
1780120039986 0.275 15
1780120039987 0.205 16
1780120039989 0.225 17
1780120039991 0.23500000000000001 18
1780120039992 0.2699999999999999 19
1780120039994 0.23999999999999994 20
1780120039996 0.225 21
1780120039997 0.24 22
1780120039999 0.23000000000000004 23
1780120040001 0.32000000000000006 24
1780120040002 0.205 25
1780120040004 0.25000000000000006 26
1780120040006 0.29000000000000004 27
1780120040007 0.275 28
1780120040009 0.275 29
1780120040011 0.31000000000000005 30
1780120040013 0.32499999999999996 31
1780120040014 0.28500000000000003 32
1780120040016 0.38 33
1780120040018 0.32 34
1780120040019 0.32500000000000007 35
1780120040021 0.32 36
1780120040022 0.28500000000000003 37
1780120040024 0.30500000000000005 38
1780120040026 0.38 39
1780120040027 0.42000000000000004 40
1780120040029 0.38 41
1780120040031 0.33499999999999996 42
1780120040032 0.4 43
1780120040034 0.425 44
1780120040036 0.38 45
1780120040037 0.43999999999999995 46
1780120040039 0.375 47
1780120040041 0.38 48
1780120040042 0.39499999999999996 49
1780120040044 0.45499999999999996 50
1780120040046 0.41000000000000003 51
1780120040047 0.41500000000000004 52
1780120040049 0.395 53
1780120040051 0.44000000000000006 54
1780120040052 0.41 55
1780120040054 0.3950000000000001 56
1780120040056 0.425 57
1780120040057 0.40499999999999997 58
1780120040059 0.41 59
1780120040061 0.4699999999999999 60
1780120040062 0.4050000000000001 61
1780120040064 0.43499999999999994 62
1780120040066 0.425 63
1780120040067 0.445 64
1780120040076 0.4050000000000001 65
1780120040078 0.475 66
1780120040080 0.44499999999999995 67
1780120040081 0.45000000000000007 68
1780120040083 0.45499999999999996 69
1780120040085 0.41500000000000004 70
1780120040086 0.49000000000000005 71
1780120040088 0.54 72
1780120040090 0.43499999999999994 73
1780120040091 0.4999999999999999 74
1780120040093 0.4999999999999999 75
1780120040095 0.54 76
1780120040097 0.5349999999999999 77
1780120040098 0.45 78
1780120040100 0.4050000000000001 79
1780120040101 0.46499999999999997 80
1780120040103 0.55 81
1780120040105 0.5149999999999999 82
1780120040106 0.55 83
1780120040108 0.46500000000000014 84
1780120040110 0.51 85
1780120040111 0.485 86
1780120040113 0.525 87
1780120040114 0.505 88
1780120040116 0.495 89
1780120040118 0.585 90
1780120040119 0.545 91
1780120040121 0.5499999999999999 92
1780120040123 0.5149999999999999 93
1780120040124 0.55 94
1780120040126 0.59 95
1780120040128 0.5399999999999999 96
1780120040130 0.52 97
1780120040131 0.445 98
1780120040133 0.55 99
1780120040135 0.48999999999999994 100
1780120040136 0.535 101
1780120040138 0.495 102
1780120040140 0.525 103
1780120040141 0.5000000000000001 104
1780120040143 0.51 105
1780120040145 0.54 106
1780120040146 0.5650000000000001 107
1780120040148 0.55 108
1780120040150 0.5549999999999999 109
1780120040151 0.585 110
1780120040153 0.57 111
1780120040155 0.595 112
1780120040156 0.5650000000000001 113
1780120040158 0.55 114
1780120040159 0.54 115
1780120040161 0.595 116
1780120040163 0.5900000000000001 117
1780120040164 0.5399999999999999 118
1780120040166 0.575 119
1780120040168 0.5050000000000001 120
1780120040169 0.6 121
1780120040171 0.545 122
1780120040173 0.545 123
1780120040174 0.53 124
1780120040176 0.6050000000000001 125
1780120040178 0.5900000000000001 126
1780120040179 0.595 127
1780120040181 0.605 128
1780120040183 0.6 129
1780120040184 0.595 130
1780120040186 0.5900000000000001 131
1780120040188 0.555 132
1780120040189 0.585 133
1780120040191 0.5399999999999999 134
1780120040193 0.615 135
1780120040194 0.615 136
1780120040196 0.565 137
1780120040198 0.6000000000000001 138
1780120040199 0.645 139
1780120040201 0.6150000000000001 140
1780120040203 0.605 141
1780120040204 0.575 142
1780120040206 0.63 143
1780120040208 0.63 144
1780120040209 0.64 145
1780120040211 0.625 146
1780120040213 0.595 147
1780120040214 0.62 148
1780120040216 0.5999999999999999 149
1780120040217 0.675 150
1780120040219 0.57 151
1780120040221 0.6 152
1780120040222 0.625 153
1780120040224 0.625 154
1780120040226 0.6399999999999999 155
1780120040227 0.6399999999999999 156
1780120040229 0.6900000000000002 157
1780120040231 0.67 158
1780120040232 0.66 159
1780120040234 0.6699999999999999 160
1780120040236 0.6599999999999999 161
1780120040237 0.7050000000000001 162
1780120040239 0.745 163
1780120040240 0.72 164
1780120040242 0.6649999999999999 165
1780120040244 0.73 166
1780120040245 0.7 167
1780120040247 0.77 168
1780120040249 0.7 169
1780120040250 0.7350000000000001 170
1780120040257 0.7899999999999999 171
1780120040258 0.715 172
1780120040260 0.79 173
1780120040262 0.725 174
1780120040263 0.75 175
1780120040265 0.7249999999999999 176
1780120040267 0.755 177
1780120040268 0.8150000000000001 178
1780120040270 0.7849999999999999 179
1780120040272 0.7849999999999999 180
1780120040273 0.76 181
1780120040275 0.75 182
1780120040276 0.76 183
1780120040278 0.755 184
1780120040280 0.7449999999999999 185
1780120040281 0.75 186
1780120040283 0.775 187
1780120040285 0.76 188
1780120040286 0.77 189
1780120040288 0.76 190
1780120040290 0.765 191
1780120040291 0.8 192
1780120040293 0.795 193
1780120040295 0.79 194
1780120040296 0.7899999999999999 195
1780120040298 0.7649999999999999 196
1780120040300 0.805 197
1780120040301 0.805 198
1780120040303 0.7999999999999999 199
1780120040304 0.79 200
1780120040306 0.82 201
1780120040308 0.7899999999999999 202
1780120040309 0.85 203
1780120040311 0.82 204
1780120040313 0.805 205
1780120040314 0.8299999999999998 206
1780120040316 0.8300000000000001 207
1780120040318 0.8299999999999998 208
1780120040319 0.77 209
1780120040321 0.8450000000000001 210
1780120040322 0.7849999999999999 211
1780120040324 0.8 212
1780120040326 0.825 213
1780120040327 0.8150000000000001 214
1780120040329 0.8099999999999999 215
1780120040331 0.835 216
1780120040332 0.8400000000000001 217
1780120040334 0.7999999999999999 218
1780120040336 0.86 219
1780120040337 0.85 220
1780120040339 0.8300000000000001 221
1780120040341 0.8 222
1780120040343 0.8300000000000001 223
1780120040344 0.7899999999999999 224
1780120040346 0.8149999999999998 225
1780120040347 0.8299999999999998 226
1780120040349 0.8399999999999999 227
1780120040351 0.825 228
1780120040352 0.8300000000000001 229
1780120040354 0.8399999999999999 230
1780120040356 0.865 231
1780120040357 0.76 232
1780120040359 0.89 233
1780120040361 0.8700000000000001 234
1780120040362 0.7899999999999999 235
1780120040364 0.8299999999999998 236
1780120040366 0.8049999999999999 237
1780120040367 0.845 238
1780120040369 0.85 239
1780120040371 0.885 240
1780120040372 0.8400000000000001 241
1780120040374 0.835 242
1780120040376 0.8249999999999998 243
1780120040377 0.8400000000000001 244
1780120040379 0.89 245
1780120040381 0.85 246
1780120040382 0.8450000000000001 247
1780120040384 0.85 248
1780120040386 0.875 249
1780120040387 0.85 250
1780120040389 0.8299999999999998 251
1780120040391 0.86 252
1780120040392 0.8550000000000001 253
1780120040394 0.8550000000000001 254
1780120040395 0.875 255
1780120040397 0.8400000000000001 256
1780120040399 0.8550000000000001 257
1780120040400 0.885 258
1780120040402 0.825 259
1780120040404 0.875 260
1780120040405 0.8399999999999999 261
1780120040407 0.8850000000000001 262
1780120040409 0.8099999999999999 263
1780120040411 0.865 264
1780120040412 0.8699999999999999 265
1780120040414 0.8400000000000001 266
1780120040415 0.845 267
1780120040417 0.89 268
1780120040419 0.905 269
1780120040420 0.85 270
1780120040422 0.925 271
1780120040424 0.8649999999999999 272
1780120040425 0.875 273
1780120040427 0.865 274
1780120040429 0.8949999999999999 275
1780120040430 0.8700000000000001 276
1780120040432 0.8699999999999999 277
1780120040434 0.8999999999999998 278
1780120040436 0.89 279
1780120040438 0.86 280
1780120040439 0.8799999999999999 281
1780120040441 0.8699999999999999 282
1780120040443 0.89 283
1780120040444 0.835 284
1780120040446 0.8799999999999999 285
1780120040448 0.8699999999999999 286
1780120040449 0.86 287
1780120040451 0.86 288
1780120040452 0.9099999999999999 289
1780120040454 0.825 290
1780120040456 0.9200000000000002 291
1780120040457 0.9 292
1780120040459 0.885 293
1780120040461 0.865 294
1780120040462 0.8800000000000001 295
1780120040464 0.905 296
1780120040466 0.9 297
1780120040467 0.875 298
1780120040469 0.8950000000000001 299
1780120040470 0.885 300
1780120040472 0.905 301
1780120040474 0.89 302
1780120040475 0.8999999999999998 303
1780120040477 0.8799999999999999 304
1780120040479 0.9199999999999999 305
1780120040480 0.8799999999999999 306
1780120040482 0.875 307
1780120040484 0.905 308
1780120040485 0.8800000000000001 309
1780120040487 0.9 310
1780120040489 0.85 311
1780120040490 0.885 312
1780120040492 0.8800000000000001 313
