1780118865533 0.0 0
1780118865535 0.9005555555555507 1
1780118865537 0.9316666666666615 2
1780118865539 0.9361111111111059 3
1780118865541 0.9561111111111058 4
1780118865543 0.943333333333328 5
1780118865545 0.958333333333328 6
1780118865547 0.9533333333333281 7
1780118865549 0.9388888888888838 8
1780118865551 0.9616666666666613 9
1780118865553 0.9649999999999945 10
1780118865555 0.9644444444444391 11
1780118865557 0.9338888888888837 12
1780118865559 0.958333333333328 13
1780118865561 0.957222222222217 14
1780118865563 0.968333333333328 15
1780118865565 0.9561111111111058 16
1780118865567 0.9488888888888836 17
1780118865569 0.9683333333333278 18
1780118865571 0.9611111111111057 19
1780118865573 0.9494444444444392 20
1780118865575 0.942222222222217 21
1780118865577 0.9655555555555502 22
1780118865579 0.9666666666666612 23
1780118865581 0.9611111111111056 24
1780118865583 0.9672222222222168 25
1780118865585 0.969444444444439 26
1780118865587 0.9599999999999946 27
1780118865589 0.9733333333333279 28
1780118865591 0.9805555555555501 29
1780118865593 0.9688888888888835 30
1780118865595 0.973333333333328 31
1780118865597 0.9561111111111058 32
1780118865599 0.9772222222222169 33
1780118865601 0.9738888888888834 34
1780118865603 0.976666666666661 35
1780118865605 0.9772222222222167 36
1780118865607 0.974444444444439 37
1780118865609 0.974444444444439 38
1780118865611 0.9766666666666612 39
1780118865612 0.9899999999999946 40
1780118865614 0.9838888888888834 41
1780118865616 0.9833333333333278 42
1780118865618 0.9755555555555502 43
1780118865620 0.974444444444439 44
1780118865622 0.9838888888888834 45
1780118865624 0.9816666666666611 46
1780118865626 0.9849999999999944 47
1780118865628 0.9833333333333278 48
1780118865630 0.9849999999999944 49
1780118865632 0.9849999999999944 50
1780118865634 0.9822222222222168 51
1780118865636 0.9738888888888834 52
1780118865638 0.9761111111111056 53
1780118865640 0.9866666666666613 54
1780118865642 0.9655555555555502 55
1780118865644 0.984444444444439 56
1780118865646 0.9833333333333277 57
1780118865648 0.9872222222222167 58
1780118865650 0.9711111111111057 59
1780118865652 0.9911111111111056 60
1780118865654 0.9849999999999944 61
1780118865656 0.9611111111111057 62
1780118865658 0.9755555555555502 63
1780118865660 0.9827777777777722 64
1780118865662 0.9816666666666611 65
1780118865664 0.9872222222222167 66
1780118865666 0.9883333333333277 67
1780118865668 0.9783333333333278 68
1780118865669 0.9705555555555501 69
1780118865671 0.9644444444444391 70
1780118865673 0.978333333333328 71
1780118865675 0.9811111111111057 72
1780118865677 0.9861111111111056 73
1780118865679 0.9799999999999945 74
1780118865681 0.9827777777777722 75
1780118865683 0.9894444444444389 76
1780118865685 0.9822222222222168 77
1780118865687 0.9916666666666611 78
1780118865689 0.9899999999999943 79
1780118865691 0.9711111111111057 80
1780118865693 0.9872222222222167 81
1780118865695 0.9783333333333278 82
1780118865697 0.9916666666666611 83
1780118865699 0.9655555555555502 84
1780118865701 0.9761111111111056 85
1780118865703 0.9877777777777721 86
1780118865705 0.9861111111111056 87
1780118865707 0.9777777777777723 88
1780118865709 0.98555555555555 89
1780118865711 0.9838888888888834 90
1780118865713 0.9827777777777722 91
1780118865715 0.9777777777777723 92
1780118865717 0.9799999999999945 93
1780118865719 0.984444444444439 94
1780118865721 0.9816666666666611 95
1780118865723 0.9811111111111055 96
1780118865725 0.9888888888888833 97
1780118865727 0.9811111111111057 98
1780118865729 0.9788888888888833 99
1780118865731 0.9916666666666611 100
1780118865733 0.9733333333333279 101
1780118865735 0.9899999999999943 102
1780118865737 0.9933333333333279 103
1780118865739 0.9872222222222167 104
1780118865741 0.9861111111111056 105
1780118865743 0.9749999999999945 106
1780118865745 0.9844444444444388 107
1780118865747 0.9861111111111056 108
1780118865749 0.9927777777777722 109
1780118865751 0.9877777777777721 110
1780118865753 0.9888888888888834 111
1780118865754 0.9927777777777722 112
1780118865756 0.9849999999999944 113
1780118865758 0.9783333333333278 114
1780118865760 0.9911111111111056 115
1780118865762 0.9949999999999944 116
1780118865764 0.9916666666666611 117
1780118865766 0.9872222222222167 118
1780118865768 0.9711111111111057 119
1780118865770 0.9916666666666611 120
1780118865772 0.9911111111111056 121
1780118865774 0.9894444444444389 122
1780118865776 0.9938888888888833 123
1780118865778 0.9916666666666611 124
1780118865780 0.9888888888888833 125
1780118865782 0.988333333333328 126
1780118865784 0.9899999999999946 127
1780118865786 0.9861111111111056 128
1780118865788 0.9916666666666611 129
1780118865790 0.9911111111111055 130
1780118865792 0.9888888888888834 131
1780118865794 0.99055555555555 132
1780118865796 0.9888888888888833 133
1780118865798 0.9911111111111055 134
1780118865800 0.9899999999999946 135
1780118865802 0.9827777777777722 136
1780118865804 0.9805555555555502 137
1780118865806 0.9755555555555502 138
1780118865808 0.9722222222222168 139
1780118865810 0.9949999999999944 140
1780118865812 0.9894444444444389 141
1780118865814 0.9822222222222168 142
1780118865816 0.9933333333333276 143
1780118865818 0.9888888888888833 144
1780118865820 0.984444444444439 145
1780118865821 0.9877777777777721 146
1780118865823 0.9949999999999944 147
1780118865825 0.9916666666666611 148
1780118865827 0.9933333333333279 149
1780118865829 0.9877777777777721 150
1780118865832 0.9816666666666611 151
1780118865834 0.9949999999999944 152
1780118865836 0.9927777777777722 153
1780118865838 0.9749999999999946 154
1780118865840 0.9866666666666613 155
1780118865842 0.9938888888888833 156
1780118865844 0.9944444444444389 157
1780118865846 0.9883333333333277 158
1780118865848 0.9894444444444389 159
1780118865850 0.9955555555555499 160
1780118865852 0.9916666666666611 161
1780118865854 0.9949999999999944 162
1780118865856 0.9894444444444389 163
1780118865858 0.9927777777777722 164
1780118865860 0.9988888888888834 165
1780118865862 0.9955555555555499 166
1780118865864 0.9899999999999946 167
1780118865866 0.9916666666666611 168
1780118865867 0.996666666666661 169
1780118865869 0.9972222222222167 170
1780118865871 0.9899999999999946 171
1780118865873 0.9899999999999943 172
1780118865875 0.9955555555555499 173
1780118865877 0.996666666666661 174
1780118865879 0.9944444444444389 175
1780118865881 0.9927777777777722 176
1780118865883 0.9949999999999944 177
1780118865885 0.9938888888888833 178
1780118865887 0.9961111111111055 179
1780118865889 0.9972222222222167 180
1780118865891 0.9949999999999944 181
1780118865893 0.9927777777777722 182
1780118865895 0.9966666666666611 183
1780118865897 0.9955555555555499 184
1780118865899 0.9916666666666611 185
1780118865901 0.9955555555555499 186
1780118865903 0.9961111111111055 187
1780118865905 0.9899999999999946 188
1780118865907 0.9944444444444388 189
1780118865910 0.9961111111111055 190
1780118865912 0.9955555555555501 191
1780118865914 0.9799999999999945 192
1780118865916 0.9938888888888833 193
1780118865918 0.9916666666666611 194
1780118865920 0.9933333333333276 195
1780118865922 0.9949999999999944 196
1780118865924 0.9949999999999944 197
1780118865926 0.9877777777777723 198
1780118865927 0.9888888888888833 199
1780118865929 0.9955555555555499 200
1780118865931 0.9933333333333276 201
1780118865933 0.9955555555555499 202
1780118865935 0.9955555555555501 203
1780118865937 0.9988888888888834 204
1780118865939 0.9955555555555499 205
1780118865941 0.99055555555555 206
1780118865943 0.9988888888888834 207
1780118865945 0.9988888888888832 208
1780118865947 0.9716666666666613 209
1780118865949 0.9972222222222167 210
1780118865951 0.9972222222222167 211
1780118865953 0.9961111111111055 212
1780118865955 0.9949999999999944 213
1780118865957 0.9938888888888833 214
1780118865959 0.9938888888888833 215
1780118865961 0.9938888888888833 216
1780118865963 0.9961111111111055 217
1780118865965 0.9983333333333277 218
1780118865967 0.9955555555555499 219
1780118865969 0.9944444444444388 220
1780118865971 0.9977777777777721 221
1780118865973 0.986666666666661 222
1780118865975 0.9833333333333278 223
1780118865977 0.9949999999999944 224
1780118865979 0.9949999999999944 225
1780118865981 0.9799999999999945 226
1780118865983 0.9949999999999944 227
1780118865985 0.9961111111111055 228
1780118865997 0.996666666666661 229
1780118865999 0.9966666666666611 230
1780118866001 0.9944444444444388 231
1780118866003 0.9944444444444388 232
1780118866005 0.9966666666666611 233
1780118866007 0.9927777777777722 234
1780118866009 0.9972222222222167 235
1780118866011 0.9938888888888833 236
1780118866013 0.9972222222222167 237
1780118866015 0.9955555555555501 238
1780118866017 0.9927777777777722 239
1780118866019 0.9983333333333277 240
1780118866021 0.9966666666666611 241
1780118866023 0.996666666666661 242
1780118866025 0.9972222222222167 243
1780118866027 0.9988888888888834 244
1780118866029 0.9988888888888834 245
1780118866031 0.9938888888888833 246
1780118866033 0.9972222222222167 247
1780118866035 0.9972222222222167 248
1780118866037 0.9972222222222167 249
1780118866039 0.9944444444444389 250
1780118866041 0.9966666666666611 251
1780118866043 0.996666666666661 252
1780118866045 0.9961111111111055 253
1780118866046 0.9966666666666611 254
1780118866048 0.9972222222222167 255
1780118866050 0.9949999999999944 256
1780118866052 0.984444444444439 257
1780118866054 0.9961111111111055 258
1780118866056 0.9977777777777723 259
1780118866058 0.9861111111111056 260
1780118866060 0.9961111111111055 261
1780118866062 0.9949999999999944 262
1780118866064 0.9977777777777723 263
1780118866066 0.9922222222222168 264
1780118866068 0.9888888888888834 265
1780118866070 0.9983333333333277 266
1780118866072 0.9961111111111055 267
1780118866074 0.9933333333333279 268
1780118866076 0.9977777777777723 269
1780118866078 0.9933333333333276 270
1780118866080 0.9961111111111055 271
1780118866082 0.9961111111111055 272
1780118866084 0.9949999999999944 273
1780118866086 0.9983333333333277 274
1780118866088 0.9916666666666611 275
1780118866090 0.9955555555555499 276
1780118866092 0.9899999999999946 277
1780118866094 0.9955555555555501 278
1780118866096 0.9988888888888834 279
1780118866098 0.9983333333333277 280
1780118866099 0.9988888888888832 281
1780118866101 0.9949999999999944 282
1780118866103 0.9988888888888834 283
1780118866105 0.9977777777777723 284
1780118866107 0.9944444444444389 285
1780118866109 0.9966666666666611 286
1780118866111 0.9966666666666611 287
1780118866113 0.9977777777777721 288
1780118866115 0.9877777777777721 289
1780118866117 0.9955555555555499 290
1780118866119 0.9983333333333277 291
1780118866121 0.9944444444444389 292
1780118866123 0.986666666666661 293
1780118866125 0.9955555555555499 294
1780118866127 0.9955555555555499 295
1780118866129 0.9911111111111056 296
1780118866131 0.9961111111111055 297
1780118866133 0.9927777777777722 298
1780118866135 0.9866666666666613 299
1780118866137 0.9955555555555501 300
1780118866139 0.9961111111111055 301
1780118866141 0.9949999999999944 302
1780118866143 0.9955555555555499 303
1780118866145 0.9944444444444389 304
1780118866146 0.9944444444444389 305
1780118866148 0.9966666666666611 306
1780118866150 0.9955555555555501 307
1780118866152 0.9938888888888833 308
1780118866154 0.9949999999999944 309
1780118866156 0.9938888888888833 310
1780118866158 0.9966666666666611 311
1780118866160 0.9961111111111055 312
1780118866162 0.996666666666661 313
