1780122764552 0.0 0
1780122764554 0.8972222222222171 1
1780122764556 0.9155555555555503 2
1780122764557 0.9194444444444395 3
1780122764559 0.9438888888888837 4
1780122764561 0.9372222222222171 5
1780122764563 0.9405555555555504 6
1780122764564 0.9499999999999946 7
1780122764566 0.9555555555555502 8
1780122764568 0.9555555555555502 9
1780122764569 0.969444444444439 10
1780122764571 0.9711111111111057 11
1780122764573 0.9716666666666611 12
1780122764575 0.9772222222222167 13
1780122764576 0.9649999999999945 14
1780122764578 0.9672222222222168 15
1780122764580 0.98555555555555 16
1780122764581 0.9788888888888835 17
1780122764583 0.9799999999999945 18
1780122764585 0.9788888888888835 19
1780122764586 0.9838888888888834 20
1780122764588 0.9805555555555501 21
1780122764590 0.9822222222222166 22
1780122764592 0.9888888888888834 23
1780122764593 0.9772222222222167 24
1780122764595 0.9849999999999947 25
1780122764597 0.9838888888888834 26
1780122764598 0.9777777777777723 27
1780122764600 0.9788888888888835 28
1780122764602 0.9855555555555501 29
1780122764604 0.9677777777777724 30
1780122764605 0.9749999999999946 31
1780122764607 0.9861111111111056 32
1780122764609 0.9888888888888833 33
1780122764610 0.9777777777777722 34
1780122764612 0.9899999999999946 35
1780122764614 0.9738888888888834 36
1780122764615 0.9794444444444389 37
1780122764617 0.9805555555555502 38
1780122764619 0.9866666666666613 39
1780122764621 0.98555555555555 40
1780122764622 0.9838888888888834 41
1780122764624 0.9866666666666613 42
1780122764626 0.9872222222222167 43
1780122764627 0.9783333333333278 44
1780122764629 0.9894444444444389 45
1780122764631 0.9922222222222166 46
1780122764632 0.9861111111111056 47
1780122764634 0.9916666666666611 48
1780122764636 0.9888888888888833 49
1780122764638 0.9883333333333277 50
1780122764639 0.9755555555555502 51
1780122764641 0.9805555555555501 52
1780122764643 0.9838888888888834 53
1780122764645 0.9877777777777721 54
1780122764646 0.9877777777777723 55
1780122764648 0.9888888888888834 56
1780122764650 0.9811111111111057 57
1780122764652 0.9888888888888833 58
1780122764653 0.9872222222222167 59
1780122764655 0.984444444444439 60
1780122764657 0.9672222222222169 61
1780122764659 0.9872222222222167 62
1780122764660 0.9816666666666614 63
1780122764662 0.9888888888888833 64
1780122764664 0.9833333333333278 65
1780122764665 0.9899999999999946 66
1780122764667 0.9911111111111055 67
1780122764669 0.9899999999999943 68
1780122764671 0.9949999999999944 69
1780122764672 0.9866666666666613 70
1780122764674 0.9833333333333278 71
1780122764676 0.9827777777777722 72
1780122764677 0.9916666666666611 73
1780122764679 0.9894444444444389 74
1780122764681 0.9883333333333277 75
1780122764683 0.9822222222222168 76
1780122764684 0.9877777777777723 77
1780122764686 0.9883333333333277 78
1780122764688 0.99055555555555 79
1780122764689 0.9927777777777722 80
1780122764691 0.9866666666666613 81
1780122764693 0.9866666666666613 82
1780122764695 0.9805555555555502 83
1780122764696 0.9911111111111056 84
1780122764698 0.9933333333333279 85
1780122764700 0.9855555555555501 86
1780122764701 0.99055555555555 87
1780122764703 0.9755555555555502 88
1780122764705 0.9727777777777724 89
1780122764706 0.9888888888888833 90
1780122764708 0.9888888888888834 91
1780122764710 0.9888888888888834 92
1780122764712 0.9916666666666611 93
1780122764713 0.9916666666666611 94
1780122764715 0.9872222222222167 95
1780122764717 0.9577777777777724 96
1780122764718 0.9911111111111056 97
1780122764720 0.9888888888888834 98
1780122764722 0.9922222222222166 99
1780122764723 0.9933333333333276 100
1780122764725 0.9899999999999946 101
1780122764727 0.9849999999999944 102
1780122764729 0.9888888888888834 103
1780122764730 0.9949999999999944 104
1780122764732 0.9933333333333279 105
1780122764734 0.9833333333333277 106
1780122764735 0.9894444444444389 107
1780122764737 0.9861111111111056 108
1780122764739 0.9927777777777722 109
1780122764740 0.9849999999999944 110
1780122764742 0.9833333333333277 111
1780122764744 0.9788888888888835 112
1780122764746 0.9872222222222167 113
1780122764747 0.9922222222222166 114
1780122764749 0.9816666666666611 115
1780122764751 0.9883333333333277 116
1780122764752 0.9888888888888833 117
1780122764754 0.9922222222222166 118
1780122764756 0.9933333333333279 119
1780122764758 0.9872222222222167 120
1780122764759 0.9833333333333277 121
1780122764761 0.9944444444444388 122
1780122764763 0.9927777777777722 123
1780122764765 0.9927777777777722 124
1780122764766 0.9894444444444389 125
1780122764768 0.9888888888888833 126
1780122764770 0.9872222222222169 127
1780122764772 0.98555555555555 128
1780122764773 0.99055555555555 129
1780122764775 0.9749999999999945 130
1780122764777 0.9922222222222168 131
1780122764779 0.9844444444444388 132
1780122764780 0.9894444444444389 133
1780122764782 0.9949999999999944 134
1780122764784 0.9822222222222166 135
1780122764786 0.9927777777777722 136
1780122764787 0.9855555555555501 137
1780122764789 0.9777777777777723 138
1780122764791 0.9911111111111055 139
1780122764793 0.99055555555555 140
1780122764795 0.9855555555555501 141
1780122764796 0.9933333333333276 142
1780122764798 0.9938888888888833 143
1780122764800 0.9911111111111055 144
1780122764802 0.9938888888888833 145
1780122764804 0.9916666666666611 146
1780122764805 0.9927777777777722 147
1780122764807 0.9938888888888833 148
1780122764809 0.9922222222222166 149
1780122764811 0.9888888888888833 150
1780122764813 0.9838888888888835 151
1780122764814 0.9949999999999944 152
1780122764816 0.9916666666666611 153
1780122764818 0.99055555555555 154
1780122764820 0.9933333333333279 155
1780122764822 0.9916666666666611 156
1780122764824 0.9922222222222166 157
1780122764825 0.9966666666666611 158
1780122764827 0.9938888888888833 159
1780122764829 0.99055555555555 160
1780122764831 0.9966666666666611 161
1780122764833 0.9927777777777722 162
1780122764834 0.9949999999999944 163
1780122764836 0.9916666666666611 164
1780122764838 0.9955555555555499 165
1780122764840 0.9938888888888833 166
1780122764842 0.99055555555555 167
1780122764843 0.9955555555555499 168
1780122764845 0.9938888888888833 169
1780122764847 0.9944444444444389 170
1780122764849 0.9961111111111055 171
1780122764850 0.9927777777777722 172
1780122764852 0.9944444444444389 173
1780122764854 0.9938888888888833 174
1780122764856 0.9805555555555501 175
1780122764858 0.9916666666666611 176
1780122764859 0.9949999999999944 177
1780122764861 0.9944444444444388 178
1780122764863 0.9972222222222167 179
1780122764865 0.9972222222222167 180
1780122764867 0.996666666666661 181
1780122764868 0.9961111111111055 182
1780122764870 0.9961111111111055 183
1780122764872 0.9927777777777722 184
1780122764874 0.996666666666661 185
1780122764876 0.9933333333333279 186
1780122764877 0.9944444444444388 187
1780122764879 0.9938888888888833 188
1780122764881 0.9944444444444389 189
1780122764883 0.9894444444444389 190
1780122764885 0.9938888888888833 191
1780122764886 0.9927777777777722 192
1780122764888 0.9922222222222166 193
1780122764890 0.9922222222222166 194
1780122764892 0.9922222222222168 195
1780122764894 0.9922222222222166 196
1780122764895 0.99055555555555 197
1780122764897 0.9961111111111055 198
1780122764899 0.9916666666666611 199
1780122764901 0.9944444444444388 200
1780122764903 0.9949999999999944 201
1780122764905 0.9911111111111056 202
1780122764906 0.9972222222222167 203
1780122764908 0.9938888888888833 204
1780122764910 0.9933333333333279 205
1780122764912 0.9922222222222168 206
1780122764914 0.9972222222222167 207
1780122764915 0.9961111111111055 208
1780122764917 0.989444444444439 209
1780122764919 0.9933333333333279 210
1780122764921 0.9949999999999944 211
1780122764923 0.9933333333333276 212
1780122764924 0.9899999999999943 213
1780122764926 0.9961111111111055 214
1780122764928 0.9927777777777722 215
1780122764930 0.9894444444444389 216
1780122764931 0.9955555555555501 217
1780122764933 0.9972222222222167 218
1780122764935 0.9977777777777723 219
1780122764937 0.9938888888888833 220
1780122764938 0.9944444444444388 221
1780122764940 0.9966666666666611 222
1780122764942 0.9944444444444388 223
1780122764944 0.9938888888888833 224
1780122764945 0.9949999999999944 225
1780122764947 0.9955555555555501 226
1780122764949 0.9938888888888833 227
1780122764951 0.9938888888888833 228
1780122764952 0.9961111111111055 229
1780122764954 0.9922222222222168 230
1780122764956 0.9922222222222166 231
1780122764958 0.9955555555555499 232
1780122764960 0.9955555555555499 233
1780122764961 0.9944444444444389 234
1780122764963 0.9938888888888833 235
1780122764965 0.9961111111111055 236
1780122764967 0.9944444444444388 237
1780122764968 0.9933333333333279 238
1780122764970 0.9944444444444388 239
1780122764972 0.9961111111111055 240
1780122764974 0.9944444444444388 241
1780122764975 0.9855555555555501 242
1780122764977 0.9961111111111055 243
1780122764979 0.9961111111111055 244
1780122764980 0.9983333333333277 245
1780122764982 0.9972222222222167 246
1780122764984 0.9911111111111055 247
1780122764986 0.9911111111111056 248
1780122764987 0.9933333333333276 249
1780122764989 0.9899999999999946 250
1780122764991 0.9777777777777722 251
1780122764993 0.996666666666661 252
1780122764994 0.9972222222222167 253
1780122764996 0.9949999999999944 254
1780122764998 0.9938888888888833 255
1780122765000 0.9861111111111057 256
1780122765001 0.9933333333333279 257
1780122765003 0.9911111111111055 258
1780122765005 0.9938888888888833 259
1780122765007 0.996666666666661 260
1780122765008 0.9944444444444389 261
1780122765011 0.9977777777777723 262
1780122765013 0.9938888888888833 263
1780122765014 0.9966666666666611 264
1780122765016 0.9972222222222167 265
1780122765018 0.9944444444444389 266
1780122765020 0.9955555555555499 267
1780122765021 0.9966666666666611 268
1780122765023 0.9988888888888834 269
1780122765025 0.9949999999999944 270
1780122765026 0.9977777777777723 271
1780122765028 0.9972222222222167 272
1780122765030 0.9966666666666611 273
1780122765032 0.9949999999999944 274
1780122765033 0.9955555555555501 275
1780122765035 0.9938888888888833 276
1780122765037 0.9955555555555499 277
1780122765038 0.99055555555555 278
1780122765040 0.9961111111111055 279
1780122765042 0.9927777777777722 280
1780122765044 0.9949999999999944 281
1780122765045 0.9949999999999944 282
1780122765047 0.9866666666666613 283
1780122765049 0.9966666666666611 284
1780122765050 0.9983333333333277 285
1780122765052 0.984444444444439 286
1780122765054 0.9955555555555501 287
1780122765056 0.9938888888888833 288
1780122765058 0.9961111111111055 289
1780122765059 0.9955555555555501 290
1780122765061 0.9966666666666611 291
1780122765063 0.9955555555555501 292
1780122765065 0.9972222222222167 293
1780122765066 0.9955555555555501 294
1780122765068 0.9949999999999944 295
1780122765070 0.9949999999999944 296
1780122765072 0.9877777777777723 297
1780122765073 0.9938888888888833 298
1780122765075 0.9949999999999944 299
1780122765077 0.9949999999999944 300
1780122765079 0.9983333333333277 301
1780122765080 0.9927777777777722 302
1780122765082 0.996666666666661 303
1780122765084 0.9977777777777723 304
1780122765086 0.9961111111111055 305
1780122765087 0.996666666666661 306
1780122765089 0.9955555555555499 307
1780122765091 0.9955555555555499 308
1780122765092 0.9933333333333276 309
1780122765094 0.9961111111111055 310
1780122765096 0.9961111111111055 311
1780122765098 0.9977777777777721 312
1780122765099 0.9966666666666611 313
