1780536379446 0.0 0
1780536379448 0.49999999999999706 1
1780536379450 0.499999999999997 2
1780536379452 0.5121575031754638 3
1780536379454 0.4999999999999967 4
1780536379456 0.6031249999999887 5
1780536379458 0.5232558139534846 6
1780536379460 0.49999999999999695 7
1780536379462 0.49999999999999684 8
1780536379464 0.4999999999999968 9
1780536379466 0.5643608354317827 10
1780536379468 0.509803921568624 11
1780536379470 0.4999999999999969 12
1780536379472 0.531249999999996 13
1780536379474 0.6359401468097056 14
1780536379475 0.5454545454545411 15
1780536379478 0.6740506329113838 16
1780536379479 0.6118279569892391 17
1780536379481 0.6775824904659171 18
1780536379483 0.594594594594589 19
1780536379485 0.5465116279069725 20
1780536379487 0.5822111977320993 21
1780536379489 0.6369075011504766 22
1780536379491 0.5478543195934457 23
1780536379493 0.49999999999999695 24
1780536379495 0.5718412087098158 25
1780536379497 0.6107456140350813 26
1780536379499 0.652379373238261 27
1780536379501 0.6143369175627136 28
1780536379503 0.5681003584229342 29
1780536379505 0.5138888888888854 30
1780536379507 0.5116279069767408 31
1780536379509 0.6675324675324548 32
1780536379511 0.5921931666348476 33
1780536379513 0.6652347800325779 34
1780536379514 0.6361607142857046 35
1780536379516 0.6227678571428499 36
1780536379518 0.707589285714274 37
1780536379520 0.7011046133853025 38
1780536379522 0.49999999999999684 39
1780536379524 0.5292994846344683 40
1780536379526 0.530885780885777 41
1780536379528 0.4999999999999968 42
1780536379530 0.5128205128205093 43
1780536379532 0.5232293697205941 44
1780536379534 0.5517701081321241 45
1780536379536 0.5606060606060553 46
1780536379538 0.5238095238095201 47
1780536379540 0.644813519813513 48
1780536379542 0.6503387916431318 49
1780536379544 0.5055756479807079 50
1780536379545 0.49999999999999695 51
1780536379547 0.579999999999994 52
1780536379549 0.5232558139534846 53
1780536379551 0.5562499999999951 54
1780536379553 0.5417841154037428 55
1780536379555 0.5232558139534846 56
1780536379557 0.5166666666666632 57
1780536379559 0.5573424301494427 58
1780536379561 0.5906249999999944 59
1780536379563 0.49999999999999695 60
1780536379565 0.5121951219512161 61
1780536379567 0.5948464912280647 62
1780536379569 0.6062279490719376 63
1780536379571 0.549019607843133 64
1780536379573 0.5852232459248704 65
1780536379575 0.53260869565217 66
1780536379576 0.5151515151515117 67
1780536379578 0.5222222222222185 68
1780536379580 0.5212765957446771 69
1780536379582 0.6433333333333269 70
1780536379584 0.5256410256410219 71
1780536379586 0.5941734417344117 72
1780536379588 0.6823132382267103 73
1780536379590 0.5479190847288962 74
1780536379592 0.6818866787221135 75
1780536379594 0.6194805194805129 76
1780536379596 0.6041814316087804 77
1780536379598 0.6359649122806955 78
1780536379600 0.564500082904986 79
1780536379602 0.6436877076411832 80
1780536379604 0.5602981029810249 81
1780536379606 0.5401422011553803 82
1780536379608 0.615738610216283 83
1780536379610 0.5439976689976646 84
1780536379612 0.6696428571428468 85
1780536379614 0.4999999999999967 86
1780536379616 0.5428571428571386 87
1780536379617 0.5151515151515117 88
1780536379619 0.5890188434048028 89
1780536379621 0.5696881091617882 90
1780536379623 0.6864946647555261 91
1780536379625 0.6593749999999922 92
1780536379627 0.6235294117646981 93
1780536379629 0.5398268398268355 94
1780536379631 0.6702693125442836 95
1780536379633 0.6411255411255334 96
1780536379635 0.6779220779220689 97
1780536379637 0.5663956639566347 98
1780536379639 0.5758609486679611 99
1780536379641 0.522727272727269 100
1780536379643 0.6629815046585931 101
1780536379645 0.589838542438152 102
1780536379647 0.5766516092602941 103
1780536379649 0.5509865693914728 104
1780536379651 0.5128205128205093 105
1780536379653 0.6029622551361622 106
1780536379654 0.7057142857142735 107
1780536379656 0.5138888888888854 108
1780536379658 0.5666016894087018 109
1780536379660 0.6233167965981505 110
1780536379662 0.5499999999999956 111
1780536379664 0.6235294117646968 112
1780536379666 0.6463815789473619 113
1780536379668 0.5999291282778112 114
1780536379670 0.6578431372548936 115
1780536379672 0.5270270270270232 116
1780536379674 0.5499235155054887 117
1780536379676 0.5481764612199351 118
1780536379678 0.6185541369590386 119
1780536379680 0.6190476190476122 120
1780536379682 0.6387163561076532 121
1780536379684 0.5963529224398733 122
1780536379686 0.6406249999999931 123
1780536379687 0.537499999999996 124
1780536379689 0.571326164874547 125
1780536379691 0.49999999999999695 126
1780536379693 0.7343749999999887 127
1780536379695 0.6546249424758325 128
1780536379697 0.5576923076923032 129
1780536379699 0.590322580645156 130
1780536379701 0.6039783001808261 131
1780536379703 0.6402892282740827 132
1780536379705 0.678124999999992 133
1780536379707 0.5633468834688298 134
1780536379709 0.565624999999995 135
1780536379711 0.6751782457303832 136
1780536379713 0.7075848303393091 137
1780536379715 0.701298701298692 138
1780536379717 0.6984745481677901 139
1780536379719 0.6950942170240331 140
1780536379721 0.6279569892473051 141
1780536379723 0.682017543859639 142
1780536379725 0.6318565400843813 143
1780536379727 0.578999846602227 144
1780536379729 0.6086580086580015 145
1780536379730 0.6970654033425367 146
1780536379732 0.551469644461549 147
1780536379734 0.5611268603827019 148
1780536379736 0.5481764612199351 149
1780536379738 0.47415302234578777 150
1780536379740 0.6301751189391578 151
1780536379742 0.6224139838477651 152
1780536379744 0.6112012987012927 153
1780536379746 0.6514923123304127 154
1780536379748 0.7311296467922896 155
1780536379750 0.5924242424242367 156
1780536379752 0.7073863636363567 157
1780536379754 0.6809309309309242 158
1780536379756 0.7413113393505473 159
1780536379758 0.5637019230769176 160
1780536379760 0.6898301678223226 161
1780536379762 0.6151786633714276 162
1780536379764 0.7072192513368911 163
1780536379766 0.7190299660179107 164
1780536379768 0.7359882005899632 165
1780536379770 0.7276272577996643 166
1780536379772 0.656409168081488 167
1780536379774 0.774557165861506 168
1780536379775 0.5693900110541594 169
1780536379777 0.7385398981324198 170
1780536379779 0.7288135593220268 171
1780536379781 0.532080200501248 172
1780536379783 0.6401888341543454 173
1780536379785 0.5211864406779598 174
1780536379787 0.7682812009624362 175
1780536379789 0.7210656887067128 176
1780536379791 0.6604247306203517 177
1780536379793 0.7804551539491218 178
1780536379795 0.7522977941176388 179
1780536379797 0.5812499999999947 180
1780536379799 0.6872441641774466 181
1780536379801 0.6918158567774869 182
1780536379803 0.6399170215088905 183
1780536379805 0.6958333333333266 184
1780536379807 0.7370129870129795 185
1780536379809 0.728860294117638 186
1780536379811 0.7837987700372944 187
1780536379812 0.6643437862949984 188
1780536379814 0.7744252873563142 189
1780536379816 0.6314338235294031 190
1780536379818 0.7637520525451484 191
1780536379820 0.7534025607420027 192
1780536379822 0.5122950819672066 193
1780536379824 0.49999999999999617 194
1780536379826 0.7643968053804043 195
1780536379828 0.7283592716915802 196
1780536379830 0.7044299201161869 197
1780536379832 0.793968060217671 198
1780536379834 0.7132594417077107 199
1780536379836 0.8275162337662254 200
1780536379838 0.5313352986133815 201
1780536379840 0.7564075740140106 202
1780536379842 0.7908785203867088 203
1780536379844 0.7980295566502382 204
1780536379846 0.7783251231527012 205
1780536379848 0.7346666666666584 206
1780536379850 0.7058573853989735 207
1780536379852 0.6493333333333272 208
1780536379853 0.8170628183361546 209
1780536379855 0.595652173913038 210
1780536379857 0.5526315789473621 211
1780536379859 0.7934343434343354 212
1780536379861 0.6707317073170669 213
1780536379863 0.8245773863751309 214
1780536379865 0.8213333333333245 215
1780536379867 0.6791666666666589 216
1780536379869 0.8066666666666578 217
1780536379871 0.7820313310509305 218
1780536379873 0.8319390819390733 219
1780536379875 0.7853084415584335 220
1780536379877 0.8349914581449018 221
1780536379879 0.7521701388888804 222
1780536379881 0.7467948717948645 223
1780536379883 0.6640624999999937 224
1780536379885 0.7874999999999921 225
1780536379886 0.593023255813948 226
1780536379888 0.7993350493350412 227
1780536379890 0.6130952380952325 228
1780536379892 0.5855263157894686 229
1780536379894 0.7447570332480745 230
1780536379896 0.8508681273253321 231
1780536379898 0.7708333333333246 232
1780536379900 0.7206134706134623 233
1780536379902 0.8333333333333244 234
1780536379904 0.8325552443199418 235
1780536379906 0.7315048339638424 236
1780536379908 0.7939244663382512 237
1780536379910 0.5259740259740215 238
1780536379912 0.7955526053766927 239
1780536379914 0.7585227272727199 240
1780536379916 0.8113711001641954 241
1780536379918 0.5394736842105202 242
1780536379920 0.7608076492727014 243
1780536379922 0.7996643271284631 244
1780536379924 0.5170940170940109 245
1780536379925 0.8491086587436242 246
1780536379927 0.6977426865067248 247
1780536379929 0.8045959124390414 248
1780536379931 0.7544879640962793 249
1780536379933 0.646067415730331 250
1780536379935 0.7966666666666562 251
1780536379937 0.8198784722222138 252
1780536379939 0.5919534030848832 253
1780536379941 0.6456980519480457 254
1780536379943 0.6991041087426553 255
1780536379945 0.8483169129720767 256
1780536379947 0.685421994884904 257
1780536379949 0.6305178268251198 258
1780536379951 0.7687499999999922 259
1780536379953 0.8408995376208401 260
1780536379955 0.744747122795895 261
1780536379957 0.7899305555555471 262
1780536379959 0.8696910143028622 263
1780536379960 0.8332824738073357 264
1780536379962 0.7582101806239663 265
1780536379964 0.8076923076922986 266
1780536379966 0.6172839506172784 267
1780536379968 0.8626598465473059 268
1780536379970 0.8550347222222128 269
1780536379972 0.8093333333333251 270
1780536379974 0.7868954113269868 271
1780536379976 0.7054154995331399 272
1780536379978 0.8315326130452099 273
1780536379980 0.8571723852831661 274
1780536379982 0.7670239596469025 275
1780536379984 0.7855902777777697 276
1780536379986 0.8182115951522999 277
1780536379988 0.8530076888285749 278
1780536379990 0.7220462464364824 279
1780536379992 0.79440840284213 280
1780536379993 0.6258680555555477 281
1780536379995 0.8346774193548301 282
1780536379997 0.7250930136419937 283
1780536379999 0.8487810004203359 284
1780536380001 0.8185562763875931 285
1780536380003 0.853764122056796 286
1780536380005 0.7743506493506414 287
1780536380007 0.8169698222405867 288
1780536380009 0.6262485840799025 289
1780536380011 0.8067465321563598 290
1780536380013 0.8450549450549358 291
1780536380015 0.7225133748225717 292
1780536380027 0.8556065072606089 293
1780536380029 0.768495166036142 294
1780536380031 0.8298611111111021 295
1780536380033 0.6581196581196508 296
1780536380035 0.8639538414819228 297
1780536380037 0.7012987012986945 298
