1780108012808 0.0 0
1780108012810 0.17094301300758166 1
1780108012812 0.23073372475167092 2
1780108012813 0.5538699494949495 3
1780108012815 0.44631162027059146 4
1780108012816 0.5837592029691956 5
1780108012818 0.5527388915432394 6
1780108012820 0.6608891914537075 7
1780108012821 0.5249308840669135 8
1780108012823 0.5906637806637807 9
1780108012824 0.596918878223226 10
1780108012826 0.6057995677485933 11
1780108012828 0.5708080808080809 12
1780108012829 0.6622596153846153 13
1780108012831 0.6447287526936483 14
1780108012832 0.7020588432346552 15
1780108012834 0.7343657817109144 16
1780108012836 0.7286541865930944 17
1780108012837 0.7587909011278576 18
1780108012839 0.7608665521562528 19
1780108012841 0.7617990516757119 20
1780108012842 0.7525068267576105 21
1780108012844 0.6908516526630933 22
1780108012845 0.7568494307624742 23
1780108012847 0.7923816103152905 24
1780108012849 0.7801041431686594 25
1780108012850 0.8000066246594331 26
1780108012852 0.798088726088726 27
1780108012854 0.5992586580086581 28
1780108012855 0.787290193385731 29
1780108012857 0.8392677967849591 30
1780108012858 0.8009175780359991 31
1780108012860 0.8019486014501493 32
1780108012861 0.8200360750360751 33
1780108012863 0.8412364014122324 34
1780108012865 0.833582524409592 35
1780108012866 0.8246193821658216 36
1780108012868 0.7715159527760947 37
1780108012869 0.8176706072129413 38
1780108012871 0.8339603174603175 39
1780108012873 0.876085431310319 40
1780108012874 0.8727291425203324 41
1780108012876 0.8594678670765626 42
1780108012878 0.807410491469315 43
1780108012879 0.8711974378470542 44
1780108012881 0.7739282531194296 45
1780108012883 0.8277901825270246 46
1780108012884 0.855929292929293 47
1780108012886 0.7766038229081708 48
1780108012887 0.8591515860730258 49
1780108012889 0.870946516933359 50
1780108012891 0.800055260831123 51
1780108012892 0.839256048992891 52
1780108012894 0.8696602789243867 53
1780108012895 0.856979550713566 54
1780108012897 0.8670103785103784 55
1780108012899 0.866586415376738 56
1780108012900 0.8961874382927014 57
1780108012902 0.8471973421385186 58
1780108012904 0.7523569023569022 59
1780108012905 0.9068178053830229 60
1780108012907 0.8694231627991218 61
1780108012908 0.8730121034596736 62
1780108012910 0.8782683982683984 63
1780108012912 0.8787994071146246 64
1780108012913 0.8563261062138103 65
1780108012915 0.8338237145995766 66
1780108012916 0.8675756514727103 67
1780108012918 0.832978492599811 68
1780108012920 0.8326146765134179 69
1780108012921 0.8370322545494171 70
1780108012923 0.8496043138148401 71
1780108012925 0.9096141869826081 72
1780108012926 0.8877753988357704 73
1780108012928 0.8957933370976849 74
1780108012929 0.8446789321789321 75
1780108012931 0.907708557800764 76
1780108012933 0.817089068825911 77
1780108012934 0.902999460282069 78
1780108012936 0.8404047566771787 79
1780108012937 0.8385142217738661 80
1780108012939 0.884819624819625 81
1780108012942 0.8539841243652496 82
1780108012943 0.8978898002582213 83
1780108012945 0.8939361868109008 84
1780108012946 0.9252825244930509 85
1780108012948 0.9138427508164352 86
1780108012950 0.8773153806977337 87
1780108012951 0.8949281546637593 88
1780108012953 0.8806355042016806 89
1780108012955 0.9117587694532775 90
1780108012956 0.8926909833559449 91
1780108012958 0.8694870343566506 92
1780108012959 0.8313445955844803 93
1780108012961 0.8625404055009319 94
1780108012963 0.9361868721865194 95
1780108012964 0.8662568605023848 96
1780108012966 0.8584950740021409 97
1780108012968 0.894615375852218 98
1780108012969 0.8697256859733141 99
1780108012971 0.8847444288608385 100
1780108012972 0.8979443411093028 101
1780108012974 0.9025402521455155 102
1780108012976 0.9174285749248732 103
1780108012977 0.8769485173379696 104
1780108012979 0.8768113465481887 105
1780108012981 0.9023136645962733 106
1780108012982 0.8621381886087768 107
1780108012984 0.9367142857142857 108
1780108012985 0.885608875899257 109
1780108012987 0.8875752277922663 110
1780108012989 0.9129589609923437 111
1780108012990 0.8835837634693469 112
1780108012992 0.8780050505050505 113
1780108012994 0.8867063492063492 114
1780108012995 0.9049391841160759 115
1780108012997 0.9359139009139008 116
1780108012998 0.9444987468671681 117
1780108013000 0.9215438423132932 118
1780108013002 0.8625968801313629 119
1780108013003 0.904270796731424 120
1780108013005 0.8522781397296709 121
1780108013007 0.930448089921774 122
1780108013008 0.9519518493202703 123
1780108013010 0.8819115301623042 124
1780108013011 0.9392753623188405 125
1780108013013 0.951861471861472 126
1780108013015 0.9118570834200126 127
1780108013016 0.9064207137891348 128
1780108013018 0.881620939976203 129
1780108013019 0.8969594391962813 130
1780108013021 0.8896292081310253 131
1780108013023 0.8768275418275419 132
1780108013024 0.8733899700230969 133
1780108013026 0.8920425074544067 134
1780108013028 0.9268113465481885 135
1780108013029 0.9150945545682388 136
1780108013031 0.9040238095238096 137
1780108013032 0.9427904246782965 138
1780108013034 0.8036290322580644 139
1780108013036 0.9269132316958405 140
1780108013037 0.8979708076282312 141
1780108013039 0.8847552064303981 142
1780108013040 0.9055795739348371 143
1780108013042 0.9437698412698412 144
1780108013044 0.9334911554247938 145
1780108013045 0.9345847631248507 146
1780108013047 0.9096198830409357 147
1780108013049 0.9254906204906204 148
1780108013050 0.9089344729344729 149
1780108013052 0.8977790325616413 150
1780108013053 0.9388629181649778 151
1780108013055 0.9283651234573297 152
1780108013057 0.9054925775978407 153
1780108013058 0.8921969696969697 154
1780108013060 0.7424803124030813 155
1780108013062 0.9357446311858076 156
1780108013063 0.9189792663476875 157
1780108013065 0.9328841991341991 158
1780108013066 0.9292070096189089 159
1780108013068 0.9585714285714285 160
1780108013070 0.9466962861699704 161
1780108013071 0.9399567099567099 162
1780108013073 0.9467941593113217 163
1780108013075 0.9232467532467533 164
1780108013076 0.9656349206349206 165
1780108013078 0.9263323713323712 166
1780108013079 0.9578405499915797 167
1780108013081 0.9428672879594941 168
1780108013083 0.9511403508771931 169
1780108013084 0.9675324675324676 170
1780108013086 0.8888714118125882 171
1780108013088 0.9223635721004143 172
1780108013089 0.9283422230790652 173
1780108013091 0.981147186147186 174
1780108013092 0.950580997949419 175
1780108013094 0.9304743083003952 176
1780108013096 0.9353433310082927 177
1780108013097 0.9330182087397054 178
1780108013099 0.9763852813852815 179
1780108013100 0.9813852813852814 180
1780108013102 0.9573533471359559 181
1780108013104 0.8955729601782233 182
1780108013105 0.9342241092241093 183
1780108013107 0.9517388167388168 184
1780108013109 0.971190476190476 185
1780108013110 0.9721695543205839 186
1780108013112 0.9488999012683224 187
1780108013113 0.9665007215007215 188
1780108013115 0.9634199134199134 189
1780108013117 0.9492226944172024 190
1780108013118 0.943684131959994 191
1780108013120 0.9532950954461251 192
1780108013122 0.9512592086276296 193
1780108013123 0.953506881013275 194
1780108013125 0.9476787236633782 195
1780108013126 0.8987460317460318 196
1780108013128 0.9197999940562868 197
1780108013130 0.943676516719995 198
1780108013131 0.9414260651629073 199
1780108013133 0.9420228560531763 200
1780108013134 0.965689223057644 201
1780108013136 0.9505296664120195 202
1780108013138 0.9752130325814535 203
1780108013139 0.9711904761904762 204
1780108013141 0.9624327122153208 205
1780108013142 0.9575481523307611 206
1780108013144 0.9711471861471861 207
1780108013146 0.9709273182957393 208
1780108013147 0.9771946169772256 209
1780108013149 0.9804761904761904 210
1780108013151 0.9583850931677018 211
1780108013152 0.9819565217391304 212
1780108013154 0.9483167404677701 213
1780108013155 0.9711471861471861 214
1780108013157 0.975689223057644 215
1780108013159 0.9713602187286398 216
1780108013160 0.9471758942811574 217
1780108013162 0.9647186147186148 218
1780108013163 0.938051948051948 219
1780108013165 0.9656349206349206 220
1780108013167 0.9477130325814537 221
1780108013168 0.9421139971139972 222
1780108013170 0.9442727272727272 223
1780108013171 0.9522943722943721 224
1780108013173 0.9640127987954074 225
1780108013175 0.934170840053193 226
1780108013176 0.9463059163059162 227
1780108013178 0.9585248085248086 228
1780108013179 0.9490616246498599 229
1780108013181 0.9625324675324676 230
1780108013183 0.9357549884942535 231
1780108013184 0.9568147641831853 232
1780108013186 0.9317874396135265 233
1780108013187 0.9222996174941256 234
1780108013189 0.9663602187286399 235
1780108013191 0.9466416040100251 236
1780108013192 0.9763852813852812 237
1780108013194 0.9661221234905444 238
1780108013195 0.9611221234905445 239
1780108013197 0.9611471861471863 240
1780108013199 0.95163906142167 241
1780108013200 0.9298136645962733 242
1780108013202 0.9763852813852815 243
1780108013204 0.9537161084529506 244
1780108013205 0.9706349206349205 245
1780108013207 0.930919554320584 246
1780108013208 0.9724327122153209 247
1780108013210 0.9952380952380953 248
1780108013212 0.9611471861471863 249
1780108013213 0.9574327122153209 250
1780108013215 0.9857142857142858 251
1780108013216 0.9375039872408294 252
1780108013218 0.9297668505329796 253
1780108013220 0.9525187969924813 254
1780108013221 0.9657142857142859 255
1780108013223 0.9573825869020377 256
1780108013224 0.9490914786967417 257
1780108013226 0.9757142857142856 258
1780108013228 0.9761904761904763 259
1780108013229 0.936243628394658 260
1780108013231 0.9419845067213488 261
1780108013232 0.9505028876539173 262
1780108013234 0.923543823326432 263
1780108013236 0.9516594516594516 264
1780108013237 0.9405555555555554 265
1780108013239 0.9711471861471861 266
1780108013240 0.9670995670995669 267
1780108013242 0.9383694083694083 268
1780108013244 0.9813852813852815 269
1780108013245 0.9569314590824888 270
1780108013247 0.934074316225346 271
1780108013248 0.9140896358543419 272
1780108013250 0.948173735897521 273
1780108013252 0.9804761904761904 274
1780108013253 0.9562918660287082 275
1780108013255 0.9616933638443934 276
1780108013256 0.9421777819603907 277
1780108013258 0.9465732513100933 278
1780108013260 0.9807142857142856 279
1780108013261 0.9621152518978606 280
1780108013263 0.9807142857142856 281
1780108013264 0.9424327122153209 282
1780108013266 0.9724327122153209 283
1780108013268 0.9818181818181818 284
1780108013269 0.966598313966735 285
1780108013271 0.9707142857142858 286
1780108013272 0.9704511278195488 287
1780108013274 0.9628405499915799 288
1780108013276 0.9200016345210853 289
1780108013277 0.9249206349206348 290
1780108013279 0.9481037078863166 291
1780108013280 0.9474980270174779 292
1780108013282 0.9526708074534161 293
1780108013284 0.9547237076648841 294
1780108013285 0.9443482923609967 295
1780108013287 0.9707142857142855 296
1780108013289 0.9666233766233766 297
1780108013290 0.9534392014519056 298
1780108013292 0.9349212953331947 299
1780108013294 0.9520995670995671 300
1780108013295 0.9813852813852814 301
1780108013297 0.9580026977853064 302
1780108013298 0.962056277056277 303
1780108013300 0.9704260651629072 304
1780108013302 0.9072727272727272 305
1780108013303 0.914077964519141 306
1780108013305 0.9476122999807209 307
1780108013306 0.9659523809523808 308
1780108013308 0.9670562770562772 309
1780108013310 0.9661221234905444 310
1780108013311 0.9580026977853064 311
1780108013313 0.9720562770562771 312
1780108013314 0.9757142857142856 313
