1780237929114 0.0 0
1780237929115 0.06999999999999999 1
1780237929117 0.38 2
1780237929118 0.53 3
1780237929120 0.645 4
1780237929121 0.5800000000000001 5
1780237929123 0.7300000000000001 6
1780237929124 0.805 7
1780237929126 0.745 8
1780237929128 0.8700000000000001 9
1780237929130 0.7949999999999999 10
1780237929131 0.845 11
1780237929133 0.89 12
1780237929134 0.8099999999999999 13
1780237929136 0.82 14
1780237929137 0.845 15
1780237929139 0.925 16
1780237929140 0.8800000000000001 17
1780237929142 0.925 18
1780237929143 0.8399999999999999 19
1780237929145 0.9549999999999998 20
1780237929146 0.96 21
1780237929148 0.925 22
1780237929149 0.9199999999999999 23
1780237929151 0.9349999999999999 24
1780237929152 0.93 25
1780237929154 0.9349999999999999 26
1780237929155 0.95 27
1780237929157 0.925 28
1780237929158 0.945 29
1780237929160 0.9400000000000001 30
1780237929161 0.9199999999999999 31
1780237929163 0.93 32
1780237929164 0.6450000000000001 33
1780237929166 0.8399999999999999 34
1780237929167 0.8599999999999998 35
1780237929169 0.95 36
1780237929170 0.96 37
1780237929172 0.9399999999999998 38
1780237929173 0.96 39
1780237929175 0.8150000000000001 40
1780237929176 0.9550000000000001 41
1780237929178 0.9349999999999999 42
1780237929179 0.875 43
1780237929181 0.96 44
1780237929182 0.8299999999999998 45
1780237929184 0.9350000000000002 46
1780237929185 0.9 47
1780237929187 0.93 48
1780237929188 0.9649999999999999 49
1780237929190 0.93 50
1780237929191 0.86 51
1780237929193 0.9349999999999998 52
1780237929194 0.945 53
1780237929196 0.95 54
1780237929197 0.9149999999999998 55
1780237929199 0.9200000000000002 56
1780237929200 0.9149999999999998 57
1780237929202 0.9450000000000001 58
1780237929204 0.93 59
1780237929205 0.9800000000000001 60
1780237929207 0.96 61
1780237929208 0.9099999999999999 62
1780237929209 0.9549999999999998 63
1780237929211 0.9700000000000001 64
1780237929213 0.9299999999999999 65
1780237929214 0.9549999999999998 66
1780237929216 0.96 67
1780237929217 0.97 68
1780237929219 0.9399999999999998 69
1780237929220 0.9099999999999999 70
1780237929222 0.96 71
1780237929223 0.9349999999999999 72
1780237929225 0.9399999999999998 73
1780237929226 0.7849999999999999 74
1780237929228 0.925 75
1780237929229 0.9799999999999999 76
1780237929231 0.97 77
1780237929232 0.9799999999999999 78
1780237929234 0.9550000000000001 79
1780237929235 0.9349999999999999 80
1780237929237 0.8550000000000001 81
1780237929238 0.945 82
1780237929240 0.97 83
1780237929241 0.97 84
1780237929243 0.54 85
1780237929244 0.9299999999999999 86
1780237929246 0.96 87
1780237929247 0.95 88
1780237929249 0.9550000000000001 89
1780237929250 0.9800000000000001 90
1780237929252 0.9400000000000001 91
1780237929253 0.9399999999999998 92
1780237929255 0.95 93
1780237929256 0.945 94
1780237929258 0.97 95
1780237929259 0.96 96
1780237929261 0.96 97
1780237929262 0.865 98
1780237929264 0.82 99
1780237929265 0.9650000000000001 100
1780237929267 0.945 101
1780237929268 0.9550000000000001 102
1780237929270 0.9650000000000001 103
1780237929271 0.9799999999999999 104
1780237929273 0.905 105
1780237929274 0.93 106
1780237929276 0.9550000000000001 107
1780237929277 0.9650000000000001 108
1780237929279 0.9549999999999998 109
1780237929280 0.9549999999999998 110
1780237929281 0.9149999999999998 111
1780237929283 0.97 112
1780237929284 0.95 113
1780237929286 0.945 114
1780237929288 0.9650000000000001 115
1780237929289 0.97 116
1780237929291 0.985 117
1780237929292 0.9550000000000001 118
1780237929294 0.715 119
1780237929295 0.9549999999999998 120
1780237929297 0.9549999999999998 121
1780237929298 0.95 122
1780237929300 0.985 123
1780237929301 0.8950000000000001 124
1780237929303 0.9099999999999999 125
1780237929304 0.9800000000000001 126
1780237929306 0.975 127
1780237929307 0.945 128
1780237929309 0.9700000000000001 129
1780237929310 0.9099999999999999 130
1780237929312 0.9400000000000001 131
1780237929313 0.8800000000000001 132
1780237929315 0.9349999999999999 133
1780237929317 0.9650000000000001 134
1780237929318 0.9550000000000001 135
1780237929320 0.745 136
1780237929321 0.95 137
1780237929323 0.9549999999999998 138
1780237929324 0.9650000000000001 139
1780237929326 0.975 140
1780237929327 0.9199999999999999 141
1780237929329 0.95 142
1780237929330 0.9550000000000001 143
1780237929332 0.915 144
1780237929334 0.975 145
1780237929335 0.915 146
1780237929337 0.9799999999999999 147
1780237929338 0.9649999999999999 148
1780237929340 0.985 149
1780237929341 0.9649999999999999 150
1780237929343 0.9649999999999999 151
1780237929344 0.9799999999999999 152
1780237929346 0.97 153
1780237929347 0.9 154
1780237929349 0.9549999999999998 155
1780237929350 0.9549999999999998 156
1780237929352 0.8300000000000001 157
1780237929353 0.7949999999999999 158
1780237929355 0.9 159
1780237929357 0.975 160
1780237929358 0.8700000000000001 161
1780237929360 0.9549999999999998 162
1780237929361 0.8549999999999999 163
1780237929363 0.9399999999999998 164
1780237929364 0.8 165
1780237929366 0.675 166
1780237929367 0.915 167
1780237929369 0.8949999999999999 168
1780237929370 0.945 169
1780237929372 0.635 170
1780237929373 0.795 171
1780237929375 0.885 172
1780237929376 0.9099999999999999 173
1780237929378 0.875 174
1780237929379 0.9349999999999999 175
1780237929381 0.9 176
1780237929383 0.9400000000000001 177
1780237929384 0.9400000000000001 178
1780237929386 0.96 179
1780237929387 0.775 180
1780237929389 0.9549999999999998 181
1780237929390 0.9 182
1780237929392 0.8699999999999999 183
1780237929393 0.9250000000000002 184
1780237929395 0.9499999999999998 185
1780237929397 0.95 186
1780237929398 0.9550000000000001 187
1780237929400 0.945 188
1780237929401 0.9549999999999998 189
1780237929404 0.9000000000000001 190
1780237929406 0.93 191
1780237929407 0.805 192
1780237929409 0.8699999999999999 193
1780237929410 0.75 194
1780237929412 0.89 195
1780237929413 0.8899999999999999 196
1780237929415 0.9400000000000001 197
1780237929416 0.875 198
1780237929418 0.9549999999999998 199
1780237929419 0.9299999999999999 200
1780237929421 0.825 201
1780237929422 0.885 202
1780237929424 0.9549999999999998 203
1780237929426 0.945 204
1780237929427 0.9349999999999999 205
1780237929429 0.8300000000000001 206
1780237929430 0.9749999999999999 207
1780237929432 0.8949999999999999 208
1780237929433 0.8949999999999999 209
1780237929435 0.9400000000000001 210
1780237929436 0.95 211
1780237929438 0.9499999999999998 212
1780237929439 0.82 213
1780237929441 0.9349999999999999 214
1780237929442 0.93 215
1780237929444 0.9650000000000001 216
1780237929446 0.9349999999999999 217
1780237929447 0.8550000000000001 218
1780237929449 0.9349999999999999 219
1780237929450 0.96 220
1780237929452 0.97 221
1780237929453 0.9400000000000001 222
1780237929455 0.9650000000000001 223
1780237929456 0.9549999999999998 224
1780237929458 0.95 225
1780237929459 0.9400000000000001 226
1780237929461 0.9099999999999999 227
1780237929463 0.96 228
1780237929464 0.9099999999999998 229
1780237929466 0.7300000000000001 230
1780237929467 0.875 231
1780237929469 0.7999999999999999 232
1780237929470 0.96 233
1780237929472 0.945 234
1780237929473 0.9400000000000001 235
1780237929475 0.9349999999999999 236
1780237929476 0.85 237
1780237929478 0.885 238
1780237929479 0.9400000000000001 239
1780237929481 0.9550000000000001 240
1780237929483 0.9199999999999999 241
1780237929484 0.9149999999999998 242
1780237929486 0.9549999999999998 243
1780237929487 0.875 244
1780237929489 0.97 245
1780237929490 0.945 246
1780237929492 0.86 247
1780237929493 0.8550000000000001 248
1780237929495 0.905 249
1780237929496 0.925 250
1780237929498 0.9400000000000001 251
1780237929499 0.885 252
1780237929501 0.96 253
1780237929502 0.9349999999999999 254
1780237929504 0.9550000000000001 255
1780237929505 0.705 256
1780237929507 0.9299999999999999 257
1780237929508 0.95 258
1780237929510 0.9649999999999999 259
1780237929512 0.8100000000000002 260
1780237929513 0.9149999999999998 261
1780237929515 0.9649999999999999 262
1780237929516 0.93 263
1780237929518 0.8099999999999999 264
1780237929519 0.93 265
1780237929521 0.9599999999999997 266
1780237929522 0.9349999999999999 267
1780237929524 0.9000000000000001 268
1780237929525 0.9399999999999998 269
1780237929527 0.95 270
1780237929528 0.925 271
1780237929530 0.945 272
1780237929531 0.9550000000000001 273
1780237929533 0.93 274
1780237929534 0.8299999999999998 275
1780237929536 0.9199999999999999 276
1780237929537 0.93 277
1780237929539 0.9349999999999999 278
1780237929541 0.775 279
1780237929542 0.95 280
1780237929544 0.9649999999999999 281
1780237929545 0.8700000000000001 282
1780237929547 0.9 283
1780237929548 0.9299999999999999 284
1780237929559 0.93 285
1780237929561 0.945 286
1780237929563 0.975 287
1780237929564 0.9499999999999998 288
1780237929566 0.8549999999999999 289
1780237929568 0.8099999999999999 290
1780237929569 0.96 291
1780237929571 0.925 292
1780237929572 0.7849999999999999 293
1780237929574 0.9199999999999999 294
1780237929575 0.9 295
1780237929577 0.975 296
1780237929578 0.9349999999999999 297
1780237929580 0.8150000000000001 298
1780237929581 0.9349999999999999 299
1780237929583 0.95 300
1780237929584 0.975 301
1780237929586 0.89 302
1780237929587 0.95 303
1780237929589 0.9349999999999999 304
1780237929591 0.95 305
1780237929592 0.9350000000000002 306
1780237929594 0.96 307
1780237929595 0.9549999999999998 308
1780237929597 0.9149999999999998 309
1780237929598 0.8099999999999999 310
1780237929600 0.9099999999999999 311
1780237929601 0.9549999999999998 312
1780237929603 0.9349999999999999 313
