1780136744854 0.0 0
1780136744857 0.11000000000000001 1
1780136744860 0.16499999999999998 2
1780136744862 0.175 3
1780136744865 0.19999999999999998 4
1780136744867 0.13499999999999998 5
1780136744870 0.285 6
1780136744872 0.3 7
1780136744875 0.32999999999999996 8
1780136744878 0.4 9
1780136744880 0.45 10
1780136744883 0.41500000000000015 11
1780136744885 0.43000000000000005 12
1780136744888 0.49499999999999994 13
1780136744890 0.525 14
1780136744893 0.48999999999999994 15
1780136744895 0.525 16
1780136744898 0.525 17
1780136744901 0.5049999999999999 18
1780136744903 0.63 19
1780136744906 0.6199999999999999 20
1780136744908 0.635 21
1780136744911 0.57 22
1780136744913 0.6250000000000001 23
1780136744916 0.6449999999999999 24
1780136744918 0.7 25
1780136744921 0.665 26
1780136744924 0.67 27
1780136744926 0.615 28
1780136744929 0.62 29
1780136744931 0.7 30
1780136744934 0.6399999999999999 31
1780136744936 0.67 32
1780136744939 0.6549999999999999 33
1780136744942 0.6950000000000001 34
1780136744944 0.6050000000000001 35
1780136744947 0.635 36
1780136744949 0.71 37
1780136744952 0.69 38
1780136744955 0.73 39
1780136744957 0.7100000000000001 40
1780136744960 0.645 41
1780136744962 0.7150000000000001 42
1780136744965 0.725 43
1780136744967 0.6900000000000001 44
1780136744970 0.7299999999999999 45
1780136744973 0.6399999999999999 46
1780136744975 0.69 47
1780136744978 0.675 48
1780136744980 0.6900000000000001 49
1780136744983 0.7100000000000001 50
1780136744985 0.7000000000000001 51
1780136744988 0.74 52
1780136744990 0.72 53
1780136744993 0.785 54
1780136744996 0.67 55
1780136744998 0.7250000000000001 56
1780136745001 0.7100000000000001 57
1780136745003 0.72 58
1780136745006 0.74 59
1780136745008 0.7650000000000001 60
1780136745011 0.71 61
1780136745013 0.72 62
1780136745016 0.74 63
1780136745018 0.705 64
1780136745021 0.715 65
1780136745024 0.73 66
1780136745026 0.7349999999999999 67
1780136745029 0.7300000000000001 68
1780136745031 0.675 69
1780136745034 0.78 70
1780136745036 0.7 71
1780136745039 0.735 72
1780136745041 0.7699999999999999 73
1780136745044 0.7750000000000001 74
1780136745046 0.79 75
1780136745049 0.75 76
1780136745052 0.775 77
1780136745054 0.74 78
1780136745057 0.735 79
1780136745059 0.7349999999999999 80
1780136745062 0.69 81
1780136745064 0.7350000000000001 82
1780136745067 0.76 83
1780136745069 0.78 84
1780136745072 0.7150000000000001 85
1780136745074 0.72 86
1780136745077 0.7550000000000001 87
1780136745080 0.805 88
1780136745082 0.7350000000000001 89
1780136745085 0.705 90
1780136745087 0.775 91
1780136745090 0.7300000000000001 92
1780136745092 0.7 93
1780136745095 0.725 94
1780136745098 0.755 95
1780136745100 0.75 96
1780136745103 0.7750000000000001 97
1780136745105 0.7700000000000001 98
1780136745108 0.755 99
1780136745110 0.755 100
1780136745113 0.775 101
1780136745116 0.7350000000000001 102
1780136745118 0.7300000000000001 103
1780136745121 0.765 104
1780136745123 0.775 105
1780136745126 0.805 106
1780136745129 0.775 107
1780136745131 0.8099999999999999 108
1780136745134 0.7749999999999999 109
1780136745136 0.76 110
1780136745139 0.735 111
1780136745141 0.755 112
1780136745144 0.86 113
1780136745146 0.8 114
1780136745149 0.7449999999999999 115
1780136745152 0.7649999999999999 116
1780136745154 0.82 117
1780136745157 0.7899999999999999 118
1780136745159 0.7449999999999999 119
1780136745162 0.805 120
1780136745164 0.7799999999999999 121
1780136745167 0.8 122
1780136745170 0.765 123
1780136745172 0.765 124
1780136745175 0.845 125
1780136745177 0.775 126
1780136745180 0.8049999999999999 127
1780136745182 0.785 128
1780136745185 0.79 129
1780136745188 0.775 130
1780136745190 0.8299999999999998 131
1780136745193 0.795 132
1780136745195 0.76 133
1780136745198 0.7999999999999999 134
1780136745200 0.7150000000000001 135
1780136745203 0.8 136
1780136745205 0.785 137
1780136745208 0.8099999999999999 138
1780136745211 0.7799999999999999 139
1780136745213 0.74 140
1780136745216 0.79 141
1780136745218 0.795 142
1780136745221 0.8099999999999999 143
1780136745223 0.845 144
1780136745226 0.8150000000000001 145
1780136745229 0.79 146
1780136745231 0.79 147
1780136745234 0.825 148
1780136745237 0.7899999999999998 149
1780136745239 0.8150000000000001 150
1780136745242 0.8200000000000001 151
1780136745244 0.795 152
1780136745247 0.8549999999999999 153
1780136745249 0.86 154
1780136745252 0.765 155
1780136745255 0.7749999999999999 156
1780136745257 0.7350000000000001 157
1780136745260 0.8800000000000001 158
1780136745262 0.85 159
1780136745265 0.86 160
1780136745268 0.8300000000000001 161
1780136745270 0.875 162
1780136745273 0.875 163
1780136745275 0.8200000000000001 164
1780136745278 0.86 165
1780136745280 0.86 166
1780136745283 0.865 167
1780136745285 0.8400000000000001 168
1780136745288 0.86 169
1780136745290 0.8850000000000001 170
1780136745293 0.875 171
1780136745296 0.8150000000000001 172
1780136745298 0.8949999999999999 173
1780136745301 0.845 174
1780136745303 0.8950000000000001 175
1780136745306 0.8799999999999999 176
1780136745308 0.8799999999999999 177
1780136745311 0.8550000000000001 178
1780136745313 0.9 179
1780136745316 0.905 180
1780136745319 0.8550000000000001 181
1780136745325 0.845 182
1780136745333 0.865 183
1780136745335 0.8699999999999999 184
1780136745338 0.845 185
1780136745340 0.835 186
1780136745343 0.8799999999999999 187
1780136745345 0.8949999999999999 188
1780136745348 0.86 189
1780136745351 0.8549999999999999 190
1780136745353 0.8799999999999999 191
1780136745356 0.8800000000000001 192
1780136745358 0.9299999999999999 193
1780136745361 0.8949999999999999 194
1780136745364 0.89 195
1780136745366 0.8800000000000001 196
1780136745369 0.885 197
1780136745371 0.8999999999999998 198
1780136745374 0.885 199
1780136745376 0.9 200
1780136745379 0.86 201
1780136745381 0.8950000000000001 202
1780136745384 0.8450000000000001 203
1780136745386 0.9 204
1780136745389 0.89 205
1780136745392 0.86 206
1780136745394 0.8899999999999999 207
1780136745397 0.875 208
1780136745399 0.885 209
1780136745402 0.8400000000000001 210
1780136745404 0.89 211
1780136745407 0.89 212
1780136745409 0.875 213
1780136745412 0.8800000000000001 214
1780136745414 0.8949999999999999 215
1780136745417 0.885 216
1780136745419 0.8949999999999999 217
1780136745422 0.8950000000000001 218
1780136745425 0.8949999999999999 219
1780136745427 0.8799999999999999 220
1780136745430 0.905 221
1780136745432 0.885 222
1780136745435 0.8350000000000002 223
1780136745438 0.8799999999999999 224
1780136745440 0.9099999999999999 225
1780136745443 0.885 226
1780136745445 0.9 227
1780136745448 0.8950000000000001 228
1780136745450 0.86 229
1780136745453 0.8800000000000001 230
1780136745455 0.9049999999999999 231
1780136745458 0.9099999999999999 232
1780136745460 0.8300000000000001 233
1780136745463 0.8949999999999999 234
1780136745466 0.8550000000000001 235
1780136745468 0.8550000000000001 236
1780136745471 0.8950000000000001 237
1780136745473 0.9049999999999999 238
1780136745476 0.875 239
1780136745478 0.915 240
1780136745481 0.89 241
1780136745484 0.9100000000000001 242
1780136745486 0.8799999999999999 243
1780136745489 0.89 244
1780136745491 0.8899999999999999 245
1780136745494 0.8899999999999999 246
1780136745496 0.9149999999999998 247
1780136745499 0.9049999999999999 248
1780136745502 0.8949999999999999 249
1780136745504 0.905 250
1780136745507 0.9 251
1780136745509 0.89 252
1780136745512 0.9199999999999999 253
1780136745520 0.9 254
1780136745522 0.8799999999999999 255
1780136745525 0.9099999999999999 256
1780136745528 0.9 257
1780136745530 0.9349999999999999 258
1780136745533 0.9 259
1780136745536 0.9 260
1780136745538 0.8949999999999999 261
1780136745541 0.9049999999999999 262
1780136745543 0.915 263
1780136745546 0.885 264
1780136745548 0.9049999999999999 265
1780136745551 0.865 266
1780136745554 0.9399999999999998 267
1780136745556 0.9099999999999999 268
1780136745559 0.8949999999999999 269
1780136745561 0.9299999999999999 270
1780136745564 0.915 271
1780136745567 0.925 272
1780136745569 0.915 273
1780136745572 0.8950000000000001 274
1780136745574 0.89 275
1780136745577 0.915 276
1780136745579 0.9 277
1780136745582 0.9399999999999998 278
1780136745585 0.9199999999999999 279
1780136745587 0.9200000000000002 280
1780136745590 0.9099999999999999 281
1780136745592 0.9 282
1780136745595 0.8949999999999999 283
1780136745597 0.875 284
1780136745600 0.8949999999999999 285
1780136745603 0.9199999999999999 286
1780136745605 0.9 287
1780136745608 0.8949999999999999 288
1780136745610 0.885 289
1780136745613 0.9099999999999999 290
1780136745615 0.9 291
1780136745618 0.8949999999999999 292
1780136745620 0.9 293
1780136745623 0.9349999999999999 294
1780136745626 0.9299999999999999 295
1780136745628 0.93 296
1780136745631 0.9 297
1780136745633 0.93 298
1780136745636 0.9099999999999999 299
1780136745638 0.89 300
1780136745641 0.9099999999999999 301
1780136745643 0.9299999999999999 302
1780136745646 0.9349999999999999 303
1780136745648 0.925 304
1780136745651 0.945 305
1780136745654 0.9400000000000001 306
1780136745656 0.9099999999999999 307
1780136745659 0.8949999999999999 308
1780136745661 0.925 309
1780136745664 0.9099999999999999 310
1780136745667 0.9200000000000002 311
1780136745669 0.8999999999999998 312
1780136745672 0.9399999999999998 313
