1780134063785 0.0 0
1780134063789 0.095 1
1780134063792 0.09 2
1780134063794 0.13 3
1780134063797 0.115 4
1780134063800 0.15 5
1780134063802 0.105 6
1780134063805 0.17 7
1780134063807 0.135 8
1780134063810 0.215 9
1780134063812 0.17 10
1780134063815 0.165 11
1780134063817 0.135 12
1780134063820 0.195 13
1780134063823 0.225 14
1780134063825 0.14 15
1780134063828 0.145 16
1780134063830 0.155 17
1780134063833 0.225 18
1780134063835 0.24 19
1780134063838 0.21 20
1780134063840 0.19 21
1780134063843 0.23 22
1780134063845 0.22 23
1780134063848 0.265 24
1780134063850 0.225 25
1780134063853 0.26 26
1780134063855 0.325 27
1780134063858 0.205 28
1780134063860 0.25 29
1780134063863 0.24 30
1780134063865 0.225 31
1780134063868 0.24 32
1780134063870 0.305 33
1780134063873 0.24 34
1780134063875 0.295 35
1780134063878 0.325 36
1780134063880 0.315 37
1780134063883 0.31 38
1780134063885 0.305 39
1780134063888 0.325 40
1780134063890 0.31 41
1780134063893 0.32 42
1780134063895 0.315 43
1780134063898 0.365 44
1780134063900 0.345 45
1780134063903 0.33 46
1780134063905 0.34 47
1780134063908 0.395 48
1780134063910 0.305 49
1780134063913 0.385 50
1780134063915 0.335 51
1780134063918 0.38 52
1780134063920 0.35 53
1780134063923 0.345 54
1780134063925 0.36 55
1780134063928 0.4 56
1780134063930 0.39 57
1780134063933 0.39 58
1780134063935 0.395 59
1780134063938 0.405 60
1780134063940 0.415 61
1780134063943 0.405 62
1780134063945 0.395 63
1780134063948 0.41 64
1780134063950 0.395 65
1780134063953 0.4 66
1780134063955 0.385 67
1780134063958 0.415 68
1780134063960 0.385 69
1780134063963 0.385 70
1780134063965 0.46 71
1780134063968 0.395 72
1780134063970 0.42 73
1780134063973 0.355 74
1780134063975 0.455 75
1780134063978 0.415 76
1780134063980 0.475 77
1780134063983 0.465 78
1780134063985 0.45 79
1780134063988 0.47 80
1780134063990 0.45 81
1780134063993 0.425 82
1780134063995 0.5 83
1780134063998 0.45 84
1780134064000 0.44 85
1780134064003 0.445 86
1780134064005 0.525 87
1780134064008 0.44 88
1780134064010 0.495 89
1780134064013 0.47 90
1780134064015 0.475 91
1780134064018 0.475 92
1780134064020 0.465 93
1780134064023 0.465 94
1780134064025 0.485 95
1780134064028 0.415 96
1780134064030 0.45 97
1780134064033 0.51 98
1780134064035 0.48 99
1780134064038 0.54 100
1780134064040 0.51 101
1780134064043 0.505 102
1780134064045 0.525 103
1780134064048 0.445 104
1780134064050 0.485 105
1780134064053 0.53 106
1780134064055 0.505 107
1780134064058 0.535 108
1780134064060 0.595 109
1780134064063 0.46 110
1780134064065 0.525 111
1780134064068 0.525 112
1780134064070 0.535 113
1780134064073 0.555 114
1780134064075 0.515 115
1780134064078 0.54 116
1780134064080 0.555 117
1780134064083 0.535 118
1780134064085 0.525 119
1780134064088 0.55 120
1780134064090 0.545 121
1780134064093 0.57 122
1780134064095 0.61 123
1780134064098 0.555 124
1780134064100 0.515 125
1780134064103 0.6 126
1780134064105 0.515 127
1780134064108 0.51 128
1780134064110 0.54 129
1780134064113 0.515 130
1780134064115 0.565 131
1780134064118 0.535 132
1780134064120 0.58 133
1780134064123 0.56 134
1780134064125 0.52 135
1780134064128 0.58 136
1780134064130 0.525 137
1780134064133 0.56 138
1780134064135 0.525 139
1780134064138 0.605 140
1780134064140 0.56 141
1780134064143 0.57 142
1780134064145 0.6 143
1780134064148 0.57 144
1780134064150 0.605 145
1780134064153 0.58 146
1780134064155 0.6 147
1780134064158 0.61 148
1780134064160 0.585 149
1780134064163 0.595 150
1780134064165 0.585 151
1780134064168 0.61 152
1780134064170 0.595 153
1780134064173 0.63 154
1780134064175 0.575 155
1780134064178 0.565 156
1780134064180 0.645 157
1780134064183 0.56 158
1780134064185 0.65 159
1780134064188 0.695 160
1780134064190 0.645 161
1780134064193 0.675 162
1780134064195 0.655 163
1780134064198 0.755 164
1780134064200 0.665 165
1780134064203 0.66 166
1780134064205 0.72 167
1780134064208 0.675 168
1780134064210 0.71 169
1780134064213 0.71 170
1780134064215 0.635 171
1780134064218 0.695 172
1780134064220 0.74 173
1780134064223 0.75 174
1780134064225 0.75 175
1780134064228 0.68 176
1780134064230 0.74 177
1780134064233 0.735 178
1780134064235 0.805 179
1780134064238 0.725 180
1780134064240 0.785 181
1780134064243 0.73 182
1780134064245 0.68 183
1780134064248 0.745 184
1780134064250 0.805 185
1780134064253 0.735 186
1780134064255 0.765 187
1780134064258 0.72 188
1780134064260 0.755 189
1780134064263 0.745 190
1780134064265 0.785 191
1780134064268 0.785 192
1780134064270 0.74 193
1780134064273 0.785 194
1780134064275 0.765 195
1780134064278 0.735 196
1780134064280 0.815 197
1780134064283 0.75 198
1780134064285 0.77 199
1780134064288 0.755 200
1780134064290 0.785 201
1780134064293 0.765 202
1780134064295 0.805 203
1780134064298 0.74 204
1780134064300 0.755 205
1780134064303 0.805 206
1780134064306 0.835 207
1780134064308 0.77 208
1780134064311 0.785 209
1780134064313 0.765 210
1780134064316 0.84 211
1780134064318 0.82 212
1780134064321 0.76 213
1780134064323 0.81 214
1780134064326 0.805 215
1780134064328 0.775 216
1780134064331 0.79 217
1780134064333 0.805 218
1780134064336 0.755 219
1780134064338 0.79 220
1780134064340 0.775 221
1780134064343 0.815 222
1780134064345 0.805 223
1780134064348 0.815 224
1780134064350 0.795 225
1780134064353 0.72 226
1780134064355 0.795 227
1780134064358 0.8 228
1780134064360 0.825 229
1780134064363 0.84 230
1780134064365 0.785 231
1780134064368 0.78 232
1780134064370 0.775 233
1780134064373 0.74 234
1780134064375 0.81 235
1780134064378 0.75 236
1780134064380 0.78 237
1780134064383 0.855 238
1780134064385 0.795 239
1780134064388 0.795 240
1780134064390 0.825 241
1780134064393 0.8 242
1780134064395 0.86 243
1780134064398 0.8 244
1780134064400 0.81 245
1780134064403 0.77 246
1780134064405 0.815 247
1780134064408 0.795 248
1780134064410 0.835 249
1780134064413 0.775 250
1780134064415 0.805 251
1780134064418 0.8 252
1780134064420 0.79 253
1780134064423 0.82 254
1780134064425 0.835 255
1780134064428 0.845 256
1780134064430 0.825 257
1780134064433 0.83 258
1780134064435 0.87 259
1780134064438 0.815 260
1780134064440 0.8 261
1780134064443 0.82 262
1780134064445 0.85 263
1780134064448 0.795 264
1780134064450 0.815 265
1780134064453 0.83 266
1780134064455 0.805 267
1780134064458 0.83 268
1780134064460 0.84 269
1780134064463 0.83 270
1780134064465 0.835 271
1780134064468 0.805 272
1780134064470 0.84 273
1780134064473 0.78 274
1780134064475 0.82 275
1780134064478 0.81 276
1780134064480 0.835 277
1780134064483 0.84 278
1780134064485 0.85 279
1780134064488 0.87 280
1780134064490 0.82 281
1780134064493 0.845 282
1780134064495 0.815 283
1780134064498 0.83 284
1780134064500 0.815 285
1780134064503 0.84 286
1780134064505 0.88 287
1780134064508 0.835 288
1780134064510 0.86 289
1780134064513 0.825 290
1780134064515 0.82 291
1780134064518 0.815 292
1780134064520 0.815 293
1780134064523 0.815 294
1780134064525 0.8 295
1780134064528 0.84 296
1780134064530 0.83 297
1780134064533 0.825 298
1780134064536 0.83 299
1780134064538 0.89 300
1780134064541 0.85 301
1780134064543 0.83 302
1780134064546 0.845 303
1780134064548 0.845 304
1780134064551 0.815 305
1780134064553 0.795 306
1780134064556 0.82 307
1780134064558 0.81 308
1780134064561 0.785 309
1780134064563 0.78 310
1780134064566 0.855 311
1780134064568 0.84 312
1780134064571 0.88 313
