1780521879833 0.0 0
1780521879836 0.095 1
1780521879837 0.13 2
1780521879839 0.2 3
1780521879841 0.19 4
1780521879842 0.18 5
1780521879844 0.15 6
1780521879846 0.185 7
1780521879847 0.17 8
1780521879849 0.2 9
1780521879851 0.25 10
1780521879852 0.26 11
1780521879854 0.21 12
1780521879856 0.245 13
1780521879857 0.305 14
1780521879859 0.2 15
1780521879860 0.215 16
1780521879862 0.205 17
1780521879864 0.3 18
1780521879865 0.3 19
1780521879867 0.28 20
1780521879869 0.245 21
1780521879871 0.285 22
1780521879872 0.215 23
1780521879874 0.33 24
1780521879876 0.365 25
1780521879877 0.275 26
1780521879879 0.285 27
1780521879880 0.27 28
1780521879882 0.29 29
1780521879884 0.265 30
1780521879885 0.335 31
1780521879887 0.28 32
1780521879888 0.32 33
1780521879890 0.265 34
1780521879892 0.37 35
1780521879893 0.375 36
1780521879895 0.405 37
1780521879896 0.3 38
1780521879898 0.285 39
1780521879900 0.375 40
1780521879901 0.315 41
1780521879903 0.255 42
1780521879904 0.305 43
1780521879906 0.31 44
1780521879908 0.345 45
1780521879909 0.245 46
1780521879911 0.27 47
1780521879912 0.405 48
1780521879914 0.45 49
1780521879916 0.26 50
1780521879917 0.35 51
1780521879919 0.365 52
1780521879920 0.3 53
1780521879922 0.275 54
1780521879924 0.25 55
1780521879925 0.255 56
1780521879927 0.34 57
1780521879928 0.36 58
1780521879930 0.385 59
1780521879932 0.345 60
1780521879933 0.25 61
1780521879935 0.33 62
1780521879936 0.275 63
1780521879938 0.44 64
1780521879940 0.37 65
1780521879941 0.315 66
1780521879943 0.35 67
1780521879944 0.355 68
1780521879946 0.445 69
1780521879948 0.32 70
1780521879949 0.265 71
1780521879951 0.26 72
1780521879952 0.34 73
1780521879954 0.4 74
1780521879956 0.36 75
1780521879957 0.435 76
1780521879959 0.34 77
1780521879960 0.3 78
1780521879962 0.305 79
1780521879963 0.345 80
1780521879965 0.395 81
1780521879967 0.345 82
1780521879968 0.36 83
1780521879970 0.355 84
1780521879971 0.38 85
1780521879973 0.38 86
1780521879975 0.365 87
1780521879976 0.435 88
1780521879978 0.365 89
1780521879979 0.37 90
1780521879981 0.335 91
1780521879982 0.42 92
1780521879984 0.385 93
1780521879986 0.35 94
1780521879987 0.35 95
1780521879989 0.28 96
1780521879990 0.365 97
1780521879992 0.395 98
1780521879994 0.305 99
1780521879995 0.31 100
1780521879997 0.365 101
1780521879998 0.355 102
1780521880000 0.32 103
1780521880002 0.28 104
1780521880003 0.345 105
1780521880005 0.395 106
1780521880007 0.35 107
1780521880008 0.31 108
1780521880010 0.435 109
1780521880011 0.35 110
1780521880013 0.38 111
1780521880014 0.355 112
1780521880016 0.36 113
1780521880018 0.38 114
1780521880020 0.35 115
1780521880021 0.385 116
1780521880023 0.295 117
1780521880025 0.41 118
1780521880027 0.335 119
1780521880028 0.365 120
1780521880030 0.38 121
1780521880031 0.38 122
1780521880033 0.33 123
1780521880035 0.35 124
1780521880036 0.325 125
1780521880038 0.38 126
1780521880039 0.375 127
1780521880041 0.375 128
1780521880042 0.345 129
1780521880044 0.365 130
1780521880046 0.375 131
1780521880047 0.45 132
1780521880049 0.27 133
1780521880051 0.41 134
1780521880052 0.4 135
1780521880054 0.44 136
1780521880055 0.36 137
1780521880057 0.37 138
1780521880059 0.285 139
1780521880060 0.475 140
1780521880062 0.4 141
1780521880063 0.4 142
1780521880065 0.305 143
1780521880067 0.375 144
1780521880068 0.385 145
1780521880070 0.375 146
1780521880071 0.34 147
1780521880073 0.315 148
1780521880075 0.325 149
1780521880076 0.38 150
1780521880078 0.365 151
1780521880079 0.285 152
1780521880081 0.325 153
1780521880083 0.255 154
1780521880084 0.345 155
1780521880086 0.245 156
1780521880087 0.34 157
1780521880089 0.2 158
1780521880090 0.26 159
1780521880092 0.33 160
1780521880094 0.36 161
1780521880095 0.285 162
1780521880097 0.315 163
1780521880098 0.285 164
1780521880100 0.345 165
1780521880102 0.33 166
1780521880103 0.16 167
1780521880105 0.385 168
1780521880106 0.34 169
1780521880108 0.31 170
1780521880110 0.32 171
1780521880111 0.315 172
1780521880113 0.34 173
1780521880114 0.43 174
1780521880116 0.295 175
1780521880118 0.305 176
1780521880119 0.3 177
1780521880121 0.37 178
1780521880122 0.31 179
1780521880124 0.335 180
1780521880126 0.3 181
1780521880127 0.405 182
1780521880129 0.38 183
1780521880130 0.415 184
1780521880132 0.25 185
1780521880134 0.32 186
1780521880135 0.32 187
1780521880137 0.35 188
1780521880138 0.33 189
1780521880140 0.31 190
1780521880141 0.31 191
1780521880143 0.28 192
1780521880145 0.24 193
1780521880146 0.305 194
1780521880148 0.335 195
1780521880149 0.35 196
1780521880151 0.42 197
1780521880153 0.315 198
1780521880154 0.335 199
1780521880156 0.37 200
1780521880157 0.3 201
1780521880159 0.405 202
1780521880160 0.36 203
1780521880162 0.22 204
1780521880164 0.31 205
1780521880165 0.34 206
1780521880167 0.325 207
1780521880168 0.38 208
1780521880170 0.355 209
1780521880171 0.255 210
1780521880173 0.375 211
1780521880175 0.435 212
1780521880176 0.38 213
1780521880178 0.295 214
1780521880179 0.295 215
1780521880181 0.375 216
1780521880182 0.355 217
1780521880184 0.32 218
1780521880186 0.305 219
1780521880187 0.325 220
1780521880189 0.3 221
1780521880190 0.35 222
1780521880192 0.365 223
1780521880194 0.305 224
1780521880195 0.38 225
1780521880197 0.425 226
1780521880198 0.335 227
1780521880200 0.345 228
1780521880201 0.34 229
1780521880203 0.355 230
1780521880205 0.43 231
1780521880206 0.27 232
1780521880208 0.365 233
1780521880209 0.36 234
1780521880211 0.35 235
1780521880213 0.33 236
1780521880214 0.41 237
1780521880216 0.43 238
1780521880217 0.345 239
1780521880219 0.37 240
1780521880220 0.355 241
1780521880222 0.405 242
1780521880224 0.33 243
1780521880225 0.39 244
1780521880227 0.325 245
1780521880228 0.25 246
1780521880230 0.355 247
1780521880231 0.31 248
1780521880233 0.31 249
1780521880235 0.355 250
1780521880236 0.4 251
1780521880238 0.32 252
1780521880239 0.425 253
1780521880241 0.45 254
1780521880242 0.39 255
1780521880244 0.285 256
1780521880245 0.335 257
1780521880247 0.315 258
1780521880249 0.415 259
1780521880250 0.38 260
1780521880252 0.385 261
1780521880253 0.305 262
1780521880255 0.3 263
1780521880257 0.395 264
1780521880258 0.355 265
1780521880260 0.355 266
1780521880261 0.31 267
1780521880263 0.42 268
1780521880264 0.365 269
1780521880266 0.39 270
1780521880267 0.375 271
1780521880269 0.375 272
1780521880271 0.405 273
1780521880272 0.39 274
1780521880274 0.37 275
1780521880275 0.455 276
1780521880277 0.365 277
1780521880278 0.34 278
1780521880280 0.345 279
1780521880281 0.405 280
1780521880283 0.38 281
1780521880285 0.33 282
1780521880286 0.37 283
1780521880288 0.305 284
1780521880289 0.38 285
1780521880291 0.34 286
1780521880292 0.4 287
1780521880294 0.475 288
1780521880296 0.375 289
1780521880297 0.39 290
1780521880299 0.375 291
1780521880300 0.405 292
1780521880302 0.395 293
1780521880303 0.41 294
1780521880305 0.33 295
1780521880307 0.41 296
1780521880308 0.255 297
1780521880310 0.37 298
