1780270514740 0.0 0
1780270514742 0.5008181393174381 1
1780270514744 0.5630952380952381 2
1780270514746 0.7769097222222222 3
1780270514747 0.8756461113114558 4
1780270514749 0.8670725520040589 5
1780270514751 0.8351090816844242 6
1780270514752 0.8586956521739131 7
1780270514754 0.8970893970893972 8
1780270514756 0.8845540424487792 9
1780270514757 0.9188969991889699 10
1780270514759 0.8114754098360656 11
1780270514761 0.8515625 12
1780270514762 0.8821301247771836 13
1780270514764 0.9282131661442006 14
1780270514766 0.9449404761904762 15
1780270514767 0.9256001770107313 16
1780270514769 0.9238095238095239 17
1780270514771 0.9134796238244514 18
1780270514773 0.9037698412698413 19
1780270514774 0.9201729780271155 20
1780270514776 0.8578347578347578 21
1780270514777 0.9077380952380952 22
1780270514779 0.9153114282553381 23
1780270514781 0.9304075235109718 24
1780270514782 0.9077879249112126 25
1780270514784 0.9282744282744283 26
1780270514786 0.8278688524590163 27
1780270514787 0.9137268204432384 28
1780270514789 0.9186507936507937 29
1780270514791 0.9214454045561665 30
1780270514792 0.9141510492649534 31
1780270514794 0.8997085964060223 32
1780270514796 0.9279513888888888 33
1780270514797 0.8371777476255088 34
1780270514799 0.8538315988647114 35
1780270514801 0.847457627118644 36
1780270514802 0.9375 37
1780270514804 0.8643262657861197 38
1780270514806 0.8761904761904762 39
1780270514807 0.9226827094474153 40
1780270514809 0.9471507352941176 41
1780270514811 0.8584341538033653 42
1780270514812 0.935374149659864 43
1780270514814 0.8876667868734223 44
1780270514816 0.8391679350583461 45
1780270514817 0.721830985915493 46
1780270514819 0.8793103448275862 47
1780270514821 0.936237580521891 48
1780270514822 0.9407433380084151 49
1780270514824 0.9084090011843664 50
1780270514826 0.819672131147541 51
1780270514827 0.9211139737455527 52
1780270514829 0.9264205925206411 53
1780270514831 0.9133753733820114 54
1780270514832 0.9246143057503506 55
1780270514834 0.9535714285714285 56
1780270514835 0.9196428571428572 57
1780270514837 0.9248421563865954 58
1780270514839 0.9516742770167428 59
1780270514840 0.9682539682539683 60
1780270514842 0.9579806158753528 61
1780270514844 0.9213054349256482 62
1780270514845 0.8103448275862069 63
1780270514847 0.94 64
1780270514848 0.8705557694776024 65
1780270514850 0.835820895522388 66
1780270514852 0.9358974358974359 67
1780270514853 0.9160858502046687 68
1780270514855 0.875 69
1780270514857 0.9663547237076648 70
1780270514858 0.9548854604955587 71
1780270514860 0.9330357142857143 72
1780270514861 0.8711018711018712 73
1780270514863 0.9308461639689433 74
1780270514865 0.8796296296296297 75
1780270514866 0.9082621082621083 76
1780270514869 0.9306702282661486 77
1780270514871 0.9201729780271155 78
1780270514874 0.8862483783465032 79
1780270514877 0.9420289855072463 80
1780270514879 0.9166366149777617 81
1780270514882 0.8961497162141433 82
1780270514884 0.9589271686679385 83
1780270514886 0.929236938318198 84
1780270514888 0.9524310425432445 85
1780270514889 0.9272319849038801 86
1780270514891 0.9623824451410659 87
1780270514892 0.8130081300813008 88
1780270514894 0.9083292860611948 89
1780270514896 0.9351648351648352 90
1780270514897 0.9466145833333333 91
1780270514899 0.9726027397260274 92
1780270514900 0.9118504128217582 93
1780270514902 0.9653203510037264 94
1780270514904 0.9072414199787711 95
1780270514905 0.9664522058823529 96
1780270514907 0.9399948658708767 97
1780270514909 0.9333333333333333 98
1780270514910 0.9048902579899885 99
1780270514912 0.9216137358321176 100
1780270514913 0.773972602739726 101
1780270514915 0.9256398160160396 102
1780270514917 0.8298611111111112 103
1780270514918 0.9475546975546976 104
1780270514920 0.9451846657316503 105
1780270514922 0.8789009497964722 106
1780270514923 0.9067047817047817 107
1780270514925 0.9438719175561281 108
1780270514927 0.9215176715176715 109
1780270514928 0.8854166666666667 110
1780270514930 0.9046159394157951 111
1780270514932 0.9613136979897148 112
1780270514933 0.9512867647058824 113
1780270514935 0.9281683229051649 114
1780270514937 0.9197802197802198 115
1780270514939 0.9476489028213166 116
1780270514940 0.9376569494486298 117
1780270514942 0.9260710906879308 118
1780270514944 0.9181860682561944 119
1780270514945 0.9456303809411488 120
1780270514947 0.9252609134777241 121
1780270514949 0.9380325746952863 122
1780270514951 0.9008547008547009 123
1780270514952 0.9427350427350427 124
1780270514954 0.91324200913242 125
1780270514956 0.9457189201714749 126
1780270514958 0.896551724137931 127
1780270514959 0.9434644957033016 128
1780270514961 0.9422770212243896 129
1780270514963 0.9585086489013558 130
1780270514964 0.9494900437105391 131
1780270514966 0.8306451612903225 132
1780270514968 0.9686741136474017 133
1780270514969 0.9103916507687129 134
1780270514971 0.9094301221166893 135
1780270514973 0.951289949942241 136
1780270514975 0.8771986271986272 137
1780270514977 0.9340277777777778 138
1780270514978 0.908427200667501 139
1780270514980 0.9601880877742947 140
1780270514982 0.8894236940059043 141
1780270514984 0.9361340456532297 142
1780270514985 0.8952493749177524 143
1780270514987 0.9345238095238095 144
1780270514989 0.9744440756720876 145
1780270514990 0.902656097900153 146
1780270515001 0.8727272727272728 147
1780270515003 0.9331490985656008 148
1780270515005 0.9041889483065954 149
1780270515007 0.9039827498731607 150
1780270515008 0.9703654188948307 151
1780270515010 0.9284769804062989 152
1780270515012 0.9090909090909092 153
1780270515014 0.9224598930481284 154
1780270515015 0.7907801418439716 155
1780270515017 0.9297619047619048 156
1780270515019 0.8813559322033898 157
1780270515021 0.9354072529255011 158
1780270515022 0.8749216300940439 159
1780270515024 0.934191355026712 160
1780270515026 0.9656209458662578 161
1780270515027 0.9292583243178267 162
1780270515029 0.9368789105631211 163
1780270515031 0.8736263736263736 164
1780270515032 0.8571428571428572 165
1780270515034 0.8974358974358974 166
1780270515036 0.9133356505619279 167
1780270515038 0.9432383536861149 168
1780270515039 0.9170573386224306 169
1780270515041 0.9201729780271155 170
1780270515043 0.930952380952381 171
1780270515044 0.9341704718417048 172
1780270515046 0.9180327868852459 173
1780270515048 0.9055330634278003 174
1780270515050 0.3 175
1780270515051 0.4119318181818182 176
1780270515053 0.5508619820546425 177
1780270515055 0.6314102564102564 178
1780270515057 0.5754075407540754 179
1780270515059 0.618047218887555 180
1780270515061 0.6538615446178472 181
1780270515063 0.6414141414141414 182
1780270515064 0.6765422077922079 183
1780270515067 0.6646634615384616 184
1780270515068 0.7107371794871795 185
1780270515070 0.7893416298675231 186
1780270515072 0.7233223322332234 187
1780270515073 0.7121848739495797 188
1780270515075 0.6944444444444444 189
1780270515077 0.73 190
1780270515078 0.8064758282454209 191
1780270515080 0.7220485936082266 192
1780270515082 0.7902255639097744 193
1780270515084 0.7511278195488722 194
1780270515085 0.7601503759398496 195
1780270515087 0.7949999999999999 196
1780270515089 0.815 197
1780270515091 0.7832080200501252 198
1780270515093 0.7949999999999999 199
1780270515094 0.8189275710284114 200
1780270515096 0.7443198878991092 201
1780270515098 0.8 202
1780270515101 0.7943422771580746 203
1780270515104 0.7524038461538461 204
1780270515105 0.8247324732473247 205
1780270515107 0.7332233223322333 206
1780270515109 0.6946291560102301 207
1780270515110 0.8123993558776168 208
1780270515112 0.7998785302156088 209
1780270515114 0.749198717948718 210
1780270515116 0.83123298719629 211
1780270515117 0.8452672378620971 212
1780270515119 0.7731273127312731 213
1780270515121 0.7457711940746672 214
1780270515123 0.825 215
1780270515125 0.8052631578947369 216
1780270515126 0.7922305764411028 217
1780270515128 0.7621753246753247 218
1780270515130 0.744429882044561 219
1780270515132 0.843609022556391 220
1780270515133 0.8520833333333333 221
1780270515135 0.8235145257617167 222
1780270515137 0.7784455128205128 223
1780270515138 0.7729527280089077 224
1780270515140 0.8142312841108021 225
1780270515142 0.7163789642713769 226
1780270515143 0.8844460014012612 227
1780270515145 0.842589767063371 228
1780270515147 0.7905459654757125 229
1780270515148 0.8532178961064958 230
1780270515150 0.809313528703332 231
1780270515152 0.8138925294888597 232
1780270515153 0.8313131313131313 233
1780270515155 0.749874686716792 234
1780270515157 0.6201923076923077 235
1780270515158 0.8446378551420568 236
1780270515160 0.8202693196663652 237
1780270515162 0.8085996572235105 238
1780270515163 0.7430231351799979 239
1780270515165 0.8461152882205514 240
1780270515167 0.8523540679503983 241
1780270515168 0.8610861086108611 242
1780270515170 0.7284902597402597 243
1780270515172 0.8058223289315727 244
1780270515174 0.8043478260869565 245
1780270515176 0.8409090909090908 246
1780270515177 0.8135313531353134 247
1780270515179 0.8462157809983897 248
1780270515181 0.8056305630563056 249
1780270515182 0.7997181964573269 250
1780270515184 0.8553685897435898 251
1780270515199 0.7564102564102564 252
1780270515201 0.7632598939208486 253
1780270515203 0.8280696426763843 254
1780270515205 0.8631578947368421 255
1780270515206 0.8187969924812031 256
1780270515208 0.86 257
1780270515210 0.8625801282051282 258
1780270515211 0.815 259
1780270515213 0.6195652173913043 260
1780270515215 0.7922168867547019 261
1780270515216 0.8080808080808082 262
1780270515218 0.8646464646464647 263
1780270515220 0.8774167425852819 264
1780270515221 0.8547314578005115 265
1780270515223 0.8616755079571614 266
1780270515224 0.8628278564968345 267
1780270515226 0.8235323532353236 268
1780270515228 0.8379351740696279 269
1780270515229 0.8298245614035087 270
1780270515231 0.8519667700930837 271
1780270515233 0.78743961352657 272
1780270515234 0.845 273
1780270515236 0.8722850565508957 274
1780270515238 0.8561165845648604 275
1780270515239 0.83701324769169 276
1780270515241 0.8422580322290061 277
1780270515242 0.8593859385938594 278
1780270515244 0.871938980329185 279
1780270515246 0.8760537936571657 280
1780270515247 0.8613782051282051 281
1780270515249 0.8648133279807306 282
1780270515250 0.8429802955665024 283
1780270515252 0.8466386554621849 284
1780270515254 0.828125 285
1780270515255 0.875 286
1780270515257 0.7456140350877193 287
1780270515258 0.8381629877602259 288
1780270515260 0.6730769230769231 289
1780270515262 0.8689281413087113 290
1780270515263 0.8458132045088567 291
1780270515265 0.887468671679198 292
1780270515266 0.8056001605780811 293
1780270515268 0.8695212065998583 294
1780270515269 0.8204960177437242 295
1780270515271 0.8666666666666667 296
1780270515273 0.7965168651786608 297
1780270515274 0.7952380952380953 298
1780270515276 0.8010709638674807 299
1780270515277 0.830532212885154 300
1780270515279 0.8325281803542672 301
1780270515281 0.8740496198479392 302
1780270515282 0.8413461538461539 303
1780270515284 0.9000900090009001 304
1780270515286 0.7676767676767677 305
1780270515287 0.8348633210934313 306
1780270515289 0.8934343434343435 307
1780270515290 0.8614532019704433 308
1780270515292 0.8456921981487133 309
1780270515294 0.8463207937164117 310
1780270515295 0.8766025641025641 311
1780270515297 0.868681813632269 312
1780270515298 0.8191489361702128 313
1780270515300 0.837092731829574 314
1780270515302 0.8003246753246753 315
1780270515303 0.8413572214993494 316
1780270515305 0.8661433172302737 317
1780270515306 0.5841121495327103 318
1780270515308 0.8857385738573857 319
1780270515310 0.8378351340536214 320
1780270515311 0.8483709273182958 321
1780270515313 0.8698828946051447 322
1780270515314 0.8890001000900811 323
1780270515316 0.8578989817521927 324
1780270515318 0.7661039091548587 325
1780270515319 0.8625801282051282 326
1780270515321 0.8291962766489841 327
1780270515322 0.7596038415366146 328
1780270515324 0.7651584168438101 329
1780270515326 0.7849999999999999 330
1780270515327 0.8490566037735849 331
1780270515329 0.8529647435897436 332
1780270515331 0.8641277149434492 333
1780270515332 0.8707870787078709 334
1780270515334 0.8347423510466989 335
1780270515335 0.843609022556391 336
1780270515337 0.8181089743589745 337
1780270515338 0.8265664160401003 338
1780270515340 0.7780778077807781 339
1780270515342 0.8405840584058406 340
1780270515343 0.7291666666666666 341
1780270515345 0.8770032051282051 342
1780270515346 0.8759398496240601 343
1780270515348 0.8909668313338038 344
1780270515350 0.874597423510467 345
1780270515351 0.8690367205777643 346
1780270515353 0.8413533834586466 347
1780270515354 0.8639291465378421 348
