1780126746721 0.0 0
1780126746724 0.10500000000000001 1
1780126746726 0.31999999999999995 2
1780126746729 0.24000000000000005 3
1780126746731 0.45499999999999996 4
1780126746733 0.48500000000000004 5
1780126746735 0.465 6
1780126746737 0.7150000000000001 7
1780126746740 0.605 8
1780126746742 0.475 9
1780126746744 0.735 10
1780126746746 0.8549999999999999 11
1780126746749 0.82 12
1780126746751 0.735 13
1780126746753 0.8300000000000001 14
1780126746755 0.7750000000000001 15
1780126746758 0.8550000000000001 16
1780126746760 0.9 17
1780126746762 0.905 18
1780126746764 0.8799999999999999 19
1780126746767 0.715 20
1780126746769 0.8800000000000001 21
1780126746771 0.9 22
1780126746773 0.9149999999999998 23
1780126746776 0.9149999999999998 24
1780126746778 0.8949999999999999 25
1780126746780 0.6849999999999999 26
1780126746782 0.9049999999999999 27
1780126746785 0.875 28
1780126746787 0.8200000000000001 29
1780126746789 0.8299999999999998 30
1780126746791 0.875 31
1780126746793 0.8800000000000001 32
1780126746796 0.89 33
1780126746798 0.905 34
1780126746800 0.82 35
1780126746802 0.9099999999999999 36
1780126746805 0.8700000000000001 37
1780126746807 0.905 38
1780126746809 0.76 39
1780126746811 0.5900000000000001 40
1780126746814 0.7849999999999999 41
1780126746816 0.9049999999999999 42
1780126746818 0.8749999999999998 43
1780126746820 0.8300000000000001 44
1780126746823 0.785 45
1780126746825 0.7649999999999999 46
1780126746827 0.8499999999999999 47
1780126746829 0.9250000000000002 48
1780126746832 0.8400000000000001 49
1780126746834 0.7499999999999999 50
1780126746836 0.885 51
1780126746838 0.765 52
1780126746841 0.89 53
1780126746843 0.885 54
1780126746846 0.7899999999999999 55
1780126746848 0.8550000000000001 56
1780126746850 0.9199999999999999 57
1780126746853 0.825 58
1780126746855 0.915 59
1780126746857 0.8299999999999998 60
1780126746859 0.875 61
1780126746862 0.8949999999999999 62
1780126746864 0.89 63
1780126746866 0.89 64
1780126746868 0.885 65
1780126746871 0.8550000000000001 66
1780126746873 0.93 67
1780126746875 0.8350000000000002 68
1780126746877 0.8 69
1780126746880 0.905 70
1780126746882 0.89 71
1780126746884 0.9099999999999999 72
1780126746886 0.915 73
1780126746889 0.9099999999999999 74
1780126746891 0.915 75
1780126746893 0.8800000000000001 76
1780126746895 0.8400000000000001 77
1780126746898 0.825 78
1780126746900 0.875 79
1780126746902 0.875 80
1780126746904 0.885 81
1780126746907 0.89 82
1780126746909 0.8400000000000001 83
1780126746911 0.9199999999999999 84
1780126746913 0.885 85
1780126746916 0.9199999999999999 86
1780126746918 0.9049999999999999 87
1780126746920 0.8699999999999999 88
1780126746922 0.915 89
1780126746925 0.765 90
1780126746927 0.96 91
1780126746929 0.905 92
1780126746931 0.865 93
1780126746933 0.9049999999999999 94
1780126746936 0.93 95
1780126746938 0.9 96
1780126746940 0.5799999999999998 97
1780126746942 0.8799999999999999 98
1780126746945 0.85 99
1780126746947 0.8999999999999998 100
1780126746949 0.9400000000000001 101
1780126746952 0.9 102
1780126746954 0.845 103
1780126746956 0.8699999999999999 104
1780126746968 0.8850000000000001 105
1780126746971 0.905 106
1780126746973 0.93 107
1780126746975 0.9099999999999999 108
1780126746978 0.95 109
1780126746980 0.9349999999999999 110
1780126746982 0.9400000000000001 111
1780126746985 0.9349999999999999 112
1780126746987 0.9 113
1780126746989 0.9400000000000001 114
1780126746991 0.8950000000000001 115
1780126746994 0.9299999999999999 116
1780126746996 0.9249999999999998 117
1780126746998 0.7999999999999999 118
1780126747001 0.945 119
1780126747003 0.9099999999999999 120
1780126747005 0.9049999999999999 121
1780126747007 0.89 122
1780126747010 0.8700000000000001 123
1780126747012 0.9349999999999999 124
1780126747014 0.905 125
1780126747016 0.885 126
1780126747019 0.9349999999999999 127
1780126747021 0.925 128
1780126747023 0.925 129
1780126747025 0.8400000000000001 130
1780126747028 0.89 131
1780126747030 0.9200000000000002 132
1780126747032 0.915 133
1780126747034 0.9399999999999998 134
1780126747036 0.9099999999999998 135
1780126747039 0.925 136
1780126747041 0.8399999999999999 137
1780126747043 0.95 138
1780126747045 0.925 139
1780126747049 0.77 140
1780126747051 0.8350000000000002 141
1780126747053 0.8800000000000001 142
1780126747056 0.8950000000000001 143
1780126747058 0.925 144
1780126747060 0.7849999999999999 145
1780126747062 0.945 146
1780126747064 0.9200000000000002 147
1780126747067 0.945 148
1780126747069 0.845 149
1780126747071 0.8099999999999999 150
1780126747073 0.9399999999999998 151
1780126747076 0.9199999999999999 152
1780126747078 0.9550000000000001 153
1780126747080 0.93 154
1780126747082 0.9400000000000001 155
1780126747084 0.9200000000000002 156
1780126747087 0.71 157
1780126747089 0.9400000000000001 158
1780126747091 0.9550000000000001 159
1780126747093 0.9650000000000001 160
1780126747096 0.9450000000000001 161
1780126747098 0.9549999999999998 162
1780126747100 0.9649999999999999 163
1780126747102 0.93 164
1780126747105 0.9549999999999998 165
1780126747107 0.945 166
1780126747109 0.985 167
1780126747111 0.945 168
1780126747113 0.95 169
1780126747116 0.825 170
1780126747118 0.985 171
1780126747120 0.9299999999999999 172
1780126747122 0.975 173
1780126747125 0.9450000000000001 174
1780126747127 0.915 175
1780126747129 0.945 176
1780126747131 0.985 177
1780126747133 0.9549999999999998 178
1780126747136 0.945 179
1780126747138 0.96 180
1780126747140 0.975 181
1780126747142 0.875 182
1780126747144 0.95 183
1780126747147 0.9349999999999999 184
1780126747149 0.97 185
1780126747156 0.9400000000000001 186
1780126747158 0.97 187
1780126747161 0.9649999999999999 188
1780126747163 0.96 189
1780126747165 0.9649999999999999 190
1780126747167 0.9550000000000001 191
1780126747169 0.9649999999999999 192
1780126747172 0.9649999999999999 193
1780126747174 0.97 194
1780126747176 0.9650000000000001 195
1780126747179 0.9349999999999999 196
1780126747181 0.96 197
1780126747183 0.9349999999999999 198
1780126747185 0.9100000000000001 199
1780126747187 0.9649999999999999 200
1780126747190 0.9549999999999998 201
1780126747192 0.9549999999999998 202
1780126747194 0.9499999999999998 203
1780126747196 0.9800000000000001 204
1780126747198 0.95 205
1780126747201 0.9799999999999999 206
1780126747203 0.97 207
1780126747205 0.9450000000000001 208
1780126747207 0.96 209
1780126747210 0.9149999999999998 210
1780126747212 0.9549999999999998 211
1780126747214 0.9599999999999997 212
1780126747216 0.865 213
1780126747218 0.975 214
1780126747221 0.9650000000000001 215
1780126747223 0.9800000000000001 216
1780126747225 0.96 217
1780126747227 0.9549999999999998 218
1780126747229 0.9799999999999999 219
1780126747232 0.9650000000000001 220
1780126747234 0.9799999999999999 221
1780126747236 0.9649999999999999 222
1780126747238 0.9450000000000001 223
1780126747241 0.9349999999999999 224
1780126747243 0.97 225
1780126747245 0.97 226
1780126747247 0.975 227
1780126747249 0.975 228
1780126747252 0.9099999999999999 229
1780126747254 0.9499999999999998 230
1780126747256 0.945 231
1780126747258 0.96 232
1780126747261 0.9499999999999998 233
1780126747263 0.945 234
1780126747265 0.825 235
1780126747267 0.9599999999999997 236
1780126747269 0.97 237
1780126747272 0.985 238
1780126747274 0.9650000000000001 239
1780126747276 0.915 240
1780126747278 0.9649999999999999 241
1780126747281 0.9499999999999998 242
1780126747283 0.96 243
1780126747285 0.9149999999999998 244
1780126747287 0.9799999999999999 245
1780126747290 0.96 246
1780126747292 0.95 247
1780126747294 0.9400000000000001 248
1780126747296 0.9550000000000001 249
1780126747299 0.96 250
1780126747301 0.9700000000000001 251
1780126747303 0.9 252
1780126747305 0.9549999999999998 253
1780126747307 0.9549999999999998 254
1780126747310 0.9649999999999999 255
1780126747312 0.9799999999999999 256
1780126747314 0.9099999999999999 257
1780126747317 0.95 258
1780126747331 0.9399999999999998 259
1780126747334 0.9399999999999998 260
1780126747336 0.925 261
1780126747340 0.9549999999999998 262
1780126747345 0.975 263
1780126747348 0.9249999999999998 264
1780126747350 0.95 265
1780126747352 0.95 266
1780126747354 0.8949999999999999 267
1780126747357 0.96 268
1780126747361 0.9649999999999999 269
1780126747363 0.99 270
1780126747365 0.9649999999999999 271
1780126747368 0.96 272
1780126747370 0.9599999999999997 273
1780126747372 0.96 274
1780126747374 0.975 275
1780126747377 0.985 276
1780126747379 0.77 277
1780126747381 0.985 278
1780126747383 0.97 279
1780126747386 0.925 280
1780126747388 0.9799999999999999 281
1780126747390 0.9649999999999999 282
1780126747392 0.975 283
1780126747395 0.945 284
1780126747397 0.9349999999999999 285
1780126747399 0.97 286
1780126747401 0.8700000000000001 287
1780126747404 0.9650000000000001 288
1780126747406 0.9800000000000001 289
1780126747408 0.975 290
1780126747410 0.945 291
1780126747413 0.9400000000000001 292
1780126747415 0.975 293
1780126747417 0.9349999999999999 294
1780126747419 0.9 295
1780126747422 0.9650000000000001 296
1780126747424 0.975 297
1780126747426 0.9749999999999999 298
1780126747428 0.96 299
1780126747431 0.9549999999999998 300
1780126747433 0.89 301
1780126747435 0.9399999999999998 302
1780126747437 0.86 303
1780126747440 0.975 304
1780126747442 0.96 305
1780126747444 0.9799999999999999 306
1780126747447 0.96 307
1780126747449 0.9 308
1780126747451 0.97 309
1780126747453 0.9649999999999999 310
1780126747456 0.9399999999999998 311
1780126747458 0.97 312
1780126747460 0.985 313
