1780132652833 0.0 0
1780132652836 0.115 1
1780132652839 0.15 2
1780132652841 0.2 3
1780132652843 0.235 4
1780132652845 0.24 5
1780132652847 0.245 6
1780132652849 0.315 7
1780132652851 0.315 8
1780132652854 0.29 9
1780132652856 0.26 10
1780132652858 0.36 11
1780132652860 0.36 12
1780132652862 0.36 13
1780132652864 0.375 14
1780132652866 0.375 15
1780132652869 0.375 16
1780132652871 0.365 17
1780132652873 0.385 18
1780132652875 0.39 19
1780132652877 0.38 20
1780132652879 0.45 21
1780132652881 0.455 22
1780132652884 0.46 23
1780132652886 0.44 24
1780132652888 0.455 25
1780132652890 0.49 26
1780132652892 0.45 27
1780132652894 0.44 28
1780132652896 0.505 29
1780132652898 0.48 30
1780132652900 0.47 31
1780132652902 0.46 32
1780132652905 0.54 33
1780132652907 0.525 34
1780132652909 0.575 35
1780132652911 0.5 36
1780132652913 0.475 37
1780132652915 0.51 38
1780132652917 0.515 39
1780132652919 0.525 40
1780132652921 0.545 41
1780132652923 0.53 42
1780132652926 0.52 43
1780132652928 0.58 44
1780132652930 0.56 45
1780132652932 0.585 46
1780132652934 0.555 47
1780132652936 0.49 48
1780132652938 0.56 49
1780132652940 0.585 50
1780132652942 0.55 51
1780132652944 0.58 52
1780132652947 0.65 53
1780132652949 0.605 54
1780132652951 0.55 55
1780132652953 0.635 56
1780132652955 0.675 57
1780132652957 0.565 58
1780132652959 0.615 59
1780132652961 0.61 60
1780132652963 0.68 61
1780132652966 0.6 62
1780132652968 0.61 63
1780132652970 0.625 64
1780132652972 0.645 65
1780132652974 0.64 66
1780132652976 0.615 67
1780132652978 0.675 68
1780132652980 0.685 69
1780132652982 0.67 70
1780132652984 0.715 71
1780132652986 0.67 72
1780132652989 0.685 73
1780132652991 0.69 74
1780132652993 0.735 75
1780132652995 0.695 76
1780132652997 0.7 77
1780132652999 0.73 78
1780132653001 0.735 79
1780132653003 0.695 80
1780132653005 0.695 81
1780132653007 0.69 82
1780132653009 0.71 83
1780132653011 0.7 84
1780132653014 0.75 85
1780132653016 0.69 86
1780132653018 0.72 87
1780132653020 0.665 88
1780132653022 0.77 89
1780132653024 0.705 90
1780132653026 0.69 91
1780132653028 0.715 92
1780132653030 0.755 93
1780132653032 0.7 94
1780132653035 0.74 95
1780132653037 0.69 96
1780132653039 0.72 97
1780132653041 0.705 98
1780132653043 0.725 99
1780132653045 0.72 100
1780132653047 0.75 101
1780132653049 0.735 102
1780132653051 0.76 103
1780132653054 0.695 104
1780132653056 0.79 105
1780132653058 0.695 106
1780132653060 0.745 107
1780132653062 0.765 108
1780132653064 0.76 109
1780132653066 0.825 110
1780132653068 0.73 111
1780132653070 0.755 112
1780132653072 0.755 113
1780132653075 0.75 114
1780132653077 0.775 115
1780132653079 0.83 116
1780132653081 0.78 117
1780132653083 0.81 118
1780132653085 0.83 119
1780132653087 0.775 120
1780132653089 0.8 121
1780132653091 0.79 122
1780132653093 0.785 123
1780132653095 0.765 124
1780132653097 0.765 125
1780132653099 0.79 126
1780132653102 0.81 127
1780132653104 0.79 128
1780132653106 0.8 129
1780132653108 0.775 130
1780132653110 0.805 131
1780132653112 0.745 132
1780132653114 0.77 133
1780132653116 0.785 134
1780132653118 0.81 135
1780132653121 0.815 136
1780132653123 0.765 137
1780132653125 0.77 138
1780132653127 0.755 139
1780132653129 0.755 140
1780132653131 0.83 141
1780132653133 0.845 142
1780132653135 0.83 143
1780132653137 0.795 144
1780132653139 0.77 145
1780132653142 0.805 146
1780132653144 0.83 147
1780132653146 0.855 148
1780132653148 0.81 149
1780132653150 0.845 150
1780132653152 0.805 151
1780132653154 0.795 152
1780132653157 0.82 153
1780132653159 0.865 154
1780132653161 0.835 155
1780132653163 0.815 156
1780132653165 0.91 157
1780132653167 0.86 158
1780132653169 0.865 159
1780132653171 0.87 160
1780132653173 0.885 161
1780132653175 0.9 162
1780132653177 0.865 163
1780132653179 0.845 164
1780132653181 0.855 165
1780132653183 0.915 166
1780132653185 0.85 167
1780132653187 0.91 168
1780132653190 0.89 169
1780132653192 0.885 170
1780132653194 0.865 171
1780132653196 0.83 172
1780132653198 0.88 173
1780132653200 0.89 174
1780132653202 0.88 175
1780132653204 0.86 176
1780132653206 0.89 177
1780132653208 0.895 178
1780132653210 0.92 179
1780132653212 0.94 180
1780132653215 0.915 181
1780132653217 0.88 182
1780132653219 0.915 183
1780132653221 0.905 184
1780132653223 0.915 185
1780132653225 0.91 186
1780132653227 0.875 187
1780132653229 0.845 188
1780132653232 0.885 189
1780132653234 0.9 190
1780132653236 0.9 191
1780132653238 0.92 192
1780132653240 0.86 193
1780132653242 0.87 194
1780132653244 0.865 195
1780132653246 0.865 196
1780132653248 0.94 197
1780132653250 0.895 198
1780132653252 0.945 199
1780132653254 0.915 200
1780132653256 0.935 201
1780132653258 0.88 202
1780132653260 0.945 203
1780132653263 0.925 204
1780132653265 0.9 205
1780132653267 0.91 206
1780132653269 0.925 207
1780132653271 0.915 208
1780132653273 0.885 209
1780132653275 0.915 210
1780132653277 0.885 211
1780132653279 0.92 212
1780132653281 0.89 213
1780132653284 0.91 214
1780132653286 0.875 215
1780132653288 0.89 216
1780132653290 0.89 217
1780132653292 0.9 218
1780132653294 0.955 219
1780132653296 0.935 220
1780132653298 0.93 221
1780132653300 0.935 222
1780132653303 0.905 223
1780132653305 0.875 224
1780132653307 0.925 225
1780132653309 0.915 226
1780132653311 0.925 227
1780132653313 0.91 228
1780132653315 0.93 229
1780132653318 0.915 230
1780132653320 0.955 231
1780132653322 0.89 232
1780132653324 0.885 233
1780132653326 0.925 234
1780132653328 0.92 235
1780132653330 0.895 236
1780132653333 0.925 237
1780132653335 0.915 238
1780132653337 0.915 239
1780132653339 0.935 240
1780132653341 0.895 241
1780132653343 0.92 242
1780132653345 0.945 243
1780132653347 0.92 244
1780132653349 0.945 245
1780132653351 0.93 246
1780132653353 0.905 247
1780132653356 0.885 248
1780132653358 0.97 249
1780132653360 0.93 250
1780132653362 0.915 251
1780132653364 0.915 252
1780132653366 0.935 253
1780132653368 0.94 254
1780132653370 0.93 255
1780132653372 0.92 256
1780132653375 0.92 257
1780132653377 0.93 258
1780132653379 0.905 259
1780132653381 0.935 260
1780132653383 0.945 261
1780132653385 0.94 262
1780132653387 0.935 263
1780132653389 0.95 264
1780132653391 0.905 265
1780132653394 0.9 266
1780132653396 0.94 267
1780132653398 0.965 268
1780132653400 0.965 269
1780132653402 0.95 270
1780132653404 0.935 271
1780132653406 0.91 272
1780132653415 0.935 273
1780132653417 0.915 274
1780132653419 0.92 275
1780132653421 0.93 276
1780132653423 0.945 277
1780132653425 0.925 278
1780132653428 0.925 279
1780132653430 0.895 280
1780132653432 0.91 281
1780132653434 0.92 282
1780132653436 0.955 283
1780132653438 0.93 284
1780132653440 0.94 285
1780132653442 0.935 286
1780132653444 0.94 287
1780132653446 0.935 288
1780132653448 0.94 289
1780132653450 0.91 290
1780132653452 0.885 291
1780132653455 0.935 292
1780132653457 0.93 293
1780132653459 0.92 294
1780132653461 0.94 295
1780132653463 0.92 296
1780132653465 0.95 297
1780132653467 0.96 298
1780132653469 0.93 299
1780132653471 0.91 300
1780132653473 0.935 301
1780132653475 0.94 302
1780132653477 0.945 303
1780132653479 0.93 304
1780132653481 0.955 305
1780132653484 0.915 306
1780132653486 0.94 307
1780132653488 0.93 308
1780132653490 0.945 309
1780132653492 0.935 310
1780132653494 0.915 311
1780132653496 0.92 312
1780132653498 0.925 313
