1780240854602 0.0 0
1780240854604 0.13499999999999998 1
1780240854606 0.315 2
1780240854608 0.30499999999999994 3
1780240854609 0.45499999999999996 4
1780240854611 0.6000000000000001 5
1780240854612 0.6000000000000001 6
1780240854614 0.75 7
1780240854615 0.6599999999999999 8
1780240854617 0.74 9
1780240854619 0.8299999999999998 10
1780240854620 0.8800000000000001 11
1780240854622 0.8099999999999999 12
1780240854624 0.8200000000000001 13
1780240854625 0.7899999999999999 14
1780240854627 0.8150000000000001 15
1780240854628 0.875 16
1780240854630 0.845 17
1780240854632 0.885 18
1780240854633 0.89 19
1780240854635 0.8150000000000001 20
1780240854636 0.8899999999999999 21
1780240854638 0.85 22
1780240854640 0.925 23
1780240854641 0.89 24
1780240854643 0.9099999999999999 25
1780240854644 0.9149999999999998 26
1780240854646 0.9 27
1780240854647 0.9199999999999999 28
1780240854649 0.945 29
1780240854651 0.85 30
1780240854652 0.9400000000000001 31
1780240854654 0.915 32
1780240854655 0.785 33
1780240854657 0.76 34
1780240854659 0.8 35
1780240854660 0.865 36
1780240854662 0.865 37
1780240854664 0.9350000000000002 38
1780240854665 0.8949999999999999 39
1780240854667 0.9200000000000002 40
1780240854669 0.8300000000000001 41
1780240854670 0.8150000000000001 42
1780240854672 0.8949999999999999 43
1780240854673 0.8400000000000001 44
1780240854675 0.9199999999999999 45
1780240854677 0.845 46
1780240854678 0.8900000000000002 47
1780240854680 0.915 48
1780240854682 0.73 49
1780240854683 0.805 50
1780240854685 0.915 51
1780240854686 0.8350000000000002 52
1780240854688 0.825 53
1780240854690 0.885 54
1780240854691 0.865 55
1780240854693 0.9099999999999999 56
1780240854695 0.9299999999999999 57
1780240854696 0.93 58
1780240854698 0.8400000000000001 59
1780240854700 0.82 60
1780240854701 0.9199999999999999 61
1780240854703 0.85 62
1780240854704 0.9099999999999999 63
1780240854706 0.9199999999999999 64
1780240854708 0.8400000000000001 65
1780240854709 0.93 66
1780240854711 0.95 67
1780240854712 0.93 68
1780240854714 0.915 69
1780240854716 0.9249999999999998 70
1780240854717 0.9349999999999999 71
1780240854719 0.8700000000000001 72
1780240854720 0.9349999999999999 73
1780240854722 0.9349999999999999 74
1780240854723 0.9099999999999999 75
1780240854725 0.875 76
1780240854727 0.9299999999999999 77
1780240854728 0.9399999999999998 78
1780240854730 0.8649999999999999 79
1780240854731 0.8499999999999999 80
1780240854733 0.9049999999999999 81
1780240854735 0.9099999999999999 82
1780240854736 0.9 83
1780240854738 0.9349999999999999 84
1780240854739 0.9549999999999998 85
1780240854741 0.9149999999999998 86
1780240854742 0.9349999999999999 87
1780240854744 0.9199999999999999 88
1780240854746 0.9399999999999998 89
1780240854747 0.9400000000000001 90
1780240854749 0.9400000000000001 91
1780240854750 0.9499999999999998 92
1780240854752 0.9700000000000001 93
1780240854754 0.865 94
1780240854755 0.9299999999999999 95
1780240854757 0.925 96
1780240854758 0.75 97
1780240854760 0.9199999999999999 98
1780240854761 0.95 99
1780240854763 0.945 100
1780240854765 0.9299999999999999 101
1780240854766 0.925 102
1780240854768 0.9249999999999998 103
1780240854769 0.9650000000000001 104
1780240854771 0.8699999999999999 105
1780240854773 0.9249999999999998 106
1780240854774 0.915 107
1780240854776 0.9400000000000001 108
1780240854777 0.915 109
1780240854779 0.945 110
1780240854780 0.9400000000000001 111
1780240854782 0.8549999999999999 112
1780240854784 0.8800000000000001 113
1780240854785 0.885 114
1780240854787 0.775 115
1780240854788 0.97 116
1780240854790 0.9449999999999997 117
1780240854791 0.8899999999999999 118
1780240854793 0.885 119
1780240854795 0.89 120
1780240854796 0.9100000000000001 121
1780240854798 0.82 122
1780240854800 0.9149999999999998 123
1780240854801 0.9350000000000002 124
1780240854803 0.9349999999999999 125
1780240854804 0.8850000000000001 126
1780240854806 0.9550000000000001 127
1780240854807 0.945 128
1780240854809 0.9299999999999999 129
1780240854811 0.93 130
1780240854812 0.97 131
1780240854814 0.9 132
1780240854815 0.875 133
1780240854817 0.9450000000000001 134
1780240854819 0.865 135
1780240854820 0.95 136
1780240854822 0.8600000000000001 137
1780240854823 0.7949999999999999 138
1780240854825 0.9400000000000001 139
1780240854827 0.925 140
1780240854828 0.8600000000000001 141
1780240854830 0.9149999999999998 142
1780240854831 0.95 143
1780240854833 0.9550000000000001 144
1780240854835 0.96 145
1780240854836 0.925 146
1780240854838 0.945 147
1780240854839 0.9299999999999999 148
1780240854841 0.9549999999999998 149
1780240854842 0.9550000000000001 150
1780240854844 0.9149999999999998 151
1780240854846 0.9400000000000001 152
1780240854847 0.9450000000000001 153
1780240854849 0.9550000000000001 154
1780240854850 0.96 155
1780240854852 0.76 156
1780240854854 0.86 157
1780240854855 0.9399999999999998 158
1780240854857 0.8549999999999999 159
1780240854859 0.865 160
1780240854860 0.865 161
1780240854862 0.885 162
1780240854863 0.85 163
1780240854865 0.8849999999999998 164
1780240854866 0.8400000000000001 165
1780240854868 0.8699999999999999 166
1780240854870 0.89 167
1780240854871 0.95 168
1780240854873 0.9549999999999998 169
1780240854874 0.9550000000000001 170
1780240854876 0.9749999999999999 171
1780240854878 0.96 172
1780240854879 0.9550000000000001 173
1780240854881 0.9800000000000001 174
1780240854882 0.96 175
1780240854884 0.9149999999999998 176
1780240854886 0.9499999999999998 177
1780240854887 0.96 178
1780240854889 0.9800000000000001 179
1780240854890 0.985 180
1780240854892 0.97 181
1780240854902 0.975 182
1780240854904 0.975 183
1780240854905 0.885 184
1780240854907 0.985 185
1780240854909 0.96 186
1780240854910 0.9799999999999999 187
1780240854912 0.835 188
1780240854913 0.8949999999999999 189
1780240854915 0.9400000000000001 190
1780240854917 0.9400000000000001 191
1780240854918 0.9349999999999999 192
1780240854920 0.975 193
1780240854922 0.945 194
1780240854923 0.9400000000000001 195
1780240854925 0.925 196
1780240854927 0.9650000000000001 197
1780240854928 0.96 198
1780240854930 0.9499999999999998 199
1780240854931 0.9550000000000001 200
1780240854933 0.97 201
1780240854935 0.9099999999999999 202
1780240854936 0.9799999999999999 203
1780240854938 0.9349999999999999 204
1780240854940 0.9349999999999999 205
1780240854941 0.9549999999999998 206
1780240854943 0.9650000000000001 207
1780240854944 0.975 208
1780240854946 0.9650000000000001 209
1780240854948 0.9650000000000001 210
1780240854949 0.9099999999999999 211
1780240854951 0.9400000000000001 212
1780240854953 0.9400000000000001 213
1780240854954 0.925 214
1780240854956 0.9549999999999998 215
1780240854957 0.9349999999999999 216
1780240854959 0.9349999999999999 217
1780240854961 0.9749999999999999 218
1780240854962 0.9949999999999999 219
1780240854964 0.985 220
1780240854966 0.975 221
1780240854967 0.9949999999999999 222
1780240854969 0.9499999999999998 223
1780240854970 0.97 224
1780240854972 0.9749999999999999 225
1780240854974 0.97 226
1780240854975 0.905 227
1780240854977 0.97 228
1780240854978 0.97 229
1780240854980 0.9349999999999998 230
1780240854982 0.97 231
1780240854983 0.925 232
1780240854985 0.96 233
1780240854987 0.9649999999999999 234
1780240854988 0.9450000000000001 235
1780240854990 0.9800000000000001 236
1780240854991 0.9599999999999997 237
1780240854993 0.9700000000000001 238
1780240854995 0.975 239
1780240854996 0.975 240
1780240854998 0.97 241
1780240855000 0.96 242
1780240855001 0.9550000000000001 243
1780240855003 0.9550000000000001 244
1780240855004 0.97 245
1780240855006 0.985 246
1780240855008 0.97 247
1780240855009 0.9450000000000001 248
1780240855011 0.9799999999999999 249
1780240855013 0.96 250
1780240855014 0.9650000000000001 251
1780240855016 0.945 252
1780240855017 0.9649999999999999 253
1780240855019 0.6449999999999999 254
1780240855021 0.96 255
1780240855022 0.9700000000000001 256
1780240855024 0.9499999999999998 257
1780240855026 0.985 258
1780240855027 0.97 259
1780240855029 0.985 260
1780240855031 0.97 261
1780240855032 0.99 262
1780240855034 0.95 263
1780240855035 0.985 264
1780240855037 0.9799999999999999 265
1780240855039 0.8550000000000001 266
1780240855040 0.975 267
1780240855042 0.99 268
1780240855044 0.985 269
1780240855045 0.96 270
1780240855047 0.9799999999999999 271
1780240855049 0.9650000000000001 272
1780240855050 0.9550000000000001 273
1780240855052 0.9649999999999999 274
1780240855053 0.945 275
1780240855055 0.9650000000000001 276
1780240855057 0.99 277
1780240855058 0.9549999999999998 278
1780240855060 0.9800000000000001 279
1780240855062 0.945 280
1780240855063 0.82 281
1780240855065 0.9649999999999999 282
1780240855066 0.97 283
1780240855068 0.8550000000000001 284
1780240855070 0.97 285
1780240855071 0.985 286
1780240855078 0.9549999999999998 287
1780240855080 0.95 288
1780240855081 0.9649999999999999 289
1780240855083 0.96 290
1780240855085 0.9749999999999999 291
1780240855086 0.9649999999999999 292
1780240855088 0.97 293
1780240855090 0.985 294
1780240855091 0.9499999999999998 295
1780240855093 0.9649999999999999 296
1780240855094 0.97 297
1780240855096 0.975 298
1780240855098 0.9550000000000001 299
1780240855099 0.9749999999999999 300
1780240855101 0.9899999999999999 301
1780240855102 0.975 302
1780240855104 0.9650000000000001 303
1780240855106 0.9650000000000001 304
1780240855107 0.975 305
1780240855109 0.9199999999999999 306
1780240855110 0.9599999999999997 307
1780240855112 0.9799999999999999 308
1780240855113 0.97 309
1780240855115 0.975 310
1780240855117 0.97 311
1780240855118 0.975 312
1780240855120 0.985 313
