1780129544668 0.0 0
1780129544671 0.11500000000000002 1
1780129544674 0.255 2
1780129544676 0.365 3
1780129544678 0.52 4
1780129544681 0.5800000000000001 5
1780129544683 0.6500000000000001 6
1780129544686 0.585 7
1780129544688 0.675 8
1780129544691 0.54 9
1780129544693 0.645 10
1780129544695 0.665 11
1780129544698 0.5650000000000001 12
1780129544700 0.735 13
1780129544703 0.69 14
1780129544705 0.73 15
1780129544707 0.8350000000000002 16
1780129544710 0.645 17
1780129544712 0.705 18
1780129544715 0.7250000000000001 19
1780129544717 0.65 20
1780129544720 0.85 21
1780129544722 0.79 22
1780129544724 0.6799999999999999 23
1780129544727 0.755 24
1780129544729 0.575 25
1780129544732 0.8399999999999999 26
1780129544734 0.8149999999999998 27
1780129544737 0.725 28
1780129544739 0.665 29
1780129544741 0.755 30
1780129544744 0.69 31
1780129544746 0.785 32
1780129544749 0.7249999999999999 33
1780129544751 0.825 34
1780129544753 0.8099999999999999 35
1780129544756 0.7349999999999999 36
1780129544758 0.8649999999999999 37
1780129544761 0.6 38
1780129544763 0.8049999999999999 39
1780129544765 0.905 40
1780129544768 0.835 41
1780129544770 0.7699999999999999 42
1780129544773 0.7100000000000001 43
1780129544775 0.8400000000000001 44
1780129544778 0.8 45
1780129544780 0.8299999999999998 46
1780129544782 0.8800000000000001 47
1780129544785 0.85 48
1780129544787 0.85 49
1780129544790 0.885 50
1780129544792 0.755 51
1780129544794 0.765 52
1780129544797 0.6499999999999999 53
1780129544799 0.82 54
1780129544802 0.885 55
1780129544804 0.865 56
1780129544807 0.8450000000000001 57
1780129544809 0.865 58
1780129544811 0.9199999999999999 59
1780129544814 0.915 60
1780129544816 0.835 61
1780129544819 0.8300000000000001 62
1780129544821 0.85 63
1780129544824 0.7849999999999999 64
1780129544826 0.82 65
1780129544828 0.885 66
1780129544831 0.835 67
1780129544833 0.7100000000000001 68
1780129544836 0.885 69
1780129544838 0.85 70
1780129544840 0.64 71
1780129544843 0.8700000000000001 72
1780129544845 0.9099999999999999 73
1780129544847 0.8399999999999999 74
1780129544850 0.765 75
1780129544852 0.8 76
1780129544855 0.93 77
1780129544857 0.9400000000000001 78
1780129544860 0.89 79
1780129544862 0.8400000000000001 80
1780129544864 0.9000000000000001 81
1780129544867 0.905 82
1780129544869 0.86 83
1780129544871 0.8949999999999999 84
1780129544874 0.885 85
1780129544876 0.8600000000000001 86
1780129544879 0.8799999999999999 87
1780129544881 0.7949999999999999 88
1780129544883 0.665 89
1780129544886 0.7999999999999999 90
1780129544888 0.8100000000000002 91
1780129544891 0.8300000000000001 92
1780129544893 0.8800000000000001 93
1780129544895 0.8899999999999999 94
1780129544898 0.82 95
1780129544900 0.82 96
1780129544903 0.875 97
1780129544905 0.8099999999999999 98
1780129544907 0.805 99
1780129544910 0.8899999999999999 100
1780129544912 0.7449999999999999 101
1780129544915 0.8099999999999999 102
1780129544917 0.9349999999999998 103
1780129544919 0.9 104
1780129544922 0.8550000000000001 105
1780129544924 0.8799999999999999 106
1780129544926 0.8549999999999999 107
1780129544929 0.9549999999999998 108
1780129544931 0.9399999999999998 109
1780129544934 0.9049999999999999 110
1780129544936 0.735 111
1780129544938 0.845 112
1780129544941 0.89 113
1780129544943 0.8700000000000001 114
1780129544946 0.9 115
1780129544948 0.9400000000000001 116
1780129544950 0.9099999999999999 117
1780129544953 0.7550000000000001 118
1780129544955 0.7849999999999999 119
1780129544957 0.8699999999999999 120
1780129544960 0.86 121
1780129544962 0.9250000000000002 122
1780129544965 0.89 123
1780129544967 0.865 124
1780129544969 0.915 125
1780129544972 0.93 126
1780129544974 0.86 127
1780129544977 0.89 128
1780129544979 0.86 129
1780129544981 0.95 130
1780129544984 0.82 131
1780129544986 0.9099999999999999 132
1780129544989 0.645 133
1780129544991 0.78 134
1780129544993 0.9 135
1780129544996 0.845 136
1780129544998 0.72 137
1780129545001 0.9000000000000001 138
1780129545003 0.825 139
1780129545005 0.74 140
1780129545008 0.9 141
1780129545010 0.9299999999999999 142
1780129545013 0.9099999999999999 143
1780129545015 0.9200000000000002 144
1780129545017 0.9250000000000002 145
1780129545020 0.905 146
1780129545022 0.85 147
1780129545025 0.8950000000000001 148
1780129545027 0.9400000000000001 149
1780129545029 0.9 150
1780129545032 0.9599999999999997 151
1780129545034 0.9299999999999999 152
1780129545037 0.9199999999999999 153
1780129545039 0.85 154
1780129545041 0.93 155
1780129545044 0.9 156
1780129545046 0.9299999999999999 157
1780129545049 0.9349999999999998 158
1780129545051 0.945 159
1780129545053 0.96 160
1780129545056 0.95 161
1780129545058 0.9549999999999998 162
1780129545061 0.9399999999999998 163
1780129545063 0.8800000000000001 164
1780129545065 0.9099999999999999 165
1780129545068 0.9049999999999999 166
1780129545070 0.9299999999999999 167
1780129545072 0.9799999999999999 168
1780129545075 0.945 169
1780129545077 0.96 170
1780129545080 0.9 171
1780129545082 0.9299999999999999 172
1780129545084 0.975 173
1780129545087 0.96 174
1780129545089 0.9549999999999998 175
1780129545092 0.9400000000000001 176
1780129545094 0.9399999999999998 177
1780129545097 0.885 178
1780129545099 0.985 179
1780129545101 0.975 180
1780129545104 0.96 181
1780129545115 0.9299999999999999 182
1780129545117 0.97 183
1780129545120 0.945 184
1780129545122 0.95 185
1780129545125 0.9549999999999998 186
1780129545127 0.9800000000000001 187
1780129545130 0.975 188
1780129545132 0.97 189
1780129545134 0.95 190
1780129545137 0.9649999999999999 191
1780129545139 0.975 192
1780129545142 0.9649999999999999 193
1780129545144 0.945 194
1780129545146 0.9349999999999999 195
1780129545149 0.8800000000000001 196
1780129545151 0.77 197
1780129545154 0.9399999999999998 198
1780129545156 0.96 199
1780129545158 0.93 200
1780129545161 0.915 201
1780129545163 0.93 202
1780129545166 0.945 203
1780129545168 0.945 204
1780129545170 0.96 205
1780129545173 0.96 206
1780129545175 0.9799999999999999 207
1780129545178 0.975 208
1780129545180 0.9599999999999997 209
1780129545182 0.985 210
1780129545185 0.9299999999999999 211
1780129545187 0.985 212
1780129545190 0.96 213
1780129545192 0.9549999999999998 214
1780129545195 0.9549999999999998 215
1780129545197 0.96 216
1780129545199 0.9700000000000001 217
1780129545202 0.975 218
1780129545204 0.9349999999999999 219
1780129545207 0.9299999999999999 220
1780129545209 0.9749999999999999 221
1780129545211 0.9599999999999997 222
1780129545214 0.925 223
1780129545216 0.9299999999999999 224
1780129545219 0.945 225
1780129545221 0.9450000000000001 226
1780129545224 0.9799999999999999 227
1780129545226 0.975 228
1780129545228 0.9550000000000001 229
1780129545231 0.97 230
1780129545233 0.97 231
1780129545236 0.9550000000000001 232
1780129545238 0.9700000000000001 233
1780129545240 0.905 234
1780129545243 0.96 235
1780129545245 0.95 236
1780129545248 0.9549999999999998 237
1780129545250 0.9799999999999999 238
1780129545252 0.93 239
1780129545255 0.97 240
1780129545257 0.9649999999999999 241
1780129545260 0.9749999999999999 242
1780129545262 0.975 243
1780129545265 0.985 244
1780129545267 0.985 245
1780129545269 0.95 246
1780129545272 0.9650000000000001 247
1780129545274 0.9149999999999998 248
1780129545277 0.96 249
1780129545279 0.945 250
1780129545281 0.9799999999999999 251
1780129545284 0.9599999999999997 252
1780129545286 0.975 253
1780129545289 0.95 254
1780129545291 0.9649999999999999 255
1780129545293 0.9550000000000001 256
1780129545296 0.945 257
1780129545303 0.9799999999999999 258
1780129545305 0.975 259
1780129545308 0.9299999999999999 260
1780129545310 0.9549999999999998 261
1780129545313 0.95 262
1780129545315 0.96 263
1780129545318 0.925 264
1780129545320 0.975 265
1780129545322 0.9800000000000001 266
1780129545325 0.975 267
1780129545327 0.93 268
1780129545330 0.9650000000000001 269
1780129545332 0.95 270
1780129545334 0.95 271
1780129545337 0.9700000000000001 272
1780129545339 0.945 273
1780129545342 0.9299999999999999 274
1780129545344 0.9799999999999999 275
1780129545347 0.9749999999999999 276
1780129545349 0.97 277
1780129545351 0.9549999999999998 278
1780129545354 0.9799999999999999 279
1780129545356 0.9099999999999999 280
1780129545359 0.9800000000000001 281
1780129545361 0.9399999999999998 282
1780129545364 0.9550000000000001 283
1780129545366 0.97 284
1780129545368 0.96 285
1780129545371 0.97 286
1780129545373 0.96 287
1780129545375 0.96 288
1780129545378 0.9549999999999998 289
1780129545380 0.9649999999999999 290
1780129545383 0.975 291
1780129545385 0.9550000000000001 292
1780129545387 0.96 293
1780129545390 0.96 294
1780129545392 0.9799999999999999 295
1780129545395 0.985 296
1780129545397 0.96 297
1780129545399 0.96 298
1780129545402 0.945 299
1780129545404 0.9700000000000001 300
1780129545407 0.9800000000000001 301
1780129545409 0.96 302
1780129545411 0.9349999999999999 303
1780129545414 0.9400000000000001 304
1780129545416 0.945 305
1780129545419 0.755 306
1780129545421 0.9649999999999999 307
1780129545423 0.925 308
1780129545426 0.9649999999999999 309
1780129545428 0.9499999999999998 310
1780129545431 0.945 311
1780129545433 0.97 312
1780129545435 0.9649999999999999 313
