1780526738811 0.0 0
1780526738814 0.08 1
1780526738816 0.12 2
1780526738818 0.135 3
1780526738820 0.145 4
1780526738822 0.14 5
1780526738824 0.185 6
1780526738826 0.115 7
1780526738828 0.21 8
1780526738829 0.165 9
1780526738831 0.205 10
1780526738833 0.175 11
1780526738835 0.15 12
1780526738836 0.135 13
1780526738838 0.245 14
1780526738840 0.2 15
1780526738841 0.145 16
1780526738843 0.185 17
1780526738845 0.29 18
1780526738847 0.2 19
1780526738848 0.275 20
1780526738850 0.145 21
1780526738852 0.12 22
1780526738854 0.175 23
1780526738855 0.24 24
1780526738857 0.24 25
1780526738859 0.205 26
1780526738861 0.2 27
1780526738862 0.12 28
1780526738864 0.265 29
1780526738866 0.285 30
1780526738868 0.31 31
1780526738869 0.225 32
1780526738871 0.3 33
1780526738873 0.25 34
1780526738875 0.185 35
1780526738876 0.255 36
1780526738878 0.35 37
1780526738880 0.215 38
1780526738882 0.275 39
1780526738883 0.24 40
1780526738885 0.27 41
1780526738887 0.305 42
1780526738889 0.255 43
1780526738890 0.345 44
1780526738892 0.265 45
1780526738894 0.205 46
1780526738895 0.245 47
1780526738897 0.295 48
1780526738899 0.27 49
1780526738901 0.325 50
1780526738903 0.27 51
1780526738904 0.315 52
1780526738906 0.29 53
1780526738908 0.345 54
1780526738910 0.24 55
1780526738911 0.34 56
1780526738913 0.29 57
1780526738915 0.26 58
1780526738916 0.32 59
1780526738918 0.285 60
1780526738920 0.175 61
1780526738922 0.33 62
1780526738923 0.3 63
1780526738925 0.305 64
1780526738927 0.335 65
1780526738929 0.34 66
1780526738930 0.33 67
1780526738932 0.33 68
1780526738934 0.35 69
1780526738936 0.325 70
1780526738937 0.255 71
1780526738939 0.31 72
1780526738941 0.29 73
1780526738943 0.27 74
1780526738945 0.37 75
1780526738946 0.29 76
1780526738948 0.23 77
1780526738950 0.315 78
1780526738952 0.265 79
1780526738953 0.27 80
1780526738955 0.345 81
1780526738957 0.29 82
1780526738959 0.345 83
1780526738960 0.235 84
1780526738962 0.265 85
1780526738964 0.34 86
1780526738966 0.325 87
1780526738967 0.265 88
1780526738969 0.26 89
1780526738971 0.35 90
1780526738973 0.3 91
1780526738974 0.335 92
1780526738976 0.245 93
1780526738978 0.24 94
1780526738980 0.29 95
1780526738981 0.315 96
1780526738983 0.335 97
1780526738985 0.335 98
1780526738987 0.3 99
1780526738988 0.395 100
1780526738990 0.315 101
1780526738992 0.31 102
1780526738994 0.34 103
1780526738995 0.37 104
1780526738997 0.295 105
1780526738999 0.3 106
1780526739001 0.26 107
1780526739003 0.335 108
1780526739004 0.31 109
1780526739006 0.33 110
1780526739008 0.31 111
1780526739010 0.34 112
1780526739011 0.315 113
1780526739013 0.215 114
1780526739015 0.325 115
1780526739017 0.31 116
1780526739019 0.295 117
1780526739020 0.325 118
1780526739022 0.32 119
1780526739024 0.32 120
1780526739026 0.275 121
1780526739028 0.305 122
1780526739029 0.315 123
1780526739031 0.355 124
1780526739033 0.3 125
1780526739035 0.33 126
1780526739036 0.285 127
1780526739038 0.325 128
1780526739040 0.3 129
1780526739042 0.185 130
1780526739043 0.255 131
1780526739045 0.25 132
1780526739047 0.285 133
1780526739049 0.355 134
1780526739050 0.34 135
1780526739052 0.39 136
1780526739054 0.315 137
1780526739056 0.4 138
1780526739058 0.365 139
1780526739059 0.295 140
1780526739061 0.305 141
1780526739063 0.265 142
1780526739065 0.365 143
1780526739066 0.355 144
1780526739068 0.335 145
1780526739070 0.345 146
1780526739072 0.28 147
1780526739073 0.265 148
1780526739075 0.34 149
1780526739077 0.345 150
1780526739079 0.38 151
1780526739080 0.35 152
1780526739082 0.305 153
1780526739084 0.325 154
1780526739086 0.34 155
1780526739087 0.39 156
1780526739089 0.38 157
1780526739091 0.31 158
1780526739092 0.395 159
1780526739094 0.33 160
1780526739096 0.25 161
1780526739098 0.41 162
1780526739099 0.36 163
1780526739101 0.335 164
1780526739103 0.385 165
1780526739105 0.265 166
1780526739107 0.355 167
1780526739108 0.295 168
1780526739110 0.285 169
1780526739112 0.355 170
1780526739114 0.295 171
1780526739115 0.375 172
1780526739117 0.39 173
1780526739119 0.29 174
1780526739121 0.33 175
1780526739122 0.39 176
1780526739124 0.4 177
1780526739126 0.385 178
1780526739128 0.33 179
1780526739129 0.335 180
1780526739131 0.285 181
1780526739133 0.38 182
1780526739135 0.34 183
1780526739136 0.4 184
1780526739138 0.345 185
1780526739140 0.375 186
1780526739142 0.405 187
1780526739143 0.29 188
1780526739145 0.355 189
1780526739147 0.405 190
1780526739149 0.375 191
1780526739150 0.4 192
1780526739152 0.335 193
1780526739154 0.355 194
1780526739156 0.345 195
1780526739157 0.37 196
1780526739159 0.265 197
1780526739161 0.36 198
1780526739162 0.375 199
1780526739164 0.42 200
1780526739166 0.39 201
1780526739168 0.325 202
1780526739169 0.395 203
1780526739171 0.31 204
1780526739173 0.355 205
1780526739175 0.32 206
1780526739176 0.37 207
1780526739178 0.375 208
1780526739180 0.385 209
1780526739182 0.32 210
1780526739183 0.37 211
1780526739185 0.34 212
1780526739187 0.34 213
1780526739189 0.395 214
1780526739190 0.305 215
1780526739192 0.29 216
1780526739194 0.42 217
1780526739196 0.385 218
1780526739197 0.355 219
1780526739199 0.29 220
1780526739201 0.355 221
1780526739202 0.41 222
1780526739204 0.43 223
1780526739206 0.275 224
1780526739208 0.36 225
1780526739209 0.365 226
1780526739211 0.365 227
1780526739213 0.415 228
1780526739215 0.435 229
1780526739216 0.38 230
1780526739218 0.385 231
1780526739220 0.365 232
1780526739222 0.365 233
1780526739223 0.37 234
1780526739225 0.4 235
1780526739227 0.41 236
1780526739229 0.36 237
1780526739230 0.32 238
1780526739232 0.405 239
1780526739234 0.42 240
1780526739236 0.31 241
1780526739237 0.35 242
1780526739239 0.31 243
1780526739241 0.35 244
1780526739243 0.395 245
1780526739244 0.385 246
1780526739246 0.34 247
1780526739248 0.335 248
1780526739250 0.41 249
1780526739251 0.38 250
1780526739253 0.33 251
1780526739255 0.375 252
1780526739257 0.44 253
1780526739258 0.37 254
1780526739260 0.39 255
1780526739262 0.4 256
1780526739264 0.44 257
1780526739265 0.415 258
1780526739267 0.39 259
1780526739269 0.29 260
1780526739270 0.395 261
1780526739272 0.405 262
1780526739274 0.495 263
1780526739276 0.335 264
1780526739277 0.425 265
1780526739279 0.44 266
1780526739281 0.375 267
1780526739283 0.225 268
1780526739284 0.38 269
1780526739286 0.37 270
1780526739288 0.375 271
1780526739289 0.435 272
1780526739291 0.375 273
1780526739293 0.325 274
1780526739295 0.375 275
1780526739296 0.28 276
1780526739298 0.36 277
1780526739300 0.4 278
1780526739301 0.42 279
1780526739303 0.375 280
1780526739305 0.435 281
1780526739307 0.42 282
1780526739308 0.425 283
1780526739310 0.41 284
1780526739312 0.39 285
1780526739313 0.385 286
1780526739315 0.39 287
1780526739317 0.415 288
1780526739319 0.405 289
1780526739320 0.33 290
1780526739322 0.295 291
1780526739324 0.365 292
1780526739326 0.405 293
1780526739327 0.4 294
1780526739329 0.395 295
1780526739331 0.445 296
1780526739332 0.385 297
1780526739334 0.43 298
