1773265390065 0.0 0
1773265390080 0.6023288637967537 1
1773265390092 0.5312281052947653 2
1773265390105 0.5490196078431373 3
1773265390138 0.745 4
1773265390160 0.7771915584415584 5
1773265390177 0.7649884896406767 6
1773265390195 0.8029211684673869 7
1773265390210 0.7091773460107482 8
1773265390224 0.7291666666666667 9
1773265390237 0.7828099838969405 10
1773265390252 0.7520852175660737 11
1773265390266 0.7119565217391304 12
1773265390282 0.602803738317757 13
1773265390299 0.5865384615384616 14
1773265390311 0.5303030303030303 15
1773265390325 0.6057692307692307 16
1773265390337 0.6778846153846154 17
1773265390349 0.799749373433584 18
1773265390360 0.7958183273309324 19
1773265390389 0.8298829882988299 20
1773265390413 0.8575757575757577 21
1773265390433 0.828125 22
1773265390445 0.8545354535453545 23
1773265390458 0.8195488721804511 24
1773265390471 0.8083808380838085 25
1773265390483 0.7461799660441426 26
1773265390497 0.6497390606182256 27
1773265390509 0.5701525491770374 28
1773265390523 0.725 29
1773265390536 0.7524038461538461 30
1773265390551 0.8002557544757034 31
1773265390563 0.8555355535553555 32
1773265390575 0.8337339743589745 33
1773265390589 0.8060897435897436 34
1773265390615 0.8328320802005013 35
1773265390628 0.8094138900040144 36
1773265390641 0.7946651986788109 37
1773265390656 0.8071264137723952 38
1773265390670 0.8448379351740696 39
1773265390685 0.8135338345864662 40
1773265390697 0.835762729021156 41
1773265390709 0.8169267707082832 42
1773265390722 0.7854636591478696 43
1773265390737 0.835 44
1773265390749 0.8 45
1773265390761 0.7572115384615384 46
1773265390773 0.7428685817235512 47
1773265390784 0.8009259259259259 48
1773265390799 0.7765106042416967 49
1773265390820 0.8262745885186672 50
1773265390833 0.8397745571658615 51
1773265390845 0.7945432619837203 52
1773265390859 0.812531328320802 53
1773265390871 0.8820450885668277 54
1773265390883 0.8655365536553656 55
1773265390896 0.8560424169667867 56
1773265390914 0.8233120761210648 57
1773265390926 0.8629227053140096 58
1773265390938 0.8378446115288221 59
1773265390957 0.8304264542796653 60
1773265390977 0.8335845643653904 61
1773265390994 0.84963201935679 62
1773265391006 0.8185876623376623 63
1773265391020 0.8278311324529812 64
1773265391041 0.8014853472501003 65
1773265391053 0.8228070175438597 66
1773265391064 0.8038303830383038 67
1773265391076 0.825487012987013 68
1773265391087 0.8158263305322129 69
1773265391101 0.8719487795118047 70
1773265391114 0.8162907268170425 71
1773265391129 0.8735805446688775 72
1773265391144 0.8551355135513552 73
1773265391169 0.8333839457434963 74
1773265391180 0.8230630268968286 75
1773265391191 0.8146135265700483 76
1773265391202 0.8348214285714286 77
1773265391213 0.8500152578577969 78
1773265391240 0.837962962962963 79
1773265391251 0.8763943322279169 80
1773265391263 0.825 81
1773265391274 0.8149038461538461 82
1773265391286 0.8298829882988299 83
1773265391297 0.7764895654803912 84
1773265391308 0.8550195175658092 85
1773265391319 0.8413841384138414 86
1773265391332 0.8345392422872073 87
1773265391342 0.8378446115288221 88
1773265391354 0.8221284293035875 89
1773265391367 0.8285828582858286 90
1773265391379 0.812281052947653 91
1773265391390 0.8301127214170693 92
1773265391403 0.8581730769230769 93
1773265391425 0.8778044871794872 94
1773265391438 0.8683815433890502 95
1773265391449 0.8762020447413705 96
1773265391461 0.8462115904313883 97
1773265391472 0.815 98
1773265391485 0.7099839935974389 99
1773265391496 0.7549019607843137 100
1773265391508 0.7346447209955841 101
1773265391520 0.8233293317326931 102
1773265391531 0.8389694041867954 103
1773265391543 0.887218045112782 104
1773265391554 0.8626263637273546 105
1773265391565 0.8573717948717949 106
1773265391577 0.8509195055773289 107
1773265391598 0.8547192473225903 108
1773265391622 0.8397435897435898 109
1773265391635 0.8634085213032582 110
1773265391648 0.8341470857491609 111
1773265391664 0.8427370948379351 112
1773265391676 0.8677309578620759 113
1773265391688 0.8433813892529489 114
1773265391702 0.8095813204508857 115
1773265391714 0.8317230273752013 116
1773265391726 0.81 117
1773265391739 0.735094037615046 118
1773265391751 0.7886931875695921 119
1773265391764 0.8418546365914787 120
1773265391777 0.8132832080200502 121
1773265391789 0.7964023716209426 122
1773265391803 0.8739348370927318 123
1773265391826 0.8899999999999999 124
1773265391839 0.87786029706945 125
1773265391851 0.8552420968387355 126
1773265391867 0.8450448633934873 127
1773265391881 0.8303760459723762 128
1773265391894 0.8560338743824982 129
1773265391907 0.8330991569650743 130
1773265391923 0.874037403740374 131
1773265391935 0.8530298462466084 132
1773265391946 0.8349436392914653 133
1773265391960 0.8595959595959597 134
1773265391971 0.8505608974358975 135
1773265391983 0.8409822866344605 136
1773265392002 0.8301282051282051 137
1773265392015 0.8598997493734335 138
1773265392037 0.8605769230769231 139
1773265392048 0.8468595624558928 140
1773265392059 0.8695869586958695 141
1773265392072 0.8644520616997682 142
1773265392087 0.8247324732473247 143
1773265392099 0.8203195658727767 144
1773265392111 0.8357371794871795 145
1773265392122 0.842436974789916 146
1773265392136 0.8538184365929337 147
1773265392148 0.8274789241268568 148
1773265392160 0.8786057692307692 149
1773265392172 0.8626450580232092 150
1773265392184 0.8645364536453646 151
1773265392195 0.7997697928135322 152
1773265392208 0.77203182374541 153
1773265392229 0.7425742574257426 154
1773265392241 0.7779777977797779 155
1773265392257 0.8217147435897436 156
1773265392269 0.8161316131613161 157
1773265392280 0.8146135265700483 158
1773265392291 0.8504654188769893 159
1773265392300 0.8318948213568848 160
1773265392310 0.9011604641856743 161
1773265392321 0.8273182957393483 162
1773265392332 0.8633404536669718 163
1773265392343 0.8990384615384616 164
1773265392353 0.9094909490949095 165
1773265392364 0.8666198313930149 166
1773265392375 0.8847384738473847 167
1773265392388 0.857451512410813 168
1773265392410 0.8899999999999999 169
1773265392421 0.8790646326776395 170
1773265392430 0.88 171
1773265392442 0.8758375837583758 172
1773265392453 0.8424327579285428 173
1773265392463 0.8230630268968286 174
1773265392472 0.8173856470823742 175
1773265392484 0.8483368935001525 176
1773265392495 0.8808080808080808 177
1773265392504 0.8752012882447665 178
1773265392516 0.8426460168033202 179
1773265392526 0.95009500950095 180
1773265392536 0.8660750713994287 181
1773265392545 0.8843434343434343 182
1773265392555 0.8524557165861514 183
1773265392583 0.8723489395758304 184
1773265392594 0.8581432573029211 185
1773265392608 0.8777511004401761 186
1773265392624 0.881203007518797 187
1773265392639 0.8553884711779449 188
1773265392651 0.8710871087108711 189
1773265392665 0.8639291465378421 190
1773265392686 0.8523263993568486 191
1773265392704 0.8653365336533654 192
1773265392719 0.8371534380942849 193
1773265392732 0.8699479791916767 194
1773265392744 0.8604662847954979 195
1773265392758 0.8712745397212898 196
1773265392770 0.8240740740740741 197
1773265392781 0.8344974187670817 198
