1780118143447 0.0 0
1780118143450 0.1 1
1780118143451 0.105 2
1780118143453 0.11 3
1780118143455 0.115 4
1780118143456 0.195 5
1780118143458 0.2 6
1780118143460 0.26 7
1780118143462 0.31 8
1780118143463 0.315 9
1780118143465 0.34 10
1780118143467 0.41 11
1780118143468 0.435 12
1780118143470 0.43 13
1780118143471 0.48 14
1780118143473 0.425 15
1780118143475 0.45 16
1780118143476 0.445 17
1780118143478 0.495 18
1780118143479 0.55 19
1780118143481 0.555 20
1780118143482 0.595 21
1780118143484 0.585 22
1780118143486 0.6 23
1780118143487 0.63 24
1780118143489 0.625 25
1780118143491 0.57 26
1780118143492 0.57 27
1780118143494 0.64 28
1780118143495 0.585 29
1780118143497 0.58 30
1780118143499 0.53 31
1780118143500 0.605 32
1780118143502 0.575 33
1780118143504 0.595 34
1780118143505 0.57 35
1780118143507 0.62 36
1780118143508 0.575 37
1780118143510 0.61 38
1780118143512 0.61 39
1780118143513 0.555 40
1780118143515 0.615 41
1780118143516 0.645 42
1780118143518 0.6 43
1780118143520 0.635 44
1780118143521 0.66 45
1780118143523 0.67 46
1780118143525 0.595 47
1780118143526 0.64 48
1780118143528 0.63 49
1780118143529 0.625 50
1780118143531 0.675 51
1780118143533 0.65 52
1780118143534 0.6 53
1780118143536 0.65 54
1780118143538 0.625 55
1780118143539 0.67 56
1780118143541 0.6 57
1780118143542 0.65 58
1780118143544 0.655 59
1780118143546 0.675 60
1780118143547 0.695 61
1780118143549 0.67 62
1780118143550 0.655 63
1780118143552 0.68 64
1780118143554 0.655 65
1780118143555 0.63 66
1780118143557 0.615 67
1780118143558 0.605 68
1780118143560 0.675 69
1780118143562 0.595 70
1780118143563 0.69 71
1780118143565 0.675 72
1780118143567 0.615 73
1780118143568 0.62 74
1780118143570 0.69 75
1780118143572 0.64 76
1780118143573 0.63 77
1780118143575 0.67 78
1780118143576 0.64 79
1780118143578 0.675 80
1780118143580 0.65 81
1780118143581 0.675 82
1780118143583 0.62 83
1780118143585 0.7 84
1780118143586 0.71 85
1780118143588 0.65 86
1780118143589 0.69 87
1780118143591 0.615 88
1780118143593 0.725 89
1780118143594 0.735 90
1780118143596 0.69 91
1780118143597 0.735 92
1780118143599 0.655 93
1780118143601 0.62 94
1780118143602 0.68 95
1780118143604 0.685 96
1780118143606 0.635 97
1780118143607 0.645 98
1780118143609 0.705 99
1780118143610 0.685 100
1780118143612 0.665 101
1780118143614 0.665 102
1780118143615 0.725 103
1780118143617 0.645 104
1780118143618 0.74 105
1780118143620 0.685 106
1780118143622 0.74 107
1780118143624 0.75 108
1780118143625 0.67 109
1780118143627 0.75 110
1780118143628 0.69 111
1780118143630 0.645 112
1780118143632 0.705 113
1780118143633 0.685 114
1780118143635 0.64 115
1780118143637 0.715 116
1780118143638 0.715 117
1780118143640 0.76 118
1780118143642 0.705 119
1780118143643 0.66 120
1780118143645 0.72 121
1780118143646 0.735 122
1780118143648 0.72 123
1780118143650 0.715 124
1780118143651 0.705 125
1780118143653 0.72 126
1780118143655 0.705 127
1780118143656 0.755 128
1780118143658 0.75 129
1780118143660 0.74 130
1780118143661 0.735 131
1780118143663 0.695 132
1780118143665 0.735 133
1780118143666 0.76 134
1780118143668 0.775 135
1780118143669 0.7 136
1780118143671 0.68 137
1780118143672 0.705 138
1780118143674 0.745 139
1780118143676 0.72 140
1780118143677 0.725 141
1780118143679 0.75 142
1780118143680 0.76 143
1780118143682 0.78 144
1780118143684 0.775 145
1780118143685 0.715 146
1780118143687 0.77 147
1780118143689 0.775 148
1780118143690 0.71 149
1780118143692 0.78 150
1780118143694 0.73 151
1780118143695 0.775 152
1780118143697 0.74 153
1780118143698 0.75 154
1780118143700 0.78 155
1780118143702 0.755 156
1780118143703 0.765 157
1780118143705 0.765 158
1780118143707 0.81 159
1780118143708 0.77 160
1780118143710 0.765 161
1780118143712 0.785 162
1780118143713 0.765 163
1780118143715 0.79 164
1780118143717 0.81 165
1780118143718 0.82 166
1780118143720 0.795 167
1780118143722 0.8 168
1780118143723 0.825 169
1780118143725 0.835 170
1780118143726 0.83 171
1780118143728 0.785 172
1780118143730 0.805 173
1780118143731 0.81 174
1780118143733 0.81 175
1780118143734 0.79 176
1780118143736 0.825 177
1780118143738 0.875 178
1780118143739 0.855 179
1780118143741 0.89 180
1780118143743 0.855 181
1780118143744 0.845 182
1780118143746 0.87 183
1780118143747 0.82 184
1780118143749 0.845 185
1780118143751 0.865 186
1780118143752 0.81 187
1780118143754 0.775 188
1780118143756 0.845 189
1780118143757 0.855 190
1780118143759 0.835 191
1780118143761 0.865 192
1780118143762 0.825 193
1780118143764 0.8 194
1780118143765 0.835 195
1780118143767 0.795 196
1780118143768 0.88 197
1780118143770 0.85 198
1780118143772 0.825 199
1780118143773 0.865 200
1780118143775 0.81 201
1780118143776 0.84 202
1780118143778 0.91 203
1780118143780 0.855 204
1780118143781 0.885 205
1780118143783 0.825 206
1780118143784 0.87 207
1780118143786 0.87 208
1780118143788 0.855 209
1780118143789 0.86 210
1780118143791 0.815 211
1780118143792 0.835 212
1780118143794 0.845 213
1780118143796 0.85 214
1780118143797 0.83 215
1780118143799 0.875 216
1780118143800 0.9 217
1780118143802 0.855 218
1780118143804 0.93 219
1780118143805 0.885 220
1780118143807 0.865 221
1780118143808 0.865 222
1780118143810 0.845 223
1780118143812 0.855 224
1780118143813 0.875 225
1780118143815 0.88 226
1780118143817 0.9 227
1780118143818 0.87 228
1780118143820 0.905 229
1780118143822 0.855 230
1780118143823 0.9 231
1780118143825 0.825 232
1780118143827 0.885 233
1780118143828 0.865 234
1780118143830 0.83 235
1780118143831 0.875 236
1780118143833 0.845 237
1780118143835 0.875 238
1780118143836 0.88 239
1780118143838 0.9 240
1780118143840 0.855 241
1780118143841 0.88 242
1780118143843 0.845 243
1780118143845 0.895 244
1780118143846 0.935 245
1780118143848 0.875 246
1780118143849 0.87 247
1780118143860 0.875 248
1780118143867 0.935 249
1780118143869 0.86 250
1780118143870 0.86 251
1780118143872 0.86 252
1780118143874 0.87 253
1780118143875 0.88 254
1780118143877 0.885 255
1780118143879 0.835 256
1780118143880 0.85 257
1780118143882 0.885 258
1780118143884 0.87 259
1780118143885 0.865 260
1780118143890 0.87 261
1780118143891 0.93 262
1780118143893 0.89 263
1780118143895 0.885 264
1780118143896 0.865 265
1780118143898 0.9 266
1780118143900 0.875 267
1780118143901 0.89 268
1780118143903 0.885 269
1780118143905 0.91 270
1780118143906 0.92 271
1780118143908 0.875 272
1780118143909 0.91 273
1780118143911 0.935 274
1780118143913 0.89 275
1780118143914 0.89 276
1780118143916 0.9 277
1780118143917 0.95 278
1780118143919 0.885 279
1780118143921 0.865 280
1780118143922 0.865 281
1780118143924 0.865 282
1780118143926 0.935 283
1780118143927 0.85 284
1780118143929 0.895 285
1780118143930 0.885 286
1780118143932 0.86 287
1780118143934 0.89 288
1780118143935 0.92 289
1780118143937 0.88 290
1780118143939 0.92 291
1780118143940 0.91 292
1780118143942 0.915 293
1780118143944 0.925 294
1780118143945 0.88 295
1780118143947 0.915 296
1780118143949 0.91 297
1780118143950 0.91 298
1780118143952 0.92 299
1780118143954 0.905 300
1780118143955 0.9 301
1780118143957 0.915 302
1780118143958 0.945 303
1780118143960 0.92 304
1780118143962 0.905 305
1780118143963 0.91 306
1780118143965 0.88 307
1780118143966 0.89 308
1780118143968 0.885 309
1780118143970 0.89 310
1780118143971 0.915 311
1780118143973 0.865 312
1780118143975 0.9 313
