1780136855011 0.0 0
1780136855014 0.11499999999999999 1
1780136855017 0.2 2
1780136855020 0.39 3
1780136855022 0.44000000000000006 4
1780136855025 0.47000000000000003 5
1780136855027 0.5399999999999999 6
1780136855030 0.535 7
1780136855032 0.605 8
1780136855035 0.5800000000000001 9
1780136855037 0.655 10
1780136855040 0.61 11
1780136855042 0.635 12
1780136855045 0.68 13
1780136855048 0.6449999999999999 14
1780136855050 0.635 15
1780136855053 0.7150000000000001 16
1780136855055 0.675 17
1780136855058 0.6599999999999999 18
1780136855060 0.755 19
1780136855063 0.6649999999999999 20
1780136855065 0.75 21
1780136855068 0.7 22
1780136855070 0.6399999999999999 23
1780136855073 0.695 24
1780136855076 0.705 25
1780136855078 0.6650000000000001 26
1780136855081 0.74 27
1780136855083 0.705 28
1780136855086 0.74 29
1780136855088 0.5950000000000001 30
1780136855091 0.6699999999999999 31
1780136855093 0.715 32
1780136855096 0.665 33
1780136855099 0.7599999999999999 34
1780136855101 0.755 35
1780136855110 0.72 36
1780136855113 0.765 37
1780136855116 0.7700000000000001 38
1780136855119 0.7350000000000001 39
1780136855121 0.8300000000000001 40
1780136855124 0.7949999999999999 41
1780136855127 0.79 42
1780136855129 0.71 43
1780136855132 0.73 44
1780136855134 0.7649999999999999 45
1780136855137 0.6799999999999999 46
1780136855139 0.7849999999999999 47
1780136855142 0.765 48
1780136855145 0.7050000000000001 49
1780136855147 0.8049999999999999 50
1780136855150 0.8300000000000001 51
1780136855152 0.72 52
1780136855155 0.715 53
1780136855157 0.6849999999999999 54
1780136855160 0.77 55
1780136855163 0.8699999999999999 56
1780136855165 0.82 57
1780136855168 0.825 58
1780136855170 0.8150000000000001 59
1780136855173 0.86 60
1780136855175 0.7449999999999999 61
1780136855178 0.8300000000000001 62
1780136855181 0.8400000000000001 63
1780136855183 0.78 64
1780136855186 0.8299999999999998 65
1780136855188 0.7750000000000001 66
1780136855191 0.8300000000000001 67
1780136855193 0.825 68
1780136855196 0.69 69
1780136855198 0.8700000000000001 70
1780136855201 0.7999999999999999 71
1780136855204 0.9 72
1780136855206 0.835 73
1780136855209 0.7699999999999999 74
1780136855212 0.77 75
1780136855214 0.785 76
1780136855217 0.9049999999999999 77
1780136855219 0.8299999999999998 78
1780136855222 0.8550000000000001 79
1780136855224 0.89 80
1780136855227 0.805 81
1780136855229 0.835 82
1780136855232 0.8600000000000001 83
1780136855235 0.8150000000000001 84
1780136855237 0.8850000000000001 85
1780136855240 0.875 86
1780136855242 0.8400000000000001 87
1780136855245 0.835 88
1780136855247 0.7949999999999999 89
1780136855250 0.8950000000000001 90
1780136855252 0.665 91
1780136855255 0.785 92
1780136855258 0.8150000000000001 93
1780136855260 0.7750000000000001 94
1780136855263 0.8400000000000001 95
1780136855265 0.865 96
1780136855268 0.8 97
1780136855270 0.615 98
1780136855273 0.9049999999999999 99
1780136855275 0.82 100
1780136855278 0.875 101
1780136855281 0.8949999999999999 102
1780136855288 0.745 103
1780136855290 0.835 104
1780136855293 0.8400000000000001 105
1780136855296 0.8699999999999999 106
1780136855298 0.8400000000000001 107
1780136855301 0.8699999999999999 108
1780136855303 0.865 109
1780136855306 0.795 110
1780136855309 0.82 111
1780136855311 0.9099999999999999 112
1780136855314 0.885 113
1780136855316 0.8949999999999999 114
1780136855319 0.885 115
1780136855322 0.8550000000000001 116
1780136855324 0.875 117
1780136855327 0.86 118
1780136855329 0.865 119
1780136855332 0.8 120
1780136855334 0.8699999999999999 121
1780136855337 0.9099999999999999 122
1780136855339 0.8400000000000001 123
1780136855342 0.915 124
1780136855345 0.865 125
1780136855347 0.8899999999999999 126
1780136855350 0.8699999999999999 127
1780136855352 0.89 128
1780136855355 0.9 129
1780136855357 0.9200000000000002 130
1780136855360 0.85 131
1780136855363 0.9399999999999998 132
1780136855365 0.8699999999999999 133
1780136855368 0.715 134
1780136855371 0.8950000000000001 135
1780136855373 0.86 136
1780136855376 0.9349999999999999 137
1780136855378 0.8699999999999999 138
1780136855381 0.875 139
1780136855383 0.845 140
1780136855386 0.8649999999999999 141
1780136855389 0.835 142
1780136855391 0.8949999999999999 143
1780136855394 0.79 144
1780136855396 0.89 145
1780136855400 0.8 146
1780136855403 0.9199999999999999 147
1780136855405 0.915 148
1780136855408 0.9099999999999999 149
1780136855411 0.8049999999999999 150
1780136855413 0.8949999999999999 151
1780136855416 0.8949999999999999 152
1780136855418 0.885 153
1780136855421 0.8800000000000001 154
1780136855423 0.89 155
1780136855426 0.9400000000000001 156
1780136855429 0.9299999999999999 157
1780136855431 0.9450000000000001 158
1780136855434 0.9149999999999998 159
1780136855437 0.9350000000000002 160
1780136855439 0.9249999999999998 161
1780136855442 0.95 162
1780136855444 0.9349999999999999 163
1780136855447 0.9200000000000002 164
1780136855449 0.96 165
1780136855452 0.9199999999999999 166
1780136855455 0.9299999999999999 167
1780136855458 0.9299999999999999 168
1780136855460 0.9299999999999999 169
1780136855463 0.96 170
1780136855466 0.89 171
1780136855468 0.93 172
1780136855471 0.925 173
1780136855473 0.9599999999999997 174
1780136855476 0.93 175
1780136855478 0.9149999999999998 176
1780136855481 0.96 177
1780136855483 0.93 178
1780136855486 0.96 179
1780136855488 0.96 180
1780136855491 0.9550000000000001 181
1780136855493 0.9349999999999999 182
1780136855496 0.93 183
1780136855499 0.9400000000000001 184
1780136855501 0.915 185
1780136855504 0.9650000000000001 186
1780136855506 0.89 187
1780136855509 0.8950000000000001 188
1780136855512 0.9799999999999999 189
1780136855514 0.93 190
1780136855517 0.9549999999999998 191
1780136855519 0.915 192
1780136855522 0.96 193
1780136855524 0.9400000000000001 194
1780136855527 0.9049999999999999 195
1780136855529 0.95 196
1780136855532 0.925 197
1780136855534 0.9249999999999998 198
1780136855537 0.945 199
1780136855540 0.9299999999999999 200
1780136855542 0.945 201
1780136855545 0.9200000000000002 202
1780136855547 0.9650000000000001 203
1780136855550 0.95 204
1780136855552 0.93 205
1780136855555 0.9549999999999998 206
1780136855558 0.9799999999999999 207
1780136855560 0.9650000000000001 208
1780136855563 0.9349999999999999 209
1780136855565 0.9099999999999999 210
1780136855568 0.975 211
1780136855571 0.97 212
1780136855573 0.9549999999999998 213
1780136855576 0.875 214
1780136855578 0.925 215
1780136855581 0.9649999999999999 216
1780136855583 0.93 217
1780136855586 0.9549999999999998 218
1780136855588 0.95 219
1780136855591 0.945 220
1780136855594 0.97 221
1780136855596 0.9599999999999997 222
1780136855599 0.925 223
1780136855601 0.96 224
1780136855604 0.905 225
1780136855607 0.9199999999999999 226
1780136855609 0.9650000000000001 227
1780136855612 0.9299999999999999 228
1780136855614 0.9549999999999998 229
1780136855617 0.96 230
1780136855619 0.96 231
1780136855622 0.925 232
1780136855624 0.9199999999999999 233
1780136855627 0.9399999999999998 234
1780136855629 0.93 235
1780136855632 0.9349999999999999 236
1780136855635 0.95 237
1780136855637 0.9299999999999999 238
1780136855640 0.945 239
1780136855642 0.945 240
1780136855645 0.9199999999999999 241
1780136855647 0.95 242
1780136855650 0.945 243
1780136855653 0.975 244
1780136855655 0.975 245
1780136855658 0.85 246
1780136855660 0.775 247
1780136855663 0.9550000000000001 248
1780136855665 0.9400000000000001 249
1780136855668 0.945 250
1780136855671 0.9799999999999999 251
1780136855673 0.9549999999999998 252
1780136855676 0.925 253
1780136855678 0.945 254
1780136855681 0.97 255
1780136855683 0.9399999999999998 256
1780136855686 0.95 257
1780136855689 0.9549999999999998 258
1780136855691 0.985 259
1780136855694 0.925 260
1780136855696 0.97 261
1780136855699 0.95 262
1780136855701 0.9549999999999998 263
1780136855704 0.9399999999999998 264
1780136855707 0.9100000000000001 265
1780136855709 0.9799999999999999 266
1780136855712 0.945 267
1780136855715 0.9099999999999998 268
1780136855717 0.9650000000000001 269
1780136855720 0.95 270
1780136855722 0.945 271
1780136855725 0.9400000000000001 272
1780136855728 0.9349999999999999 273
1780136855730 0.9749999999999999 274
1780136855733 0.9649999999999999 275
1780136855735 0.9649999999999999 276
1780136855738 0.9199999999999999 277
1780136855741 0.9399999999999998 278
1780136855743 0.975 279
1780136855746 0.95 280
1780136855748 0.9649999999999999 281
1780136855751 0.9399999999999998 282
1780136855754 0.9399999999999998 283
1780136855756 0.9549999999999998 284
1780136855759 0.915 285
1780136855761 0.97 286
1780136855764 0.9549999999999998 287
1780136855767 0.845 288
1780136855769 0.89 289
1780136855772 0.9199999999999999 290
1780136855774 0.97 291
1780136855777 0.9199999999999999 292
1780136855779 0.9450000000000001 293
1780136855782 0.9499999999999998 294
1780136855785 0.95 295
1780136855788 0.96 296
1780136855790 0.9599999999999997 297
1780136855793 0.9549999999999998 298
1780136855795 0.9550000000000001 299
1780136855798 0.9650000000000001 300
1780136855801 0.95 301
1780136855803 0.96 302
1780136855806 0.945 303
1780136855809 0.9549999999999998 304
1780136855811 0.9549999999999998 305
1780136855814 0.95 306
1780136855817 0.9199999999999999 307
1780136855819 0.9400000000000001 308
1780136855822 0.95 309
1780136855824 0.8099999999999999 310
1780136855827 0.9650000000000001 311
1780136855830 0.9700000000000001 312
1780136855832 0.945 313
