1780541262870 0.0 0
1780541262873 0.0 1
1780541262875 0.7026515151515151 2
1780541262877 0.6926569285432294 3
1780541262879 0.749018067556952 4
1780541262881 0.678341384863124 5
1780541262883 0.7767991192072865 6
1780541262885 0.7451737451737452 7
1780541262887 0.711762344439984 8
1780541262889 0.74 9
1780541262891 0.7821826952065118 10
1780541262893 0.7582218072414151 11
1780541262895 0.7764276427642764 12
1780541262898 0.8628827179330689 13
1780541262900 0.7747375869795967 14
1780541262902 0.791801948051948 15
1780541262904 0.789049919484702 16
1780541262906 0.8078955883939165 17
1780541262908 0.7583333333333333 18
1780541262910 0.8348214285714286 19
1780541262912 0.8081395348837209 20
1780541262914 0.7282108739238118 21
1780541262916 0.8083095766022595 22
1780541262918 0.7986208508648902 23
1780541262920 0.8311940459497358 24
1780541262922 0.8060148821827202 25
1780541262924 0.8105413105413106 26
1780541262926 0.78855970373336 27
1780541262928 0.8109372017560603 28
1780541262931 0.7966666666666666 29
1780541262933 0.8415954415954416 30
1780541262935 0.8596230158730158 31
1780541262937 0.8483516483516483 32
1780541262939 0.8045808966861598 33
1780541262941 0.7412587412587412 34
1780541262943 0.8592859285928593 35
1780541262945 0.8328152453034194 36
1780541262947 0.8689692982456141 37
1780541262949 0.8183760683760684 38
1780541262951 0.7757675438596491 39
1780541262953 0.8043871551334238 40
1780541262955 0.9119458128078818 41
1780541262957 0.8373661521346127 42
1780541262959 0.8407407407407408 43
1780541262961 0.8654329075226553 44
1780541262963 0.8481680920705311 45
1780541262966 0.7964306165298721 46
1780541262968 0.8474747474747475 47
1780541262970 0.7830003275466754 48
1780541262972 0.8746379330320937 49
1780541262974 0.8547077922077921 50
1780541262976 0.8712574850299402 51
1780541262978 0.84375 52
1780541262980 0.8410565338276181 53
1780541262982 0.8486332109343125 54
1780541262984 0.8717654765804127 55
1780541262987 0.8228319783197832 56
1780541262989 0.8300883179446006 57
1780541262991 0.835 58
1780541262993 0.8043831168831169 59
1780541262995 0.8828125 60
1780541262998 0.8352601156069364 61
1780541263000 0.7618919210441161 62
1780541263002 0.8120759837177748 63
1780541263004 0.8233695652173914 64
1780541263006 0.84 65
1780541263008 0.7618103137396322 66
1780541263010 0.7879448075526507 67
1780541263012 0.7874220374220374 68
1780541263014 0.7687985169736995 69
1780541263016 0.8737666237666237 70
1780541263018 0.8762204017506452 71
1780541263020 0.8127826349110643 72
1780541263023 0.8179271708683473 73
1780541263025 0.8329326923076923 74
1780541263027 0.8499592003263974 75
1780541263029 0.8275193798449612 76
1780541263031 0.8817347051665008 77
1780541263033 0.8994505494505494 78
1780541263035 0.856853203568532 79
1780541263037 0.7456140350877193 80
1780541263039 0.8731808731808732 81
1780541263041 0.8092258618574408 82
1780541263043 0.8520000000000001 83
1780541263045 0.8408840884088409 84
1780541263047 0.7938935228091855 85
1780541263049 0.7730034722222222 86
1780541263051 0.8609295570079883 87
1780541263054 0.7693333333333333 88
1780541263056 0.8852874555064179 89
1780541263058 0.8659378596087457 90
1780541263060 0.828125 91
1780541263062 0.8403508771929824 92
1780541263064 0.8137313731373137 93
1780541263066 0.7138728323699421 94
1780541263068 0.8550160805062765 95
1780541263070 0.8542780748663101 96
1780541263072 0.8478084415584416 97
1780541263074 0.8228070175438597 98
1780541263076 0.8418546365914787 99
1780541263078 0.86875 100
1780541263080 0.7959930123375915 101
1780541263082 0.8692869286928693 102
1780541263084 0.8220720720720721 103
1780541263086 0.8729166666666666 104
1780541263088 0.8410841084108411 105
1780541263091 0.8196317704988225 106
1780541263093 0.8527065527065527 107
1780541263095 0.8284747243148816 108
1780541263097 0.8636363636363636 109
1780541263099 0.8523324065492741 110
1780541263101 0.8110696642806734 111
1780541263103 0.7723788182568698 112
1780541263105 0.8831441782261454 113
1780541263107 0.8146473779385172 114
1780541263109 0.8271778402248093 115
1780541263111 0.8466178924399949 116
1780541263113 0.8136948209940911 117
1780541263115 0.8661425919860246 118
1780541263117 0.848531211750306 119
1780541263120 0.874088374088374 120
1780541263122 0.9012860618700035 121
1780541263124 0.8956395639563957 122
1780541263126 0.8312807881773399 123
1780541263128 0.7542316627945569 124
1780541263130 0.7744448533922218 125
1780541263132 0.7903701277432034 126
1780541263134 0.8387607417458164 127
1780541263136 0.8096955128205128 128
1780541263138 0.8354895991882293 129
1780541263140 0.887434218970607 130
1780541263142 0.8515981735159818 131
1780541263144 0.8081597222222222 132
1780541263146 0.8174865646961554 133
1780541263148 0.8529722310210115 134
1780541263151 0.8614096734187681 135
1780541263153 0.8634408602150538 136
1780541263155 0.8199110292989722 137
1780541263157 0.8159315931593158 138
1780541263159 0.7549019607843137 139
1780541263161 0.8793879387938794 140
1780541263163 0.8398151713515595 141
1780541263165 0.8116805124612151 142
1780541263167 0.8048939805044719 143
1780541263169 0.8774725274725275 144
1780541263171 0.7963645295996069 145
1780541263173 0.8593106220480353 146
1780541263175 0.8356928356928357 147
1780541263178 0.9003584229390682 148
1780541263180 0.8527677694071405 149
1780541263182 0.4671592775041051 150
1780541263184 0.4125 151
1780541263186 0.4 152
1780541263188 0.5549156725627313 153
1780541263190 0.3944723618090452 154
1780541263192 0.395 155
1780541263194 0.395 156
1780541263196 0.49473684210526314 157
1780541263198 0.38578680203045684 158
1780541263200 0.5052034058656575 159
1780541263202 0.3825 160
1780541263205 0.4 161
1780541263207 0.3975 162
1780541263209 0.4125 163
1780541263211 0.4045226130653266 164
1780541263213 0.3975 165
1780541263215 0.3875 166
1780541263217 0.395 167
1780541263219 0.39 168
1780541263221 0.4275 169
1780541263223 0.8718592964824121 170
1780541263225 0.5974358974358974 171
1780541263227 0.3875 172
1780541263229 0.395 173
1780541263231 0.3875 174
1780541263233 0.6399456521739131 175
1780541263235 0.39 176
1780541263238 0.3661616161616162 177
1780541263240 0.36548223350253806 178
1780541263242 0.4125 179
1780541263244 0.5575296108291032 180
1780541263246 0.4025 181
1780541263248 0.37626262626262624 182
1780541263250 0.4 183
1780541263252 0.38 184
1780541263254 0.3925 185
1780541263256 0.41 186
1780541263258 0.3975 187
1780541263260 0.5676818950930625 188
1780541263262 0.3838383838383838 189
1780541263265 0.40816326530612246 190
1780541263267 0.415 191
1780541263269 0.405 192
1780541263271 0.4025 193
1780541263273 0.6702127659574468 194
1780541263275 0.3925 195
1780541263278 0.39 196
1780541263280 0.39847715736040606 197
1780541263282 0.4045226130653266 198
1780541263284 0.38 199
1780541263286 0.4980713596914176 200
1780541263288 0.39 201
1780541263290 0.42 202
1780541263292 0.40954773869346733 203
1780541263294 0.4125 204
1780541263296 0.7806122448979591 205
1780541263298 0.4075 206
1780541263300 0.405 207
1780541263302 0.3925 208
1780541263304 0.4125 209
1780541263307 0.904040404040404 210
1780541263309 0.3825 211
1780541263311 0.3925 212
1780541263313 0.7012987012987013 213
1780541263315 0.9271356783919598 214
1780541263317 0.405 215
1780541263319 0.6184307920059215 216
1780541263321 0.7419627749576988 217
1780541263323 0.8102564102564103 218
1780541263326 0.6505102040816326 219
1780541263328 0.7948717948717949 220
1780541263330 0.9020100502512562 221
1780541263332 0.9120603015075377 222
1780541263334 0.415 223
1780541263336 0.3975 224
1780541263338 0.3775 225
1780541263340 0.6305811481218994 226
1780541263342 0.907035175879397 227
1780541263344 0.385 228
1780541263347 0.4075 229
1780541263349 0.4 230
1780541263351 0.8944723618090452 231
1780541263353 0.39 232
1780541263355 0.9090909090909092 233
1780541263357 0.6911435715225687 234
1780541263359 0.84375 235
1780541263361 0.42 236
1780541263363 0.9195979899497487 237
1780541263365 0.8844221105527639 238
1780541263367 0.6658163265306123 239
1780541263369 0.6728723404255319 240
1780541263371 0.39 241
1780541263373 0.42 242
1780541263375 0.4025 243
1780541263377 0.39 244
1780541263379 0.3925 245
1780541263381 0.7734375 246
1780541263383 0.4025 247
1780541263386 0.385 248
1780541263388 0.4221105527638191 249
1780541263390 0.395 250
1780541263392 0.4175 251
1780541263394 0.4 252
1780541263396 0.8035714285714286 253
1780541263398 0.415 254
1780541263400 0.6623711340206185 255
1780541263402 0.4025 256
1780541263404 0.445 257
1780541263406 0.41 258
1780541263408 0.3975 259
1780541263410 0.4075 260
1780541263412 0.395 261
1780541263414 0.3825 262
1780541263416 0.717948717948718 263
1780541263419 0.5702199661590525 264
1780541263421 0.6842105263157895 265
1780541263423 0.3775 266
1780541263425 0.3975 267
1780541263427 0.6314432989690721 268
1780541263429 0.8051282051282052 269
1780541263431 0.4075 270
1780541263433 0.782051282051282 271
1780541263435 0.7213541666666667 272
1780541263437 0.621875 273
1780541263439 0.6270270270270271 274
1780541263441 0.4120603015075377 275
1780541263444 0.395 276
1780541263446 0.6515151515151515 277
1780541263448 0.4107142857142857 278
1780541263450 0.415 279
1780541263452 0.9166666666666667 280
1780541263454 0.405 281
1780541263456 0.8944723618090452 282
1780541263458 0.7521150592216581 283
1780541263460 0.4 284
1780541263462 0.7324324324324325 285
1780541263464 0.8844221105527639 286
1780541263466 0.619111795661661 287
1780541263468 0.6913903432228039 288
1780541263471 0.9020100502512562 289
1780541263473 0.4075 290
1780541263475 0.405 291
1780541263477 0.6657608695652174 292
1780541263479 0.41 293
1780541263481 0.7831632653061225 294
1780541263483 0.7301522007404361 295
1780541263485 0.8534418948926721 296
1780541263487 0.6520618556701031 297
1780541263489 0.8686868686868687 298
