1780117204769 0.0 0
1780117204771 0.9016666666666616 1
1780117204773 0.922222222222217 2
1780117204775 0.9338888888888837 3
1780117204777 0.9422222222222171 4
1780117204779 0.9349999999999948 5
1780117204781 0.9499999999999946 6
1780117204783 0.9644444444444391 7
1780117204785 0.9616666666666613 8
1780117204787 0.9627777777777725 9
1780117204789 0.9755555555555502 10
1780117204791 0.9761111111111056 11
1780117204793 0.9805555555555501 12
1780117204795 0.9822222222222166 13
1780117204797 0.9827777777777722 14
1780117204799 0.9783333333333278 15
1780117204801 0.9794444444444389 16
1780117204803 0.9799999999999945 17
1780117204805 0.9894444444444389 18
1780117204807 0.9849999999999944 19
1780117204809 0.9833333333333277 20
1780117204811 0.9844444444444388 21
1780117204812 0.9916666666666611 22
1780117204814 0.9916666666666611 23
1780117204816 0.9911111111111056 24
1780117204818 0.9827777777777724 25
1780117204820 0.9872222222222167 26
1780117204822 0.9872222222222167 27
1780117204824 0.9838888888888834 28
1780117204826 0.9838888888888834 29
1780117204828 0.9872222222222167 30
1780117204830 0.9899999999999943 31
1780117204832 0.9799999999999945 32
1780117204834 0.9711111111111057 33
1780117204836 0.9749999999999946 34
1780117204838 0.9872222222222167 35
1780117204840 0.9716666666666611 36
1780117204842 0.968333333333328 37
1780117204844 0.9838888888888834 38
1780117204846 0.9833333333333278 39
1780117204848 0.9866666666666613 40
1780117204850 0.9866666666666613 41
1780117204852 0.9827777777777722 42
1780117204854 0.9777777777777723 43
1780117204856 0.9799999999999944 44
1780117204858 0.9872222222222167 45
1780117204860 0.9877777777777721 46
1780117204862 0.98555555555555 47
1780117204864 0.9922222222222166 48
1780117204866 0.9894444444444389 49
1780117204868 0.9816666666666611 50
1780117204870 0.9783333333333278 51
1780117204872 0.9833333333333278 52
1780117204874 0.9838888888888834 53
1780117204876 0.9927777777777722 54
1780117204878 0.9872222222222167 55
1780117204880 0.9911111111111055 56
1780117204882 0.9849999999999944 57
1780117204884 0.9888888888888833 58
1780117204886 0.9938888888888833 59
1780117204888 0.9944444444444389 60
1780117204890 0.986666666666661 61
1780117204892 0.9788888888888835 62
1780117204894 0.9927777777777722 63
1780117204896 0.9838888888888834 64
1780117204898 0.9894444444444389 65
1780117204900 0.99055555555555 66
1780117204902 0.9883333333333277 67
1780117204904 0.9888888888888833 68
1780117204906 0.9899999999999946 69
1780117204908 0.9872222222222167 70
1780117204910 0.99055555555555 71
1780117204912 0.9822222222222168 72
1780117204914 0.9877777777777721 73
1780117204916 0.9938888888888833 74
1780117204918 0.9883333333333277 75
1780117204920 0.9611111111111057 76
1780117204922 0.9849999999999944 77
1780117204924 0.9861111111111056 78
1780117204926 0.9866666666666613 79
1780117204928 0.9933333333333276 80
1780117204930 0.9888888888888834 81
1780117204932 0.9877777777777723 82
1780117204934 0.9949999999999944 83
1780117204936 0.9927777777777722 84
1780117204938 0.9872222222222167 85
1780117204940 0.9872222222222167 86
1780117204942 0.9927777777777722 87
1780117204943 0.9961111111111055 88
1780117204945 0.9911111111111055 89
1780117204947 0.9888888888888833 90
1780117204949 0.9933333333333276 91
1780117204951 0.9877777777777721 92
1780117204953 0.9877777777777721 93
1780117204955 0.9927777777777722 94
1780117204957 0.9916666666666611 95
1780117204959 0.9661111111111058 96
1780117204961 0.9888888888888833 97
1780117204963 0.9766666666666612 98
1780117204965 0.9727777777777723 99
1780117204967 0.9933333333333279 100
1780117204969 0.9949999999999944 101
1780117204971 0.99055555555555 102
1780117204973 0.9638888888888835 103
1780117204975 0.9888888888888834 104
1780117204977 0.9933333333333279 105
1780117204979 0.9938888888888833 106
1780117204981 0.9899999999999943 107
1780117204983 0.9894444444444389 108
1780117204985 0.9916666666666611 109
1780117204987 0.9894444444444389 110
1780117204989 0.9922222222222166 111
1780117204991 0.9899999999999943 112
1780117204994 0.9883333333333277 113
1780117204996 0.9811111111111057 114
1780117204998 0.9927777777777722 115
1780117205000 0.9799999999999945 116
1780117205002 0.9933333333333279 117
1780117205004 0.9888888888888833 118
1780117205006 0.9877777777777723 119
1780117205008 0.9911111111111055 120
1780117205010 0.9899999999999946 121
1780117205012 0.9699999999999944 122
1780117205013 0.9911111111111055 123
1780117205015 0.9911111111111056 124
1780117205017 0.9861111111111056 125
1780117205019 0.9877777777777721 126
1780117205021 0.984444444444439 127
1780117205023 0.9822222222222166 128
1780117205025 0.9799999999999945 129
1780117205027 0.9822222222222168 130
1780117205029 0.9955555555555499 131
1780117205031 0.9916666666666611 132
1780117205033 0.9872222222222167 133
1780117205035 0.9944444444444388 134
1780117205037 0.9883333333333277 135
1780117205039 0.9916666666666611 136
1780117205041 0.9944444444444389 137
1780117205043 0.9944444444444389 138
1780117205045 0.984444444444439 139
1780117205047 0.9877777777777723 140
1780117205049 0.9894444444444389 141
1780117205051 0.9916666666666611 142
1780117205053 0.9894444444444389 143
1780117205055 0.9916666666666611 144
1780117205057 0.9894444444444389 145
1780117205059 0.9783333333333278 146
1780117205061 0.9938888888888833 147
1780117205063 0.9938888888888833 148
1780117205065 0.99055555555555 149
1780117205067 0.9916666666666611 150
1780117205069 0.9961111111111055 151
1780117205071 0.9933333333333276 152
1780117205073 0.9944444444444388 153
1780117205075 0.9933333333333276 154
1780117205077 0.9961111111111055 155
1780117205078 0.9933333333333279 156
1780117205080 0.9911111111111056 157
1780117205082 0.9938888888888833 158
1780117205084 0.9949999999999944 159
1780117205086 0.9966666666666611 160
1780117205088 0.9955555555555501 161
1780117205090 0.9949999999999944 162
1780117205092 0.9944444444444389 163
1780117205094 0.9944444444444388 164
1780117205096 0.9949999999999944 165
1780117205098 0.9955555555555501 166
1780117205100 0.9949999999999944 167
1780117205102 0.9961111111111055 168
1780117205104 0.9966666666666611 169
1780117205106 0.9972222222222167 170
1780117205108 0.9888888888888834 171
1780117205110 0.984444444444439 172
1780117205112 0.9988888888888832 173
1780117205113 0.9949999999999944 174
1780117205115 0.9961111111111055 175
1780117205117 0.9944444444444388 176
1780117205119 0.988333333333328 177
1780117205121 0.9938888888888833 178
1780117205123 0.9966666666666611 179
1780117205125 0.9944444444444389 180
1780117205127 0.9961111111111055 181
1780117205129 0.9961111111111055 182
1780117205131 0.9944444444444388 183
1780117205133 0.9966666666666611 184
1780117205135 0.9949999999999944 185
1780117205137 0.9899999999999943 186
1780117205139 0.9933333333333279 187
1780117205141 0.9961111111111055 188
1780117205143 0.9966666666666611 189
1780117205145 0.9949999999999944 190
1780117205147 0.9972222222222167 191
1780117205149 0.9972222222222167 192
1780117205151 0.9972222222222167 193
1780117205153 0.9977777777777723 194
1780117205155 0.9944444444444388 195
1780117205157 0.9949999999999944 196
1780117205159 0.9849999999999944 197
1780117205160 0.9961111111111055 198
1780117205162 0.9855555555555501 199
1780117205164 0.9972222222222167 200
1780117205166 0.9944444444444389 201
1780117205168 0.9972222222222167 202
1780117205170 0.9949999999999944 203
1780117205172 0.9938888888888833 204
1780117205174 0.9866666666666613 205
1780117205176 0.996666666666661 206
1780117205178 0.9949999999999944 207
1780117205180 0.9972222222222167 208
1780117205182 0.9972222222222167 209
1780117205184 0.9938888888888833 210
1780117205186 0.9966666666666611 211
1780117205188 0.9977777777777723 212
1780117205190 0.9938888888888833 213
1780117205192 0.9949999999999944 214
1780117205194 0.9972222222222167 215
1780117205195 0.9955555555555501 216
1780117205198 0.9977777777777723 217
1780117205199 0.9961111111111055 218
1780117205201 0.9994444444444388 219
1780117205203 0.9961111111111055 220
1780117205205 0.9961111111111055 221
1780117205207 0.9955555555555501 222
1780117205209 0.9944444444444389 223
1780117205211 0.9949999999999944 224
1780117205213 0.9944444444444388 225
1780117205215 0.9972222222222167 226
1780117205217 0.9983333333333277 227
1780117205219 0.9966666666666611 228
1780117205221 0.9972222222222167 229
1780117205223 0.9977777777777723 230
1780117205225 0.9944444444444389 231
1780117205227 0.9983333333333277 232
1780117205229 0.9961111111111055 233
1780117205231 0.9922222222222166 234
1780117205233 0.9961111111111055 235
1780117205235 0.9922222222222168 236
1780117205236 0.9961111111111055 237
1780117205238 0.9983333333333277 238
1780117205240 0.9972222222222167 239
1780117205242 0.9983333333333277 240
1780117205244 0.9972222222222167 241
1780117205246 0.9961111111111055 242
1780117205248 0.9933333333333276 243
1780117205250 0.9988888888888832 244
1780117205252 0.9955555555555501 245
1780117205254 0.9961111111111055 246
1780117205256 0.9961111111111055 247
1780117205258 0.9961111111111055 248
1780117205260 0.9849999999999944 249
1780117205262 0.996666666666661 250
1780117205264 0.9972222222222167 251
1780117205276 0.9966666666666611 252
1780117205278 0.9944444444444388 253
1780117205280 0.9949999999999944 254
1780117205282 0.9966666666666611 255
1780117205284 0.9977777777777723 256
1780117205286 0.9938888888888833 257
1780117205288 0.996666666666661 258
1780117205290 0.9961111111111055 259
1780117205292 0.9916666666666611 260
1780117205294 0.9938888888888833 261
1780117205296 0.9944444444444389 262
1780117205298 0.9977777777777723 263
1780117205300 0.9911111111111055 264
1780117205302 0.9899999999999943 265
1780117205304 0.9849999999999944 266
1780117205306 0.9961111111111055 267
1780117205308 0.9961111111111055 268
1780117205310 0.9961111111111055 269
1780117205312 0.9988888888888832 270
1780117205314 0.9972222222222167 271
1780117205316 0.9972222222222167 272
1780117205318 0.9949999999999944 273
1780117205320 0.9977777777777723 274
1780117205322 0.9977777777777723 275
1780117205324 0.9977777777777723 276
1780117205326 0.9977777777777723 277
1780117205328 0.9983333333333277 278
1780117205329 0.9961111111111055 279
1780117205331 0.996666666666661 280
1780117205333 0.9977777777777723 281
1780117205335 0.9949999999999944 282
1780117205337 0.9955555555555499 283
1780117205339 0.9944444444444389 284
1780117205341 0.9949999999999944 285
1780117205343 0.9949999999999944 286
1780117205345 0.9949999999999944 287
1780117205347 0.9866666666666613 288
1780117205349 0.9961111111111055 289
1780117205351 0.9927777777777722 290
1780117205353 0.9938888888888833 291
1780117205355 0.986666666666661 292
1780117205357 0.9927777777777722 293
1780117205359 0.9977777777777723 294
1780117205361 0.9944444444444389 295
1780117205363 0.996666666666661 296
1780117205365 0.9966666666666611 297
1780117205367 0.9966666666666611 298
1780117205369 0.9949999999999944 299
1780117205371 0.996666666666661 300
1780117205373 0.9938888888888833 301
1780117205375 0.9961111111111055 302
1780117205377 0.9977777777777723 303
1780117205379 0.9972222222222167 304
1780117205381 0.9927777777777722 305
1780117205383 0.9961111111111055 306
1780117205385 0.9955555555555501 307
1780117205387 0.9911111111111056 308
1780117205389 0.9922222222222166 309
1780117205391 0.9961111111111055 310
1780117205393 0.9994444444444388 311
1780117205395 0.9961111111111055 312
1780117205397 0.9983333333333277 313
