1780121537719 0.0 0
1780121537722 0.095 1
1780121537723 0.125 2
1780121537725 0.165 3
1780121537727 0.2 4
1780121537729 0.22 5
1780121537730 0.245 6
1780121537732 0.335 7
1780121537734 0.34 8
1780121537735 0.35 9
1780121537737 0.41 10
1780121537739 0.485 11
1780121537741 0.48 12
1780121537742 0.495 13
1780121537744 0.49 14
1780121537746 0.555 15
1780121537747 0.53 16
1780121537749 0.56 17
1780121537751 0.505 18
1780121537753 0.59 19
1780121537754 0.59 20
1780121537756 0.635 21
1780121537758 0.625 22
1780121537759 0.64 23
1780121537761 0.655 24
1780121537763 0.63 25
1780121537764 0.645 26
1780121537766 0.655 27
1780121537768 0.715 28
1780121537770 0.685 29
1780121537772 0.63 30
1780121537773 0.61 31
1780121537775 0.67 32
1780121537777 0.68 33
1780121537778 0.66 34
1780121537780 0.645 35
1780121537782 0.72 36
1780121537783 0.64 37
1780121537785 0.695 38
1780121537787 0.66 39
1780121537788 0.64 40
1780121537790 0.695 41
1780121537792 0.67 42
1780121537794 0.675 43
1780121537795 0.68 44
1780121537797 0.775 45
1780121537799 0.725 46
1780121537800 0.685 47
1780121537802 0.685 48
1780121537804 0.74 49
1780121537806 0.71 50
1780121537807 0.72 51
1780121537809 0.71 52
1780121537811 0.66 53
1780121537812 0.705 54
1780121537814 0.675 55
1780121537816 0.72 56
1780121537818 0.71 57
1780121537819 0.73 58
1780121537821 0.695 59
1780121537823 0.69 60
1780121537824 0.715 61
1780121537826 0.68 62
1780121537828 0.715 63
1780121537829 0.75 64
1780121537831 0.76 65
1780121537833 0.75 66
1780121537834 0.71 67
1780121537836 0.695 68
1780121537838 0.775 69
1780121537839 0.73 70
1780121537841 0.74 71
1780121537843 0.755 72
1780121537844 0.8 73
1780121537846 0.72 74
1780121537848 0.76 75
1780121537850 0.735 76
1780121537851 0.76 77
1780121537853 0.725 78
1780121537855 0.78 79
1780121537856 0.755 80
1780121537858 0.765 81
1780121537860 0.745 82
1780121537861 0.755 83
1780121537863 0.72 84
1780121537865 0.79 85
1780121537867 0.755 86
1780121537868 0.775 87
1780121537870 0.695 88
1780121537872 0.76 89
1780121537874 0.78 90
1780121537875 0.76 91
1780121537877 0.8 92
1780121537879 0.77 93
1780121537880 0.755 94
1780121537882 0.75 95
1780121537884 0.725 96
1780121537886 0.77 97
1780121537887 0.745 98
1780121537889 0.775 99
1780121537891 0.725 100
1780121537892 0.745 101
1780121537894 0.735 102
1780121537896 0.77 103
1780121537898 0.745 104
1780121537899 0.775 105
1780121537901 0.75 106
1780121537903 0.8 107
1780121537905 0.79 108
1780121537906 0.735 109
1780121537908 0.775 110
1780121537910 0.735 111
1780121537911 0.785 112
1780121537913 0.775 113
1780121537915 0.775 114
1780121537917 0.75 115
1780121537918 0.765 116
1780121537920 0.775 117
1780121537922 0.82 118
1780121537923 0.825 119
1780121537925 0.745 120
1780121537927 0.8 121
1780121537929 0.805 122
1780121537930 0.785 123
1780121537932 0.8 124
1780121537934 0.74 125
1780121537935 0.805 126
1780121537937 0.79 127
1780121537939 0.765 128
1780121537940 0.815 129
1780121537942 0.745 130
1780121537944 0.82 131
1780121537946 0.795 132
1780121537947 0.79 133
1780121537949 0.77 134
1780121537951 0.825 135
1780121537953 0.81 136
1780121537954 0.745 137
1780121537956 0.77 138
1780121537958 0.81 139
1780121537959 0.745 140
1780121537961 0.795 141
1780121537963 0.76 142
1780121537965 0.785 143
1780121537966 0.795 144
1780121537968 0.82 145
1780121537970 0.79 146
1780121537971 0.8 147
1780121537973 0.815 148
1780121537975 0.775 149
1780121537976 0.83 150
1780121537978 0.775 151
1780121537980 0.82 152
1780121537982 0.79 153
1780121537983 0.815 154
1780121537985 0.8 155
1780121537987 0.8 156
1780121537988 0.815 157
1780121537990 0.825 158
1780121537992 0.84 159
1780121537994 0.805 160
1780121537995 0.86 161
1780121537997 0.83 162
1780121537999 0.9 163
1780121538000 0.82 164
1780121538002 0.84 165
1780121538004 0.865 166
1780121538006 0.87 167
1780121538007 0.86 168
1780121538009 0.87 169
1780121538011 0.87 170
1780121538013 0.855 171
1780121538014 0.825 172
1780121538016 0.865 173
1780121538018 0.85 174
1780121538019 0.85 175
1780121538021 0.85 176
1780121538023 0.865 177
1780121538024 0.915 178
1780121538026 0.89 179
1780121538028 0.925 180
1780121538029 0.88 181
1780121538031 0.865 182
1780121538033 0.91 183
1780121538034 0.865 184
1780121538036 0.885 185
1780121538038 0.89 186
1780121538040 0.85 187
1780121538041 0.815 188
1780121538043 0.82 189
1780121538045 0.895 190
1780121538046 0.87 191
1780121538048 0.885 192
1780121538050 0.83 193
1780121538052 0.845 194
1780121538053 0.865 195
1780121538055 0.875 196
1780121538057 0.91 197
1780121538058 0.87 198
1780121538060 0.9 199
1780121538062 0.91 200
1780121538064 0.885 201
1780121538065 0.845 202
1780121538067 0.925 203
1780121538069 0.895 204
1780121538070 0.865 205
1780121538072 0.88 206
1780121538074 0.895 207
1780121538076 0.92 208
1780121538077 0.895 209
1780121538079 0.885 210
1780121538081 0.89 211
1780121538083 0.895 212
1780121538084 0.875 213
1780121538086 0.885 214
1780121538088 0.875 215
1780121538089 0.9 216
1780121538091 0.89 217
1780121538093 0.86 218
1780121538095 0.925 219
1780121538096 0.9 220
1780121538098 0.885 221
1780121538100 0.925 222
1780121538101 0.9 223
1780121538103 0.885 224
1780121538105 0.905 225
1780121538106 0.885 226
1780121538108 0.905 227
1780121538110 0.89 228
1780121538112 0.92 229
1780121538113 0.88 230
1780121538115 0.945 231
1780121538117 0.88 232
1780121538118 0.895 233
1780121538120 0.885 234
1780121538122 0.885 235
1780121538123 0.89 236
1780121538125 0.885 237
1780121538127 0.905 238
1780121538128 0.91 239
1780121538130 0.94 240
1780121538132 0.88 241
1780121538133 0.89 242
1780121538135 0.9 243
1780121538137 0.89 244
1780121538138 0.94 245
1780121538140 0.895 246
1780121538142 0.885 247
1780121538144 0.89 248
1780121538145 0.95 249
1780121538147 0.91 250
1780121538149 0.88 251
1780121538150 0.915 252
1780121538152 0.915 253
1780121538154 0.91 254
1780121538155 0.915 255
1780121538157 0.89 256
1780121538159 0.865 257
1780121538160 0.93 258
1780121538162 0.835 259
1780121538164 0.91 260
1780121538165 0.885 261
1780121538167 0.925 262
1780121538169 0.89 263
1780121538171 0.905 264
1780121538172 0.92 265
1780121538174 0.875 266
1780121538176 0.92 267
1780121538177 0.935 268
1780121538179 0.925 269
1780121538181 0.905 270
1780121538182 0.915 271
1780121538184 0.915 272
1780121538186 0.91 273
1780121538188 0.925 274
1780121538189 0.88 275
1780121538191 0.91 276
1780121538193 0.93 277
1780121538194 0.93 278
1780121538196 0.9 279
1780121538198 0.875 280
1780121538200 0.895 281
1780121538201 0.895 282
1780121538203 0.945 283
1780121538205 0.91 284
1780121538206 0.915 285
1780121538208 0.895 286
1780121538210 0.88 287
1780121538211 0.885 288
1780121538213 0.925 289
1780121538215 0.925 290
1780121538216 0.925 291
1780121538218 0.93 292
1780121538220 0.9 293
1780121538222 0.93 294
1780121538223 0.895 295
1780121538225 0.915 296
1780121538227 0.915 297
1780121538228 0.915 298
1780121538230 0.905 299
1780121538232 0.895 300
1780121538233 0.905 301
1780121538235 0.92 302
1780121538237 0.935 303
1780121538239 0.925 304
1780121538240 0.93 305
1780121538242 0.905 306
1780121538244 0.92 307
1780121538245 0.91 308
1780121538247 0.905 309
1780121538249 0.91 310
1780121538251 0.89 311
1780121538252 0.91 312
1780121538254 0.88 313
