1780565045107 0.0 0
1780565045109 0.04403934453852311 1
1780565045111 0.07597623489743963 2
1780565045113 0.06289399869536856 3
1780565045115 0.0848612559610002 4
1780565045116 0.10638997790675644 5
1780565045118 0.1413322585408811 6
1780565045120 0.1471819299636201 7
1780565045122 0.10549448123888032 8
1780565045124 0.12725849882336546 9
1780565045126 0.144479707561549 10
1780565045127 0.10762892078681552 11
1780565045129 0.09407283537718321 12
1780565045131 0.0494614478068338 13
1780565045133 0.08240625718886588 14
1780565045135 0.15844315785710444 15
1780565045136 0.1905569438427215 16
1780565045138 0.15444157034546052 17
1780565045140 0.10073610369262545 18
1780565045142 0.18527576331392165 19
1780565045144 0.18704386777944243 20
1780565045145 0.214521364910253 21
1780565045147 0.20137319046341418 22
1780565045149 0.28093258292906664 23
1780565045151 0.17204933805935793 24
1780565045153 0.1637049508405007 25
1780565045154 0.16285997335997335 26
1780565045156 0.21137010161565223 27
1780565045158 0.2332107714140637 28
1780565045160 0.25164917462711583 29
1780565045162 0.22956577529599845 30
1780565045164 0.1830561379161007 31
1780565045165 0.23293564698547878 32
1780565045167 0.18386816380855653 33
1780565045169 0.25249446570922934 34
1780565045171 0.16954829021909765 35
1780565045173 0.28809434498567865 36
1780565045174 0.2921154856564264 37
1780565045176 0.26592858129532865 38
1780565045178 0.27346948319451025 39
1780565045180 0.2330385231939805 40
1780565045182 0.24685525272849218 41
1780565045183 0.22986186526179075 42
1780565045185 0.30782372082681675 43
1780565045187 0.23607555604233346 44
1780565045189 0.144301321014876 45
1780565045191 0.18929797040128368 46
1780565045192 0.27006137636809147 47
1780565045194 0.22325932494009387 48
1780565045196 0.15848106861810968 49
1780565045198 0.14091569452232236 50
1780565045200 0.1713630350719761 51
1780565045201 0.22266627450013274 52
1780565045203 0.268261709891995 53
1780565045205 0.2772631683634106 54
1780565045207 0.18376991536431977 55
1780565045209 0.15742097998619736 56
1780565045211 0.2180363999929217 57
1780565045212 0.2628541515132544 58
1780565045214 0.2760510397929643 59
1780565045216 0.2167282430213465 60
1780565045218 0.2690504591085072 61
1780565045220 0.27743220048317496 62
1780565045222 0.2681200204439641 63
1780565045223 0.20706323983593297 64
1780565045225 0.29388237792941696 65
1780565045227 0.20564902823095474 66
1780565045229 0.28524558783682513 67
1780565045231 0.3005499975406597 68
1780565045232 0.25640769759689436 69
1780565045234 0.09628360393682216 70
1780565045236 0.294834908909107 71
1780565045238 0.35734306357987256 72
1780565045240 0.20623687123834822 73
1780565045241 0.2783109766520385 74
1780565045243 0.2890609938947561 75
1780565045245 0.2554407464123877 76
1780565045247 0.319933924368707 77
1780565045249 0.11736284704800445 78
1780565045250 0.31159293128363336 79
1780565045252 0.2928262476092364 80
1780565045259 0.2743700978842166 81
1780565045261 0.22940034343720947 82
1780565045262 0.2781344482679299 83
1780565045264 0.34664364208688603 84
1780565045266 0.33065479359175776 85
1780565045268 0.2723009081929829 86
1780565045270 0.21611880872750439 87
1780565045271 0.240625876984784 88
1780565045273 0.21567421300894382 89
1780565045275 0.3067822465517019 90
1780565045277 0.23973542360642147 91
1780565045279 0.3455106139862333 92
1780565045281 0.28063728732518933 93
1780565045282 0.23464580979982824 94
1780565045284 0.32572888694504354 95
1780565045286 0.2533061568061568 96
1780565045288 0.35902716290277864 97
1780565045290 0.16870167513645776 98
1780565045291 0.3977517766161638 99
1780565045293 0.3500801271834623 100
1780565045295 0.2420227167981853 101
1780565045297 0.3147167334264108 102
1780565045299 0.3025260662931249 103
1780565045300 0.30186447701911123 104
1780565045302 0.2826917704296038 105
1780565045304 0.31715704466406447 106
1780565045306 0.33045790107446255 107
1780565045308 0.2763061854238325 108
1780565045310 0.2219199088245026 109
1780565045311 0.22978086886819407 110
1780565045313 0.22702730908454657 111
1780565045315 0.3061351609895161 112
1780565045317 0.2998734772400235 113
1780565045319 0.2868674111363678 114
1780565045321 0.2630467138235136 115
1780565045322 0.2826810468831017 116
1780565045324 0.3720361161471585 117
1780565045326 0.33493741742716315 118
1780565045328 0.3166728265322448 119
1780565045330 0.33904619746725007 120
1780565045331 0.3368139130588744 121
1780565045333 0.3343272838272838 122
1780565045335 0.34145445697000315 123
1780565045337 0.3877433265806972 124
1780565045339 0.3648978756580158 125
1780565045340 0.29847318994287186 126
1780565045342 0.3699719039427172 127
1780565045344 0.2013892831123847 128
1780565045346 0.26705715331378965 129
1780565045348 0.34406995092934356 130
1780565045349 0.2910597855303738 131
1780565045351 0.29966332193380435 132
1780565045353 0.3478058340295182 133
1780565045355 0.3239314184222336 134
1780565045357 0.301132430388228 135
1780565045358 0.23916936243258197 136
1780565045360 0.22262814991144325 137
1780565045362 0.3084805773515451 138
1780565045364 0.2375322691307214 139
1780565045366 0.25571865500766816 140
1780565045367 0.25831366779421694 141
1780565045369 0.3440011424467494 142
1780565045371 0.3065603385756178 143
1780565045373 0.3496927647515883 144
1780565045375 0.2792582217424111 145
1780565045376 0.2609390042063928 146
1780565045378 0.30633490945092673 147
1780565045380 0.3030073770475502 148
1780565045382 0.24889165656552836 149
1780565045384 0.30056039258587025 150
1780565045386 0.23404653507594686 151
1780565045387 0.33149230220902504 152
1780565045389 0.38138566703692295 153
1780565045391 0.3050962461963794 154
1780565045393 0.3900140006374758 155
1780565045394 0.40965052612968844 156
1780565045396 0.26896914167829344 157
1780565045398 0.36517918532980814 158
1780565045400 0.3129419761376283 159
1780565045402 0.29332569840822814 160
1780565045403 0.36749986139504803 161
1780565045405 0.3949087359877392 162
1780565045407 0.3179713095800366 163
1780565045409 0.327879352594689 164
1780565045411 0.34766374297150227 165
1780565045412 0.2604264417437455 166
1780565045414 0.3748489460786873 167
1780565045416 0.42871965953099345 168
1780565045418 0.3216822452001482 169
1780565045420 0.37184267514456193 170
1780565045421 0.23804794317887462 171
1780565045423 0.39366984149138723 172
1780565045425 0.20129059237098149 173
1780565045427 0.16225546670281016 174
1780565045429 0.3246511065013885 175
1780565045431 0.3232344413465925 176
1780565045433 0.23950379574550543 177
1780565045435 0.3406932441933894 178
1780565045437 0.3261732089009663 179
1780565045438 0.2795772993590858 180
1780565045440 0.3161583720828226 181
1780565045442 0.352699697448427 182
1780565045444 0.32659469520590484 183
1780565045446 0.38637224519549473 184
1780565045447 0.3438304434079237 185
1780565045449 0.3094635027581651 186
1780565045451 0.28884980519565395 187
1780565045453 0.36768561711643016 188
1780565045454 0.3796962116381354 189
1780565045456 0.3784094358571967 190
1780565045458 0.26094978254348977 191
1780565045460 0.2728660450239683 192
1780565045462 0.3241562656462881 193
1780565045463 0.40505440152592376 194
1780565045465 0.21427408738347684 195
1780565045467 0.27570642518918387 196
1780565045469 0.35353889643612174 197
1780565045471 0.3346259961743874 198
1780565045472 0.3017164826566235 199
1780565045474 0.36818258934990705 200
1780565045476 0.413369598646287 201
1780565045478 0.34815577878191306 202
1780565045480 0.39019863814692407 203
1780565045481 0.4277568244833086 204
1780565045483 0.3685449840971011 205
1780565045485 0.31830896426588706 206
1780565045487 0.38254172911894757 207
1780565045489 0.40010291121549557 208
1780565045490 0.3169398771468733 209
1780565045492 0.36103762791892685 210
1780565045494 0.3451941391941392 211
1780565045496 0.41563650041412037 212
1780565045498 0.3552863569670292 213
1780565045499 0.3191779595977845 214
1780565045501 0.3311961000342599 215
1780565045503 0.33794718258350315 216
1780565045505 0.33336314297147207 217
1780565045507 0.411485590780149 218
1780565045508 0.406515579556496 219
1780565045510 0.3813761022677866 220
1780565045512 0.24795467300730456 221
1780565045514 0.4144509448400509 222
1780565045516 0.35422298008504904 223
1780565045517 0.3930882437827122 224
1780565045519 0.3956813835270528 225
1780565045521 0.30950943821911564 226
1780565045523 0.3875385826554657 227
1780565045525 0.347458099966237 228
1780565045526 0.3175014664917958 229
1780565045528 0.3336673791813906 230
1780565045530 0.36848390304631334 231
1780565045532 0.2931989204478352 232
1780565045534 0.4020512648776638 233
1780565045535 0.3383295188214396 234
1780565045537 0.31696288460994343 235
1780565045539 0.38438784174650376 236
1780565045541 0.3819078113870296 237
1780565045542 0.38492411020428596 238
1780565045544 0.2885912155427831 239
1780565045546 0.36399273920305786 240
1780565045548 0.44064835549355663 241
1780565045550 0.41351157255625004 242
1780565045552 0.4393729233830735 243
1780565045554 0.3664376911671946 244
1780565045555 0.3687608061062768 245
1780565045557 0.4290606450006001 246
1780565045559 0.26602194620676667 247
1780565045561 0.44115979187373877 248
1780565045562 0.3694842442822497 249
1780565045564 0.3636758614479481 250
1780565045566 0.41018995492527555 251
1780565045568 0.44274397893975836 252
1780565045570 0.30162762875153437 253
1780565045571 0.4167851454481043 254
1780565045573 0.37008219799524145 255
1780565045575 0.35920764828691376 256
1780565045577 0.3801366695903309 257
1780565045579 0.33318078330904116 258
1780565045580 0.3881743369254462 259
1780565045582 0.38932436300588136 260
1780565045584 0.3706088723056187 261
1780565045586 0.456514699393752 262
1780565045588 0.34997453029662046 263
1780565045589 0.3799804887091415 264
1780565045591 0.42625867625867625 265
1780565045593 0.24575295547163245 266
1780565045595 0.3841740538041661 267
1780565045597 0.2972852845038851 268
1780565045598 0.3746033553856572 269
1780565045600 0.4456158812992438 270
1780565045602 0.35688542772314935 271
1780565045604 0.3633117104849585 272
1780565045606 0.41081641748146114 273
1780565045608 0.3397095040805055 274
1780565045609 0.42995892043374884 275
1780565045611 0.35895626135236175 276
1780565045613 0.17974105449709418 277
1780565045615 0.41655082895437356 278
1780565045617 0.364013721782707 279
1780565045618 0.40111481625713125 280
1780565045620 0.36237071532214404 281
1780565045622 0.3791603429119289 282
1780565045624 0.3955068715946821 283
1780565045626 0.2702543124883861 284
1780565045627 0.32498892161633963 285
1780565045629 0.14140141580263732 286
1780565045631 0.4220924986809066 287
1780565045633 0.3557505383138568 288
1780565045635 0.34626473265709257 289
1780565045637 0.41385599979145093 290
1780565045638 0.43733555172976 291
1780565045640 0.34595363968483783 292
1780565045642 0.4519460282642265 293
1780565045644 0.3864169466479884 294
1780565045646 0.3640159075220635 295
1780565045647 0.3905934459506147 296
1780565045649 0.37255015919639034 297
1780565045651 0.3523669376841646 298
