1780698702495 0.0 0
1780698702541 0.5061728395061686 1
1780698702557 0.7323771742447285 2
1780698702575 0.6471354166666587 3
1780698702592 0.7533659730722077 4
1780698702606 0.4957627118644026 5
1780698702624 0.5519480519480472 6
1780698702639 0.8231399747793106 7
1780698702653 0.7626373626373549 8
1780698702667 0.7697044334975294 9
1780698702681 0.8141233766233684 10
1780698702697 0.6718092566619851 11
1780698702712 0.6779513888888824 12
1780698702726 0.658395989974931 13
1780698702740 0.7967112771034259 14
1780698702752 0.8019980347199385 15
1780698702785 0.7725044563279773 16
1780698702799 0.8277409942767274 17
1780698702812 0.7836593785960796 18
1780698702825 0.8399999999999913 19
1780698702837 0.8405258932155677 20
1780698702849 0.801648351648343 21
1780698702862 0.7999999999999918 22
1780698702876 0.780200501253125 23
1780698702891 0.7878179384203401 24
1780698702909 0.7549952923945943 25
1780698702931 0.7879120879120796 26
1780698702952 0.7672341319882225 27
1780698702971 0.7750103348491033 28
1780698702986 0.746421583770974 29
1780698703000 0.8075176855664576 30
1780698703020 0.8239999999999914 31
1780698703044 0.7934005884825477 32
1780698703060 0.8026666666666582 33
1780698703075 0.7693273354953369 34
1780698703089 0.8654731457800424 35
1780698703104 0.8226666666666581 36
1780698703121 0.7794299180787707 37
1780698703135 0.7608132887498573 38
1780698703151 0.8301800427219934 39
1780698703166 0.7559422750424369 40
1780698703183 0.8239625167335927 41
1780698703202 0.7904351395730627 42
1780698703216 0.8036987522281555 43
1780698703232 0.799061607507132 44
1780698703246 0.8330484330484238 45
1780698703261 0.7827112827112745 46
1780698703293 0.7755681818181741 47
1780698703313 0.7828525641025563 48
1780698703327 0.8304768625869461 49
1780698703346 0.8167153946970379 50
1780698703363 0.7816213921901448 51
1780698703380 0.799999999999992 52
1780698703407 0.8077256944444358 53
1780698703432 0.801372801372793 54
1780698703445 0.8196969696969615 55
1780698703460 0.8224178766347356 56
1780698703482 0.7806428644084958 57
1780698703499 0.8131364048795161 58
1780698703512 0.8079999999999916 59
1780698703527 0.8398755898755812 60
1780698703543 0.7818144499178903 61
1780698703577 0.7890624999999916 62
1780698703592 0.7895833333333253 63
1780698703606 0.8076045232907896 64
1780698703620 0.7860780984719784 65
1780698703634 0.7935139573070529 66
1780698703648 0.7668413582268725 67
1780698703662 0.7991071428571348 68
1780698703677 0.8541666666666579 69
1780698703691 0.8238095238095156 70
1780698703709 0.8069053708439817 71
1780698703722 0.847999999999991 72
1780698703738 0.80695670449768 73
1780698703757 0.7662337662337586 74
1780698703769 0.7588816805684199 75
1780698703800 0.8115827262168642 76
1780698703814 0.8471448848127434 77
1780698703834 0.8392091222931182 78
1780698703858 0.7916666666666585 79
1780698703872 0.7637520525451484 80
1780698703885 0.8028583438419423 81
1780698703901 0.8089716203844899 82
1780698703914 0.8346354166666576 83
1780698703929 0.8472865822263327 84
1780698703944 0.7688879456706205 85
1780698703958 0.8132586367880402 86
1780698703971 0.7784208350558004 87
1780698703985 0.755989911727609 88
1780698703999 0.866753472222213 89
1780698704013 0.8342529711375126 90
1780698704028 0.8187499999999918 91
1780698704042 0.8168664737494751 92
1780698704059 0.7687687687687609 93
1780698704094 0.7457099957099882 94
1780698704110 0.786290322580637 95
1780698704123 0.7979166666666585 96
1780698704139 0.8085138846505869 97
1780698704154 0.7706980519480442 98
1780698704168 0.8588709677419267 99
1780698704182 0.8621836121836031 100
1780698704195 0.7951632906159489 101
1780698704209 0.7936061381074089 102
1780698704222 0.794999481273983 103
1780698704237 0.8047889610389529 104
1780698704250 0.807040485406415 105
1780698704264 0.7972302604381896 106
1780698704280 0.7493564993564915 107
1780698704295 0.7306655161255455 108
1780698704309 0.7555079559363451 109
1780698704343 0.8452767025839436 110
1780698704361 0.7767403257599258 111
1780698704376 0.8246155455591504 112
1780698704392 0.8035495716034192 113
1780698704406 0.7912326388888804 114
1780698704420 0.7979166666666586 115
1780698704435 0.8165997322623744 116
1780698704452 0.7907268170425987 117
1780698704466 0.8078467717021851 118
1780698704481 0.7619047619047543 119
1780698704496 0.8140916808149321 120
1780698704511 0.8274374931761022 121
1780698704526 0.7869318181818103 122
1780698704540 0.809934318555 123
1780698704554 0.7637520525451484 124
1780698704586 0.795680033071509 125
1780698704602 0.7976009717582672 126
1780698704621 0.8068181818181738 127
1780698704638 0.8010153946937354 128
1780698704658 0.8378917378917283 129
1780698704672 0.8601921607162264 130
1780698704696 0.8244485294117555 131
1780698704717 0.7613810741687903 132
1780698704734 0.8079710144927456 133
1780698704749 0.7718065316246305 134
1780698704780 0.7946143548553108 135
1780698704796 0.773916773916766 136
1780698704813 0.7383006969797465 137
1780698704833 0.7853451839603062 138
1780698704847 0.7554644808743093 139
1780698704865 0.8544908961448393 140
1780698704893 0.7831202046035728 141
1780698704916 0.8115449915110272 142
1780698704931 0.7871392190152722 143
1780698704946 0.8345538236217092 144
1780698704959 0.7913486005088977 145
1780698704978 0.7677117877600164 146
1780698704992 0.843434343434335 147
1780698705005 0.7982269105599736 148
1780698705023 0.7713324926439603 149
1780698705037 0.462499999999992 150
1780698705051 0.42337662337661597 151
1780698705069 0.47812499999999164 152
1780698705086 0.5104310477066955 153
1780698705100 0.45569620253163834 154
1780698705113 0.4531344183242856 155
1780698705141 0.5753465943339271 156
1780698705158 0.5521398432790764 157
1780698705173 0.4831541218637939 158
1780698705186 0.5695782487689911 159
1780698705201 0.44701710471422207 160
1780698705214 0.503124999999995 161
1780698705227 0.5102776499463062 162
1780698705241 0.5891774891774828 163
1780698705256 0.5341130604288455 164
1780698705270 0.5759318913943805 165
1780698705284 0.5648745519713213 166
1780698705297 0.5643459915611764 167
1780698705310 0.5912004662004606 168
1780698705323 0.5917523694293141 169
1780698705336 0.4989604989604954 170
1780698705362 0.5556057866184401 171
1780698705375 0.5537634408602105 172
1780698705390 0.5563592525617796 173
1780698705404 0.5630824372759806 174
1780698705418 0.5633468834688298 175
1780698705432 0.5489510489510443 176
1780698705447 0.5841355410088512 177
1780698705463 0.5086638428956451 178
1780698705477 0.5194805194805158 179
1780698705491 0.6398601398601332 180
1780698705504 0.5843287147634915 181
1780698705521 0.5620354101905614 182
1780698705534 0.5312499999999958 183
1780698705549 0.5953947368420995 184
1780698705564 0.5274033476521955 185
1780698705579 0.5975609756097497 186
1780698705610 0.5507746586899781 187
1780698705632 0.5218749999999961 188
1780698705649 0.5239977413890416 189
1780698705665 0.5650406504064989 190
1780698705680 0.5908929836994979 191
1780698705698 0.567413905133198 192
1780698705712 0.5419652810957115 193
1780698705726 0.5511517615176104 194
1780698705741 0.5189601540512478 195
1780698705758 0.5958624708624654 196
1780698705772 0.484374999999997 197
1780698705786 0.514782326185831 198
1780698705800 0.5460526315789429 199
1780698705814 0.5159214092140878 200
1780698705827 0.5830419580419527 201
1780698705842 0.6197916666666594 202
1780698705868 0.6158536585365789 203
1780698705882 0.5428571428571386 204
1780698705897 0.5343749999999955 205
1780698705910 0.555297628917256 206
1780698705925 0.5735867446393708 207
1780698705937 0.6299807435935354 208
1780698705951 0.5705627705627652 209
1780698705965 0.5718749999999948 210
1780698705981 0.5515922681129143 211
1780698705994 0.6151681232409952 212
1780698706007 0.5031754672473201 213
1780698706023 0.5323529411764661 214
1780698706039 0.5766731643924572 215
1780698706052 0.5749999999999948 216
1780698706068 0.5867446393762126 217
1780698706081 0.49378881987577333 218
1780698706105 0.5546863015799923 219
1780698706120 0.590322580645156 220
1780698706136 0.5499999999999952 221
1780698706151 0.5433604336043315 222
1780698706170 0.5116938341601667 223
1780698706183 0.5452523393158415 224
1780698706197 0.5143262603054427 225
1780698706212 0.568004459308802 226
1780698706227 0.4915529564652339 227
1780698706240 0.56197063805759 228
1780698706255 0.5565412037804625 229
1780698706270 0.5687499999999948 230
1780698706283 0.5718412087098158 231
1780698706297 0.5276806526806488 232
1780698706310 0.5333008447043495 233
1780698706336 0.5523297491039383 234
1780698706365 0.49570434009776 235
1780698706382 0.554315476190471 236
1780698706400 0.5424605334784932 237
1780698706416 0.5123070504797625 238
1780698706431 0.5021645021644988 239
1780698706448 0.5922077922077857 240
1780698706466 0.5131118881118845 241
1780698706481 0.5662202380952328 242
1780698706500 0.5353559483994226 243
1780698706521 0.5212703962703924 244
1780698706557 0.5178492075248071 245
1780698706589 0.5838709677419301 246
1780698706604 0.5645007166746248 247
1780698706618 0.5522303783173302 248
1780698706644 0.5438060698606555 249
1780698706674 0.5437010247136785 250
1780698706694 0.5304844855743016 251
1780698706715 0.5093749999999966 252
1780698706740 0.5569765222370627 253
1780698706754 0.5527994330262178 254
1780698706770 0.5405405405405364 255
1780698706785 0.6095715878324511 256
1780698706799 0.49744637385086454 257
1780698706814 0.5325203252032479 258
1780698706827 0.5330572173646222 259
1780698706842 0.564500082904986 260
1780698706855 0.5381253767329675 261
1780698706867 0.5327492699207301 262
1780698706881 0.5164502164502127 263
1780698706894 0.5392578436056651 264
1780698706919 0.5137254901960749 265
1780698706934 0.5239897283416639 266
1780698706948 0.5515416474919421 267
1780698706965 0.5546019732396225 268
1780698706978 0.5700260776192618 269
1780698706991 0.5325816614160128 270
1780698707004 0.5766666666666616 271
1780698707017 0.5531249999999953 272
1780698707029 0.5480134990029097 273
1780698707043 0.56995100707675 274
1780698707055 0.569696969696964 275
1780698707068 0.570675105485227 276
1780698707082 0.5656249999999946 277
1780698707095 0.5532467532467483 278
1780698707108 0.532069454287735 279
1780698707130 0.605194805194799 280
1780698707145 0.5038986354775794 281
1780698707158 0.5866538290623559 282
1780698707172 0.6025868178596676 283
1780698707185 0.5468749999999954 284
1780698707201 0.4906094968107692 285
1780698707218 0.5392852176331484 286
1780698707231 0.5564692982456093 287
1780698707243 0.5643274853801117 288
1780698707257 0.5937499999999944 289
1780698707270 0.6271762560106049 290
1780698707286 0.5038986354775794 291
1780698707301 0.542363433667777 292
1780698707318 0.5481029810298055 293
1780698707333 0.6223921006529636 294
1780698707366 0.555297628917256 295
1780698707382 0.599134199134193 296
1780698707397 0.560592115355111 297
1780698707414 0.5394469812277989 298
