1780122457449 0.0 0
1780122457451 0.1 1
1780122457452 0.16499999999999998 2
1780122457454 0.23000000000000004 3
1780122457456 0.42000000000000004 4
1780122457458 0.34 5
1780122457459 0.37499999999999994 6
1780122457461 0.4999999999999999 7
1780122457463 0.495 8
1780122457465 0.5050000000000001 9
1780122457466 0.5700000000000001 10
1780122457468 0.705 11
1780122457470 0.675 12
1780122457472 0.635 13
1780122457473 0.6499999999999999 14
1780122457475 0.6649999999999999 15
1780122457477 0.675 16
1780122457478 0.65 17
1780122457480 0.7150000000000001 18
1780122457482 0.71 19
1780122457484 0.805 20
1780122457485 0.8049999999999999 21
1780122457487 0.8 22
1780122457489 0.79 23
1780122457490 0.8150000000000001 24
1780122457492 0.755 25
1780122457494 0.825 26
1780122457496 0.7349999999999999 27
1780122457497 0.805 28
1780122457499 0.7249999999999999 29
1780122457501 0.7849999999999999 30
1780122457503 0.7950000000000002 31
1780122457504 0.8150000000000001 32
1780122457506 0.7949999999999999 33
1780122457508 0.825 34
1780122457510 0.795 35
1780122457511 0.7699999999999999 36
1780122457513 0.74 37
1780122457515 0.8400000000000001 38
1780122457517 0.7750000000000001 39
1780122457518 0.7699999999999999 40
1780122457520 0.77 41
1780122457522 0.8400000000000001 42
1780122457523 0.765 43
1780122457525 0.8550000000000001 44
1780122457527 0.8550000000000001 45
1780122457529 0.86 46
1780122457530 0.775 47
1780122457532 0.8299999999999998 48
1780122457534 0.8699999999999999 49
1780122457535 0.8250000000000002 50
1780122457537 0.8100000000000002 51
1780122457539 0.805 52
1780122457540 0.82 53
1780122457542 0.8300000000000001 54
1780122457544 0.8150000000000001 55
1780122457546 0.8400000000000001 56
1780122457548 0.8100000000000002 57
1780122457549 0.8099999999999999 58
1780122457551 0.865 59
1780122457553 0.845 60
1780122457555 0.865 61
1780122457557 0.795 62
1780122457558 0.78 63
1780122457560 0.85 64
1780122457562 0.8100000000000002 65
1780122457563 0.875 66
1780122457565 0.82 67
1780122457567 0.805 68
1780122457569 0.8550000000000001 69
1780122457570 0.805 70
1780122457572 0.835 71
1780122457574 0.8700000000000001 72
1780122457575 0.8850000000000001 73
1780122457577 0.86 74
1780122457579 0.875 75
1780122457581 0.8550000000000001 76
1780122457582 0.835 77
1780122457584 0.825 78
1780122457586 0.82 79
1780122457588 0.875 80
1780122457589 0.8799999999999999 81
1780122457591 0.8049999999999999 82
1780122457593 0.8699999999999999 83
1780122457595 0.8150000000000001 84
1780122457596 0.8949999999999999 85
1780122457598 0.825 86
1780122457600 0.89 87
1780122457602 0.8 88
1780122457603 0.885 89
1780122457605 0.8699999999999999 90
1780122457607 0.85 91
1780122457608 0.875 92
1780122457610 0.8150000000000001 93
1780122457612 0.8550000000000001 94
1780122457613 0.8699999999999999 95
1780122457615 0.8 96
1780122457617 0.875 97
1780122457618 0.8400000000000001 98
1780122457620 0.905 99
1780122457622 0.825 100
1780122457624 0.8549999999999999 101
1780122457625 0.8200000000000001 102
1780122457627 0.835 103
1780122457629 0.8550000000000001 104
1780122457630 0.875 105
1780122457632 0.86 106
1780122457634 0.845 107
1780122457635 0.8949999999999999 108
1780122457637 0.8099999999999999 109
1780122457639 0.8800000000000001 110
1780122457640 0.8800000000000001 111
1780122457642 0.8699999999999999 112
1780122457644 0.8850000000000001 113
1780122457646 0.8800000000000001 114
1780122457647 0.8549999999999999 115
1780122457649 0.885 116
1780122457651 0.8549999999999999 117
1780122457652 0.8300000000000001 118
1780122457654 0.875 119
1780122457656 0.8150000000000001 120
1780122457657 0.875 121
1780122457659 0.875 122
1780122457661 0.82 123
1780122457662 0.8700000000000001 124
1780122457664 0.835 125
1780122457666 0.875 126
1780122457668 0.8699999999999999 127
1780122457669 0.8299999999999998 128
1780122457671 0.8799999999999999 129
1780122457673 0.865 130
1780122457675 0.885 131
1780122457676 0.85 132
1780122457678 0.835 133
1780122457680 0.875 134
1780122457681 0.8899999999999999 135
1780122457683 0.9 136
1780122457685 0.8450000000000001 137
1780122457686 0.835 138
1780122457688 0.875 139
1780122457690 0.875 140
1780122457692 0.8400000000000001 141
1780122457693 0.865 142
1780122457695 0.865 143
1780122457697 0.86 144
1780122457698 0.885 145
1780122457700 0.8949999999999999 146
1780122457702 0.835 147
1780122457704 0.8999999999999998 148
1780122457705 0.8800000000000001 149
1780122457707 0.915 150
1780122457709 0.885 151
1780122457710 0.825 152
1780122457712 0.885 153
1780122457714 0.8400000000000001 154
1780122457715 0.9 155
1780122457717 0.8799999999999999 156
1780122457719 0.885 157
1780122457720 0.95 158
1780122457722 0.9 159
1780122457724 0.8800000000000001 160
1780122457725 0.95 161
1780122457727 0.89 162
1780122457729 0.915 163
1780122457730 0.9 164
1780122457732 0.8950000000000001 165
1780122457734 0.9099999999999999 166
1780122457735 0.9099999999999999 167
1780122457737 0.9350000000000002 168
1780122457739 0.9200000000000002 169
1780122457740 0.9400000000000001 170
1780122457742 0.95 171
1780122457744 0.885 172
1780122457746 0.905 173
1780122457747 0.9549999999999998 174
1780122457749 0.9099999999999999 175
1780122457751 0.9199999999999999 176
1780122457752 0.9099999999999999 177
1780122457754 0.8949999999999999 178
1780122457756 0.9549999999999998 179
1780122457757 0.97 180
1780122457759 0.925 181
1780122457761 0.925 182
1780122457763 0.915 183
1780122457764 0.9349999999999999 184
1780122457766 0.9400000000000001 185
1780122457768 0.9399999999999998 186
1780122457769 0.8699999999999999 187
1780122457771 0.89 188
1780122457773 0.9 189
1780122457775 0.915 190
1780122457776 0.9199999999999999 191
1780122457778 0.945 192
1780122457780 0.9 193
1780122457781 0.9 194
1780122457783 0.9099999999999999 195
1780122457785 0.9099999999999999 196
1780122457786 0.9650000000000001 197
1780122457788 0.9400000000000001 198
1780122457790 0.915 199
1780122457791 0.9199999999999999 200
1780122457793 0.9149999999999998 201
1780122457795 0.9099999999999999 202
1780122457797 0.95 203
1780122457798 0.925 204
1780122457800 0.9 205
1780122457802 0.93 206
1780122457803 0.95 207
1780122457805 0.9550000000000001 208
1780122457807 0.9400000000000001 209
1780122457808 0.9349999999999999 210
1780122457810 0.9099999999999999 211
1780122457812 0.8950000000000001 212
1780122457813 0.95 213
1780122457815 0.9200000000000002 214
1780122457817 0.9399999999999998 215
1780122457818 0.9349999999999998 216
1780122457820 0.9450000000000001 217
1780122457822 0.9400000000000001 218
1780122457824 0.9549999999999998 219
1780122457825 0.945 220
1780122457827 0.9100000000000001 221
1780122457829 0.95 222
1780122457830 0.925 223
1780122457832 0.9399999999999998 224
1780122457834 0.95 225
1780122457835 0.945 226
1780122457837 0.9099999999999999 227
1780122457839 0.9249999999999998 228
1780122457840 0.9599999999999997 229
1780122457842 0.915 230
1780122457844 0.95 231
1780122457845 0.925 232
1780122457847 0.9450000000000001 233
1780122457849 0.915 234
1780122457851 0.915 235
1780122457852 0.9349999999999999 236
1780122457854 0.9199999999999999 237
1780122457856 0.9400000000000001 238
1780122457857 0.9349999999999999 239
1780122457859 0.925 240
1780122457861 0.93 241
1780122457863 0.93 242
1780122457864 0.9400000000000001 243
1780122457866 0.9400000000000001 244
1780122457868 0.97 245
1780122457870 0.9549999999999998 246
1780122457871 0.9399999999999998 247
1780122457873 0.9549999999999998 248
1780122457875 0.95 249
1780122457876 0.945 250
1780122457878 0.9399999999999998 251
1780122457880 0.9400000000000001 252
1780122457881 0.95 253
1780122457883 0.9249999999999998 254
1780122457885 0.9400000000000001 255
1780122457887 0.9200000000000002 256
1780122457888 0.915 257
1780122457890 0.945 258
1780122457892 0.9299999999999999 259
1780122457893 0.96 260
1780122457895 0.9349999999999999 261
1780122457897 0.9549999999999998 262
1780122457898 0.9349999999999999 263
1780122457900 0.9499999999999998 264
1780122457901 0.9549999999999998 265
1780122457903 0.915 266
1780122457905 0.95 267
1780122457907 0.9649999999999999 268
1780122457908 0.9299999999999999 269
1780122457910 0.945 270
1780122457912 0.9400000000000001 271
1780122457913 0.9400000000000001 272
1780122457915 0.96 273
1780122457917 0.8800000000000001 274
1780122457919 0.9649999999999999 275
1780122457920 0.93 276
1780122457922 0.9399999999999998 277
1780122457924 0.95 278
1780122457925 0.9399999999999998 279
1780122457927 0.925 280
1780122457929 0.95 281
1780122457930 0.9349999999999998 282
1780122457932 0.9749999999999999 283
1780122457934 0.945 284
1780122457935 0.9700000000000001 285
1780122457937 0.9149999999999998 286
1780122457939 0.96 287
1780122457941 0.9549999999999998 288
1780122457942 0.975 289
1780122457944 0.93 290
1780122457946 0.96 291
1780122457947 0.9650000000000001 292
1780122457949 0.9400000000000001 293
1780122457951 0.95 294
1780122457953 0.9399999999999998 295
1780122457954 0.945 296
1780122457956 0.9349999999999999 297
1780122457958 0.975 298
1780122457959 0.9400000000000001 299
1780122457961 0.945 300
1780122457963 0.9749999999999999 301
1780122457965 0.945 302
1780122457966 0.95 303
1780122457968 0.945 304
1780122457970 0.95 305
1780122457971 0.9100000000000001 306
1780122457973 0.95 307
1780122457975 0.925 308
1780122457976 0.945 309
1780122457978 0.9199999999999999 310
1780122457980 0.925 311
1780122457981 0.9299999999999999 312
1780122457983 0.93 313
