1780524413464 0.0 0
1780524413466 0.08723493766077896 1
1780524413468 0.1768939393939394 2
1780524413469 0.12373737373737374 3
1780524413471 0.05764478621506862 4
1780524413472 0.2750490197137638 5
1780524413474 0.1649693218658736 6
1780524413476 0.2142098376256468 7
1780524413477 0.19557977094741802 8
1780524413479 0.164058974344997 9
1780524413481 0.2177702556910131 10
1780524413482 0.426662100456621 11
1780524413489 0.32813505335244464 12
1780524413491 0.30670329670329666 13
1780524413492 0.18750878277732497 14
1780524413494 0.185946649316851 15
1780524413495 0.5622368085990377 16
1780524413497 0.33094901422107303 17
1780524413499 0.3228298999850724 18
1780524413500 0.3972965125353217 19
1780524413502 0.522363868889731 20
1780524413503 0.24480964955102885 21
1780524413505 0.367913877310429 22
1780524413507 0.3495640132225498 23
1780524413508 0.4551404151404152 24
1780524413510 0.2898701298701299 25
1780524413512 0.213894475664662 26
1780524413513 0.37730152200740436 27
1780524413515 0.21022521776469144 28
1780524413516 0.25744505494505493 29
1780524413518 0.4332430598426277 30
1780524413520 0.33248581483875606 31
1780524413521 0.3275809518602221 32
1780524413523 0.27084575225439017 33
1780524413525 0.3539496429202312 34
1780524413526 0.34259184566275025 35
1780524413528 0.26025284013898814 36
1780524413529 0.38317407230450706 37
1780524413531 0.4831147546700064 38
1780524413533 0.4504385005136885 39
1780524413534 0.5252294992030294 40
1780524413536 0.23284391534391533 41
1780524413538 0.42044508950169324 42
1780524413539 0.30804688877137315 43
1780524413541 0.4174234537392431 44
1780524413542 0.4075108113420807 45
1780524413544 0.310488922841864 46
1780524413546 0.3292906368993326 47
1780524413547 0.360718462823726 48
1780524413549 0.3336792284527686 49
1780524413551 0.47931199656649726 50
1780524413552 0.3750211209675626 51
1780524413554 0.3923298631193368 52
1780524413556 0.407204688959804 53
1780524413557 0.4657108250193357 54
1780524413559 0.4556349206349206 55
1780524413561 0.36393650793650795 56
1780524413562 0.4750677998472116 57
1780524413564 0.3835920667021261 58
1780524413565 0.4230067877453679 59
1780524413567 0.4579006636670707 60
1780524413569 0.48157762413576366 61
1780524413570 0.36439989501948195 62
1780524413572 0.467350266692372 63
1780524413574 0.40692696192696187 64
1780524413575 0.42678410716091475 65
1780524413577 0.42473469844347617 66
1780524413578 0.3450793650793651 67
1780524413580 0.30667078499876965 68
1780524413582 0.40485074360074363 69
1780524413583 0.3472426886614529 70
1780524413585 0.41746072723760347 71
1780524413586 0.5197074430945399 72
1780524413588 0.4800628465102149 73
1780524413590 0.43908123249299724 74
1780524413591 0.47553267553267553 75
1780524413593 0.45216794332078913 76
1780524413595 0.4438403676161114 77
1780524413596 0.3358051948051948 78
1780524413598 0.3967959606435106 79
1780524413599 0.43269705245315004 80
1780524413601 0.44573889703301467 81
1780524413603 0.4289920634920635 82
1780524413604 0.4164128804054178 83
1780524413606 0.45658426283426284 84
1780524413607 0.42182890526712036 85
1780524413609 0.41797439125503716 86
1780524413611 0.4588715145527088 87
1780524413612 0.503892572944297 88
1780524413614 0.4407811143105261 89
1780524413616 0.4658853265674855 90
1780524413617 0.28873376623376623 91
1780524413619 0.44206006599133885 92
1780524413621 0.44958804856345835 93
1780524413622 0.3894895736072207 94
1780524413624 0.422993672993673 95
1780524413625 0.4540874970677926 96
1780524413627 0.4219831932773109 97
1780524413629 0.345578940667176 98
1780524413630 0.35543995012080115 99
1780524413632 0.49066090381879857 100
1780524413634 0.40947088737861037 101
1780524413635 0.43707173296556234 102
1780524413637 0.4158371040723982 103
1780524413638 0.412836371961372 104
1780524413640 0.5192369962339003 105
1780524413642 0.486941759221171 106
1780524413643 0.4665117734003183 107
1780524413645 0.5111017316017316 108
1780524413647 0.5441468741468741 109
1780524413648 0.47682699023256303 110
1780524413650 0.48210215053763444 111
1780524413651 0.34199855699855697 112
1780524413653 0.4228499278499278 113
1780524413655 0.49934541654309095 114
1780524413656 0.4234598540811635 115
1780524413658 0.425088985088985 116
1780524413660 0.4434769137866964 117
1780524413662 0.41661772339636627 118
1780524413664 0.3530710414456545 119
1780524413666 0.3336329898637663 120
1780524413667 0.4186107475580284 121
1780524413669 0.5163801247771836 122
1780524413670 0.495170242499416 123
1780524413672 0.5009589947089946 124
1780524413674 0.38715372346951293 125
1780524413675 0.45582850417279835 126
1780524413677 0.4263285874351325 127
1780524413679 0.40394662935104114 128
1780524413680 0.5125998849716711 129
1780524413682 0.4582150156606678 130
1780524413683 0.3441627227560731 131
1780524413685 0.31378799668303947 132
1780524413687 0.4567738633915104 133
1780524413688 0.42028571428571426 134
1780524413690 0.3634672611321669 135
1780524413691 0.4216817678445586 136
1780524413693 0.4180917683848719 137
1780524413695 0.4458551027516545 138
1780524413696 0.42729861708563527 139
1780524413698 0.3381366981282995 140
1780524413700 0.41250131511001076 141
1780524413701 0.41524192139180693 142
1780524413703 0.2905904426988187 143
1780524413704 0.5163367546432063 144
1780524413706 0.3974463673629723 145
1780524413708 0.4823661134934524 146
1780524413709 0.43453260869565213 147
1780524413711 0.3958447495709159 148
1780524413713 0.4882062334334056 149
1780524413714 0.35881829662526765 150
1780524413716 0.4185394650926627 151
1780524413717 0.4122075480910067 152
1780524413719 0.4251711219814668 153
1780524413721 0.39153221778221775 154
1780524413722 0.348048041070162 155
1780524413724 0.3811173332324341 156
1780524413726 0.4646303808879873 157
1780524413727 0.3402577052577052 158
1780524413729 0.4189556798623064 159
1780524413730 0.4515205627705628 160
1780524413732 0.29118936136327445 161
1780524413733 0.45193087614140237 162
1780524413735 0.4117528060175119 163
1780524413737 0.5048977716173724 164
1780524413738 0.4400691835046674 165
1780524413740 0.36332679898717635 166
1780524413742 0.4203234265734265 167
1780524413743 0.4108752853068718 168
1780524413745 0.43881843962489125 169
1780524413746 0.360922952386367 170
1780524413748 0.5731789525028961 171
1780524413750 0.44207572269997575 172
1780524413751 0.44357686998991347 173
1780524413753 0.3705420295735934 174
1780524413754 0.3431032540178881 175
1780524413756 0.46371491202450715 176
1780524413758 0.3903108264582429 177
1780524413759 0.3703078612209047 178
1780524413761 0.3925862895067283 179
1780524413762 0.26984884568475903 180
1780524413764 0.3703880288957688 181
1780524413766 0.3366588919732936 182
1780524413767 0.4477970885323826 183
1780524413769 0.4410725241470795 184
1780524413770 0.41999444999445 185
1780524413772 0.354025974025974 186
1780524413774 0.4508857223598973 187
1780524413775 0.22793585154047782 188
1780524413777 0.24625552217257138 189
1780524413778 0.4493590467503511 190
1780524413780 0.4397890671420083 191
1780524413782 0.31003693652947384 192
1780524413783 0.3794384842210929 193
1780524413785 0.38789622885528685 194
1780524413786 0.3801149690372393 195
1780524413788 0.38137731549496257 196
1780524413790 0.39719543283594916 197
1780524413791 0.3025194052983095 198
1780524413793 0.3318053555875504 199
1780524413794 0.3969105714090214 200
1780524413796 0.39521789464701174 201
1780524413798 0.45624833324693065 202
1780524413799 0.33707000601737447 203
1780524413801 0.4151544814044813 204
1780524413802 0.4283580559926949 205
1780524413804 0.3433068253610575 206
1780524413806 0.4650187754548809 207
1780524413807 0.2558747265682658 208
1780524413809 0.3658301611242788 209
1780524413810 0.347283003016764 210
1780524413812 0.3082937751903269 211
1780524413814 0.4712731031934144 212
1780524413815 0.38082516001454303 213
1780524413817 0.4252818140169583 214
1780524413818 0.5038674965600275 215
1780524413820 0.44494757557257564 216
1780524413822 0.40379329004329 217
1780524413823 0.42068627450980395 218
1780524413825 0.39323416393705013 219
1780524413827 0.38515240750534874 220
1780524413828 0.3451340442609792 221
1780524413830 0.3373200921885132 222
1780524413831 0.46209986772486766 223
1780524413833 0.4558803418803419 224
1780524413835 0.3848598460363166 225
1780524413836 0.4409184044951452 226
1780524413838 0.4921492908714004 227
1780524413840 0.5035241438059629 228
1780524413841 0.4547273688843457 229
1780524413843 0.45066345099912875 230
1780524413844 0.3521623977873978 231
1780524413846 0.2954734878647922 232
1780524413848 0.42596083554627534 233
1780524413849 0.34931973451029713 234
1780524413851 0.462457295530825 235
1780524413852 0.3234395148648635 236
1780524413854 0.34758991008991014 237
1780524413856 0.3676902174193196 238
1780524413857 0.4601227435418612 239
1780524413859 0.4372003570050733 240
1780524413861 0.3685469421882465 241
1780524413862 0.36551538908246217 242
1780524413864 0.3772017980713633 243
1780524413865 0.3969980369675492 244
1780524413867 0.39010944480767135 245
1780524413869 0.4162571208984252 246
1780524413870 0.3555620404457614 247
1780524413872 0.40311942959001784 248
1780524413873 0.47729677828763195 249
1780524413875 0.4475588349143492 250
1780524413877 0.47176543116362846 251
1780524413878 0.4314226820225735 252
1780524413880 0.43720896750308513 253
1780524413881 0.39774011299435025 254
1780524413883 0.4617803565820644 255
1780524413885 0.3473461125340825 256
1780524413886 0.44714092924619236 257
1780524413888 0.37928262213976505 258
1780524413889 0.4658624708624708 259
1780524413891 0.43594556381780636 260
1780524413893 0.3881025016389535 261
1780524413894 0.45957447362367265 262
1780524413896 0.453030118030118 263
1780524413897 0.39540149393090573 264
1780524413899 0.477559871466317 265
1780524413901 0.46507894736842104 266
1780524413902 0.44739826839826835 267
1780524413904 0.38362021563564475 268
1780524413905 0.3363518727649163 269
1780524413907 0.45461129321541227 270
1780524413909 0.37546074215639436 271
1780524413910 0.4176953870502258 272
1780524413912 0.3539284986966439 273
1780524413913 0.2937830269238497 274
1780524413915 0.40208378539023704 275
1780524413917 0.42393776111167414 276
1780524413918 0.4066186922530206 277
1780524413920 0.4577672619916452 278
1780524413921 0.39096529201792357 279
1780524413923 0.39824244955823906 280
1780524413924 0.3375257581079499 281
1780524413926 0.331226131678169 282
1780524413928 0.45574265449218004 283
1780524413929 0.40860889398077893 284
1780524413931 0.3810231397459165 285
1780524413933 0.4475253586282998 286
1780524413934 0.4708221654960785 287
1780524413936 0.22327343718648068 288
1780524413937 0.31994949494949493 289
1780524413939 0.43041582245546445 290
1780524413941 0.446115753811406 291
1780524413942 0.35035930735930737 292
1780524413944 0.417339982694272 293
1780524413946 0.3193162393162393 294
1780524413947 0.4655160730742126 295
1780524413949 0.48256022326674497 296
1780524413950 0.41106354352063734 297
1780524413952 0.46547086247086245 298
