1780537258346 0.0 0
1780537258348 0.4125 1
1780537258350 0.425 2
1780537258352 0.3825 3
1780537258354 0.6871184371184371 4
1780537258356 0.4225 5
1780537258358 0.6135161135161135 6
1780537258360 0.6154891304347826 7
1780537258362 0.3925 8
1780537258364 0.5929383116883117 9
1780537258366 0.4025 10
1780537258368 0.9217171717171717 11
1780537258370 0.8863636363636364 12
1780537258372 0.6479591836734694 13
1780537258374 0.3925 14
1780537258376 0.5916100149228984 15
1780537258378 0.3775 16
1780537258380 0.537379718726869 17
1780537258382 0.6239837398373984 18
1780537258383 0.7974987974987975 19
1780537258385 0.6128632175761871 20
1780537258387 0.8175883256528418 21
1780537258389 0.9107142857142857 22
1780537258391 0.7619047619047619 23
1780537258393 0.6632653061224489 24
1780537258395 0.683047397499273 25
1780537258397 0.7048585394756333 26
1780537258399 0.8475177304964538 27
1780537258401 0.7282347282347282 28
1780537258403 0.3825 29
1780537258405 0.6548713235294117 30
1780537258407 0.907035175879397 31
1780537258409 0.415 32
1780537258411 0.9020100502512562 33
1780537258413 0.7296195652173914 34
1780537258415 0.6259145167500964 35
1780537258417 0.3875 36
1780537258418 0.4225 37
1780537258420 0.765625 38
1780537258422 0.8894472361809045 39
1780537258424 0.5536378668871434 40
1780537258426 0.898989898989899 41
1780537258428 0.6997181230310066 42
1780537258430 0.7760416666666667 43
1780537258432 0.7145262145262146 44
1780537258434 0.7028127313101407 45
1780537258436 0.8223538119911177 46
1780537258438 0.395 47
1780537258440 0.6458120531154239 48
1780537258442 0.6972222222222222 49
1780537258444 0.9045226130653266 50
1780537258446 0.645479668377418 51
1780537258448 0.395 52
1780537258450 0.5461408510188999 53
1780537258452 0.8076923076923077 54
1780537258454 0.7507660878447395 55
1780537258455 0.847926267281106 56
1780537258457 0.6622340425531915 57
1780537258459 0.385 58
1780537258461 0.8473684210526315 59
1780537258463 0.608065953654189 60
1780537258465 0.8262411347517731 61
1780537258467 0.7267343485617597 62
1780537258469 0.6741278483565235 63
1780537258471 0.8894472361809045 64
1780537258473 0.6619558154645874 65
1780537258475 0.9 66
1780537258477 0.7816257816257817 67
1780537258479 0.8205128205128205 68
1780537258481 0.6357142857142857 69
1780537258483 0.4275 70
1780537258485 0.8813131313131313 71
1780537258487 0.7298126347206102 72
1780537258489 0.9365482233502538 73
1780537258491 0.8871794871794871 74
1780537258493 0.8954081632653061 75
1780537258495 0.8974358974358974 76
1780537258497 0.8964646464646464 77
1780537258498 0.9045226130653266 78
1780537258500 0.6180555555555556 79
1780537258502 0.6146435452793835 80
1780537258504 0.6871794871794872 81
1780537258506 0.8819095477386935 82
1780537258508 0.8923076923076922 83
1780537258510 0.7846039970392302 84
1780537258512 0.6733821733821734 85
1780537258514 0.8182082606166377 86
1780537258517 0.6997430956968529 87
1780537258519 0.8102564102564103 88
1780537258521 0.8171724648408586 89
1780537258522 0.8290378006872852 90
1780537258524 0.7746741154562383 91
1780537258526 0.8944723618090452 92
1780537258528 0.6616161616161615 93
1780537258530 0.9116161616161615 94
1780537258532 0.9413265306122449 95
1780537258534 0.7946480511925538 96
1780537258536 0.6232943469785575 97
1780537258538 0.6437577511368334 98
1780537258540 0.8173887758069206 99
1780537258542 0.71677720461803 100
1780537258544 0.8969849246231156 101
1780537258546 0.9116161616161615 102
1780537258548 0.8375154257507198 103
1780537258550 0.8697916666666667 104
1780537258552 0.8017276840806253 105
1780537258554 0.8119911176905995 106
1780537258555 0.8883248730964467 107
1780537258557 0.6878240260702118 108
1780537258559 0.6234942807976516 109
1780537258561 0.8289473684210527 110
1780537258563 0.9005102040816326 111
1780537258565 0.5919978225367447 112
1780537258567 0.42 113
1780537258569 0.8883248730964467 114
1780537258571 0.41 115
1780537258573 0.9051282051282051 116
1780537258575 0.594749309119621 117
1780537258577 0.7278368794326242 118
1780537258579 0.9119170984455959 119
1780537258581 0.6430852370424958 120
1780537258583 0.9387755102040816 121
1780537258585 0.7073170731707317 122
1780537258587 0.5204081632653061 123
1780537258589 0.6884452510586812 124
1780537258591 0.6422939068100358 125
1780537258593 0.4125 126
1780537258595 0.7509252405625463 127
1780537258596 0.7712875359934184 128
1780537258598 0.7857142857142857 129
1780537258600 0.8448581560283688 130
1780537258602 0.612011201120112 131
1780537258604 0.8918439716312057 132
1780537258606 0.8724489795918368 133
1780537258608 0.6448028673835126 134
1780537258610 0.763157894736842 135
1780537258612 0.6474252491694352 136
1780537258614 0.917948717948718 137
1780537258616 0.385 138
1780537258618 0.6763128176171654 139
1780537258620 0.904040404040404 140
1780537258622 0.7191201353637902 141
1780537258624 0.5479623824451411 142
1780537258626 0.8445017182130584 143
1780537258628 0.7882653061224489 144
1780537258630 0.7145300153319967 145
1780537258632 0.7255892255892256 146
1780537258634 0.6627060586598159 147
1780537258636 0.8025641025641026 148
1780537258638 0.61875 149
1780537258640 0.37711410832798115 150
1780537258642 0.6485745614035088 151
1780537258644 0.6764187156344019 152
1780537258645 0.6716008771929824 153
1780537258647 0.7641843971631206 154
1780537258649 0.7390906316753127 155
1780537258651 0.7079844321264299 156
1780537258653 0.6928991406603346 157
1780537258655 0.7572765072765073 158
1780537258657 0.6957047791893527 159
1780537258659 0.6835996382273137 160
1780537258661 0.803030303030303 161
1780537258663 0.8238132645045448 162
1780537258665 0.7030695078640284 163
1780537258667 0.810515873015873 164
1780537258669 0.7467088734800522 165
1780537258671 0.6836533032185206 166
1780537258673 0.7281934683753617 167
1780537258675 0.7603049124788255 168
1780537258677 0.7048322726782439 169
1780537258679 0.8102564102564103 170
1780537258681 0.7268544495567276 171
1780537258683 0.7570319588668213 172
1780537258685 0.7076978939724038 173
1780537258687 0.7400370713623725 174
1780537258689 0.6727716727716728 175
1780537258691 0.7763538652335675 176
1780537258693 0.8051846032992931 177
1780537258695 0.7529011604641856 178
1780537258697 0.7978335478335479 179
1780537258699 0.7664930555555556 180
1780537258701 0.7893401015228426 181
1780537258703 0.7614427492223375 182
1780537258704 0.7635872899030793 183
1780537258706 0.7669376693766938 184
1780537258708 0.7988095238095239 185
1780537258710 0.8164335664335665 186
1780537258712 0.834936163157022 187
1780537258714 0.7589285714285714 188
1780537258716 0.7803030303030303 189
1780537258718 0.7641264126412641 190
1780537258720 0.6896798853320593 191
1780537258722 0.7357201142390861 192
1780537258724 0.7287296037296037 193
1780537258726 0.7975403059115337 194
1780537258728 0.7602368526696106 195
1780537258730 0.7892439994865872 196
1780537258732 0.2725 197
1780537258734 0.8226190476190476 198
1780537258736 0.7961458831024049 199
1780537258738 0.706215355584385 200
1780537258740 0.7778296503786699 201
1780537258742 0.7769607843137255 202
1780537258744 0.814968814968815 203
1780537258746 0.7688311688311689 204
1780537258748 0.8132908189087964 205
1780537258750 0.8109766207925717 206
1780537258752 0.7312138728323699 207
1780537258754 0.7553272450532724 208
1780537258756 0.7082228116710876 209
1780537258757 0.8583815028901733 210
1780537258759 0.8307291666666667 211
1780537258761 0.8046969088719389 212
1780537258763 0.7916666666666667 213
1780537258765 0.8068936877076411 214
1780537258767 0.8074469390258864 215
1780537258769 0.7954159592529711 216
1780537258771 0.8129392310872261 217
1780537258773 0.8463105963105964 218
1780537258775 0.7633181126331812 219
1780537258777 0.7626373626373626 220
1780537258779 0.7454044117647058 221
1780537258781 0.8251706142111601 222
1780537258783 0.7779448621553884 223
1780537258784 0.8557692307692308 224
1780537258786 0.8178079017495076 225
1780537258788 0.8302951388888888 226
1780537258790 0.7843074288160994 227
1780537258792 0.8485335046028688 228
1780537258794 0.74 229
1780537258796 0.8004822182037372 230
1780537258798 0.8281313749490005 231
1780537258800 0.8058523555123847 232
1780537258802 0.7606286748077793 233
1780537258804 0.7913961038961039 234
1780537258806 0.7755505364201016 235
1780537258808 0.7806267806267806 236
1780537258810 0.7907730934198138 237
1780537258812 0.6441029900332226 238
1780537258814 0.7916091425065194 239
1780537258816 0.8156078092978104 240
1780537258818 0.8203007518796992 241
1780537258820 0.837851662404092 242
1780537258821 0.8238474092207262 243
1780537258823 0.8287943940117852 244
1780537258825 0.8275726630007856 245
1780537258827 0.8460591133004927 246
1780537258829 0.7985966735966736 247
1780537258831 0.8698224852071006 248
1780537258833 0.7998661311914324 249
1780537258835 0.8859335038363171 250
1780537258837 0.7647058823529411 251
1780537258839 0.8600785179732549 252
1780537258841 0.7996459785374488 253
1780537258843 0.8228936379267993 254
1780537258845 0.8168505942275043 255
1780537258847 0.7890346861967247 256
1780537258849 0.8423790140208051 257
1780537258851 0.8333333333333333 258
1780537258853 0.7992202729044835 259
1780537258855 0.7983193277310925 260
1780537258857 0.8262129996948429 261
1780537258859 0.8486215538847117 262
1780537258861 0.7918136908962597 263
1780537258863 0.7388059701492538 264
1780537258864 0.7586894586894587 265
1780537258866 0.7744391025641025 266
1780537258868 0.8306830683068307 267
1780537258870 0.750375939849624 268
1780537258872 0.8471861471861472 269
1780537258874 0.8222601364913689 270
1780537258876 0.8331122533576522 271
1780537258878 0.812219502243982 272
1780537258880 0.8422546634225466 273
1780537258882 0.8352625635234331 274
1780537258884 0.8416666666666667 275
1780537258886 0.8004895960832313 276
1780537258888 0.8714285714285714 277
1780537258890 0.8519965277777778 278
1780537258892 0.846478724527505 279
1780537258894 0.8600000000000001 280
1780537258896 0.8378410866690709 281
1780537258898 0.7891156462585034 282
1780537258900 0.8073898578485734 283
1780537258902 0.8943573667711598 284
1780537258904 0.797275641025641 285
1780537258906 0.8121693121693121 286
1780537258908 0.8128251300520208 287
1780537258910 0.8235294117647058 288
1780537258912 0.828042328042328 289
1780537258914 0.7954934973283597 290
1780537258916 0.8032967032967033 291
1780537258918 0.7349061390157281 292
1780537258919 0.8741758241758242 293
1780537258922 0.8622742200328407 294
1780537258923 0.7882770129328327 295
1780537258925 0.8793859649122806 296
1780537258927 0.8567574680879062 297
1780537258929 0.8561346909970764 298
