1780367747684 0.0 0
1780367747686 0.09 1
1780367747687 0.25 2
1780367747689 0.29 3
1780367747691 0.445 4
1780367747692 0.6050000000000001 5
1780367747694 0.5199999999999999 6
1780367747695 0.585 7
1780367747697 0.6650000000000001 8
1780367747698 0.635 9
1780367747700 0.685 10
1780367747701 0.69 11
1780367747703 0.65 12
1780367747704 0.735 13
1780367747706 0.735 14
1780367747707 0.8149999999999998 15
1780367747709 0.8400000000000001 16
1780367747710 0.78 17
1780367747712 0.825 18
1780367747713 0.835 19
1780367747715 0.7999999999999999 20
1780367747717 0.9049999999999999 21
1780367747718 0.845 22
1780367747720 0.885 23
1780367747721 0.8649999999999999 24
1780367747723 0.9 25
1780367747724 0.905 26
1780367747726 0.8800000000000001 27
1780367747727 0.8799999999999999 28
1780367747729 0.9099999999999999 29
1780367747730 0.9 30
1780367747732 0.8799999999999999 31
1780367747733 0.9199999999999999 32
1780367747735 0.8850000000000001 33
1780367747736 0.89 34
1780367747738 0.885 35
1780367747739 0.9099999999999999 36
1780367747741 0.8550000000000001 37
1780367747743 0.8799999999999999 38
1780367747744 0.875 39
1780367747746 0.9200000000000002 40
1780367747747 0.9299999999999999 41
1780367747749 0.875 42
1780367747750 0.9 43
1780367747752 0.9099999999999998 44
1780367747753 0.8600000000000001 45
1780367747755 0.915 46
1780367747756 0.865 47
1780367747758 0.885 48
1780367747759 0.8949999999999999 49
1780367747761 0.875 50
1780367747762 0.82 51
1780367747764 0.9 52
1780367747765 0.8700000000000001 53
1780367747767 0.8400000000000001 54
1780367747769 0.89 55
1780367747770 0.8800000000000001 56
1780367747772 0.915 57
1780367747774 0.89 58
1780367747775 0.945 59
1780367747777 0.8850000000000001 60
1780367747778 0.8850000000000001 61
1780367747780 0.9099999999999999 62
1780367747781 0.9100000000000001 63
1780367747783 0.86 64
1780367747785 0.875 65
1780367747786 0.8799999999999999 66
1780367747788 0.8550000000000001 67
1780367747789 0.85 68
1780367747791 0.9 69
1780367747792 0.86 70
1780367747794 0.9299999999999999 71
1780367747795 0.875 72
1780367747797 0.8799999999999999 73
1780367747799 0.8600000000000001 74
1780367747800 0.8950000000000001 75
1780367747802 0.885 76
1780367747803 0.9049999999999999 77
1780367747805 0.905 78
1780367747806 0.8950000000000001 79
1780367747808 0.875 80
1780367747809 0.845 81
1780367747811 0.8800000000000001 82
1780367747812 0.8950000000000001 83
1780367747814 0.905 84
1780367747815 0.8799999999999999 85
1780367747817 0.865 86
1780367747818 0.885 87
1780367747820 0.86 88
1780367747821 0.89 89
1780367747823 0.875 90
1780367747824 0.8799999999999999 91
1780367747826 0.875 92
1780367747828 0.8699999999999999 93
1780367747829 0.8400000000000001 94
1780367747831 0.875 95
1780367747832 0.8699999999999999 96
1780367747834 0.8800000000000001 97
1780367747835 0.8550000000000001 98
1780367747837 0.885 99
1780367747838 0.8799999999999999 100
1780367747840 0.8949999999999999 101
1780367747841 0.9 102
1780367747843 0.9400000000000001 103
1780367747844 0.8949999999999999 104
1780367747846 0.835 105
1780367747847 0.8800000000000001 106
1780367747849 0.8699999999999999 107
1780367747850 0.9200000000000002 108
1780367747852 0.885 109
1780367747853 0.89 110
1780367747855 0.875 111
1780367747856 0.9049999999999999 112
1780367747858 0.835 113
1780367747859 0.89 114
1780367747861 0.875 115
1780367747863 0.875 116
1780367747864 0.905 117
1780367747866 0.8700000000000001 118
1780367747867 0.9 119
1780367747869 0.86 120
1780367747870 0.9099999999999999 121
1780367747872 0.9 122
1780367747873 0.905 123
1780367747875 0.915 124
1780367747876 0.8700000000000001 125
1780367747878 0.89 126
1780367747879 0.8699999999999999 127
1780367747881 0.885 128
1780367747882 0.865 129
1780367747884 0.8850000000000001 130
1780367747885 0.885 131
1780367747887 0.9149999999999998 132
1780367747888 0.8150000000000001 133
1780367747890 0.885 134
1780367747892 0.925 135
1780367747893 0.865 136
1780367747895 0.905 137
1780367747896 0.835 138
1780367747898 0.875 139
1780367747900 0.885 140
1780367747901 0.85 141
1780367747903 0.85 142
1780367747904 0.9 143
1780367747906 0.9149999999999998 144
1780367747907 0.9049999999999999 145
1780367747909 0.8699999999999999 146
1780367747910 0.8949999999999999 147
1780367747912 0.89 148
1780367747913 0.8950000000000001 149
1780367747915 0.8700000000000001 150
1780367747916 0.9 151
1780367747918 0.925 152
1780367747919 0.8800000000000001 153
1780367747921 0.85 154
1780367747922 0.8300000000000001 155
1780367747924 0.825 156
1780367747926 0.73 157
1780367747927 0.69 158
1780367747929 0.6799999999999999 159
1780367747930 0.685 160
1780367747932 0.6499999999999999 161
1780367747933 0.7300000000000001 162
1780367747935 0.73 163
1780367747936 0.75 164
1780367747938 0.77 165
1780367747939 0.69 166
1780367747941 0.8 167
1780367747942 0.73 168
1780367747944 0.745 169
1780367747945 0.7950000000000002 170
1780367747947 0.76 171
1780367747948 0.6950000000000001 172
1780367747950 0.74 173
1780367747951 0.7899999999999998 174
1780367747953 0.775 175
1780367747955 0.71 176
1780367747956 0.805 177
1780367747958 0.785 178
1780367747959 0.785 179
1780367747961 0.77 180
1780367747962 0.785 181
1780367747964 0.6849999999999999 182
1780367747965 0.69 183
1780367747967 0.685 184
1780367747968 0.78 185
1780367747970 0.7350000000000001 186
1780367747971 0.725 187
1780367747973 0.76 188
1780367747974 0.705 189
1780367747976 0.7699999999999999 190
1780367747977 0.7450000000000001 191
1780367747979 0.76 192
1780367747980 0.735 193
1780367747982 0.755 194
1780367747983 0.74 195
1780367747985 0.73 196
1780367747987 0.7350000000000001 197
1780367747988 0.74 198
1780367747990 0.735 199
1780367747991 0.6700000000000002 200
1780367747993 0.7749999999999999 201
1780367747994 0.6950000000000001 202
1780367747996 0.74 203
1780367747997 0.74 204
1780367747999 0.8100000000000002 205
1780367748000 0.775 206
1780367748002 0.785 207
1780367748003 0.74 208
1780367748005 0.7649999999999999 209
1780367748007 0.745 210
1780367748008 0.8 211
1780367748010 0.745 212
1780367748011 0.755 213
1780367748013 0.71 214
1780367748014 0.7700000000000001 215
1780367748016 0.7350000000000001 216
1780367748017 0.755 217
1780367748019 0.6699999999999999 218
1780367748020 0.67 219
1780367748022 0.735 220
1780367748023 0.73 221
1780367748025 0.7849999999999999 222
1780367748026 0.8 223
1780367748028 0.7500000000000001 224
1780367748029 0.6950000000000001 225
1780367748031 0.765 226
1780367748033 0.745 227
1780367748034 0.7350000000000001 228
1780367748036 0.735 229
1780367748037 0.76 230
1780367748039 0.6950000000000001 231
1780367748040 0.6950000000000001 232
1780367748042 0.725 233
1780367748043 0.685 234
1780367748045 0.74 235
1780367748046 0.72 236
1780367748048 0.72 237
1780367748049 0.6900000000000001 238
1780367748051 0.7300000000000001 239
1780367748052 0.75 240
1780367748054 0.77 241
1780367748055 0.73 242
1780367748057 0.77 243
1780367748058 0.725 244
1780367748060 0.715 245
1780367748062 0.665 246
1780367748063 0.7449999999999999 247
1780367748065 0.73 248
1780367748066 0.7649999999999999 249
1780367748068 0.765 250
1780367748069 0.745 251
1780367748071 0.695 252
1780367748072 0.7 253
1780367748074 0.7849999999999999 254
1780367748075 0.7699999999999999 255
1780367748077 0.775 256
1780367748078 0.725 257
1780367748080 0.7150000000000001 258
1780367748081 0.7949999999999999 259
1780367748083 0.725 260
1780367748084 0.7050000000000001 261
1780367748086 0.78 262
1780367748088 0.735 263
1780367748089 0.69 264
1780367748091 0.7100000000000001 265
1780367748092 0.72 266
1780367748094 0.705 267
1780367748095 0.735 268
1780367748097 0.7949999999999999 269
1780367748098 0.7300000000000001 270
1780367748100 0.745 271
1780367748101 0.72 272
1780367748103 0.74 273
1780367748105 0.72 274
1780367748106 0.77 275
1780367748108 0.72 276
1780367748109 0.6849999999999999 277
1780367748111 0.725 278
1780367748112 0.725 279
1780367748114 0.7299999999999999 280
1780367748115 0.7649999999999999 281
1780367748117 0.7649999999999999 282
1780367748119 0.765 283
1780367748120 0.755 284
1780367748122 0.72 285
1780367748123 0.6699999999999999 286
1780367748125 0.77 287
1780367748126 0.7300000000000001 288
1780367748128 0.74 289
1780367748129 0.72 290
1780367748131 0.71 291
1780367748132 0.74 292
1780367748134 0.6950000000000001 293
1780367748135 0.7449999999999999 294
1780367748137 0.74 295
1780367748138 0.745 296
1780367748140 0.665 297
1780367748142 0.715 298
1780367748143 0.7249999999999999 299
1780367748145 0.795 300
1780367748146 0.78 301
1780367748148 0.6900000000000001 302
1780367748149 0.725 303
1780367748151 0.7550000000000001 304
1780367748152 0.735 305
1780367748154 0.74 306
1780367748155 0.7449999999999999 307
1780367748157 0.665 308
1780367748158 0.745 309
1780367748160 0.685 310
1780367748161 0.72 311
1780367748163 0.6950000000000001 312
1780367748164 0.77 313
