1780116584866 0.0 0
1780116584869 0.04026455026455027 1
1780116584870 0.07755314603140691 2
1780116584872 0.2198826746209297 3
1780116584874 0.4163723341074757 4
1780116584876 0.5611264360901702 5
1780116584878 0.4072427960800815 6
1780116584879 0.6146345274252251 7
1780116584881 0.6355423371565643 8
1780116584883 0.8116962108962736 9
1780116584885 0.816597713373627 10
1780116584887 0.7861828491615726 11
1780116584888 0.8328965994946428 12
1780116584890 0.7765976998231802 13
1780116584892 0.8409648953714051 14
1780116584894 0.8650054180296145 15
1780116584895 0.9062006716178732 16
1780116584897 0.8641546810427606 17
1780116584899 0.8402473614336546 18
1780116584901 0.7763097513097513 19
1780116584902 0.8194586311545009 20
1780116584904 0.9399111796937885 21
1780116584906 0.8499585963242844 22
1780116584908 0.8998421043883325 23
1780116584910 0.8668915949403754 24
1780116584911 0.7429242618707271 25
1780116584913 0.7865136136647765 26
1780116584915 0.9051614104053127 27
1780116584917 0.7909492670001462 28
1780116584919 0.8879154385765424 29
1780116584920 0.9250593180888431 30
1780116584922 0.9093881486904744 31
1780116584924 0.8058555198578619 32
1780116584926 0.9450253212769258 33
1780116584927 0.9387725879189294 34
1780116584929 0.894226104012055 35
1780116584931 0.808652871186285 36
1780116584933 0.8954474704739814 37
1780116584935 0.9051300973028292 38
1780116584937 0.8135044755223632 39
1780116584938 0.9442124542124543 40
1780116584940 0.94004944349617 41
1780116584942 0.9142142860605709 42
1780116584944 0.8316284580337043 43
1780116584945 0.929633427841327 44
1780116584947 0.845213717716927 45
1780116584949 0.9039825120120369 46
1780116584951 0.9252102859397542 47
1780116584953 0.9177815247185638 48
1780116584955 0.9458071230022449 49
1780116584957 0.9252631483632768 50
1780116584958 0.9088760832663272 51
1780116584960 0.91469038449783 52
1780116584962 0.8735400729161362 53
1780116584964 0.7345556633896018 54
1780116584966 0.8696046762260684 55
1780116584967 0.9194801967395035 56
1780116584969 0.9602345215759851 57
1780116584971 0.930104131102728 58
1780116584973 0.923872155704324 59
1780116584974 0.9170135626746667 60
1780116584976 0.9102532737706038 61
1780116584978 0.9154816918231553 62
1780116584980 0.7585977585617094 63
1780116584982 0.8222744385711531 64
1780116584984 0.8489795308827836 65
1780116584986 0.9199441860864492 66
1780116584987 0.5400450788154784 67
1780116584989 0.8830884125927397 68
1780116584991 0.8988682327514164 69
1780116584993 0.9297177275033501 70
1780116584995 0.919945309192497 71
1780116584996 0.9141546281887207 72
1780116584998 0.8884967120332975 73
1780116585000 0.8868995090279965 74
1780116585002 0.791380559136152 75
1780116585003 0.9496872105216136 76
1780116585005 0.9164248129218693 77
1780116585007 0.8715579188944534 78
1780116585009 0.8014259881395048 79
1780116585010 0.8262573348773605 80
1780116585012 0.8855847612427243 81
1780116585014 0.86365337131249 82
1780116585016 0.7470790668197178 83
1780116585018 0.9451444433472675 84
1780116585019 0.9497645601675812 85
1780116585022 0.9245710665030307 86
1780116585024 0.8622283902871013 87
1780116585026 0.9093887468277713 88
1780116585027 0.9495070773633033 89
1780116585029 0.9498090924214161 90
1780116585031 0.9450339719710111 91
1780116585033 0.862329504601701 92
1780116585035 0.5585629162149522 93
1780116585036 0.805195507119165 94
1780116585038 0.9498924279412085 95
1780116585040 0.9359600857426944 96
1780116585042 0.8571878337849782 97
1780116585044 0.8747503901298966 98
1780116585045 0.9451305231793036 99
1780116585047 0.9453210888384188 100
1780116585049 0.9498927652957866 101
1780116585051 0.8879104905515085 102
1780116585053 0.9245464736791351 103
1780116585054 0.8408926278619969 104
1780116585056 0.8798053023104456 105
1780116585058 0.9143001399236498 106
1780116585060 0.8952903326310615 107
1780116585062 0.9240545111675825 108
1780116585063 0.8602097601873702 109
1780116585065 0.9499624295259725 110
1780116585067 0.9407702809243246 111
1780116585069 0.9550153898205963 112
1780116585070 0.8982976735461436 113
1780116585072 0.908165927639612 114
1780116585074 0.9598216695585118 115
1780116585076 0.9407646127841967 116
1780116585078 0.8929455787010723 117
1780116585079 0.9499781113195747 118
1780116585081 0.8526765415597252 119
1780116585083 0.8903567946172195 120
1780116585085 0.9237885525727719 121
1780116585086 0.8920150498006724 122
1780116585088 0.9513357110725531 123
1780116585090 0.9393372190598809 124
1780116585092 0.9411189952438421 125
1780116585094 0.6457810484435871 126
1780116585095 0.9305777076687904 127
1780116585097 0.6519290902114064 128
1780116585099 0.7566276599315741 129
1780116585101 0.9503983124178962 130
1780116585102 0.9196878846544487 131
1780116585104 0.9442729932296162 132
1780116585106 0.9151784272203425 133
1780116585108 0.9595502497941523 134
1780116585110 0.9296189804584586 135
1780116585111 0.935346337942242 136
1780116585113 0.8357592474615329 137
1780116585115 0.9303292236219066 138
1780116585117 0.9398082213037287 139
1780116585119 0.9391364573392813 140
1780116585121 0.8548454737481197 141
1780116585123 0.9117624628120741 142
1780116585124 0.9097837599479556 143
1780116585126 0.9453463359633478 144
1780116585128 0.954937366869331 145
1780116585130 0.9496085350963401 146
1780116585132 0.8633052786151941 147
1780116585133 0.9646835898376335 148
1780116585135 0.9548314748314748 149
1780116585137 0.9698337306681337 150
1780116585139 0.7758129113333554 151
1780116585140 0.9200499941910334 152
1780116585142 0.939930344667187 153
1780116585144 0.9302590349101978 154
1780116585146 0.9649744906355947 155
1780116585148 0.9601678057441261 156
1780116585149 0.9550745061528116 157
1780116585151 0.9234977084287295 158
1780116585153 0.9352726484754725 159
1780116585155 0.9849906191369605 160
1780116585157 0.9496060037523453 161
1780116585158 0.9597122731782551 162
1780116585160 0.9298563880539099 163
1780116585162 0.9450651252897723 164
1780116585164 0.920144290807329 165
1780116585165 0.9396211669754078 166
1780116585167 0.950090187946414 167
1780116585169 0.936929564611148 168
1780116585171 0.9593588254563864 169
1780116585173 0.9949968730456534 170
1780116585174 0.9354204752030839 171
1780116585176 0.95491386991387 172
1780116585178 0.9599203296429912 173
1780116585180 0.9705114739774562 174
1780116585181 0.9284494503025048 175
1780116585183 0.9598373513521139 176
1780116585185 0.9599593025716262 177
1780116585187 0.9599228040691455 178
1780116585189 0.9949968730456537 179
1780116585190 0.9851067631555438 180
1780116585192 0.9848587933247753 181
1780116585194 0.9499534953706968 182
1780116585196 0.9457277977055284 183
1780116585197 0.9749968730456535 184
1780116585199 0.9606914256914256 185
1780116585201 0.9746878357853968 186
1780116585203 0.969464303347487 187
1780116585205 0.8514664551289257 188
1780116585207 0.9795716917668138 189
1780116585208 0.9593819254794864 190
1780116585210 0.9436062314771382 191
1780116585212 0.9597914719865941 192
1780116585214 0.9439722035357466 193
1780116585216 0.9082875241902917 194
1780116585217 0.9307272644318466 195
1780116585219 0.9164815885868517 196
1780116585221 0.9352132343380812 197
1780116585223 0.8906342183379499 198
1780116585225 0.969865540963102 199
1780116585226 0.9597190208165818 200
1780116585228 0.9799937460913071 201
1780116585230 0.955099990676311 202
1780116585232 0.9602042943506358 203
1780116585233 0.8372588100495078 204
1780116585235 0.9799718103890118 205
1780116585237 0.9798525394160824 206
1780116585239 0.9899937460913073 207
1780116585241 0.9698337306681337 208
1780116585243 0.9396616541353383 209
1780116585244 0.9746878357853968 210
1780116585246 0.9510180262178365 211
1780116585248 0.9801036362011974 212
1780116585250 0.960218393074619 213
1780116585252 0.900325365216251 214
1780116585254 0.9649525549332996 215
1780116585255 0.9646992716312356 216
1780116585257 0.9602534850586915 217
1780116585259 0.9949968730456537 218
1780116585261 0.9649467477323703 219
1780116585262 0.9698436052608066 220
1780116585264 0.9899937460913071 221
1780116585266 0.9651709326984725 222
1780116585268 0.9649691771642992 223
1780116585270 0.9751094434021261 224
1780116585271 0.9700848274532484 225
1780116585273 0.965061536318216 226
1780116585275 0.8878414980006168 227
1780116585277 0.9799937460913071 228
1780116585279 0.9602067786727607 229
1780116585280 0.9548032852204867 230
1780116585282 0.9751036362011971 231
1780116585284 0.9547388449827474 232
1780116585286 0.9801036362011972 233
1780116585287 0.9752166532654337 234
1780116585289 0.9657896754408382 235
1780116585291 0.9452577310064548 236
1780116585293 0.9801156973108192 237
1780116585295 0.9341173650771175 238
1780116585296 0.9597885038308063 239
1780116585298 0.9639725098119879 240
1780116585300 0.9699556818876459 241
1780116585302 0.9650615363182158 242
1780116585304 0.9291533779503703 243
1780116585305 0.9752166532654337 244
1780116585307 0.9849906191369605 245
1780116585309 0.9492395544834569 246
1780116585311 0.9801928684007676 247
1780116585313 0.979993746091307 248
1780116585314 0.9507010769984483 249
1780116585316 0.9301437653652712 250
1780116585318 0.9316266043980466 251
1780116585320 0.9699906191369607 252
1780116585321 0.9748404783064604 253
1780116585323 0.9695925084756922 254
1780116585325 0.9749754310729921 255
1780116585327 0.9653919907102282 256
1780116585328 0.9547627886459722 257
1780116585330 0.9848587933247753 258
1780116585332 0.9899968730456535 259
1780116585334 0.9648462855073895 260
1780116585336 0.9406709793827981 261
1780116585337 0.9601886125570337 262
1780116585339 0.9598055410571457 263
1780116585341 0.9450821942285357 264
1780116585343 0.9801156973108194 265
1780116585345 0.9607172054998141 266
1780116585346 0.969865540963102 267
1780116585348 0.9550552824095231 268
1780116585350 0.965308565711587 269
1780116585352 0.9405580045279059 270
1780116585353 0.9357790308272378 271
1780116585355 0.9685191637630662 272
1780116585357 0.9695497560645185 273
1780116585359 0.9799906191369605 274
1780116585361 0.9200473257376156 275
1780116585363 0.98010989010989 276
1780116585365 0.9601964890847479 277
1780116585366 0.9547113327408578 278
1780116585368 0.9504379191037113 279
1780116585370 0.9849968730456535 280
1780116585372 0.9171186155945282 281
1780116585373 0.9598431585530429 282
1780116585375 0.9602299673261252 283
1780116585377 0.9745748187211604 284
1780116585379 0.9851067631555436 285
1780116585381 0.979855666370429 286
1780116585382 0.9699718103890118 287
1780116585385 0.9538354018052726 288
1780116585386 0.9650516617255429 289
1780116585388 0.9599843652282678 290
1780116585390 0.9799686834346655 291
1780116585392 0.9450742315889942 292
1780116585394 0.9749744906355946 293
1780116585395 0.9197574216031945 294
1780116585397 0.9510012135287533 295
1780116585399 0.9699686834346654 296
1780116585401 0.9649436207780239 297
1780116585402 0.9550762381250186 298
1780116585404 0.9750915750915752 299
1780116585406 0.918158308402211 300
1780116585408 0.9748436052608067 301
1780116585410 0.969662773128755 302
1780116585412 0.9801125703564727 303
1780116585413 0.9601606113980358 304
1780116585415 0.9490674779506616 305
1780116585417 0.9698185426041652 306
1780116585419 0.9701036362011971 307
1780116585421 0.9451328881027589 308
1780116585422 0.9597249347107543 309
1780116585424 0.9650714109108891 310
1780116585426 0.9648462855073895 311
1780116585428 0.9553764162108193 312
1780116585429 0.9849718103890119 313
