1780238916732 0.0 0
1780238916735 0.16 1
1780238916737 0.35 2
1780238916738 0.575 3
1780238916740 0.705 4
1780238916741 0.73 5
1780238916743 0.74 6
1780238916745 0.84 7
1780238916746 0.73 8
1780238916748 0.815 9
1780238916749 0.92 10
1780238916751 0.925 11
1780238916752 0.945 12
1780238916754 0.955 13
1780238916756 0.875 14
1780238916757 0.805 15
1780238916759 0.915 16
1780238916760 0.88 17
1780238916762 0.865 18
1780238916763 0.925 19
1780238916765 0.905 20
1780238916766 0.905 21
1780238916768 0.95 22
1780238916770 0.96 23
1780238916771 0.975 24
1780238916773 0.94 25
1780238916774 0.93 26
1780238916776 0.96 27
1780238916778 0.94 28
1780238916779 0.94 29
1780238916781 0.965 30
1780238916782 0.945 31
1780238916784 0.955 32
1780238916786 0.905 33
1780238916787 0.915 34
1780238916789 0.775 35
1780238916790 0.79 36
1780238916792 0.955 37
1780238916793 0.975 38
1780238916795 0.97 39
1780238916797 0.77 40
1780238916798 0.945 41
1780238916800 0.86 42
1780238916801 0.85 43
1780238916803 0.98 44
1780238916804 0.95 45
1780238916806 0.95 46
1780238916808 0.93 47
1780238916809 0.94 48
1780238916811 0.89 49
1780238916812 0.745 50
1780238916814 0.83 51
1780238916815 0.925 52
1780238916817 0.815 53
1780238916818 0.95 54
1780238916820 0.94 55
1780238916822 0.965 56
1780238916823 0.965 57
1780238916825 0.895 58
1780238916826 0.955 59
1780238916828 0.95 60
1780238916829 0.845 61
1780238916831 0.96 62
1780238916832 0.925 63
1780238916834 0.965 64
1780238916835 0.93 65
1780238916837 0.945 66
1780238916838 0.955 67
1780238916840 0.935 68
1780238916842 0.96 69
1780238916843 0.9 70
1780238916845 0.84 71
1780238916846 0.945 72
1780238916848 0.95 73
1780238916849 0.94 74
1780238916851 0.98 75
1780238916852 0.96 76
1780238916854 0.96 77
1780238916855 0.775 78
1780238916857 0.935 79
1780238916858 0.98 80
1780238916860 0.93 81
1780238916861 0.965 82
1780238916863 0.94 83
1780238916865 0.955 84
1780238916866 0.885 85
1780238916868 0.925 86
1780238916869 0.83 87
1780238916871 0.915 88
1780238916872 0.95 89
1780238916874 0.915 90
1780238916875 0.95 91
1780238916877 0.88 92
1780238916878 0.97 93
1780238916880 0.955 94
1780238916882 0.98 95
1780238916883 0.93 96
1780238916885 0.97 97
1780238916886 0.965 98
1780238916888 0.97 99
1780238916889 0.96 100
1780238916891 0.98 101
1780238916892 0.935 102
1780238916894 0.97 103
1780238916896 0.965 104
1780238916897 0.98 105
1780238916899 0.955 106
1780238916900 0.94 107
1780238916902 0.96 108
1780238916903 0.945 109
1780238916905 0.95 110
1780238916906 0.96 111
1780238916908 0.885 112
1780238916909 0.975 113
1780238916911 0.96 114
1780238916912 0.975 115
1780238916914 0.975 116
1780238916915 0.935 117
1780238916917 0.95 118
1780238916919 0.965 119
1780238916920 0.93 120
1780238916922 0.965 121
1780238916923 0.83 122
1780238916925 0.97 123
1780238916926 0.955 124
1780238916928 0.955 125
1780238916929 0.945 126
1780238916931 0.835 127
1780238916932 0.945 128
1780238916934 0.965 129
1780238916936 0.925 130
1780238916937 0.97 131
1780238916939 0.97 132
1780238916940 0.97 133
1780238916942 0.98 134
1780238916943 0.965 135
1780238916945 0.975 136
1780238916946 0.935 137
1780238916948 0.845 138
1780238916949 0.84 139
1780238916951 0.94 140
1780238916952 0.97 141
1780238916954 0.875 142
1780238916955 0.96 143
1780238916957 0.96 144
1780238916958 0.99 145
1780238916960 0.92 146
1780238916961 0.955 147
1780238916963 0.975 148
1780238916964 0.975 149
1780238916966 0.98 150
1780238916967 0.9 151
1780238916969 0.925 152
1780238916970 0.955 153
1780238916972 0.985 154
1780238916973 0.97 155
1780238916975 0.9 156
1780238916977 0.845 157
1780238916978 0.97 158
1780238916980 0.765 159
1780238916981 0.935 160
1780238916983 0.935 161
1780238916984 0.825 162
1780238916986 0.91 163
1780238916987 0.875 164
1780238916989 0.87 165
1780238916990 0.915 166
1780238916992 0.865 167
1780238916993 0.635 168
1780238916995 0.92 169
1780238916996 0.85 170
1780238916998 0.965 171
1780238916999 0.93 172
1780238917001 0.875 173
1780238917002 0.895 174
1780238917004 0.91 175
1780238917005 0.83 176
1780238917007 0.875 177
1780238917008 0.79 178
1780238917010 0.975 179
1780238917011 0.97 180
1780238917013 0.945 181
1780238917014 0.67 182
1780238917016 0.94 183
1780238917017 0.885 184
1780238917019 0.885 185
1780238917020 0.895 186
1780238917022 0.93 187
1780238917023 0.7 188
1780238917025 0.91 189
1780238917026 0.93 190
1780238917028 0.88 191
1780238917029 0.835 192
1780238917031 0.885 193
1780238917032 0.88 194
1780238917034 0.93 195
1780238917035 0.915 196
1780238917037 0.765 197
1780238917038 0.915 198
1780238917040 0.885 199
1780238917041 0.875 200
1780238917043 0.93 201
1780238917044 0.75 202
1780238917046 0.945 203
1780238917047 0.945 204
1780238917049 0.805 205
1780238917050 0.95 206
1780238917052 0.925 207
1780238917053 0.955 208
1780238917055 0.945 209
1780238917057 0.895 210
1780238917058 0.945 211
1780238917060 0.94 212
1780238917061 0.89 213
1780238917063 0.945 214
1780238917064 0.89 215
1780238917066 0.96 216
1780238917067 0.94 217
1780238917069 0.94 218
1780238917070 0.975 219
1780238917072 0.965 220
1780238917073 0.955 221
1780238917075 0.955 222
1780238917076 0.48 223
1780238917078 0.86 224
1780238917079 0.925 225
1780238917081 0.815 226
1780238917082 0.95 227
1780238917084 0.94 228
1780238917085 0.92 229
1780238917087 0.945 230
1780238917088 0.925 231
1780238917090 0.94 232
1780238917092 0.905 233
1780238917093 0.73 234
1780238917095 0.875 235
1780238917096 0.88 236
1780238917098 0.9 237
1780238917099 0.945 238
1780238917101 0.945 239
1780238917102 0.935 240
1780238917104 0.885 241
1780238917105 0.89 242
1780238917107 0.945 243
1780238917108 0.88 244
1780238917110 0.99 245
1780238917111 0.965 246
1780238917113 0.94 247
1780238917114 0.955 248
1780238917116 0.96 249
1780238917118 0.96 250
1780238917119 0.905 251
1780238917121 0.95 252
1780238917122 0.95 253
1780238917124 0.945 254
1780238917125 0.95 255
1780238917127 0.95 256
1780238917128 0.81 257
1780238917130 0.965 258
1780238917131 0.935 259
1780238917133 0.955 260
1780238917134 0.96 261
1780238917136 0.935 262
1780238917137 0.91 263
1780238917139 0.97 264
1780238917140 0.93 265
1780238917142 0.935 266
1780238917143 0.825 267
1780238917145 0.89 268
1780238917146 0.94 269
1780238917148 0.94 270
1780238917149 0.955 271
1780238917151 0.955 272
1780238917153 0.945 273
1780238917154 0.945 274
1780238917156 0.905 275
1780238917157 0.86 276
1780238917159 0.91 277
1780238917160 0.935 278
1780238917162 0.965 279
1780238917163 0.915 280
1780238917165 0.9 281
1780238917166 0.93 282
1780238917168 0.82 283
1780238917169 0.835 284
1780238917171 0.895 285
1780238917172 0.955 286
1780238917174 0.95 287
1780238917175 0.95 288
1780238917177 0.875 289
1780238917178 0.93 290
1780238917180 0.9 291
1780238917181 0.955 292
1780238917183 0.955 293
1780238917184 0.945 294
1780238917186 0.945 295
1780238917187 0.94 296
1780238917189 0.96 297
1780238917190 0.935 298
1780238917192 0.92 299
1780238917193 0.965 300
1780238917195 0.985 301
1780238917196 0.955 302
1780238917198 0.895 303
1780238917199 0.84 304
1780238917201 0.95 305
1780238917202 0.89 306
1780238917204 0.865 307
1780238917205 0.96 308
1780238917207 0.965 309
1780238917208 0.96 310
1780238917210 0.855 311
1780238917211 0.935 312
1780238917213 0.945 313
