1780281313266 0.0 0
1780281313269 0.5287272727272727 1
1780281313272 0.5904358109082519 2
1780281313275 0.5628703094140882 3
1780281313277 0.7307936507936508 4
1780281313280 0.7395833333333333 5
1780281313282 0.7898276586801177 6
1780281313284 0.8044083352140223 7
1780281313286 0.7994987468671679 8
1780281313288 0.81998199819982 9
1780281313290 0.7762180856474418 10
1780281313292 0.8142150586226808 11
1780281313294 0.7631551848419318 12
1780281313296 0.8246449059345173 13
1780281313298 0.8549093183239524 14
1780281313300 0.794377993430126 15
1780281313303 0.7162673392181589 16
1780281313305 0.7522687631133245 17
1780281313307 0.8217514196226223 18
1780281313310 0.6791680495630048 19
1780281313312 0.7996794871794872 20
1780281313314 0.7849946248656217 21
1780281313316 0.82 22
1780281313318 0.82 23
1780281313321 0.8497596153846154 24
1780281313323 0.7631551848419318 25
1780281313325 0.8368013055895553 26
1780281313327 0.8032240974797548 27
1780281313329 0.8247853620685339 28
1780281313331 0.7372845733501472 29
1780281313333 0.7708232538005144 30
1780281313335 0.7612698412698413 31
1780281313337 0.7941302000954031 32
1780281313339 0.8244634165802283 33
1780281313341 0.8389694041867954 34
1780281313343 0.7995425458096682 35
1780281313345 0.6834011759384894 36
1780281313347 0.7847363019699132 37
1780281313349 0.8449961249031226 38
1780281313351 0.8282828282828283 39
1780281313353 0.8686868686868687 40
1780281313354 0.81998199819982 41
1780281313356 0.6996996996996997 42
1780281313358 0.8349958748968724 43
1780281313360 0.8108448928121059 44
1780281313362 0.8298468621759583 45
1780281313364 0.83998399839984 46
1780281313366 0.7517164500519369 47
1780281313368 0.7845637415766928 48
1780281313370 0.500477937775585 49
1780281313372 0.45459157787924914 50
1780281313374 0.8181818181818181 51
1780281313376 0.7544757033248082 52
1780281313378 0.8845120634681529 53
1780281313380 0.7455470737913485 54
1780281313382 0.8599859985998599 55
1780281313384 0.7724917212265223 56
1780281313385 0.84375 57
1780281313388 0.79 58
1780281313390 0.8176748176748176 59
1780281313392 0.8098224152553263 60
1780281313394 0.8058461870348399 61
1780281313396 0.8098224152553263 62
1780281313398 0.8376623376623377 63
1780281313400 0.8357963875205254 64
1780281313404 0.8089983022071308 65
1780281313408 0.7333405893717178 66
1780281313411 0.8497596153846154 67
1780281313414 0.8340666247642992 68
1780281313417 0.8286117552172598 69
1780281313420 0.8262014483212641 70
1780281313422 0.8132586367880486 71
1780281313425 0.8693598633303186 72
1780281313427 0.7931330255556397 73
1780281313429 0.8796992481203008 74
1780281313431 0.8147730970438787 75
1780281313433 0.744993624840621 76
1780281313435 0.6592292089249493 77
1780281313437 0.7847363019699132 78
1780281313439 0.7195099362282025 79
1780281313442 0.7892412685668406 80
1780281313444 0.818840579710145 81
1780281313445 0.8421226859514654 82
1780281313447 0.8549963749093727 83
1780281313449 0.85143062066139 84
1780281313452 0.7973657548125632 85
1780281313454 0.6349153667441089 86
1780281313456 0.6624617408964787 87
1780281313458 0.8449961249031226 88
1780281313460 0.6145833333333333 89
1780281313462 0.3814975654691407 90
1780281313464 0.8068843132649599 91
1780281313466 0.8068843132649599 92
1780281313468 0.8125 93
1780281313470 0.8327886296268147 94
1780281313472 0.8133151694038698 95
1780281313474 0.808 96
1780281313476 0.8446854881134297 97
1780281313478 0.8726795854447302 98
1780281313480 0.813953488372093 99
1780281313482 0.8347976270931892 100
1780281313484 0.8399359743897559 101
1780281313486 0.832618474735851 102
1780281313488 0.8383838383838383 103
1780281313490 0.8949763696831787 104
1780281313492 0.89 105
1780281313494 0.8594941790445605 106
1780281313496 0.7894736842105263 107
1780281313498 0.839421918908069 108
1780281313500 0.85 109
1780281313502 0.8796992481203008 110
1780281313504 0.8242574878863197 111
1780281313506 0.6353840711817366 112
1780281313508 0.8572011423908609 113
1780281313510 0.864726070292342 114
1780281313512 0.8665845648604269 115
1780281313514 0.7866666666666666 116
1780281313516 0.7287161892603526 117
1780281313519 0.8448098921178444 118
1780281313521 0.8547057792028858 119
1780281313523 0.8199279711884754 120
1780281313525 0.8138248357669087 121
1780281313527 0.8478084415584416 122
1780281313528 0.8738616009485607 123
1780281313530 0.8558335907733499 124
1780281313533 0.83998399839984 125
1780281313535 0.7437611408199644 126
1780281313537 0.8146431881371641 127
1780281313538 0.8298468621759583 128
1780281313540 0.7618504724987966 129
1780281313542 0.8748466871918099 130
1780281313545 0.7575757575757576 131
1780281313547 0.8357963875205254 132
1780281313548 0.8382003705733448 133
1780281313550 0.9098557692307692 134
1780281313552 0.8449961249031226 135
1780281313554 0.8395989974937343 136
1780281313556 0.8001998001998003 137
1780281313558 0.8449030644152595 138
1780281313560 0.8411844565690719 139
1780281313563 0.7714285714285715 140
1780281313565 0.8337991992143234 141
1780281313567 0.7868967488760104 142
1780281313569 0.9146393512590696 143
1780281313571 0.8998397435897436 144
1780281313573 0.8795664391810518 145
1780281313575 0.8677652324280338 146
1780281313577 0.8845120634681529 147
1780281313579 0.9094202898550725 148
1780281313581 0.7058744886226904 149
1780281313583 0.8266013871889024 150
1780281313585 0.8649155722326454 151
1780281313587 0.8602158887939737 152
1780281313588 0.8798076923076923 153
1780281313590 0.6589797344514325 154
1780281313593 0.8649696181640869 155
1780281313595 0.8372495168345031 156
1780281313597 0.843871975019516 157
1780281313599 0.6116923740696796 158
1780281313601 0.7765014683333766 159
1780281313603 0.8541797611565054 160
1780281313605 0.8443821973233738 161
1780281313607 0.8649696181640869 162
1780281313609 0.8260869565217391 163
1780281313611 0.805008210180624 164
1780281313613 0.8590982286634461 165
1780281313615 0.8286117552172598 166
1780281313617 0.6546345811051693 167
1780281313619 0.7546908844176519 168
1780281313621 0.7793190416141236 169
1780281313623 0.7178819444444444 170
1780281313625 0.8395989974937343 171
1780281313627 0.83998399839984 172
1780281313629 0.8749968749218731 173
1780281313631 0.8665845648604269 174
1780281313633 0.19613741500037918 175
1780281313635 0.3505469907626344 176
1780281313637 0.41002949852507375 177
1780281313639 0.5881354095162398 178
1780281313641 0.6940745755911633 179
1780281313643 0.7643362136684996 180
1780281313645 0.5866819747416763 181
1780281313647 0.7481854540068138 182
1780281313649 0.7588908981314044 183
1780281313651 0.813632441760138 184
1780281313653 0.8647734956051386 185
1780281313655 0.8053625960602705 186
1780281313657 0.7296932017840249 187
1780281313659 0.7546666666666666 188
1780281313661 0.7983193277310925 189
1780281313663 0.8690732254746096 190
1780281313665 0.862704717073649 191
1780281313667 0.8843183287400904 192
1780281313670 0.833492645925195 193
1780281313672 0.8026606784389778 194
1780281313674 0.8545454545454545 195
1780281313676 0.8031862549535892 196
1780281313678 0.8162702868224967 197
1780281313680 0.6619490905421428 198
1780281313682 0.8831229546517064 199
1780281313684 0.7507136826022275 200
1780281313686 0.9340659340659341 201
1780281313688 0.939896622190167 202
1780281313690 0.8983223182511438 203
1780281313691 0.9102843984568916 204
1780281313694 0.8222485557695156 205
1780281313696 0.8420844848006317 206
1780281313698 0.8885918003565062 207
1780281313700 0.9095431931252826 208
1780281313702 0.8757804583047302 209
1780281313716 0.8965992647058824 210
1780281313718 0.86271180317208 211
1780281313720 0.9304831421619744 212
1780281313722 0.9019319407668922 213
1780281313724 0.9073108562159657 214
1780281313726 0.8783619408028112 215
1780281313728 0.8310632456973921 216
1780281313730 0.8690732254746096 217
1780281313732 0.836553234611487 218
1780281313734 0.9328756674294432 219
1780281313736 0.9247648902821317 220
1780281313738 0.7406789976449419 221
1780281313740 0.8566308243727598 222
1780281313742 0.9198297924825014 223
1780281313744 0.9084668192219679 224
1780281313746 0.7277951406391774 225
1780281313748 0.830220713073005 226
1780281313750 0.8947229898670878 227
1780281313752 0.861230606977325 228
1780281313754 0.8918772807136099 229
1780281313756 0.9267832502604827 230
1780281313758 0.9064808753390068 231
1780281313760 0.8157652322674036 232
1780281313762 0.9004314636574842 233
1780281313764 0.8888561995358112 234
1780281313766 0.9160613397901534 235
1780281313768 0.9141209667525456 236
1780281313770 0.8871473354231975 237
1780281313772 0.8903508771929824 238
1780281313774 0.9344906649197511 239
1780281313775 0.9202279202279202 240
1780281313777 0.9053926206244087 241
1780281313779 0.9611445699536509 242
1780281313782 0.895162036323271 243
1780281313784 0.8851102941176471 244
1780281313786 0.910267471958585 245
1780281313788 0.9062818710548802 246
1780281313790 0.7964456274954983 247
1780281313791 0.8966014530216865 248
1780281313793 0.8064940593676226 249
1780281313795 0.9031476997578692 250
1780281313797 0.8139727159983464 251
1780281313799 0.9370691381332418 252
1780281313801 0.9165623696287026 253
1780281313802 0.902656097900153 254
1780281313804 0.9589093363857826 255
1780281313806 0.8962623951182304 256
1780281313808 0.6788048552754435 257
1780281313810 0.7031924072476272 258
1780281313821 0.9476363636363636 259
1780281313828 0.9451754385964912 260
1780281313830 0.9131944444444444 261
1780281313832 0.9342085588683873 262
1780281313834 0.8649878195532859 263
1780281313836 0.8604769152714358 264
1780281313842 0.9528246255454653 265
1780281313845 0.9271499056260142 266
1780281313847 0.8496289758425681 267
1780281313849 0.9088319088319088 268
1780281313851 0.9565972222222222 269
1780281313855 0.9141209667525456 270
1780281313857 0.8918139199423007 271
1780281313860 0.9170680361073011 272
1780281313862 0.8609225471042088 273
1780281313864 0.8965992647058824 274
1780281313866 0.9007936507936507 275
1780281313868 0.8973174175330509 276
1780281313870 0.9354289571776584 277
1780281313872 0.949685534591195 278
1780281313874 0.9148670507108602 279
1780281313876 0.8203054806828391 280
1780281313878 0.8838964356205735 281
1780281313880 0.8908177748662518 282
1780281313882 0.890625 283
1780281313884 0.9536408490347363 284
1780281313892 0.9536554281079829 285
1780281313894 0.8248747854716122 286
1780281313896 0.9095840867992766 287
1780281313898 0.9180302027176142 288
1780281313900 0.6249156060113525 289
1780281313902 0.9007936507936507 290
1780281313904 0.8746081504702194 291
1780281313906 0.8456324037719387 292
1780281313908 0.9259368982372982 293
1780281313910 0.9131944444444444 294
1780281313912 0.9078826161337018 295
1780281313914 0.8787917450799018 296
1780281313916 0.9141209667525456 297
1780281313918 0.9278759466282005 298
1780281313920 0.9047619047619048 299
1780281313922 0.9238964992389649 300
1780281313924 0.8639492802916928 301
1780281313925 0.9078826161337018 302
1780281313927 0.9148670507108602 303
1780281313929 0.9354289571776584 304
1780281313931 0.8929909042268593 305
1780281313933 0.945938640356805 306
1780281313935 0.933556824016188 307
1780281313936 0.9214454045561665 308
1780281313938 0.8820615638636632 309
1780281313940 0.7277951406391774 310
1780281313942 0.966078697421981 311
1780281313944 0.9649368863955119 312
1780281313946 0.8095289924083698 313
1780281313949 0.8928087266307261 314
1780281313951 0.9131944444444444 315
1780281313953 0.9476363636363636 316
1780281313954 0.7083822326540774 317
1780281313956 0.9542349056912164 318
1780281313958 0.9392909179213211 319
1780281313960 0.9002083883654721 320
1780281313962 0.8673242767730956 321
1780281313964 0.9410307819318315 322
1780281313966 0.9544159544159544 323
1780281313968 0.9385045422781272 324
1780281313970 0.9306409407610581 325
1780281313972 0.8688811188811189 326
1780281313974 0.9285714285714286 327
1780281313976 0.8746438746438747 328
1780281313978 0.9365804160324709 329
1780281313980 0.719551282051282 330
1780281313982 0.9044433827042523 331
1780281313984 0.9359999999999999 332
1780281313986 0.9127272727272727 333
1780281313988 0.9480834126503418 334
1780281313990 0.9139044339216531 335
1780281313992 0.9148670507108602 336
1780281313994 0.948511113018107 337
1780281313996 0.829059829059829 338
1780281313998 0.8452380952380952 339
1780281314000 0.9262181106160787 340
1780281314002 0.9523663706576844 341
1780281314004 0.8929909042268593 342
1780281314006 0.9115375455071281 343
1780281314008 0.9411591644601354 344
1780281314011 0.7870074547390842 345
1780281314014 0.9278759466282005 346
1780281314017 0.7844470237108274 347
1780281314020 0.898236092265943 348
