1780544685479 0.0 0
1780544685483 0.12 1
1780544685485 0.17 2
1780544685487 0.13 3
1780544685489 0.185 4
1780544685490 0.195 5
1780544685492 0.21 6
1780544685494 0.18 7
1780544685496 0.25 8
1780544685497 0.26 9
1780544685499 0.24 10
1780544685501 0.225 11
1780544685503 0.27 12
1780544685504 0.25 13
1780544685506 0.29 14
1780544685508 0.285 15
1780544685510 0.29 16
1780544685511 0.305 17
1780544685513 0.325 18
1780544685515 0.255 19
1780544685516 0.29 20
1780544685518 0.33 21
1780544685520 0.285 22
1780544685521 0.285 23
1780544685523 0.33 24
1780544685525 0.305 25
1780544685527 0.32 26
1780544685528 0.265 27
1780544685530 0.265 28
1780544685532 0.285 29
1780544685533 0.25 30
1780544685535 0.345 31
1780544685537 0.35 32
1780544685539 0.37 33
1780544685540 0.345 34
1780544685542 0.335 35
1780544685544 0.335 36
1780544685545 0.36 37
1780544685547 0.375 38
1780544685549 0.33 39
1780544685550 0.325 40
1780544685552 0.275 41
1780544685554 0.355 42
1780544685556 0.31 43
1780544685557 0.32 44
1780544685559 0.37 45
1780544685561 0.245 46
1780544685562 0.38 47
1780544685564 0.265 48
1780544685566 0.33 49
1780544685567 0.32 50
1780544685569 0.345 51
1780544685571 0.25 52
1780544685573 0.33 53
1780544685574 0.32 54
1780544685576 0.3 55
1780544685578 0.33 56
1780544685579 0.31 57
1780544685581 0.33 58
1780544685583 0.37 59
1780544685584 0.33 60
1780544685586 0.32 61
1780544685588 0.31 62
1780544685589 0.34 63
1780544685591 0.465 64
1780544685593 0.35 65
1780544685594 0.35 66
1780544685596 0.285 67
1780544685598 0.355 68
1780544685600 0.365 69
1780544685601 0.375 70
1780544685603 0.375 71
1780544685605 0.27 72
1780544685606 0.265 73
1780544685608 0.395 74
1780544685610 0.315 75
1780544685612 0.375 76
1780544685613 0.415 77
1780544685615 0.335 78
1780544685617 0.34 79
1780544685618 0.31 80
1780544685620 0.37 81
1780544685622 0.32 82
1780544685623 0.38 83
1780544685625 0.33 84
1780544685627 0.255 85
1780544685629 0.355 86
1780544685631 0.335 87
1780544685632 0.305 88
1780544685634 0.325 89
1780544685636 0.275 90
1780544685638 0.305 91
1780544685639 0.455 92
1780544685641 0.355 93
1780544685643 0.27 94
1780544685645 0.285 95
1780544685646 0.34 96
1780544685653 0.315 97
1780544685655 0.41 98
1780544685657 0.235 99
1780544685658 0.41 100
1780544685660 0.365 101
1780544685662 0.325 102
1780544685664 0.37 103
1780544685665 0.27 104
1780544685667 0.325 105
1780544685669 0.35 106
1780544685671 0.29 107
1780544685672 0.415 108
1780544685674 0.445 109
1780544685676 0.44 110
1780544685677 0.335 111
1780544685679 0.35 112
1780544685681 0.32 113
1780544685683 0.335 114
1780544685684 0.305 115
1780544685686 0.34 116
1780544685688 0.33 117
1780544685690 0.345 118
1780544685691 0.34 119
1780544685693 0.36 120
1780544685695 0.345 121
1780544685697 0.3 122
1780544685698 0.36 123
1780544685700 0.425 124
1780544685702 0.355 125
1780544685704 0.425 126
1780544685705 0.385 127
1780544685707 0.345 128
1780544685709 0.245 129
1780544685711 0.18 130
1780544685712 0.28 131
1780544685714 0.365 132
1780544685716 0.335 133
1780544685718 0.34 134
1780544685720 0.385 135
1780544685721 0.305 136
1780544685723 0.32 137
1780544685725 0.295 138
1780544685727 0.345 139
1780544685729 0.33 140
1780544685730 0.41 141
1780544685732 0.25 142
1780544685734 0.34 143
1780544685736 0.42 144
1780544685737 0.375 145
1780544685739 0.415 146
1780544685741 0.36 147
1780544685743 0.36 148
1780544685744 0.38 149
1780544685746 0.405 150
1780544685748 0.34 151
1780544685750 0.35 152
1780544685751 0.305 153
1780544685753 0.38 154
1780544685755 0.31 155
1780544685757 0.375 156
1780544685758 0.32 157
1780544685760 0.32 158
1780544685762 0.385 159
1780544685764 0.35 160
1780544685765 0.305 161
1780544685767 0.29 162
1780544685769 0.3 163
1780544685771 0.28 164
1780544685772 0.24 165
1780544685774 0.25 166
1780544685776 0.32 167
1780544685777 0.325 168
1780544685779 0.25 169
1780544685781 0.265 170
1780544685783 0.36 171
1780544685784 0.3 172
1780544685786 0.315 173
1780544685788 0.315 174
1780544685790 0.37 175
1780544685791 0.3 176
1780544685793 0.35 177
1780544685795 0.28 178
1780544685796 0.315 179
1780544685798 0.315 180
1780544685800 0.305 181
1780544685802 0.29 182
1780544685803 0.295 183
1780544685805 0.36 184
1780544685807 0.255 185
1780544685809 0.365 186
1780544685811 0.335 187
1780544685812 0.305 188
1780544685814 0.335 189
1780544685816 0.42 190
1780544685818 0.23 191
1780544685819 0.31 192
1780544685821 0.34 193
1780544685823 0.305 194
1780544685825 0.28 195
1780544685826 0.3 196
1780544685828 0.33 197
1780544685830 0.325 198
1780544685832 0.345 199
1780544685833 0.31 200
1780544685835 0.3 201
1780544685837 0.3 202
1780544685839 0.265 203
1780544685841 0.36 204
1780544685842 0.355 205
1780544685844 0.325 206
1780544685846 0.32 207
1780544685848 0.33 208
1780544685850 0.28 209
1780544685851 0.345 210
1780544685853 0.38 211
1780544685855 0.375 212
1780544685857 0.26 213
1780544685858 0.315 214
1780544685860 0.35 215
1780544685862 0.29 216
1780544685864 0.295 217
1780544685865 0.37 218
1780544685867 0.33 219
1780544685869 0.405 220
1780544685871 0.345 221
1780544685873 0.31 222
1780544685874 0.345 223
1780544685876 0.32 224
1780544685878 0.295 225
1780544685880 0.355 226
1780544685881 0.305 227
1780544685883 0.275 228
1780544685885 0.295 229
1780544685887 0.275 230
1780544685888 0.28 231
1780544685890 0.37 232
1780544685892 0.325 233
1780544685894 0.285 234
1780544685896 0.3 235
1780544685897 0.325 236
1780544685899 0.365 237
1780544685901 0.335 238
1780544685903 0.395 239
1780544685904 0.355 240
1780544685906 0.3 241
1780544685908 0.365 242
1780544685910 0.34 243
1780544685911 0.285 244
1780544685913 0.375 245
1780544685915 0.235 246
1780544685916 0.36 247
1780544685918 0.36 248
1780544685920 0.305 249
1780544685922 0.305 250
1780544685923 0.3 251
1780544685925 0.37 252
1780544685927 0.36 253
1780544685929 0.28 254
1780544685931 0.36 255
1780544685932 0.355 256
1780544685934 0.39 257
1780544685936 0.34 258
1780544685938 0.37 259
1780544685939 0.38 260
1780544685941 0.38 261
1780544685943 0.295 262
1780544685944 0.405 263
1780544685946 0.23 264
1780544685948 0.345 265
1780544685950 0.35 266
1780544685952 0.235 267
1780544685953 0.34 268
1780544685955 0.31 269
1780544685957 0.31 270
1780544685959 0.315 271
1780544685961 0.285 272
1780544685963 0.29 273
1780544685964 0.295 274
1780544685966 0.32 275
1780544685968 0.34 276
1780544685970 0.27 277
1780544685971 0.345 278
1780544685973 0.265 279
1780544685975 0.29 280
1780544685977 0.375 281
1780544685978 0.38 282
1780544685980 0.425 283
1780544685982 0.39 284
1780544685984 0.32 285
1780544685986 0.29 286
1780544685987 0.32 287
1780544685989 0.35 288
1780544685991 0.355 289
1780544685993 0.325 290
1780544685995 0.33 291
1780544685997 0.375 292
1780544685998 0.395 293
1780544686000 0.355 294
1780544686002 0.335 295
1780544686004 0.325 296
1780544686006 0.33 297
1780544686007 0.405 298
