1780300478455 0.0 0
1780300478457 0.12000000000000002 1
1780300478458 0.27999999999999997 2
1780300478460 0.4749999999999999 3
1780300478462 0.635 4
1780300478463 0.7249999999999999 5
1780300478465 0.745 6
1780300478466 0.7699999999999999 7
1780300478468 0.8149999999999998 8
1780300478469 0.75 9
1780300478471 0.845 10
1780300478472 0.8850000000000001 11
1780300478474 0.8649999999999999 12
1780300478475 0.9049999999999999 13
1780300478477 0.835 14
1780300478478 0.9199999999999999 15
1780300478480 0.8899999999999999 16
1780300478481 0.8800000000000001 17
1780300478483 0.905 18
1780300478484 0.8550000000000001 19
1780300478486 0.865 20
1780300478487 0.86 21
1780300478489 0.89 22
1780300478490 0.9199999999999999 23
1780300478492 0.8699999999999999 24
1780300478494 0.9049999999999999 25
1780300478495 0.9249999999999998 26
1780300478497 0.9099999999999999 27
1780300478498 0.93 28
1780300478500 0.9400000000000001 29
1780300478501 0.915 30
1780300478503 0.9000000000000001 31
1780300478504 0.9200000000000002 32
1780300478506 0.86 33
1780300478507 0.9 34
1780300478509 0.8800000000000001 35
1780300478510 0.835 36
1780300478512 0.8699999999999999 37
1780300478513 0.925 38
1780300478515 0.86 39
1780300478516 0.8400000000000001 40
1780300478518 0.8950000000000001 41
1780300478519 0.86 42
1780300478521 0.875 43
1780300478523 0.9049999999999999 44
1780300478524 0.8800000000000001 45
1780300478526 0.915 46
1780300478527 0.8549999999999999 47
1780300478529 0.9 48
1780300478530 0.9199999999999999 49
1780300478532 0.86 50
1780300478533 0.885 51
1780300478535 0.8550000000000001 52
1780300478536 0.865 53
1780300478538 0.875 54
1780300478539 0.8550000000000001 55
1780300478541 0.89 56
1780300478542 0.89 57
1780300478544 0.885 58
1780300478546 0.835 59
1780300478547 0.925 60
1780300478549 0.8800000000000001 61
1780300478550 0.8699999999999999 62
1780300478552 0.8550000000000001 63
1780300478553 0.8550000000000001 64
1780300478555 0.8850000000000001 65
1780300478556 0.905 66
1780300478558 0.8699999999999999 67
1780300478559 0.845 68
1780300478561 0.885 69
1780300478563 0.865 70
1780300478564 0.85 71
1780300478566 0.905 72
1780300478567 0.8949999999999999 73
1780300478569 0.8800000000000001 74
1780300478570 0.8699999999999999 75
1780300478572 0.875 76
1780300478573 0.865 77
1780300478575 0.8550000000000001 78
1780300478576 0.925 79
1780300478578 0.915 80
1780300478579 0.9 81
1780300478581 0.835 82
1780300478582 0.89 83
1780300478584 0.905 84
1780300478585 0.925 85
1780300478587 0.8850000000000001 86
1780300478588 0.86 87
1780300478590 0.845 88
1780300478592 0.8949999999999999 89
1780300478593 0.89 90
1780300478595 0.8600000000000001 91
1780300478596 0.9200000000000002 92
1780300478598 0.8950000000000001 93
1780300478599 0.9400000000000001 94
1780300478601 0.86 95
1780300478602 0.8899999999999999 96
1780300478604 0.885 97
1780300478605 0.8800000000000001 98
1780300478607 0.8949999999999999 99
1780300478608 0.8850000000000001 100
1780300478610 0.875 101
1780300478611 0.8350000000000002 102
1780300478613 0.89 103
1780300478615 0.845 104
1780300478616 0.9 105
1780300478618 0.8400000000000001 106
1780300478619 0.8949999999999999 107
1780300478621 0.85 108
1780300478622 0.875 109
1780300478624 0.8949999999999999 110
1780300478625 0.8799999999999999 111
1780300478627 0.89 112
1780300478628 0.9149999999999998 113
1780300478630 0.875 114
1780300478631 0.86 115
1780300478633 0.925 116
1780300478634 0.875 117
1780300478636 0.8850000000000001 118
1780300478637 0.915 119
1780300478639 0.825 120
1780300478640 0.8800000000000001 121
1780300478642 0.8799999999999999 122
1780300478644 0.875 123
1780300478645 0.875 124
1780300478647 0.8550000000000001 125
1780300478648 0.905 126
1780300478650 0.8800000000000001 127
1780300478651 0.915 128
1780300478653 0.8800000000000001 129
1780300478654 0.8800000000000001 130
1780300478656 0.8850000000000001 131
1780300478657 0.89 132
1780300478659 0.8699999999999999 133
1780300478660 0.9 134
1780300478662 0.875 135
1780300478663 0.8699999999999999 136
1780300478665 0.8400000000000001 137
1780300478666 0.905 138
1780300478668 0.875 139
1780300478670 0.865 140
1780300478671 0.885 141
1780300478673 0.865 142
1780300478674 0.9 143
1780300478676 0.8800000000000001 144
1780300478677 0.9 145
1780300478679 0.865 146
1780300478680 0.8699999999999999 147
1780300478682 0.8699999999999999 148
1780300478683 0.875 149
1780300478685 0.89 150
1780300478686 0.85 151
1780300478688 0.85 152
1780300478689 0.865 153
1780300478691 0.885 154
1780300478693 0.89 155
1780300478694 0.8699999999999999 156
1780300478696 0.9149999999999998 157
1780300478697 0.885 158
1780300478699 0.8699999999999999 159
1780300478701 0.865 160
1780300478702 0.8950000000000001 161
1780300478704 0.8150000000000001 162
1780300478705 0.8049999999999999 163
1780300478707 0.7899999999999999 164
1780300478709 0.7649999999999999 165
1780300478710 0.7549999999999999 166
1780300478712 0.77 167
1780300478713 0.89 168
1780300478715 0.8850000000000001 169
1780300478716 0.9299999999999999 170
1780300478718 0.9199999999999999 171
1780300478719 0.8700000000000001 172
1780300478721 0.9049999999999999 173
1780300478722 0.93 174
1780300478724 0.9 175
1780300478725 0.9099999999999999 176
1780300478727 0.89 177
1780300478728 0.9099999999999999 178
1780300478730 0.945 179
1780300478731 0.95 180
1780300478733 0.93 181
1780300478734 0.9099999999999999 182
1780300478736 0.9299999999999999 183
1780300478737 0.93 184
1780300478739 0.9349999999999999 185
1780300478740 0.925 186
1780300478742 0.93 187
1780300478743 0.8799999999999999 188
1780300478745 0.8950000000000001 189
1780300478746 0.9100000000000001 190
1780300478748 0.9299999999999999 191
1780300478749 0.9100000000000001 192
1780300478751 0.9099999999999999 193
1780300478752 0.8949999999999999 194
1780300478754 0.925 195
1780300478755 0.9199999999999999 196
1780300478757 0.9399999999999998 197
1780300478758 0.93 198
1780300478760 0.945 199
1780300478761 0.945 200
1780300478763 0.945 201
1780300478764 0.9099999999999999 202
1780300478766 0.97 203
1780300478767 0.9099999999999999 204
1780300478769 0.9400000000000001 205
1780300478770 0.9299999999999999 206
1780300478772 0.945 207
1780300478773 0.95 208
1780300478775 0.95 209
1780300478776 0.95 210
1780300478778 0.9400000000000001 211
1780300478780 0.9099999999999999 212
1780300478781 0.9400000000000001 213
1780300478783 0.9099999999999999 214
1780300478784 0.9199999999999999 215
1780300478785 0.95 216
1780300478787 0.945 217
1780300478789 0.945 218
1780300478790 0.99 219
1780300478792 0.95 220
1780300478793 0.96 221
1780300478795 0.945 222
1780300478796 0.9399999999999998 223
1780300478798 0.9549999999999998 224
1780300478799 0.95 225
1780300478801 0.9199999999999999 226
1780300478802 0.9399999999999998 227
1780300478804 0.9349999999999999 228
1780300478805 0.96 229
1780300478807 0.9299999999999999 230
1780300478809 0.95 231
1780300478810 0.9350000000000002 232
1780300478812 0.9550000000000001 233
1780300478813 0.9399999999999998 234
1780300478815 0.9400000000000001 235
1780300478816 0.9249999999999998 236
1780300478818 0.93 237
1780300478819 0.96 238
1780300478821 0.915 239
1780300478822 0.9549999999999998 240
1780300478824 0.9550000000000001 241
1780300478825 0.95 242
1780300478827 0.9199999999999999 243
1780300478828 0.9399999999999998 244
1780300478830 0.9549999999999998 245
1780300478832 0.97 246
1780300478833 0.9549999999999998 247
1780300478835 0.9200000000000002 248
1780300478836 0.9400000000000001 249
1780300478838 0.96 250
1780300478839 0.95 251
1780300478841 0.95 252
1780300478842 0.9400000000000001 253
1780300478844 0.925 254
1780300478845 0.95 255
1780300478847 0.9400000000000001 256
1780300478848 0.9099999999999999 257
1780300478850 0.96 258
1780300478851 0.9199999999999999 259
1780300478853 0.9499999999999998 260
1780300478854 0.9099999999999999 261
1780300478856 0.97 262
1780300478857 0.9349999999999999 263
1780300478859 0.9399999999999998 264
1780300478861 0.9399999999999998 265
1780300478862 0.9399999999999998 266
1780300478864 0.9349999999999999 267
1780300478865 0.96 268
1780300478867 0.9549999999999998 269
1780300478868 0.9549999999999998 270
1780300478870 0.9399999999999998 271
1780300478871 0.9350000000000002 272
1780300478873 0.95 273
1780300478874 0.9650000000000001 274
1780300478876 0.9200000000000002 275
1780300478877 0.9099999999999999 276
1780300478879 0.95 277
1780300478880 0.9399999999999998 278
1780300478882 0.915 279
1780300478883 0.925 280
1780300478885 0.9199999999999999 281
1780300478886 0.9200000000000002 282
1780300478888 0.9599999999999997 283
1780300478889 0.95 284
1780300478891 0.945 285
1780300478892 0.9399999999999998 286
1780300478894 0.9499999999999998 287
1780300478896 0.9299999999999999 288
1780300478897 0.95 289
1780300478899 0.9349999999999999 290
1780300478900 0.9550000000000001 291
1780300478902 0.9549999999999998 292
1780300478903 0.9450000000000001 293
1780300478905 0.945 294
1780300478906 0.925 295
1780300478908 0.9399999999999998 296
1780300478909 0.9400000000000001 297
1780300478911 0.96 298
1780300478912 0.925 299
1780300478914 0.945 300
1780300478915 0.97 301
1780300478917 0.9450000000000001 302
1780300478919 0.95 303
1780300478920 0.9249999999999998 304
1780300478922 0.9199999999999999 305
1780300478923 0.9200000000000002 306
1780300478925 0.9550000000000001 307
1780300478926 0.95 308
1780300478928 0.9349999999999999 309
1780300478929 0.9399999999999998 310
1780300478931 0.915 311
1780300478933 0.9349999999999999 312
1780300478934 0.9550000000000001 313
