1780539376781 0.0 0
1780539376784 0.5 1
1780539376786 0.5 2
1780539376788 0.6041579752468363 3
1780539376790 0.5517701081321286 4
1780539376792 0.5806451612903226 5
1780539376794 0.5 6
1780539376796 0.5 7
1780539376798 0.5 8
1780539376800 0.5 9
1780539376802 0.5 10
1780539376804 0.5454545454545454 11
1780539376806 0.49673202614379086 12
1780539376808 0.6817359855334539 13
1780539376810 0.5116279069767442 14
1780539376812 0.5614718614718615 15
1780539376814 0.5204081632653061 16
1780539376816 0.6677529254925196 17
1780539376818 0.6010167992926614 18
1780539376821 0.5151515151515151 19
1780539376823 0.619684663162924 20
1780539376825 0.5 21
1780539376827 0.5322503583373148 22
1780539376829 0.599090318388564 23
1780539376831 0.6107723577235773 24
1780539376833 0.5 25
1780539376835 0.5758609486679662 26
1780539376837 0.6548102981029811 27
1780539376839 0.7007209694738457 28
1780539376841 0.5327492699207342 29
1780539376843 0.6039972899728998 30
1780539376845 0.5 31
1780539376847 0.5 32
1780539376849 0.7 33
1780539376851 0.5660377358490566 34
1780539376853 0.5522303783173348 35
1780539376855 0.6333333333333333 36
1780539376857 0.617675128841382 37
1780539376859 0.7280701754385965 38
1780539376861 0.5888888888888889 39
1780539376863 0.5388863322595491 40
1780539376865 0.5 41
1780539376867 0.5 42
1780539376869 0.5536130536130536 43
1780539376871 0.6004983388704319 44
1780539376873 0.568089430894309 45
1780539376875 0.6186900292031706 46
1780539376877 0.5357142857142857 47
1780539376879 0.6078993470297818 48
1780539376881 0.609332696289218 49
1780539376883 0.509714922758401 50
1780539376885 0.5128205128205128 51
1780539376887 0.6731464737793852 52
1780539376890 0.5789473684210527 53
1780539376892 0.534375 54
1780539376894 0.6223196881091618 55
1780539376896 0.7581374321880652 56
1780539376898 0.5256410256410257 57
1780539376900 0.5707227555053642 58
1780539376902 0.6398026315789473 59
1780539376904 0.6 60
1780539376906 0.7686480186480187 61
1780539376908 0.5699300699300699 62
1780539376910 0.5780135964185045 63
1780539376912 0.6480286738351254 64
1780539376914 0.5835682308074945 65
1780539376916 0.5990675990675991 66
1780539376918 0.5450708711578277 67
1780539376920 0.5857142857142857 68
1780539376922 0.6585443541965281 69
1780539376925 0.5488001613228474 70
1780539376927 0.5477091498851197 71
1780539376929 0.5113636363636364 72
1780539376931 0.5834717607973422 73
1780539376933 0.5987295580483849 74
1780539376935 0.6111111111111112 75
1780539376937 0.6272401433691757 76
1780539376939 0.5728040290327359 77
1780539376941 0.6171364867017041 78
1780539376943 0.6093726031599939 79
1780539376945 0.5526653821451509 80
1780539376947 0.5212765957446809 81
1780539376949 0.53125 82
1780539376951 0.6358642747879293 83
1780539376953 0.5151515151515151 84
1780539376955 0.5383771929824561 85
1780539376957 0.5497873848334515 86
1780539376959 0.5357142857142857 87
1780539376961 0.6660296225513617 88
1780539376963 0.5410866333288282 89
1780539376965 0.6585443541965281 90
1780539376967 0.5 91
1780539376969 0.7069323063249888 92
1780539376971 0.5433604336043361 93
1780539376974 0.5805007461449179 94
1780539376976 0.5868122457717834 95
1780539376978 0.575025922085617 96
1780539376980 0.5481764612199395 97
1780539376982 0.5408163265306123 98
1780539376984 0.5813953488372093 99
1780539376986 0.5888888888888889 100
1780539376988 0.5293851717902351 101
1780539376990 0.527027027027027 102
1780539376992 0.5232558139534884 103
1780539376994 0.5454545454545454 104
1780539376996 0.6184230710231631 105
1780539376998 0.6142913541255428 106
1780539377000 0.7514949242108191 107
1780539377002 0.6392543859649122 108
1780539377004 0.534375 109
1780539377006 0.5285714285714286 110
1780539377008 0.5116279069767442 111
1780539377011 0.5119047619047619 112
1780539377013 0.5 113
1780539377015 0.5605618133778334 114
1780539377017 0.5945121951219512 115
1780539377019 0.5818264014466545 116
1780539377021 0.7250000000000001 117
1780539377023 0.7101546096583318 118
1780539377025 0.573170731707317 119
1780539377027 0.5795698924731183 120
1780539377029 0.574750830564784 121
1780539377031 0.515625 122
1780539377033 0.614376130198915 123
1780539377035 0.6107660455486542 124
1780539377038 0.7043459644615714 125
1780539377040 0.5 126
1780539377042 0.616600790513834 127
1780539377044 0.5405405405405406 128
1780539377046 0.5495451591942819 129
1780539377048 0.5792571712817112 130
1780539377050 0.596875 131
1780539377052 0.6111111111111112 132
1780539377054 0.537037037037037 133
1780539377056 0.5961538461538461 134
1780539377058 0.65625 135
1780539377060 0.5 136
1780539377062 0.6814790250373073 137
1780539377064 0.6424336533032186 138
1780539377066 0.679406400265296 139
1780539377068 0.69375 140
1780539377070 0.6604783757474622 141
1780539377072 0.5465116279069767 142
1780539377074 0.6606786427145709 143
1780539377076 0.5479190847289006 144
1780539377078 0.6603375527426161 145
1780539377080 0.604882459312839 146
1780539377082 0.596875 147
1780539377085 0.5682640144665461 148
1780539377087 0.5968957203134418 149
1780539377089 0.5316934720908231 150
1780539377091 0.48724309000708715 151
1780539377093 0.5012435748632068 152
1780539377095 0.5173160173160173 153
1780539377097 0.5417841154037473 154
1780539377099 0.5028673835125448 155
1780539377101 0.5 156
1780539377103 0.5 157
1780539377105 0.5 158
1780539377107 0.5 159
1780539377109 0.5 160
1780539377111 0.5 161
1780539377113 0.5 162
1780539377115 0.5 163
1780539377117 0.5 164
1780539377119 0.5 165
1780539377121 0.5 166
1780539377123 0.5 167
1780539377125 0.5138888888888888 168
1780539377127 0.5 169
1780539377129 0.5 170
1780539377131 0.4968944099378882 171
1780539377134 0.6473385488571867 172
1780539377136 0.5 173
1780539377138 0.5 174
1780539377140 0.5 175
1780539377142 0.5 176
1780539377144 0.5 177
1780539377146 0.5916929199137788 178
1780539377148 0.5142857142857142 179
1780539377150 0.5 180
1780539377152 0.5 181
1780539377154 0.5 182
1780539377156 0.5 183
1780539377159 0.5 184
1780539377161 0.554686301579997 185
1780539377163 0.5 186
1780539377165 0.5989056541203781 187
1780539377167 0.5 188
1780539377169 0.5491506012597824 189
1780539377171 0.5 190
1780539377173 0.5 191
1780539377175 0.5 192
1780539377177 0.5 193
1780539377179 0.5 194
1780539377181 0.5 195
1780539377183 0.5 196
1780539377193 0.5526315789473684 197
1780539377195 0.5 198
1780539377197 0.5 199
1780539377200 0.5 200
1780539377202 0.5 201
1780539377204 0.5 202
1780539377206 0.5 203
1780539377208 0.5705003248862898 204
1780539377210 0.5238095238095238 205
1780539377212 0.5933333333333334 206
1780539377214 0.5 207
1780539377216 0.6377416214712835 208
1780539377218 0.6255197505197505 209
1780539377221 0.5 210
1780539377223 0.5106382978723404 211
1780539377225 0.5758551925141893 212
1780539377227 0.6900598251265532 213
1780539377229 0.571005081874647 214
1780539377231 0.5457368718238284 215
1780539377233 0.5 216
1780539377235 0.5116279069767442 217
1780539377237 0.5697831978319783 218
1780539377239 0.6206140350877193 219
1780539377241 0.5 220
1780539377243 0.5 221
1780539377245 0.5138888888888888 222
1780539377247 0.5 223
1780539377249 0.5252976190476191 224
1780539377251 0.5 225
1780539377253 0.5 226
1780539377255 0.5715870135107884 227
1780539377257 0.4884393063583815 228
1780539377259 0.5 229
1780539377261 0.5970817443210081 230
1780539377263 0.5333008447043535 231
1780539377265 0.5121951219512195 232
1780539377267 0.5 233
1780539377270 0.5185185185185185 234
1780539377272 0.5113636363636364 235
1780539377274 0.5111111111111111 236
1780539377276 0.5526315789473684 237
1780539377278 0.5 238
1780539377280 0.5891672018839649 239
1780539377282 0.5 240
1780539377284 0.6023163061819298 241
1780539377286 0.5 242
1780539377288 0.5 243
1780539377290 0.6316964285714286 244
1780539377292 0.59375 245
1780539377294 0.5 246
1780539377296 0.5232558139534884 247
1780539377298 0.6326164874551972 248
1780539377300 0.5375 249
1780539377302 0.6468750000000001 250
1780539377304 0.5 251
1780539377306 0.5663466967814794 252
1780539377308 0.6002258610954263 253
1780539377310 0.5724037429053536 254
1780539377312 0.5 255
1780539377314 0.5255411255411255 256
1780539377316 0.5662202380952381 257
1780539377318 0.5804268195572543 258
1780539377320 0.5533453887884268 259
1780539377322 0.5125 260
1780539377324 0.5456358337168278 261
1780539377327 0.5416666666666666 262
1780539377329 0.6062841983087381 263
1780539377331 0.5285714285714286 264
1780539377333 0.5 265
1780539377335 0.5282738095238095 266
1780539377337 0.622289972899729 267
1780539377339 0.5 268
1780539377341 0.525 269
1780539377343 0.5 270
1780539377345 0.5 271
1780539377347 0.5994585125019908 272
1780539377349 0.503528148489032 273
1780539377351 0.566114359974009 274
1780539377353 0.5096153846153846 275
1780539377356 0.5444544906570223 276
1780539377358 0.5217391304347826 277
1780539377360 0.5 278
1780539377362 0.6766666666666667 279
1780539377364 0.6243727598566309 280
1780539377366 0.5 281
1780539377368 0.5379928315412186 282
1780539377370 0.55 283
1780539377372 0.6497705465164789 284
1780539377374 0.5 285
1780539377376 0.5233876683203401 286
1780539377378 0.5 287
1780539377380 0.5818384091225143 288
1780539377382 0.5357142857142857 289
1780539377384 0.60625 290
1780539377386 0.6551535087719298 291
1780539377388 0.5128205128205128 292
1780539377395 0.5348837209302325 293
1780539377397 0.5 294
1780539377399 0.5 295
1780539377401 0.5 296
1780539377404 0.5087402049427365 297
1780539377406 0.5456358337168278 298
