1780550157574 0.0 0
1780550157577 0.5 1
1780550157579 0.5 2
1780550157582 0.5 3
1780550157584 0.5 4
1780550157586 0.5 5
1780550157589 0.5 6
1780550157591 0.5 7
1780550157593 0.5 8
1780550157596 0.5 9
1780550157598 0.5 10
1780550157600 0.639751552795031 11
1780550157602 0.5 12
1780550157605 0.5 13
1780550157607 0.5 14
1780550157609 0.5 15
1780550157612 0.653125518156193 16
1780550157614 0.5 17
1780550157616 0.5 18
1780550157619 0.5 19
1780550157621 0.4968944099378882 20
1780550157623 0.49696969696969695 21
1780550157625 0.5135135135135135 22
1780550157628 0.5142857142857142 23
1780550157630 0.5376344086021505 24
1780550157632 0.5055756479807113 25
1780550157635 0.49702380952380953 26
1780550157637 0.5174804098854732 27
1780550157639 0.5 28
1780550157642 0.5555555555555556 29
1780550157644 0.5667965981573352 30
1780550157646 0.5 31
1780550157649 0.6186147186147186 32
1780550157651 0.5652501506931886 33
1780550157653 0.55420054200542 34
1780550157656 0.6186379928315412 35
1780550157658 0.5138888888888888 36
1780550157660 0.6473118279569893 37
1780550157662 0.5 38
1780550157665 0.5 39
1780550157667 0.6621471283548881 40
1780550157669 0.6316101318323212 41
1780550157672 0.617241890090357 42
1780550157674 0.5285714285714286 43
1780550157676 0.5 44
1780550157678 0.5547857939162286 45
1780550157681 0.5374730558779639 46
1780550157683 0.5 47
1780550157685 0.5885304659498207 48
1780550157688 0.525 49
1780550157690 0.6700542005420054 50
1780550157692 0.5024099441907661 51
1780550157695 0.7398268398268398 52
1780550157697 0.5398268398268398 53
1780550157699 0.6032480493558339 54
1780550157701 0.6158830620855937 55
1780550157704 0.5 56
1780550157706 0.66875 57
1780550157708 0.5857046070460705 58
1780550157711 0.6307385229540918 59
1780550157713 0.5555555555555556 60
1780550157715 0.5316990075544363 61
1780550157718 0.5212765957446809 62
1780550157720 0.622628726287263 63
1780550157722 0.7186147186147186 64
1780550157725 0.6176560822211996 65
1780550157727 0.5061694792233714 66
1780550157729 0.5 67
1780550157732 0.5 68
1780550157734 0.5041023501599221 69
1780550157736 0.6873796474596356 70
1780550157739 0.5547857939162286 71
1780550157741 0.5131578947368421 72
1780550157743 0.5175438596491229 73
1780550157745 0.49691358024691357 74
1780550157748 0.5 75
1780550157750 0.5 76
1780550157752 0.6872909698996655 77
1780550157755 0.625 78
1780550157757 0.5844319360094801 79
1780550157759 0.6183528366167975 80
1780550157761 0.4968944099378882 81
1780550157764 0.5357142857142857 82
1780550157766 0.7311509406013924 83
1780550157768 0.5 84
1780550157771 0.6279662366618889 85
1780550157773 0.5 86
1780550157775 0.5 87
1780550157778 0.5 88
1780550157780 0.6138528138528139 89
1780550157782 0.5 90
1780550157785 0.609375 91
1780550157787 0.6988929184958961 92
1780550157789 0.5 93
1780550157791 0.5282738095238095 94
1780550157794 0.5113636363636364 95
1780550157796 0.5274033476521996 96
1780550157798 0.5838709677419355 97
1780550157801 0.5212765957446809 98
1780550157803 0.6874481843806997 99
1780550157805 0.6072173550271172 100
1780550157807 0.6640589047399907 101
1780550157810 0.7224661194884521 102
1780550157812 0.5 103
1780550157814 0.5059058137751189 104
1780550157817 0.5212765957446809 105
1780550157819 0.6256569517439082 106
1780550157821 0.5 107
1780550157824 0.5 108
1780550157826 0.5946763460375075 109
1780550157828 0.5308825516961752 110
1780550157831 0.6014254385964912 111
1780550157833 0.667398358465356 112
1780550157835 0.5 113
1780550157838 0.66145756184269 114
1780550157840 0.5263997165131112 115
1780550157842 0.5 116
1780550157844 0.5121951219512195 117
1780550157847 0.5264227642276422 118
1780550157849 0.6067073170731707 119
1780550157851 0.6595191682910981 120
1780550157854 0.509714922758401 121
1780550157856 0.5450708711578277 122
1780550157858 0.5667755398294321 123
1780550157860 0.568089430894309 124
1780550157863 0.6940559440559441 125
1780550157865 0.5 126
1780550157867 0.65 127
1780550157870 0.6205962059620596 128
1780550157872 0.524390243902439 129
1780550157874 0.5853921406068645 130
1780550157876 0.521680216802168 131
1780550157879 0.5142857142857142 132
1780550157881 0.5 133
1780550157883 0.5424605334784975 134
1780550157886 0.5 135
1780550157888 0.6024713682941532 136
1780550157890 0.6937035020867357 137
1780550157893 0.5663956639566395 138
1780550157895 0.5485746137920051 139
1780550157897 0.5 140
1780550157900 0.6378726287262872 141
1780550157902 0.5751488095238095 142
1780550157904 0.525 143
1780550157906 0.5 144
1780550157909 0.6555555555555556 145
1780550157911 0.634375 146
1780550157913 0.5 147
1780550157916 0.5 148
1780550157918 0.5 149
1780550157920 0.5 150
1780550157923 0.4967532467532468 151
1780550157925 0.509714922758401 152
1780550157927 0.5116938341601701 153
1780550157930 0.5 154
1780550157932 0.5 155
1780550157934 0.5682984603237268 156
1780550157937 0.5322420634920635 157
1780550157939 0.4967741935483871 158
1780550157941 0.5 159
1780550157944 0.5 160
1780550157946 0.684375 161
1780550157948 0.5 162
1780550157951 0.5717664549263414 163
1780550157953 0.5908881730326737 164
1780550157955 0.5 165
1780550157957 0.6086505702858835 166
1780550157960 0.5 167
1780550157962 0.5 168
1780550157964 0.49079754601226994 169
1780550157967 0.5161290322580645 170
1780550157969 0.5 171
1780550157971 0.5 172
1780550157974 0.5087402049427365 173
1780550157976 0.6900000000000001 174
1780550157978 0.5836582196231319 175
1780550157980 0.5450708711578277 176
1780550157983 0.5 177
1780550157985 0.5 178
1780550157987 0.5163242554546902 179
1780550157990 0.5 180
1780550157992 0.5 181
1780550157994 0.5035037426341774 182
1780550157996 0.5675675675675675 183
1780550157999 0.6430078360458107 184
1780550158001 0.5 185
1780550158003 0.5217391304347826 186
1780550158006 0.5944163215217058 187
1780550158008 0.5294117647058824 188
1780550158010 0.7245934959349594 189
1780550158012 0.5 190
1780550158015 0.5363872644574399 191
1780550158017 0.6573861021629084 192
1780550158019 0.6170908079543874 193
1780550158022 0.7006172839506173 194
1780550158024 0.5849909584086799 195
1780550158026 0.6431740270215769 196
1780550158033 0.5 197
1780550158039 0.5932658383187606 198
1780550158042 0.5116279069767442 199
1780550158044 0.5875 200
1780550158046 0.515625 201
1780550158049 0.5 202
1780550158051 0.53125 203
1780550158053 0.5 204
1780550158056 0.5142857142857142 205
1780550158058 0.575988742408532 206
1780550158060 0.5263157894736842 207
1780550158063 0.5 208
1780550158065 0.6799276672694394 209
1780550158067 0.6769192505388825 210
1780550158069 0.64375 211
1780550158072 0.6385181776346065 212
1780550158074 0.6063893911995177 213
1780550158076 0.6130604288499025 214
1780550158079 0.5293619424054207 215
1780550158081 0.584726867335563 216
1780550158083 0.5357142857142857 217
1780550158086 0.5392852176331525 218
1780550158088 0.6527525710828797 219
1780550158090 0.5 220
1780550158093 0.5384615384615384 221
1780550158095 0.6900406504065041 222
1780550158097 0.5135135135135135 223
1780550158099 0.5416666666666666 224
1780550158102 0.5470588235294118 225
1780550158104 0.5108695652173914 226
1780550158106 0.5728319783197832 227
1780550158109 0.532608695652174 228
1780550158111 0.525 229
1780550158113 0.5571428571428572 230
1780550158116 0.5303030303030303 231
1780550158118 0.6223196881091618 232
1780550158120 0.5481764612199395 233
1780550158122 0.6440860215053763 234
1780550158125 0.6062500000000001 235
1780550158127 0.5758928571428572 236
1780550158129 0.5806451612903226 237
1780550158132 0.569642583218285 238
1780550158134 0.5763403263403264 239
1780550158137 0.6522472771897531 240
1780550158139 0.5 241
1780550158141 0.5125 242
1780550158143 0.7076770021555298 243
1780550158146 0.5128205128205128 244
1780550158148 0.615686274509804 245
1780550158150 0.5971774812087743 246
1780550158153 0.6626055880441846 247
1780550158155 0.5848390739695087 248
1780550158157 0.5222222222222223 249
1780550158159 0.5 250
1780550158162 0.58 251
1780550158164 0.5238095238095238 252
1780550158166 0.6897227245328511 253
1780550158169 0.546875 254
1780550158171 0.615625 255
1780550158173 0.6039783001808318 256
1780550158175 0.6348278102664068 257
1780550158178 0.5898385424381574 258
1780550158180 0.740625 259
1780550158182 0.587171052631579 260
1780550158185 0.6848484848484848 261
1780550158187 0.66875 262
1780550158189 0.5225354355789138 263
1780550158192 0.5 264
1780550158194 0.5822211995704862 265
1780550158196 0.7299635085822409 266
1780550158198 0.7430069930069929 267
1780550158201 0.5 268
1780550158203 0.6107723577235773 269
1780550158205 0.5745519713261649 270
1780550158212 0.582579867389994 271
1780550158215 0.662129461584997 272
1780550158217 0.5433269145311805 273
1780550158219 0.5308857808857809 274
1780550158222 0.5 275
1780550158224 0.628125 276
1780550158226 0.5485853947563324 277
1780550158229 0.6125929958265288 278
1780550158231 0.5967510750119446 279
1780550158233 0.6597967250141163 280
1780550158236 0.6471734892787524 281
1780550158238 0.5869565217391304 282
1780550158240 0.5601880877742946 283
1780550158242 0.6301169590643274 284
1780550158245 0.5111111111111111 285
1780550158247 0.5534050179211469 286
1780550158249 0.7495620321707278 287
1780550158252 0.6037585602802994 288
1780550158254 0.5128205128205128 289
1780550158256 0.7168458781362007 290
1780550158259 0.5619706380575946 291
1780550158261 0.5113636363636364 292
1780550158263 0.618421052631579 293
1780550158265 0.5 294
1780550158268 0.575 295
1780550158270 0.5212201591511937 296
1780550158272 0.55625 297
1780550158275 0.5545514839993368 298
