1780139308917 0.0 0
1780139308920 0.115 1
1780139308923 0.21 2
1780139308925 0.375 3
1780139308928 0.33 4
1780139308930 0.615 5
1780139308933 0.435 6
1780139308935 0.675 7
1780139308938 0.605 8
1780139308940 0.755 9
1780139308942 0.715 10
1780139308944 0.79 11
1780139308947 0.665 12
1780139308949 0.84 13
1780139308951 0.83 14
1780139308954 0.765 15
1780139308956 0.875 16
1780139308958 0.835 17
1780139308960 0.885 18
1780139308963 0.855 19
1780139308965 0.795 20
1780139308967 0.885 21
1780139308970 0.88 22
1780139308972 0.91 23
1780139308974 0.915 24
1780139308977 0.885 25
1780139308979 0.89 26
1780139308982 0.935 27
1780139308984 0.95 28
1780139308986 0.9 29
1780139308989 0.795 30
1780139308991 0.91 31
1780139308994 0.84 32
1780139308996 0.795 33
1780139308998 0.905 34
1780139309001 0.865 35
1780139309003 0.905 36
1780139309005 0.73 37
1780139309008 0.73 38
1780139309010 0.91 39
1780139309012 0.825 40
1780139309015 0.81 41
1780139309017 0.89 42
1780139309019 0.76 43
1780139309022 0.905 44
1780139309024 0.91 45
1780139309027 0.795 46
1780139309029 0.895 47
1780139309031 0.9 48
1780139309033 0.93 49
1780139309036 0.925 50
1780139309038 0.845 51
1780139309040 0.905 52
1780139309042 0.8 53
1780139309045 0.9 54
1780139309047 0.82 55
1780139309049 0.895 56
1780139309052 0.675 57
1780139309054 0.91 58
1780139309056 0.89 59
1780139309058 0.92 60
1780139309061 0.91 61
1780139309063 0.85 62
1780139309065 0.845 63
1780139309068 0.885 64
1780139309070 0.815 65
1780139309072 0.92 66
1780139309075 0.875 67
1780139309077 0.905 68
1780139309079 0.8 69
1780139309082 0.9 70
1780139309084 0.89 71
1780139309086 0.91 72
1780139309088 0.91 73
1780139309091 0.815 74
1780139309093 0.86 75
1780139309096 0.855 76
1780139309098 0.925 77
1780139309100 0.9 78
1780139309103 0.96 79
1780139309105 0.95 80
1780139309107 0.83 81
1780139309110 0.915 82
1780139309112 0.79 83
1780139309115 0.9 84
1780139309117 0.85 85
1780139309119 0.905 86
1780139309122 0.94 87
1780139309124 0.92 88
1780139309126 0.81 89
1780139309128 0.92 90
1780139309131 0.925 91
1780139309133 0.925 92
1780139309135 0.945 93
1780139309137 0.925 94
1780139309140 0.925 95
1780139309142 0.845 96
1780139309144 0.885 97
1780139309147 0.845 98
1780139309149 0.87 99
1780139309151 0.845 100
1780139309154 0.945 101
1780139309156 0.905 102
1780139309158 0.9 103
1780139309161 0.93 104
1780139309163 0.945 105
1780139309165 0.81 106
1780139309168 0.9 107
1780139309170 0.74 108
1780139309172 0.965 109
1780139309175 0.94 110
1780139309177 0.915 111
1780139309179 0.895 112
1780139309182 0.94 113
1780139309184 0.94 114
1780139309186 0.93 115
1780139309189 0.9 116
1780139309191 0.895 117
1780139309194 0.9 118
1780139309196 0.905 119
1780139309199 0.9 120
1780139309201 0.945 121
1780139309204 0.975 122
1780139309206 0.905 123
1780139309208 0.915 124
1780139309211 0.89 125
1780139309213 0.945 126
1780139309215 0.97 127
1780139309218 0.9 128
1780139309220 0.925 129
1780139309222 0.9 130
1780139309224 0.96 131
1780139309227 0.94 132
1780139309229 0.94 133
1780139309231 0.945 134
1780139309233 0.96 135
1780139309236 0.835 136
1780139309238 0.89 137
1780139309240 0.905 138
1780139309243 0.89 139
1780139309245 0.91 140
1780139309247 0.93 141
1780139309250 0.925 142
1780139309252 0.94 143
1780139309255 0.915 144
1780139309257 0.93 145
1780139309259 0.93 146
1780139309261 0.77 147
1780139309264 0.885 148
1780139309266 0.955 149
1780139309268 0.95 150
1780139309271 0.815 151
1780139309273 0.915 152
1780139309276 0.905 153
1780139309278 0.93 154
1780139309280 0.955 155
1780139309283 0.93 156
1780139309285 0.945 157
1780139309287 0.955 158
1780139309290 0.97 159
1780139309292 0.935 160
1780139309295 0.97 161
1780139309297 0.935 162
1780139309299 0.97 163
1780139309301 0.955 164
1780139309304 0.965 165
1780139309306 0.955 166
1780139309308 0.955 167
1780139309311 0.96 168
1780139309313 0.945 169
1780139309315 0.965 170
1780139309318 0.97 171
1780139309320 0.94 172
1780139309322 0.94 173
1780139309325 0.965 174
1780139309327 0.875 175
1780139309329 0.96 176
1780139309332 0.945 177
1780139309334 0.965 178
1780139309336 0.975 179
1780139309339 0.94 180
1780139309341 0.95 181
1780139309343 0.94 182
1780139309345 0.965 183
1780139309348 0.91 184
1780139309350 0.97 185
1780139309352 0.965 186
1780139309355 0.96 187
1780139309357 0.855 188
1780139309359 0.96 189
1780139309362 0.965 190
1780139309364 0.96 191
1780139309366 0.955 192
1780139309369 0.895 193
1780139309371 0.96 194
1780139309374 0.95 195
1780139309376 0.955 196
1780139309378 0.97 197
1780139309381 0.965 198
1780139309383 0.94 199
1780139309385 0.965 200
1780139309387 0.985 201
1780139309390 0.945 202
1780139309392 0.945 203
1780139309394 0.95 204
1780139309396 0.975 205
1780139309399 0.965 206
1780139309401 0.965 207
1780139309403 0.98 208
1780139309406 0.945 209
1780139309408 0.96 210
1780139309410 0.96 211
1780139309412 0.96 212
1780139309415 0.97 213
1780139309417 0.94 214
1780139309419 0.98 215
1780139309422 0.965 216
1780139309424 0.875 217
1780139309426 0.985 218
1780139309429 0.99 219
1780139309431 0.97 220
1780139309434 0.97 221
1780139309436 0.98 222
1780139309438 0.965 223
1780139309441 0.985 224
1780139309443 0.975 225
1780139309445 0.97 226
1780139309447 0.975 227
1780139309450 0.97 228
1780139309452 0.98 229
1780139309455 0.95 230
1780139309457 0.975 231
1780139309459 0.965 232
1780139309462 0.94 233
1780139309464 0.915 234
1780139309466 0.955 235
1780139309469 0.97 236
1780139309471 0.965 237
1780139309473 0.975 238
1780139309476 0.965 239
1780139309478 0.93 240
1780139309480 0.96 241
1780139309482 0.92 242
1780139309485 0.955 243
1780139309487 0.97 244
1780139309489 0.985 245
1780139309491 0.99 246
1780139309494 0.975 247
1780139309496 0.955 248
1780139309498 0.955 249
1780139309500 0.97 250
1780139309503 0.935 251
1780139309505 0.98 252
1780139309508 0.96 253
1780139309510 0.97 254
1780139309512 0.97 255
1780139309514 0.93 256
1780139309517 0.945 257
1780139309519 0.98 258
1780139309521 0.985 259
1780139309524 0.945 260
1780139309526 0.94 261
1780139309528 0.93 262
1780139309531 0.945 263
1780139309533 0.98 264
1780139309535 0.965 265
1780139309538 0.965 266
1780139309540 0.965 267
1780139309543 0.985 268
1780139309545 0.99 269
1780139309548 0.96 270
1780139309550 0.985 271
1780139309552 0.965 272
1780139309555 0.975 273
1780139309557 0.975 274
1780139309559 0.955 275
1780139309561 0.94 276
1780139309564 0.975 277
1780139309566 0.96 278
1780139309568 0.985 279
1780139309571 0.935 280
1780139309573 0.975 281
1780139309575 0.96 282
1780139309577 0.98 283
1780139309580 0.94 284
1780139309582 0.97 285
1780139309584 0.965 286
1780139309586 0.915 287
1780139309589 0.96 288
1780139309591 0.99 289
1780139309593 0.96 290
1780139309596 0.915 291
1780139309598 0.925 292
1780139309600 0.975 293
1780139309603 0.98 294
1780139309605 0.965 295
1780139309607 0.915 296
1780139309610 0.935 297
1780139309612 0.985 298
1780139309614 0.935 299
1780139309616 0.965 300
1780139309619 0.985 301
1780139309621 0.98 302
1780139309623 0.96 303
1780139309626 0.975 304
1780139309628 0.985 305
1780139309630 0.98 306
1780139309633 0.9 307
1780139309635 0.985 308
1780139309637 0.985 309
1780139309640 0.91 310
1780139309642 0.955 311
1780139309644 0.96 312
1780139309647 0.985 313
