1780124296358 0.0 0
1780124296362 0.1 1
1780124296364 0.235 2
1780124296366 0.3 3
1780124296369 0.55 4
1780124296371 0.505 5
1780124296373 0.59 6
1780124296375 0.49 7
1780124296378 0.47 8
1780124296380 0.5 9
1780124296382 0.47 10
1780124296384 0.55 11
1780124296387 0.525 12
1780124296389 0.585 13
1780124296391 0.65 14
1780124296393 0.565 15
1780124296395 0.555 16
1780124296398 0.57 17
1780124296400 0.615 18
1780124296402 0.555 19
1780124296404 0.605 20
1780124296407 0.545 21
1780124296409 0.595 22
1780124296411 0.62 23
1780124296413 0.665 24
1780124296415 0.63 25
1780124296418 0.695 26
1780124296420 0.605 27
1780124296422 0.635 28
1780124296424 0.685 29
1780124296426 0.73 30
1780124296429 0.675 31
1780124296431 0.635 32
1780124296433 0.76 33
1780124296435 0.725 34
1780124296437 0.68 35
1780124296440 0.725 36
1780124296442 0.44 37
1780124296444 0.64 38
1780124296446 0.685 39
1780124296448 0.77 40
1780124296451 0.72 41
1780124296453 0.76 42
1780124296455 0.77 43
1780124296457 0.815 44
1780124296459 0.71 45
1780124296462 0.375 46
1780124296464 0.845 47
1780124296466 0.79 48
1780124296468 0.77 49
1780124296470 0.75 50
1780124296473 0.755 51
1780124296475 0.795 52
1780124296477 0.735 53
1780124296479 0.735 54
1780124296481 0.785 55
1780124296483 0.76 56
1780124296486 0.82 57
1780124296488 0.795 58
1780124296490 0.81 59
1780124296492 0.765 60
1780124296494 0.76 61
1780124296496 0.815 62
1780124296499 0.795 63
1780124296501 0.665 64
1780124296503 0.85 65
1780124296505 0.8 66
1780124296507 0.615 67
1780124296509 0.8 68
1780124296512 0.78 69
1780124296514 0.705 70
1780124296516 0.795 71
1780124296518 0.85 72
1780124296520 0.865 73
1780124296522 0.805 74
1780124296525 0.685 75
1780124296527 0.855 76
1780124296529 0.805 77
1780124296531 0.79 78
1780124296533 0.8 79
1780124296535 0.875 80
1780124296538 0.805 81
1780124296540 0.82 82
1780124296542 0.88 83
1780124296544 0.755 84
1780124296546 0.91 85
1780124296548 0.885 86
1780124296551 0.805 87
1780124296553 0.75 88
1780124296555 0.885 89
1780124296557 0.91 90
1780124296559 0.735 91
1780124296561 0.78 92
1780124296564 0.785 93
1780124296566 0.855 94
1780124296568 0.88 95
1780124296570 0.845 96
1780124296572 0.75 97
1780124296574 0.85 98
1780124296577 0.78 99
1780124296579 0.865 100
1780124296581 0.86 101
1780124296583 0.825 102
1780124296585 0.755 103
1780124296588 0.895 104
1780124296590 0.845 105
1780124296592 0.805 106
1780124296594 0.885 107
1780124296596 0.905 108
1780124296598 0.88 109
1780124296601 0.77 110
1780124296603 0.8 111
1780124296605 0.785 112
1780124296607 0.83 113
1780124296609 0.745 114
1780124296611 0.875 115
1780124296614 0.835 116
1780124296616 0.845 117
1780124296618 0.855 118
1780124296620 0.875 119
1780124296622 0.855 120
1780124296625 0.87 121
1780124296627 0.82 122
1780124296629 0.88 123
1780124296631 0.91 124
1780124296633 0.9 125
1780124296636 0.875 126
1780124296638 0.795 127
1780124296640 0.92 128
1780124296642 0.825 129
1780124296644 0.895 130
1780124296646 0.875 131
1780124296649 0.83 132
1780124296651 0.805 133
1780124296653 0.85 134
1780124296655 0.89 135
1780124296657 0.9 136
1780124296659 0.75 137
1780124296662 0.855 138
1780124296664 0.85 139
1780124296666 0.89 140
1780124296668 0.885 141
1780124296670 0.855 142
1780124296672 0.89 143
1780124296675 0.885 144
1780124296677 0.91 145
1780124296679 0.92 146
1780124296681 0.865 147
1780124296683 0.92 148
1780124296685 0.89 149
1780124296688 0.905 150
1780124296690 0.92 151
1780124296692 0.865 152
1780124296694 0.875 153
1780124296696 0.885 154
1780124296698 0.88 155
1780124296701 0.92 156
1780124296703 0.89 157
1780124296705 0.925 158
1780124296707 0.94 159
1780124296709 0.925 160
1780124296711 0.915 161
1780124296713 0.905 162
1780124296716 0.935 163
1780124296718 0.94 164
1780124296720 0.955 165
1780124296722 0.925 166
1780124296724 0.94 167
1780124296726 0.95 168
1780124296729 0.925 169
1780124296731 0.925 170
1780124296733 0.905 171
1780124296735 0.885 172
1780124296737 0.675 173
1780124296739 0.905 174
1780124296742 0.95 175
1780124296744 0.925 176
1780124296746 0.94 177
1780124296748 0.935 178
1780124296750 0.995 179
1780124296752 0.96 180
1780124296754 0.94 181
1780124296757 0.935 182
1780124296759 0.955 183
1780124296761 0.95 184
1780124296763 0.95 185
1780124296765 0.93 186
1780124296767 0.875 187
1780124296770 0.965 188
1780124296772 0.955 189
1780124296774 0.94 190
1780124296776 0.95 191
1780124296778 0.965 192
1780124296780 0.965 193
1780124296783 0.935 194
1780124296785 0.935 195
1780124296787 0.935 196
1780124296789 0.93 197
1780124296791 0.9 198
1780124296794 0.87 199
1780124296796 0.935 200
1780124296798 0.96 201
1780124296800 0.935 202
1780124296802 0.945 203
1780124296804 0.905 204
1780124296807 0.93 205
1780124296809 0.96 206
1780124296811 0.965 207
1780124296813 0.96 208
1780124296815 0.955 209
1780124296818 0.975 210
1780124296820 0.97 211
1780124296822 0.965 212
1780124296824 0.96 213
1780124296826 0.93 214
1780124296828 0.94 215
1780124296831 0.97 216
1780124296833 0.905 217
1780124296835 0.895 218
1780124296837 0.965 219
1780124296839 0.97 220
1780124296842 0.98 221
1780124296844 0.89 222
1780124296846 0.94 223
1780124296848 0.945 224
1780124296850 0.905 225
1780124296852 0.825 226
1780124296855 0.95 227
1780124296857 0.935 228
1780124296859 0.94 229
1780124296861 0.97 230
1780124296863 0.955 231
1780124296866 0.935 232
1780124296868 0.94 233
1780124296870 0.945 234
1780124296872 0.61 235
1780124296874 0.94 236
1780124296877 0.97 237
1780124296879 0.945 238
1780124296881 0.95 239
1780124296883 0.97 240
1780124296885 0.975 241
1780124296887 0.955 242
1780124296890 0.95 243
1780124296892 0.97 244
1780124296894 0.975 245
1780124296896 0.945 246
1780124296898 0.96 247
1780124296901 0.94 248
1780124296903 0.965 249
1780124296905 0.9 250
1780124296907 0.975 251
1780124296909 0.94 252
1780124296911 0.9 253
1780124296914 0.895 254
1780124296916 0.91 255
1780124296918 0.94 256
1780124296920 0.875 257
1780124296922 0.96 258
1780124296924 0.98 259
1780124296927 0.925 260
1780124296929 0.935 261
1780124296931 0.975 262
1780124296933 0.955 263
1780124296935 0.91 264
1780124296938 0.945 265
1780124296940 0.965 266
1780124296942 0.925 267
1780124296944 0.92 268
1780124296946 0.94 269
1780124296949 0.965 270
1780124296951 0.93 271
1780124296953 0.96 272
1780124296955 0.92 273
1780124296957 0.965 274
1780124296960 0.975 275
1780124296962 0.97 276
1780124296964 0.92 277
1780124296966 0.935 278
1780124296968 0.97 279
1780124296971 0.935 280
1780124296973 0.98 281
1780124296975 0.94 282
1780124296977 0.91 283
1780124296979 0.96 284
1780124296982 0.95 285
1780124296984 0.925 286
1780124296986 0.96 287
1780124296988 0.955 288
1780124296990 0.935 289
1780124296993 0.97 290
1780124296995 0.98 291
1780124296997 0.96 292
1780124296999 0.965 293
1780124297001 0.945 294
1780124297004 0.965 295
1780124297006 0.965 296
1780124297008 0.935 297
1780124297010 0.955 298
1780124297012 0.96 299
1780124297014 0.975 300
1780124297017 0.98 301
1780124297019 0.955 302
1780124297021 0.955 303
1780124297023 0.635 304
1780124297025 0.945 305
1780124297027 0.92 306
1780124297030 0.955 307
1780124297032 0.965 308
1780124297034 0.96 309
1780124297036 0.94 310
1780124297038 0.97 311
1780124297041 0.95 312
1780124297043 0.95 313
