1780527448275 0.0 0
1780527448277 0.12500000000000003 1
1780527448279 0.155 2
1780527448281 0.15 3
1780527448282 0.19 4
1780527448284 0.22999999999999998 5
1780527448286 0.205 6
1780527448288 0.1 7
1780527448289 0.15 8
1780527448291 0.17 9
1780527448293 0.2 10
1780527448294 0.15 11
1780527448296 0.14500000000000002 12
1780527448298 0.23500000000000001 13
1780527448299 0.23000000000000004 14
1780527448301 0.20500000000000002 15
1780527448303 0.125 16
1780527448305 0.255 17
1780527448306 0.185 18
1780527448308 0.275 19
1780527448310 0.24500000000000005 20
1780527448311 0.23500000000000001 21
1780527448313 0.23500000000000004 22
1780527448315 0.255 23
1780527448316 0.185 24
1780527448318 0.22999999999999998 25
1780527448320 0.24499999999999997 26
1780527448321 0.27 27
1780527448323 0.24 28
1780527448325 0.3 29
1780527448326 0.27499999999999997 30
1780527448328 0.275 31
1780527448330 0.175 32
1780527448331 0.26999999999999996 33
1780527448333 0.175 34
1780527448335 0.27999999999999997 35
1780527448336 0.28 36
1780527448338 0.39 37
1780527448340 0.305 38
1780527448342 0.26000000000000006 39
1780527448343 0.3 40
1780527448345 0.18 41
1780527448347 0.24499999999999997 42
1780527448348 0.265 43
1780527448350 0.33999999999999997 44
1780527448352 0.34 45
1780527448353 0.34 46
1780527448355 0.32 47
1780527448357 0.32500000000000007 48
1780527448358 0.23500000000000001 49
1780527448360 0.265 50
1780527448362 0.225 51
1780527448363 0.24000000000000005 52
1780527448365 0.30999999999999994 53
1780527448367 0.33 54
1780527448369 0.23000000000000004 55
1780527448370 0.255 56
1780527448372 0.30500000000000005 57
1780527448374 0.255 58
1780527448375 0.29500000000000004 59
1780527448377 0.2800000000000001 60
1780527448379 0.185 61
1780527448380 0.31999999999999995 62
1780527448382 0.31500000000000006 63
1780527448384 0.275 64
1780527448385 0.29500000000000004 65
1780527448387 0.185 66
1780527448389 0.33999999999999997 67
1780527448390 0.325 68
1780527448392 0.38 69
1780527448394 0.3350000000000001 70
1780527448396 0.29500000000000004 71
1780527448397 0.3 72
1780527448399 0.28 73
1780527448401 0.27 74
1780527448402 0.29500000000000004 75
1780527448404 0.29000000000000004 76
1780527448406 0.26999999999999996 77
1780527448407 0.27 78
1780527448409 0.32 79
1780527448411 0.21500000000000002 80
1780527448412 0.225 81
1780527448414 0.185 82
1780527448416 0.28500000000000003 83
1780527448418 0.33499999999999996 84
1780527448419 0.31 85
1780527448421 0.24500000000000002 86
1780527448423 0.34500000000000003 87
1780527448424 0.3 88
1780527448426 0.305 89
1780527448428 0.275 90
1780527448430 0.29500000000000004 91
1780527448431 0.325 92
1780527448433 0.275 93
1780527448435 0.33499999999999996 94
1780527448436 0.205 95
1780527448438 0.21000000000000002 96
1780527448440 0.275 97
1780527448441 0.31 98
1780527448443 0.31 99
1780527448445 0.255 100
1780527448446 0.325 101
1780527448448 0.29 102
1780527448450 0.27 103
1780527448451 0.295 104
1780527448453 0.215 105
1780527448455 0.33 106
1780527448456 0.35000000000000003 107
1780527448458 0.26 108
1780527448460 0.305 109
1780527448462 0.33499999999999996 110
1780527448463 0.33000000000000007 111
1780527448465 0.20999999999999996 112
1780527448467 0.27999999999999997 113
1780527448468 0.32999999999999996 114
1780527448470 0.355 115
1780527448472 0.27999999999999997 116
1780527448473 0.23500000000000001 117
1780527448475 0.26 118
1780527448477 0.275 119
1780527448478 0.305 120
1780527448480 0.375 121
1780527448482 0.34500000000000003 122
1780527448483 0.22999999999999998 123
1780527448485 0.32999999999999996 124
1780527448487 0.285 125
1780527448488 0.315 126
1780527448490 0.38 127
1780527448492 0.335 128
1780527448493 0.35000000000000003 129
1780527448495 0.32 130
1780527448497 0.35 131
1780527448498 0.33999999999999997 132
1780527448500 0.315 133
1780527448502 0.32 134
1780527448504 0.29 135
1780527448505 0.32499999999999996 136
1780527448507 0.29 137
1780527448509 0.325 138
1780527448510 0.365 139
1780527448512 0.35 140
1780527448514 0.37 141
1780527448515 0.31999999999999995 142
1780527448517 0.29 143
1780527448519 0.33 144
1780527448520 0.2 145
1780527448522 0.295 146
1780527448524 0.255 147
1780527448525 0.365 148
1780527448527 0.27 149
1780527448529 0.28500000000000003 150
1780527448530 0.27999999999999997 151
1780527448532 0.35000000000000003 152
1780527448534 0.28 153
1780527448535 0.31500000000000006 154
1780527448537 0.385 155
1780527448539 0.35 156
1780527448540 0.30999999999999994 157
1780527448542 0.265 158
1780527448544 0.32 159
1780527448545 0.395 160
1780527448547 0.355 161
1780527448549 0.47000000000000003 162
1780527448550 0.365 163
1780527448552 0.40499999999999997 164
1780527448554 0.33 165
1780527448555 0.4 166
1780527448557 0.315 167
1780527448559 0.41500000000000004 168
1780527448560 0.395 169
1780527448562 0.31999999999999995 170
1780527448564 0.24500000000000002 171
1780527448566 0.37499999999999994 172
1780527448567 0.365 173
1780527448569 0.4000000000000001 174
1780527448571 0.355 175
1780527448572 0.375 176
1780527448574 0.335 177
1780527448576 0.38499999999999995 178
1780527448577 0.31499999999999995 179
1780527448579 0.365 180
1780527448581 0.34500000000000003 181
1780527448582 0.38 182
1780527448584 0.335 183
1780527448586 0.40499999999999997 184
1780527448588 0.4 185
1780527448589 0.28500000000000003 186
1780527448591 0.40499999999999997 187
1780527448593 0.35500000000000004 188
1780527448594 0.35 189
1780527448596 0.38 190
1780527448598 0.275 191
1780527448599 0.3 192
1780527448601 0.39999999999999997 193
1780527448603 0.38 194
1780527448604 0.29999999999999993 195
1780527448606 0.355 196
1780527448612 0.37 197
1780527448618 0.33999999999999997 198
1780527448620 0.37 199
1780527448622 0.325 200
1780527448623 0.34500000000000003 201
1780527448625 0.34 202
1780527448627 0.33999999999999997 203
1780527448628 0.29500000000000004 204
1780527448630 0.315 205
1780527448632 0.43499999999999994 206
1780527448633 0.36500000000000005 207
1780527448635 0.37500000000000006 208
1780527448637 0.375 209
1780527448639 0.44499999999999995 210
1780527448640 0.41000000000000003 211
1780527448642 0.365 212
1780527448644 0.42000000000000004 213
1780527448645 0.28500000000000003 214
1780527448647 0.32999999999999996 215
1780527448649 0.33499999999999996 216
1780527448650 0.4 217
1780527448652 0.38500000000000006 218
1780527448654 0.3 219
1780527448655 0.40499999999999997 220
1780527448657 0.36500000000000005 221
1780527448659 0.4 222
1780527448660 0.385 223
1780527448662 0.395 224
1780527448664 0.33999999999999997 225
1780527448666 0.425 226
1780527448667 0.41 227
1780527448669 0.345 228
1780527448671 0.385 229
1780527448673 0.385 230
1780527448674 0.39 231
1780527448676 0.28500000000000003 232
1780527448678 0.37500000000000006 233
1780527448679 0.335 234
1780527448681 0.4 235
1780527448683 0.315 236
1780527448684 0.31 237
1780527448686 0.375 238
1780527448688 0.4149999999999999 239
1780527448689 0.4 240
1780527448691 0.37 241
1780527448693 0.375 242
1780527448694 0.33999999999999997 243
1780527448696 0.32 244
1780527448698 0.42000000000000004 245
1780527448700 0.42000000000000004 246
1780527448701 0.315 247
1780527448703 0.43999999999999995 248
1780527448705 0.4 249
1780527448707 0.425 250
1780527448708 0.43499999999999994 251
1780527448710 0.35500000000000004 252
1780527448712 0.37 253
1780527448713 0.38 254
1780527448715 0.36 255
1780527448717 0.19499999999999998 256
1780527448719 0.335 257
1780527448720 0.265 258
1780527448722 0.33999999999999997 259
1780527448724 0.365 260
1780527448725 0.325 261
1780527448727 0.35 262
1780527448729 0.335 263
1780527448731 0.43999999999999995 264
1780527448732 0.335 265
1780527448734 0.37 266
1780527448736 0.39 267
1780527448737 0.4 268
1780527448739 0.41 269
1780527448741 0.495 270
1780527448742 0.4149999999999999 271
1780527448744 0.42000000000000004 272
1780527448746 0.41 273
1780527448747 0.44000000000000006 274
1780527448749 0.395 275
1780527448751 0.37 276
1780527448752 0.34500000000000003 277
1780527448754 0.39499999999999996 278
1780527448756 0.385 279
1780527448757 0.41999999999999993 280
1780527448759 0.41500000000000004 281
1780527448761 0.335 282
1780527448762 0.38 283
1780527448764 0.215 284
1780527448766 0.315 285
1780527448768 0.36 286
1780527448769 0.40499999999999997 287
1780527448771 0.35 288
1780527448773 0.41 289
1780527448774 0.41500000000000004 290
1780527448776 0.365 291
1780527448778 0.41 292
1780527448780 0.425 293
1780527448781 0.3950000000000001 294
1780527448783 0.38 295
1780527448785 0.41 296
1780527448786 0.35500000000000004 297
1780527448793 0.45499999999999996 298
