1780125258127 0.0 0
1780125258129 0.9033333333333282 1
1780125258131 0.9138888888888838 2
1780125258133 0.9299999999999947 3
1780125258135 0.9366666666666614 4
1780125258137 0.9438888888888834 5
1780125258139 0.9244444444444392 6
1780125258141 0.9372222222222168 7
1780125258143 0.9344444444444392 8
1780125258145 0.9483333333333281 9
1780125258146 0.9477777777777726 10
1780125258148 0.9466666666666613 11
1780125258150 0.9494444444444392 12
1780125258152 0.9466666666666615 13
1780125258154 0.9466666666666613 14
1780125258156 0.9566666666666613 15
1780125258158 0.9483333333333281 16
1780125258160 0.9527777777777725 17
1780125258162 0.9349999999999946 18
1780125258164 0.9599999999999946 19
1780125258165 0.9394444444444391 20
1780125258167 0.958333333333328 21
1780125258169 0.9616666666666612 22
1780125258171 0.9483333333333279 23
1780125258173 0.9661111111111058 24
1780125258175 0.9533333333333281 25
1780125258177 0.9649999999999945 26
1780125258179 0.9622222222222169 27
1780125258180 0.9649999999999945 28
1780125258182 0.9627777777777723 29
1780125258184 0.9638888888888836 30
1780125258186 0.9516666666666614 31
1780125258188 0.9627777777777725 32
1780125258190 0.9711111111111057 33
1780125258192 0.9677777777777722 34
1780125258193 0.9505555555555503 35
1780125258195 0.9644444444444391 36
1780125258197 0.9633333333333279 37
1780125258199 0.9644444444444391 38
1780125258201 0.9633333333333279 39
1780125258203 0.968333333333328 40
1780125258205 0.9716666666666611 41
1780125258207 0.9688888888888835 42
1780125258208 0.9611111111111057 43
1780125258210 0.9611111111111057 44
1780125258212 0.9777777777777722 45
1780125258214 0.9716666666666611 46
1780125258216 0.9577777777777724 47
1780125258218 0.9644444444444391 48
1780125258220 0.9766666666666612 49
1780125258222 0.9661111111111056 50
1780125258224 0.9722222222222168 51
1780125258226 0.9638888888888836 52
1780125258228 0.9777777777777722 53
1780125258230 0.9733333333333277 54
1780125258231 0.9749999999999946 55
1780125258233 0.9777777777777722 56
1780125258235 0.9666666666666612 57
1780125258237 0.9594444444444392 58
1780125258239 0.9711111111111057 59
1780125258241 0.9611111111111057 60
1780125258243 0.9705555555555503 61
1780125258245 0.9772222222222167 62
1780125258246 0.9716666666666611 63
1780125258248 0.974444444444439 64
1780125258250 0.9633333333333279 65
1780125258252 0.9738888888888834 66
1780125258254 0.984444444444439 67
1780125258256 0.9805555555555502 68
1780125258258 0.984444444444439 69
1780125258260 0.974444444444439 70
1780125258262 0.97555555555555 71
1780125258263 0.9766666666666612 72
1780125258265 0.9694444444444391 73
1780125258267 0.9666666666666612 74
1780125258269 0.9661111111111056 75
1780125258271 0.969444444444439 76
1780125258273 0.9733333333333279 77
1780125258275 0.9816666666666611 78
1780125258277 0.99055555555555 79
1780125258278 0.9738888888888834 80
1780125258280 0.9816666666666611 81
1780125258282 0.9777777777777723 82
1780125258284 0.9605555555555503 83
1780125258286 0.9822222222222168 84
1780125258288 0.953333333333328 85
1780125258290 0.9822222222222168 86
1780125258292 0.958333333333328 87
1780125258293 0.9716666666666611 88
1780125258295 0.9788888888888833 89
1780125258297 0.9844444444444388 90
1780125258299 0.9833333333333278 91
1780125258301 0.9894444444444389 92
1780125258303 0.9827777777777722 93
1780125258305 0.9816666666666611 94
1780125258307 0.9822222222222168 95
1780125258308 0.9738888888888834 96
1780125258310 0.98555555555555 97
1780125258312 0.9822222222222166 98
1780125258314 0.9794444444444391 99
1780125258316 0.9816666666666614 100
1780125258318 0.9766666666666612 101
1780125258320 0.984444444444439 102
1780125258321 0.9849999999999944 103
1780125258323 0.9516666666666614 104
1780125258325 0.9861111111111056 105
1780125258327 0.9805555555555501 106
1780125258329 0.984444444444439 107
1780125258331 0.9811111111111057 108
1780125258333 0.9783333333333278 109
1780125258334 0.9833333333333278 110
1780125258336 0.9877777777777721 111
1780125258338 0.9822222222222168 112
1780125258340 0.9827777777777722 113
1780125258342 0.97555555555555 114
1780125258344 0.9833333333333277 115
1780125258346 0.9922222222222168 116
1780125258347 0.986666666666661 117
1780125258349 0.9805555555555501 118
1780125258351 0.9888888888888834 119
1780125258353 0.9855555555555501 120
1780125258355 0.9922222222222166 121
1780125258357 0.9877777777777721 122
1780125258358 0.9705555555555501 123
1780125258360 0.9783333333333278 124
1780125258362 0.9861111111111056 125
1780125258364 0.99055555555555 126
1780125258366 0.9861111111111056 127
1780125258368 0.9599999999999946 128
1780125258370 0.9861111111111056 129
1780125258371 0.9705555555555503 130
1780125258373 0.9861111111111056 131
1780125258375 0.9872222222222167 132
1780125258377 0.984444444444439 133
1780125258379 0.9811111111111055 134
1780125258381 0.9894444444444389 135
1780125258383 0.9838888888888834 136
1780125258385 0.9783333333333278 137
1780125258386 0.9794444444444389 138
1780125258388 0.9766666666666612 139
1780125258390 0.9816666666666611 140
1780125258392 0.9733333333333279 141
1780125258394 0.9738888888888834 142
1780125258396 0.9672222222222168 143
1780125258398 0.9866666666666613 144
1780125258400 0.9899999999999943 145
1780125258402 0.9888888888888833 146
1780125258403 0.9888888888888833 147
1780125258405 0.9888888888888834 148
1780125258407 0.9894444444444389 149
1780125258409 0.9866666666666613 150
1780125258411 0.9738888888888836 151
1780125258413 0.9727777777777724 152
1780125258414 0.9872222222222167 153
1780125258416 0.9861111111111056 154
1780125258418 0.9827777777777722 155
1780125258420 0.9816666666666611 156
1780125258422 0.9883333333333277 157
1780125258424 0.9899999999999943 158
1780125258425 0.9911111111111056 159
1780125258427 0.9888888888888833 160
1780125258429 0.9938888888888833 161
1780125258431 0.9911111111111055 162
1780125258433 0.9933333333333276 163
1780125258435 0.9894444444444389 164
1780125258436 0.9938888888888833 165
1780125258438 0.9922222222222166 166
1780125258440 0.99055555555555 167
1780125258442 0.9927777777777722 168
1780125258444 0.9911111111111055 169
1780125258445 0.9916666666666611 170
1780125258447 0.9944444444444389 171
1780125258449 0.9855555555555501 172
1780125258451 0.9922222222222168 173
1780125258453 0.9927777777777722 174
1780125258455 0.9927777777777722 175
1780125258457 0.984444444444439 176
1780125258458 0.9788888888888833 177
1780125258460 0.9622222222222169 178
1780125258462 0.9961111111111055 179
1780125258464 0.9955555555555499 180
1780125258466 0.99055555555555 181
1780125258468 0.9888888888888833 182
1780125258469 0.9849999999999944 183
1780125258471 0.9877777777777723 184
1780125258473 0.9911111111111056 185
1780125258475 0.9944444444444388 186
1780125258477 0.9899999999999943 187
1780125258479 0.9794444444444389 188
1780125258481 0.9766666666666612 189
1780125258482 0.9916666666666611 190
1780125258484 0.9927777777777722 191
1780125258486 0.9922222222222168 192
1780125258488 0.9877777777777723 193
1780125258490 0.9894444444444389 194
1780125258492 0.9883333333333277 195
1780125258493 0.9883333333333277 196
1780125258495 0.9944444444444389 197
1780125258497 0.9944444444444388 198
1780125258499 0.9938888888888833 199
1780125258501 0.9944444444444389 200
1780125258503 0.9949999999999944 201
1780125258504 0.9894444444444389 202
1780125258506 0.9961111111111055 203
1780125258508 0.9944444444444388 204
1780125258510 0.9922222222222168 205
1780125258512 0.9933333333333276 206
1780125258514 0.9944444444444388 207
1780125258515 0.9894444444444389 208
1780125258517 0.9933333333333279 209
1780125258519 0.99055555555555 210
1780125258521 0.9944444444444388 211
1780125258523 0.9866666666666613 212
1780125258525 0.99055555555555 213
1780125258526 0.9916666666666611 214
1780125258528 0.9811111111111057 215
1780125258530 0.9866666666666613 216
1780125258532 0.9944444444444389 217
1780125258534 0.9938888888888833 218
1780125258536 0.9983333333333277 219
1780125258538 0.9955555555555499 220
1780125258539 0.9944444444444388 221
1780125258541 0.9966666666666611 222
1780125258543 0.9955555555555499 223
1780125258545 0.9933333333333276 224
1780125258547 0.9916666666666611 225
1780125258549 0.9788888888888835 226
1780125258550 0.9899999999999946 227
1780125258552 0.98555555555555 228
1780125258554 0.9916666666666611 229
1780125258556 0.9944444444444388 230
1780125258558 0.9966666666666611 231
1780125258560 0.9877777777777723 232
1780125258561 0.9927777777777722 233
1780125258563 0.9944444444444389 234
1780125258565 0.9899999999999946 235
1780125258567 0.9944444444444388 236
1780125258569 0.9822222222222168 237
1780125258571 0.9922222222222168 238
1780125258572 0.9927777777777722 239
1780125258574 0.9972222222222167 240
1780125258576 0.9883333333333277 241
1780125258578 0.9961111111111055 242
1780125258580 0.9949999999999944 243
1780125258582 0.9927777777777722 244
1780125258583 0.9972222222222167 245
1780125258585 0.9916666666666611 246
1780125258587 0.9938888888888833 247
1780125258589 0.9922222222222168 248
1780125258591 0.9949999999999944 249
1780125258592 0.9955555555555499 250
1780125258594 0.9938888888888833 251
1780125258596 0.9933333333333279 252
1780125258598 0.9949999999999944 253
1780125258600 0.9944444444444389 254
1780125258602 0.9938888888888833 255
1780125258603 0.9938888888888833 256
1780125258605 0.9877777777777723 257
1780125258607 0.9916666666666611 258
1780125258609 0.9911111111111056 259
1780125258611 0.9961111111111055 260
1780125258613 0.9938888888888833 261
1780125258614 0.9949999999999944 262
1780125258616 0.9966666666666611 263
1780125258618 0.996666666666661 264
1780125258620 0.9927777777777722 265
1780125258622 0.9938888888888833 266
1780125258623 0.9955555555555499 267
1780125258625 0.9949999999999944 268
1780125258627 0.9977777777777721 269
1780125258629 0.9966666666666611 270
1780125258631 0.9949999999999944 271
1780125258632 0.9972222222222167 272
1780125258634 0.9938888888888833 273
1780125258636 0.9949999999999944 274
1780125258638 0.9961111111111055 275
1780125258640 0.9927777777777722 276
1780125258642 0.9944444444444388 277
1780125258643 0.9944444444444388 278
1780125258645 0.9961111111111055 279
1780125258647 0.99055555555555 280
1780125258649 0.9938888888888833 281
1780125258651 0.9911111111111055 282
1780125258652 0.9922222222222166 283
1780125258654 0.9972222222222167 284
1780125258656 0.9933333333333276 285
1780125258658 0.9911111111111056 286
1780125258660 0.9955555555555499 287
1780125258661 0.9944444444444388 288
1780125258663 0.9949999999999944 289
1780125258665 0.9938888888888833 290
1780125258667 0.9927777777777722 291
1780125258669 0.9966666666666611 292
1780125258671 0.9955555555555499 293
1780125258672 0.9961111111111055 294
1780125258674 0.9949999999999944 295
1780125258676 0.9872222222222167 296
1780125258678 0.9938888888888833 297
1780125258680 0.9977777777777721 298
1780125258681 0.9938888888888833 299
1780125258683 0.9938888888888833 300
1780125258685 0.9972222222222167 301
1780125258687 0.9966666666666611 302
1780125258689 0.99055555555555 303
1780125258691 0.9894444444444389 304
1780125258692 0.9949999999999944 305
1780125258694 0.9944444444444388 306
1780125258696 0.9955555555555501 307
1780125258698 0.9949999999999944 308
1780125258700 0.9944444444444389 309
1780125258702 0.9938888888888833 310
1780125258704 0.99055555555555 311
1780125258706 0.9949999999999944 312
1780125258707 0.9938888888888833 313
