1780120415440 0.0 0
1780120415442 0.06 1
1780120415444 0.16499999999999998 2
1780120415446 0.355 3
1780120415447 0.24 4
1780120415449 0.49000000000000005 5
1780120415451 0.475 6
1780120415452 0.7050000000000001 7
1780120415454 0.705 8
1780120415455 0.6900000000000001 9
1780120415457 0.5549999999999999 10
1780120415459 0.7949999999999999 11
1780120415460 0.8200000000000001 12
1780120415462 0.875 13
1780120415464 0.8 14
1780120415465 0.825 15
1780120415467 0.9099999999999999 16
1780120415469 0.865 17
1780120415470 0.9049999999999999 18
1780120415472 0.8799999999999999 19
1780120415473 0.8699999999999999 20
1780120415475 0.755 21
1780120415477 0.76 22
1780120415478 0.9349999999999999 23
1780120415480 0.95 24
1780120415482 0.8800000000000001 25
1780120415483 0.7050000000000001 26
1780120415485 0.8950000000000001 27
1780120415487 0.9549999999999998 28
1780120415488 0.8550000000000001 29
1780120415490 0.8550000000000001 30
1780120415491 0.9049999999999999 31
1780120415493 0.7899999999999999 32
1780120415495 0.8749999999999998 33
1780120415496 0.82 34
1780120415498 0.8549999999999999 35
1780120415499 0.7600000000000001 36
1780120415501 0.875 37
1780120415503 0.845 38
1780120415504 0.685 39
1780120415506 0.885 40
1780120415508 0.7999999999999999 41
1780120415509 0.8350000000000002 42
1780120415511 0.775 43
1780120415513 0.875 44
1780120415514 0.585 45
1780120415516 0.925 46
1780120415518 0.8899999999999999 47
1780120415519 0.9199999999999999 48
1780120415521 0.9550000000000001 49
1780120415523 0.9349999999999999 50
1780120415524 0.9349999999999999 51
1780120415526 0.85 52
1780120415528 0.9349999999999999 53
1780120415529 0.9 54
1780120415531 0.9200000000000002 55
1780120415532 0.8150000000000001 56
1780120415534 0.925 57
1780120415536 0.8649999999999999 58
1780120415538 0.8600000000000001 59
1780120415539 0.9049999999999999 60
1780120415541 0.9149999999999998 61
1780120415542 0.9199999999999999 62
1780120415544 0.905 63
1780120415546 0.9549999999999998 64
1780120415547 0.7949999999999999 65
1780120415549 0.96 66
1780120415551 0.9099999999999999 67
1780120415552 0.9099999999999999 68
1780120415554 0.945 69
1780120415555 0.89 70
1780120415557 0.89 71
1780120415559 0.905 72
1780120415560 0.9249999999999998 73
1780120415562 0.9099999999999999 74
1780120415564 0.9349999999999999 75
1780120415565 0.8700000000000001 76
1780120415567 0.915 77
1780120415569 0.9250000000000002 78
1780120415570 0.9000000000000001 79
1780120415572 0.9349999999999999 80
1780120415574 0.915 81
1780120415575 0.925 82
1780120415577 0.8550000000000001 83
1780120415578 0.9199999999999999 84
1780120415580 0.96 85
1780120415582 0.9199999999999999 86
1780120415583 0.8949999999999999 87
1780120415585 0.5349999999999999 88
1780120415586 0.915 89
1780120415588 0.9549999999999998 90
1780120415590 0.9399999999999998 91
1780120415591 0.9 92
1780120415593 0.96 93
1780120415594 0.8400000000000001 94
1780120415596 0.8399999999999999 95
1780120415598 0.925 96
1780120415599 0.9499999999999998 97
1780120415601 0.905 98
1780120415602 0.9099999999999999 99
1780120415604 0.915 100
1780120415606 0.9199999999999999 101
1780120415607 0.7300000000000001 102
1780120415609 0.8899999999999999 103
1780120415610 0.9099999999999999 104
1780120415612 0.9349999999999999 105
1780120415614 0.875 106
1780120415615 0.925 107
1780120415617 0.775 108
1780120415619 0.945 109
1780120415620 0.945 110
1780120415622 0.925 111
1780120415624 0.9199999999999999 112
1780120415626 0.9549999999999998 113
1780120415627 0.9549999999999998 114
1780120415629 0.9349999999999999 115
1780120415630 0.8450000000000001 116
1780120415632 0.865 117
1780120415634 0.8699999999999999 118
1780120415636 0.945 119
1780120415638 0.905 120
1780120415639 0.64 121
1780120415641 0.9399999999999998 122
1780120415642 0.925 123
1780120415644 0.925 124
1780120415646 0.875 125
1780120415647 0.95 126
1780120415649 0.945 127
1780120415651 0.925 128
1780120415652 0.93 129
1780120415654 0.915 130
1780120415655 0.9549999999999998 131
1780120415657 0.8399999999999999 132
1780120415659 0.85 133
1780120415660 0.9549999999999998 134
1780120415662 0.9099999999999999 135
1780120415664 0.945 136
1780120415665 0.915 137
1780120415667 0.9099999999999999 138
1780120415669 0.8300000000000001 139
1780120415670 0.9349999999999999 140
1780120415672 0.9099999999999999 141
1780120415674 0.915 142
1780120415675 0.9100000000000001 143
1780120415677 0.9299999999999999 144
1780120415678 0.945 145
1780120415680 0.95 146
1780120415682 0.9399999999999998 147
1780120415683 0.915 148
1780120415685 0.9450000000000001 149
1780120415686 0.945 150
1780120415688 0.7949999999999999 151
1780120415690 0.89 152
1780120415691 0.945 153
1780120415693 0.9600000000000002 154
1780120415695 0.915 155
1780120415696 0.9249999999999998 156
1780120415698 0.95 157
1780120415699 0.975 158
1780120415701 0.9599999999999997 159
1780120415703 0.9649999999999999 160
1780120415704 0.99 161
1780120415706 0.9450000000000001 162
1780120415708 0.9349999999999999 163
1780120415709 0.95 164
1780120415711 0.8799999999999999 165
1780120415712 0.9549999999999998 166
1780120415714 0.9549999999999998 167
1780120415716 0.9350000000000002 168
1780120415717 0.9650000000000001 169
1780120415719 0.89 170
1780120415721 0.975 171
1780120415722 0.97 172
1780120415724 0.9399999999999998 173
1780120415726 0.97 174
1780120415727 0.9549999999999998 175
1780120415729 0.97 176
1780120415731 0.8850000000000001 177
1780120415733 0.9 178
1780120415734 0.97 179
1780120415736 0.99 180
1780120415737 0.975 181
1780120415739 0.9450000000000001 182
1780120415741 0.96 183
1780120415743 0.9550000000000001 184
1780120415744 0.985 185
1780120415746 0.97 186
1780120415747 0.9650000000000001 187
1780120415749 0.97 188
1780120415751 0.9550000000000001 189
1780120415752 0.9549999999999998 190
1780120415754 0.97 191
1780120415756 0.9649999999999999 192
1780120415757 0.9199999999999999 193
1780120415759 0.8950000000000001 194
1780120415761 0.93 195
1780120415762 0.97 196
1780120415764 0.9650000000000001 197
1780120415765 0.95 198
1780120415767 0.96 199
1780120415769 0.97 200
1780120415770 0.975 201
1780120415772 0.945 202
1780120415774 0.9799999999999999 203
1780120415775 0.945 204
1780120415777 0.945 205
1780120415778 0.9549999999999998 206
1780120415780 0.945 207
1780120415782 0.9650000000000001 208
1780120415783 0.95 209
1780120415785 0.975 210
1780120415786 0.9099999999999999 211
1780120415788 0.9049999999999999 212
1780120415790 0.9299999999999999 213
1780120415791 0.96 214
1780120415793 0.9800000000000001 215
1780120415794 0.9099999999999999 216
1780120415796 0.8949999999999999 217
1780120415798 0.975 218
1780120415799 1.0 219
1780120415801 0.9799999999999999 220
1780120415803 0.9400000000000001 221
1780120415804 0.9799999999999999 222
1780120415806 0.9649999999999999 223
1780120415808 0.8100000000000002 224
1780120415809 0.97 225
1780120415811 0.95 226
1780120415812 0.9399999999999998 227
1780120415814 0.9550000000000001 228
1780120415816 0.9400000000000001 229
1780120415817 0.95 230
1780120415819 0.9799999999999999 231
1780120415821 0.925 232
1780120415822 0.9650000000000001 233
1780120415824 0.96 234
1780120415826 0.925 235
1780120415827 0.85 236
1780120415829 0.9599999999999997 237
1780120415830 0.9350000000000002 238
1780120415832 0.9650000000000001 239
1780120415834 0.97 240
1780120415835 0.9549999999999998 241
1780120415837 0.97 242
1780120415839 0.97 243
1780120415840 0.9799999999999999 244
1780120415842 0.99 245
1780120415844 0.9749999999999999 246
1780120415845 0.9800000000000001 247
1780120415847 0.9650000000000001 248
1780120415848 0.9799999999999999 249
1780120415850 0.9649999999999999 250
1780120415852 0.96 251
1780120415854 0.97 252
1780120415855 0.97 253
1780120415857 0.9349999999999999 254
1780120415858 0.9400000000000001 255
1780120415860 0.9700000000000001 256
1780120415862 0.925 257
1780120415864 0.925 258
1780120415865 0.95 259
1780120415867 0.97 260
1780120415868 0.9649999999999999 261
1780120415870 0.95 262
1780120415872 0.96 263
1780120415873 0.975 264
1780120415875 0.975 265
1780120415877 0.9650000000000001 266
1780120415878 0.9800000000000001 267
1780120415880 0.9949999999999999 268
1780120415881 0.99 269
1780120415883 0.96 270
1780120415885 0.975 271
1780120415886 0.96 272
1780120415888 0.9649999999999999 273
1780120415889 0.9650000000000001 274
1780120415891 0.97 275
1780120415893 0.95 276
1780120415894 0.985 277
1780120415896 0.9649999999999999 278
1780120415897 0.9700000000000001 279
1780120415899 0.875 280
1780120415901 0.9799999999999999 281
1780120415902 0.97 282
1780120415904 0.975 283
1780120415906 0.9650000000000001 284
1780120415907 0.97 285
1780120415909 0.9799999999999999 286
1780120415911 0.9599999999999997 287
1780120415912 0.9799999999999999 288
1780120415914 1.0 289
1780120415916 0.97 290
1780120415917 0.945 291
1780120415919 0.97 292
1780120415921 0.96 293
1780120415922 0.945 294
1780120415924 0.9550000000000001 295
1780120415926 0.97 296
1780120415927 0.89 297
1780120415929 0.975 298
1780120415930 0.9549999999999998 299
1780120415932 0.9400000000000001 300
1780120415934 0.975 301
1780120415935 0.975 302
1780120415937 0.9399999999999998 303
1780120415939 0.985 304
1780120415940 0.97 305
1780120415942 0.9800000000000001 306
1780120415944 0.915 307
1780120415945 0.9700000000000001 308
1780120415947 0.96 309
1780120415949 0.975 310
1780120415950 0.9649999999999999 311
1780120415952 0.975 312
1780120415954 0.9650000000000001 313
