1780238194499 0.0 0
1780238194501 0.11500000000000002 1
1780238194502 0.5049999999999999 2
1780238194504 0.535 3
1780238194505 0.5199999999999999 4
1780238194507 0.7999999999999999 5
1780238194509 0.76 6
1780238194510 0.74 7
1780238194512 0.8099999999999999 8
1780238194513 0.85 9
1780238194515 0.8399999999999999 10
1780238194516 0.6900000000000001 11
1780238194518 0.85 12
1780238194519 0.9299999999999999 13
1780238194521 0.945 14
1780238194522 0.9 15
1780238194524 0.9 16
1780238194525 0.95 17
1780238194527 0.9549999999999998 18
1780238194528 0.945 19
1780238194530 0.9 20
1780238194531 0.9299999999999999 21
1780238194533 0.9399999999999998 22
1780238194535 0.9349999999999999 23
1780238194536 0.9599999999999997 24
1780238194538 0.945 25
1780238194539 0.93 26
1780238194541 0.9450000000000001 27
1780238194542 0.8999999999999998 28
1780238194544 0.9549999999999998 29
1780238194545 0.97 30
1780238194547 0.95 31
1780238194548 0.95 32
1780238194550 0.9649999999999999 33
1780238194551 0.97 34
1780238194553 0.925 35
1780238194554 0.595 36
1780238194556 0.95 37
1780238194558 0.8550000000000001 38
1780238194559 0.63 39
1780238194561 0.9399999999999998 40
1780238194562 0.9149999999999998 41
1780238194564 0.845 42
1780238194565 0.9400000000000001 43
1780238194567 0.72 44
1780238194568 0.9399999999999998 45
1780238194570 0.925 46
1780238194571 0.9349999999999999 47
1780238194573 0.9199999999999999 48
1780238194574 0.775 49
1780238194576 0.8799999999999999 50
1780238194577 0.95 51
1780238194579 0.9349999999999999 52
1780238194580 0.97 53
1780238194582 0.9649999999999999 54
1780238194583 0.9400000000000001 55
1780238194585 0.93 56
1780238194586 0.8699999999999999 57
1780238194588 0.925 58
1780238194589 0.96 59
1780238194591 0.9799999999999999 60
1780238194592 0.9349999999999999 61
1780238194594 0.945 62
1780238194595 0.8800000000000001 63
1780238194597 0.9199999999999999 64
1780238194598 0.9549999999999998 65
1780238194600 0.9400000000000001 66
1780238194601 0.9649999999999999 67
1780238194603 0.9299999999999999 68
1780238194604 0.9099999999999999 69
1780238194606 0.8700000000000001 70
1780238194614 0.9549999999999998 71
1780238194616 0.9350000000000002 72
1780238194617 0.9149999999999998 73
1780238194619 0.9400000000000001 74
1780238194620 0.9800000000000001 75
1780238194622 0.8149999999999998 76
1780238194623 0.8400000000000001 77
1780238194625 0.9200000000000002 78
1780238194626 0.9199999999999999 79
1780238194628 0.95 80
1780238194630 0.93 81
1780238194631 0.8949999999999999 82
1780238194633 0.7899999999999999 83
1780238194634 0.9799999999999999 84
1780238194636 0.9299999999999999 85
1780238194637 0.945 86
1780238194639 0.685 87
1780238194640 0.8049999999999999 88
1780238194642 0.865 89
1780238194643 0.9650000000000001 90
1780238194645 0.9650000000000001 91
1780238194646 0.9649999999999999 92
1780238194648 0.95 93
1780238194649 0.9349999999999999 94
1780238194651 0.9549999999999998 95
1780238194652 0.9550000000000001 96
1780238194654 0.9400000000000001 97
1780238194655 0.9499999999999998 98
1780238194657 0.985 99
1780238194658 0.945 100
1780238194660 0.9650000000000001 101
1780238194661 0.945 102
1780238194663 0.9199999999999999 103
1780238194664 0.8949999999999999 104
1780238194666 0.885 105
1780238194667 0.985 106
1780238194669 0.97 107
1780238194670 0.885 108
1780238194672 0.9299999999999999 109
1780238194673 0.9649999999999999 110
1780238194675 0.9349999999999999 111
1780238194676 0.9499999999999998 112
1780238194678 0.9599999999999997 113
1780238194679 0.96 114
1780238194681 0.96 115
1780238194682 0.96 116
1780238194684 0.915 117
1780238194685 0.945 118
1780238194686 0.8300000000000001 119
1780238194688 0.9799999999999999 120
1780238194689 0.97 121
1780238194691 0.925 122
1780238194693 0.8150000000000001 123
1780238194694 0.9650000000000001 124
1780238194696 0.9399999999999998 125
1780238194697 0.9700000000000001 126
1780238194699 0.97 127
1780238194700 0.9650000000000001 128
1780238194702 0.925 129
1780238194703 0.9399999999999998 130
1780238194704 0.97 131
1780238194706 0.95 132
1780238194707 0.945 133
1780238194709 0.96 134
1780238194710 0.9199999999999999 135
1780238194712 0.835 136
1780238194713 0.8300000000000001 137
1780238194715 0.96 138
1780238194716 0.96 139
1780238194718 0.9650000000000001 140
1780238194719 0.9649999999999999 141
1780238194721 0.97 142
1780238194722 0.96 143
1780238194724 0.8850000000000001 144
1780238194725 0.9400000000000001 145
1780238194727 0.9 146
1780238194728 0.9650000000000001 147
1780238194730 0.9650000000000001 148
1780238194731 0.9399999999999998 149
1780238194733 0.875 150
1780238194734 0.96 151
1780238194736 0.9800000000000001 152
1780238194737 0.9799999999999999 153
1780238194739 0.9049999999999999 154
1780238194740 0.845 155
1780238194742 0.95 156
1780238194743 0.86 157
1780238194745 0.755 158
1780238194746 0.8550000000000001 159
1780238194748 0.9350000000000002 160
1780238194749 0.95 161
1780238194751 0.915 162
1780238194752 0.835 163
1780238194754 0.945 164
1780238194755 0.93 165
1780238194757 0.93 166
1780238194758 0.8699999999999999 167
1780238194760 0.8400000000000001 168
1780238194761 0.9499999999999998 169
1780238194763 0.875 170
1780238194764 0.7649999999999999 171
1780238194766 0.8699999999999999 172
1780238194767 0.945 173
1780238194769 0.9299999999999999 174
1780238194770 0.905 175
1780238194772 0.925 176
1780238194773 0.93 177
1780238194775 0.865 178
1780238194776 0.8300000000000001 179
1780238194778 0.945 180
1780238194779 0.925 181
1780238194781 0.9099999999999999 182
1780238194782 0.915 183
1780238194788 0.9200000000000002 184
1780238194790 0.95 185
1780238194791 0.9199999999999999 186
1780238194793 0.9149999999999998 187
1780238194795 0.9499999999999998 188
1780238194796 0.9400000000000001 189
1780238194798 0.95 190
1780238194799 0.9550000000000001 191
1780238194801 0.9299999999999999 192
1780238194802 0.93 193
1780238194804 0.9349999999999999 194
1780238194805 0.9349999999999999 195
1780238194807 0.925 196
1780238194808 0.9200000000000002 197
1780238194810 0.9549999999999998 198
1780238194811 0.8899999999999999 199
1780238194813 0.9349999999999999 200
1780238194814 0.9549999999999998 201
1780238194816 0.705 202
1780238194817 0.8700000000000001 203
1780238194819 0.9199999999999999 204
1780238194820 0.95 205
1780238194822 0.9199999999999999 206
1780238194823 0.945 207
1780238194825 0.9549999999999998 208
1780238194826 0.9499999999999998 209
1780238194828 0.925 210
1780238194829 0.73 211
1780238194831 0.9650000000000001 212
1780238194832 0.9349999999999999 213
1780238194834 0.865 214
1780238194835 0.85 215
1780238194837 0.95 216
1780238194838 0.9549999999999998 217
1780238194840 0.8800000000000001 218
1780238194841 0.9550000000000001 219
1780238194843 0.9099999999999999 220
1780238194844 0.9550000000000001 221
1780238194846 0.8150000000000001 222
1780238194847 0.7999999999999999 223
1780238194849 0.8400000000000001 224
1780238194850 0.79 225
1780238194852 0.89 226
1780238194853 0.9649999999999999 227
1780238194855 0.9499999999999998 228
1780238194856 0.8150000000000001 229
1780238194858 0.9 230
1780238194859 0.915 231
1780238194861 0.915 232
1780238194862 0.86 233
1780238194864 0.8949999999999999 234
1780238194865 0.89 235
1780238194867 0.9349999999999999 236
1780238194868 0.9249999999999998 237
1780238194870 0.9400000000000001 238
1780238194871 0.9649999999999999 239
1780238194873 0.9650000000000001 240
1780238194874 0.95 241
1780238194876 0.945 242
1780238194877 0.9650000000000001 243
1780238194879 0.925 244
1780238194880 0.6599999999999999 245
1780238194882 0.885 246
1780238194883 0.9349999999999999 247
1780238194885 0.9499999999999998 248
1780238194886 0.9550000000000001 249
1780238194888 0.82 250
1780238194889 0.9450000000000001 251
1780238194891 0.9400000000000001 252
1780238194892 0.9550000000000001 253
1780238194894 0.915 254
1780238194895 0.9450000000000001 255
1780238194897 0.96 256
1780238194898 0.9349999999999999 257
1780238194900 0.885 258
1780238194901 0.9549999999999998 259
1780238194903 0.865 260
1780238194904 0.9299999999999999 261
1780238194906 0.9099999999999999 262
1780238194907 0.9600000000000002 263
1780238194909 0.9249999999999998 264
1780238194910 0.495 265
1780238194912 0.9099999999999999 266
1780238194913 0.96 267
1780238194915 0.905 268
1780238194916 0.9 269
1780238194918 0.9400000000000001 270
1780238194920 0.9349999999999999 271
1780238194921 0.71 272
1780238194923 0.8999999999999998 273
1780238194924 0.8949999999999999 274
1780238194926 0.8999999999999998 275
1780238194927 0.96 276
1780238194929 0.9550000000000001 277
1780238194930 0.9700000000000001 278
1780238194932 0.96 279
1780238194933 0.96 280
1780238194935 0.8799999999999999 281
1780238194936 0.9650000000000001 282
1780238194938 0.945 283
1780238194939 0.8300000000000001 284
1780238194941 0.945 285
1780238194942 0.96 286
1780238194944 0.9349999999999999 287
1780238194945 0.925 288
1780238194947 0.8550000000000001 289
1780238194948 0.9199999999999999 290
1780238194950 0.9199999999999999 291
1780238194951 0.915 292
1780238194953 0.925 293
1780238194954 0.9349999999999999 294
1780238194956 0.9550000000000001 295
1780238194958 0.95 296
1780238194960 0.95 297
1780238194962 0.96 298
1780238194963 0.9299999999999999 299
1780238194965 0.9199999999999999 300
1780238194966 0.945 301
1780238194968 0.95 302
1780238194969 0.875 303
1780238194971 0.93 304
1780238194972 0.89 305
1780238194974 0.9299999999999999 306
1780238194975 0.9349999999999999 307
1780238194977 0.78 308
1780238194978 0.93 309
1780238194980 0.9099999999999999 310
1780238194981 0.9349999999999999 311
1780238194983 0.95 312
1780238194984 0.9199999999999999 313
