1780716338238 0.0 0
1780716338264 0.1 1
1780716338284 0.245 2
1780716338305 0.42 3
1780716338326 0.52 4
1780716338360 0.465 5
1780716338375 0.665 6
1780716338396 0.67 7
1780716338416 0.785 8
1780716338437 0.635 9
1780716338471 0.76 10
1780716338492 0.795 11
1780716338511 0.82 12
1780716338534 0.63 13
1780716338553 0.685 14
1780716338587 0.575 15
1780716338609 0.66 16
1780716338630 0.635 17
1780716338655 0.685 18
1780716338676 0.67 19
1780716338711 0.67 20
1780716338730 0.645 21
1780716338750 0.725 22
1780716338772 0.695 23
1780716338790 0.655 24
1780716338810 0.68 25
1780716338843 0.68 26
1780716338862 0.66 27
1780716338884 0.645 28
1780716338905 0.67 29
1780716338928 0.645 30
1780716338946 0.655 31
1780716338972 0.67 32
1780716338992 0.685 33
1780716339013 0.69 34
1780716339032 0.635 35
1780716339049 0.705 36
1780716339085 0.63 37
1780716339105 0.63 38
1780716339128 0.63 39
1780716339147 0.67 40
1780716339167 0.68 41
1780716339188 0.6 42
1780716339218 0.68 43
1780716339240 0.725 44
1780716339259 0.655 45
1780716339278 0.62 46
1780716339296 0.635 47
1780716339317 0.65 48
1780716339347 0.725 49
1780716339367 0.74 50
1780716339390 0.685 51
1780716339412 0.63 52
1780716339432 0.695 53
1780716339467 0.65 54
1780716339487 0.735 55
1780716339504 0.7 56
1780716339525 0.625 57
1780716339545 0.68 58
1780716339567 0.655 59
1780716339603 0.715 60
1780716339624 0.735 61
1780716339645 0.72 62
1780716339668 0.685 63
1780716339687 0.67 64
1780716339723 0.59 65
1780716339741 0.715 66
1780716339761 0.65 67
1780716339779 0.645 68
1780716339799 0.68 69
1780716339819 0.63 70
1780716339852 0.69 71
1780716339877 0.67 72
1780716339902 0.64 73
1780716339923 0.705 74
1780716339941 0.65 75
1780716339976 0.69 76
1780716339999 0.69 77
1780716340025 0.68 78
1780716340049 0.69 79
1780716340072 0.705 80
1780716340091 0.625 81
1780716340125 0.655 82
1780716340148 0.625 83
1780716340169 0.69 84
1780716340195 0.705 85
1780716340216 0.605 86
1780716340236 0.675 87
1780716340262 0.67 88
1780716340287 0.695 89
1780716340310 0.71 90
1780716340331 0.62 91
1780716340350 0.655 92
1780716340387 0.66 93
1780716340407 0.63 94
1780716340425 0.625 95
1780716340446 0.74 96
1780716340468 0.635 97
1780716340489 0.675 98
1780716340522 0.655 99
1780716340540 0.675 100
1780716340561 0.63 101
1780716340582 0.72 102
1780716340604 0.65 103
1780716340641 0.705 104
1780716340661 0.66 105
1780716340680 0.655 106
1780716340702 0.635 107
1780716340723 0.7 108
1780716340743 0.65 109
1780716340775 0.71 110
1780716340792 0.66 111
1780716340816 0.635 112
1780716340836 0.59 113
1780716340855 0.695 114
1780716340875 0.645 115
1780716340906 0.625 116
1780716340923 0.65 117
1780716340945 0.69 118
1780716340966 0.59 119
1780716340987 0.665 120
1780716341008 0.655 121
1780716341037 0.615 122
1780716341058 0.72 123
1780716341080 0.715 124
1780716341103 0.68 125
1780716341123 0.735 126
1780716341156 0.65 127
1780716341175 0.65 128
1780716341195 0.685 129
1780716341223 0.625 130
1780716341251 0.7 131
1780716341272 0.66 132
1780716341301 0.615 133
1780716341323 0.59 134
1780716341345 0.74 135
1780716341371 0.6 136
1780716341393 0.71 137
1780716341431 0.655 138
1780716341455 0.6 139
1780716341477 0.74 140
1780716341500 0.615 141
1780716341523 0.62 142
1780716341547 0.64 143
1780716341583 0.68 144
1780716341606 0.65 145
1780716341628 0.66 146
1780716341644 0.67 147
1780716341667 0.64 148
1780716341700 0.605 149
1780716341722 0.585 150
1780716341743 0.69 151
1780716341763 0.68 152
1780716341790 0.675 153
1780716341815 0.595 154
1780716341849 0.665 155
1780716341871 0.645 156
1780716341895 0.555 157
1780716341919 0.64 158
1780716341940 0.615 159
1780716341971 0.605 160
1780716341993 0.6 161
1780716342013 0.53 162
1780716342033 0.46 163
1780716342057 0.49 164
1780716342097 0.515 165
1780716342116 0.46 166
1780716342136 0.465 167
1780716342153 0.655 168
1780716342173 0.685 169
1780716342195 0.765 170
1780716342227 0.74 171
1780716342247 0.735 172
1780716342270 0.795 173
1780716342291 0.815 174
1780716342310 0.88 175
1780716342340 0.82 176
1780716342358 0.89 177
1780716342377 0.865 178
1780716342398 0.84 179
1780716342417 0.905 180
1780716342436 0.875 181
1780716342472 0.825 182
1780716342491 0.8 183
1780716342514 0.89 184
1780716342533 0.91 185
1780716342554 0.85 186
1780716342573 0.865 187
1780716342602 0.835 188
1780716342624 0.86 189
1780716342646 0.835 190
1780716342667 0.885 191
1780716342688 0.905 192
1780716342721 0.875 193
1780716342745 0.85 194
1780716342764 0.845 195
1780716342783 0.855 196
1780716342804 0.845 197
1780716342825 0.9 198
1780716342858 0.84 199
1780716342879 0.885 200
1780716342900 0.85 201
1780716342926 0.845 202
1780716342945 0.875 203
1780716342981 0.88 204
1780716343007 0.86 205
1780716343028 0.87 206
1780716343048 0.93 207
1780716343068 0.91 208
1780716343086 0.875 209
1780716343126 0.89 210
1780716343150 0.885 211
1780716343173 0.855 212
1780716343196 0.91 213
1780716343216 0.875 214
1780716343253 0.86 215
1780716343277 0.885 216
1780716343301 0.895 217
1780716343323 0.87 218
1780716343342 0.855 219
1780716343367 0.85 220
1780716343395 0.885 221
1780716343420 0.85 222
1780716343439 0.855 223
1780716343459 0.885 224
1780716343479 0.825 225
1780716343512 0.83 226
1780716343531 0.86 227
1780716343551 0.885 228
1780716343571 0.865 229
1780716343591 0.89 230
1780716343611 0.86 231
1780716343643 0.815 232
1780716343661 0.87 233
1780716343682 0.83 234
1780716343701 0.87 235
1780716343723 0.835 236
1780716343742 0.88 237
1780716343771 0.885 238
1780716343787 0.845 239
1780716343806 0.86 240
1780716343830 0.84 241
1780716343849 0.835 242
1780716343886 0.92 243
1780716343911 0.835 244
1780716343930 0.87 245
1780716343950 0.835 246
1780716343969 0.85 247
1780716343991 0.845 248
1780716344020 0.85 249
1780716344040 0.865 250
1780716344061 0.885 251
1780716344081 0.85 252
1780716344101 0.86 253
1780716344131 0.885 254
1780716344150 0.855 255
1780716344173 0.89 256
1780716344197 0.845 257
1780716344218 0.85 258
1780716344239 0.885 259
1780716344275 0.795 260
1780716344295 0.92 261
1780716344312 0.845 262
1780716344333 0.82 263
1780716344356 0.86 264
1780716344378 0.885 265
1780716344403 0.85 266
1780716344422 0.885 267
1780716344441 0.855 268
1780716344463 0.89 269
1780716344482 0.815 270
1780716344519 0.845 271
1780716344536 0.85 272
1780716344555 0.83 273
1780716344574 0.87 274
1780716344593 0.875 275
1780716344616 0.88 276
1780716344648 0.83 277
1780716344667 0.845 278
1780716344687 0.875 279
1780716344709 0.875 280
1780716344725 0.88 281
1780716344746 0.855 282
1780716344775 0.905 283
1780716344795 0.86 284
1780716344817 0.82 285
1780716344839 0.86 286
1780716344858 0.86 287
1780716344893 0.865 288
1780716344911 0.865 289
1780716344927 0.895 290
1780716344949 0.875 291
1780716344971 0.82 292
1780716344990 0.875 293
1780716345024 0.825 294
1780716345043 0.825 295
1780716345070 0.885 296
1780716345091 0.84 297
1780716345108 0.81 298
1780716345144 0.85 299
1780716345163 0.905 300
1780716345185 0.88 301
1780716345202 0.825 302
1780716345223 0.885 303
1780716345244 0.885 304
1780716345284 0.885 305
1780716345302 0.85 306
1780716345323 0.815 307
1780716345344 0.895 308
1780716345364 0.82 309
1780716345396 0.835 310
1780716345418 0.885 311
1780716345437 0.84 312
1780716345458 0.885 313
