1780241889547 0.0 0
1780241889549 0.11000000000000001 1
1780241889551 0.22000000000000003 2
1780241889552 0.445 3
1780241889554 0.36499999999999994 4
1780241889556 0.505 5
1780241889557 0.45999999999999996 6
1780241889559 0.38 7
1780241889561 0.78 8
1780241889563 0.665 9
1780241889564 0.715 10
1780241889566 0.8400000000000001 11
1780241889568 0.8850000000000001 12
1780241889569 0.82 13
1780241889571 0.8699999999999999 14
1780241889573 0.825 15
1780241889574 0.865 16
1780241889576 0.8549999999999999 17
1780241889578 0.7999999999999999 18
1780241889579 0.9 19
1780241889581 0.8799999999999999 20
1780241889583 0.73 21
1780241889584 0.8800000000000001 22
1780241889586 0.9099999999999999 23
1780241889588 0.835 24
1780241889589 0.9199999999999999 25
1780241889591 0.9099999999999999 26
1780241889593 0.905 27
1780241889594 0.9550000000000001 28
1780241889596 0.9100000000000001 29
1780241889598 0.7300000000000001 30
1780241889599 0.93 31
1780241889601 0.9349999999999999 32
1780241889603 0.85 33
1780241889604 0.77 34
1780241889606 0.8949999999999999 35
1780241889608 0.8399999999999999 36
1780241889609 0.925 37
1780241889611 0.885 38
1780241889613 0.9199999999999999 39
1780241889614 0.85 40
1780241889616 0.875 41
1780241889617 0.9149999999999998 42
1780241889619 0.875 43
1780241889621 0.745 44
1780241889622 0.915 45
1780241889624 0.9349999999999999 46
1780241889626 0.93 47
1780241889627 0.93 48
1780241889629 0.8049999999999999 49
1780241889631 0.9199999999999999 50
1780241889633 0.9200000000000002 51
1780241889635 0.765 52
1780241889636 0.925 53
1780241889638 0.805 54
1780241889640 0.8400000000000001 55
1780241889641 0.905 56
1780241889643 0.9400000000000001 57
1780241889645 0.9400000000000001 58
1780241889646 0.9650000000000001 59
1780241889648 0.6900000000000001 60
1780241889650 0.915 61
1780241889651 0.8800000000000001 62
1780241889653 0.915 63
1780241889655 0.9549999999999998 64
1780241889657 0.9299999999999999 65
1780241889658 0.8400000000000001 66
1780241889660 0.865 67
1780241889662 0.8149999999999998 68
1780241889664 0.9299999999999999 69
1780241889665 0.8799999999999999 70
1780241889667 0.8800000000000001 71
1780241889669 0.915 72
1780241889670 0.7950000000000002 73
1780241889672 0.9450000000000001 74
1780241889674 0.9299999999999999 75
1780241889675 0.95 76
1780241889677 0.8649999999999999 77
1780241889679 0.865 78
1780241889680 0.9100000000000001 79
1780241889682 0.96 80
1780241889684 0.865 81
1780241889685 0.9 82
1780241889687 0.9250000000000002 83
1780241889689 0.9100000000000001 84
1780241889690 0.95 85
1780241889692 0.765 86
1780241889694 0.9200000000000002 87
1780241889695 0.9149999999999998 88
1780241889697 0.9400000000000001 89
1780241889699 0.9149999999999998 90
1780241889700 0.8550000000000001 91
1780241889702 0.96 92
1780241889704 0.9499999999999998 93
1780241889705 0.9 94
1780241889707 0.85 95
1780241889709 0.89 96
1780241889710 0.9549999999999998 97
1780241889712 0.885 98
1780241889714 0.9149999999999998 99
1780241889715 0.9399999999999998 100
1780241889717 0.945 101
1780241889719 0.915 102
1780241889720 0.9299999999999999 103
1780241889722 0.8700000000000001 104
1780241889724 0.9549999999999998 105
1780241889725 0.845 106
1780241889727 0.9349999999999999 107
1780241889729 0.7949999999999999 108
1780241889730 0.8400000000000001 109
1780241889732 0.9049999999999999 110
1780241889734 0.9299999999999999 111
1780241889735 0.93 112
1780241889737 0.96 113
1780241889739 0.9299999999999999 114
1780241889740 0.9349999999999999 115
1780241889742 0.86 116
1780241889744 0.9400000000000001 117
1780241889745 0.925 118
1780241889747 0.73 119
1780241889749 0.89 120
1780241889750 0.885 121
1780241889752 0.975 122
1780241889753 0.9349999999999999 123
1780241889755 0.9099999999999999 124
1780241889757 0.9199999999999999 125
1780241889758 0.9400000000000001 126
1780241889760 0.925 127
1780241889762 0.845 128
1780241889763 0.9199999999999999 129
1780241889765 0.93 130
1780241889767 0.9549999999999998 131
1780241889768 0.925 132
1780241889770 0.8950000000000001 133
1780241889772 0.9650000000000001 134
1780241889774 0.97 135
1780241889775 0.9650000000000001 136
1780241889777 0.9099999999999999 137
1780241889779 0.915 138
1780241889780 0.9349999999999999 139
1780241889782 0.9199999999999999 140
1780241889784 0.8700000000000001 141
1780241889786 0.9799999999999999 142
1780241889787 0.9599999999999997 143
1780241889789 0.96 144
1780241889791 0.95 145
1780241889792 0.9249999999999998 146
1780241889794 0.7649999999999999 147
1780241889796 0.875 148
1780241889797 0.9199999999999999 149
1780241889799 0.95 150
1780241889800 0.9299999999999999 151
1780241889802 0.8999999999999998 152
1780241889804 0.9149999999999998 153
1780241889805 0.9049999999999999 154
1780241889807 0.9450000000000001 155
1780241889809 0.9200000000000002 156
1780241889810 0.9399999999999998 157
1780241889812 0.9249999999999998 158
1780241889814 0.9149999999999998 159
1780241889815 0.9599999999999997 160
1780241889817 0.9650000000000001 161
1780241889819 0.945 162
1780241889820 0.845 163
1780241889822 0.95 164
1780241889824 0.945 165
1780241889825 0.945 166
1780241889827 0.96 167
1780241889829 0.96 168
1780241889830 0.9549999999999998 169
1780241889832 0.95 170
1780241889834 0.9650000000000001 171
1780241889835 0.945 172
1780241889837 0.9600000000000002 173
1780241889838 0.9549999999999998 174
1780241889840 0.97 175
1780241889842 0.9549999999999998 176
1780241889843 0.9549999999999998 177
1780241889845 0.975 178
1780241889847 0.9800000000000001 179
1780241889848 0.9649999999999999 180
1780241889850 0.97 181
1780241889852 0.93 182
1780241889854 0.8550000000000001 183
1780241889855 0.9349999999999999 184
1780241889857 0.985 185
1780241889859 0.9550000000000001 186
1780241889860 0.97 187
1780241889862 0.945 188
1780241889863 0.975 189
1780241889865 0.9349999999999999 190
1780241889867 0.9299999999999999 191
1780241889868 0.97 192
1780241889870 0.96 193
1780241889872 0.9399999999999998 194
1780241889873 0.9149999999999998 195
1780241889875 0.9450000000000001 196
1780241889877 0.9650000000000001 197
1780241889878 0.975 198
1780241889880 0.97 199
1780241889882 0.96 200
1780241889884 0.9799999999999999 201
1780241889885 0.9400000000000001 202
1780241889887 0.9549999999999998 203
1780241889889 0.9550000000000001 204
1780241889890 0.945 205
1780241889892 0.9800000000000001 206
1780241889895 0.9649999999999999 207
1780241889899 0.89 208
1780241889903 0.96 209
1780241889907 0.96 210
1780241889910 0.8949999999999999 211
1780241889912 0.8699999999999999 212
1780241889914 0.95 213
1780241889916 0.9649999999999999 214
1780241889917 0.9649999999999999 215
1780241889919 0.95 216
1780241889921 0.9549999999999998 217
1780241889922 0.97 218
1780241889924 0.9949999999999999 219
1780241889926 0.975 220
1780241889927 0.9099999999999999 221
1780241889929 0.985 222
1780241889931 0.9700000000000001 223
1780241889932 0.97 224
1780241889934 0.96 225
1780241889936 0.9700000000000001 226
1780241889937 0.97 227
1780241889939 0.9650000000000001 228
1780241889941 0.95 229
1780241889943 0.9800000000000001 230
1780241889944 0.9800000000000001 231
1780241889946 0.9400000000000001 232
1780241889948 0.96 233
1780241889949 0.925 234
1780241889951 0.8799999999999999 235
1780241889953 0.95 236
1780241889954 0.97 237
1780241889956 0.975 238
1780241889958 0.9749999999999999 239
1780241889959 0.9650000000000001 240
1780241889961 0.9399999999999998 241
1780241889963 0.93 242
1780241889964 0.97 243
1780241889966 0.9549999999999998 244
1780241889968 0.9949999999999999 245
1780241889969 0.9800000000000001 246
1780241889971 0.9650000000000001 247
1780241889973 0.9450000000000001 248
1780241889974 0.8949999999999999 249
1780241889976 0.9649999999999999 250
1780241889978 0.9549999999999998 251
1780241889980 0.985 252
1780241889982 0.97 253
1780241889983 0.9549999999999998 254
1780241889985 0.9650000000000001 255
1780241889987 0.9550000000000001 256
1780241889988 0.915 257
1780241889990 0.97 258
1780241889992 0.8949999999999999 259
1780241889993 0.96 260
1780241889995 0.9499999999999998 261
1780241889997 0.9799999999999999 262
1780241889998 0.9649999999999999 263
1780241890000 0.97 264
1780241890002 0.9599999999999997 265
1780241890004 0.95 266
1780241890005 0.975 267
1780241890007 0.9899999999999999 268
1780241890009 0.9799999999999999 269
1780241890010 0.97 270
1780241890012 0.9799999999999999 271
1780241890014 0.9700000000000001 272
1780241890015 0.9599999999999997 273
1780241890017 0.9650000000000001 274
1780241890019 0.975 275
1780241890020 0.9650000000000001 276
1780241890022 0.9400000000000001 277
1780241890024 0.945 278
1780241890026 0.975 279
1780241890027 0.9349999999999999 280
1780241890029 0.9 281
1780241890031 0.9599999999999997 282
1780241890032 0.9399999999999998 283
1780241890034 0.97 284
1780241890036 0.93 285
1780241890037 0.9799999999999999 286
1780241890039 0.97 287
1780241890041 0.95 288
1780241890042 0.985 289
1780241890044 0.97 290
1780241890046 0.985 291
1780241890047 0.97 292
1780241890049 0.97 293
1780241890051 0.9650000000000001 294
1780241890053 0.9549999999999998 295
1780241890055 0.97 296
1780241890056 0.9800000000000001 297
1780241890058 0.9899999999999999 298
1780241890060 0.96 299
1780241890061 0.95 300
1780241890063 0.985 301
1780241890065 0.975 302
1780241890066 0.9450000000000001 303
1780241890068 0.97 304
1780241890070 0.9649999999999999 305
1780241890071 0.8450000000000001 306
1780241890073 0.9549999999999998 307
1780241890075 0.97 308
1780241890076 0.9649999999999999 309
1780241890078 0.9800000000000001 310
1780241890080 0.9649999999999999 311
1780241890081 0.9799999999999999 312
1780241890083 0.985 313
