1780138610663 0.0 0
1780138610666 0.05757142857142857 1
1780138610668 0.11474811832449314 2
1780138610671 0.158186314064998 3
1780138610674 0.25613122799782895 4
1780138610676 0.3323266119607583 5
1780138610679 0.31542382348833964 6
1780138610682 0.4097709245448108 7
1780138610684 0.39210882016899673 8
1780138610687 0.5176344566672934 9
1780138610689 0.4114904905380774 10
1780138610692 0.48024954412519794 11
1780138610695 0.45429516054516067 12
1780138610697 0.587636582072242 13
1780138610700 0.5966719403320505 14
1780138610702 0.5981728062894163 15
1780138610705 0.6280346363567224 16
1780138610708 0.6590490196390818 17
1780138610711 0.6251832389136132 18
1780138610713 0.6574531727684836 19
1780138610716 0.7097644749585318 20
1780138610719 0.7062194826856101 21
1780138610721 0.6651564479662951 22
1780138610724 0.7528048462491125 23
1780138610726 0.7542010595704253 24
1780138610729 0.7839314166837179 25
1780138610732 0.7640962679077153 26
1780138610734 0.7455856505856506 27
1780138610737 0.7454204691489351 28
1780138610739 0.7455023038746516 29
1780138610742 0.7950649445865567 30
1780138610745 0.8055887179057212 31
1780138610747 0.7754573748911464 32
1780138610750 0.7749659461654566 33
1780138610752 0.8442296453813902 34
1780138610755 0.7451322274134327 35
1780138610758 0.790368318258032 36
1780138610760 0.8219042375314153 37
1780138610763 0.7752455242576823 38
1780138610766 0.7917132708554946 39
1780138610768 0.8318439552561856 40
1780138610771 0.766222133308141 41
1780138610774 0.8159214092140921 42
1780138610776 0.8450798080585316 43
1780138610779 0.7790925795670558 44
1780138610781 0.8122043893523969 45
1780138610784 0.7795197086493453 46
1780138610787 0.7842588861156918 47
1780138610789 0.7815436903672197 48
1780138610792 0.7997814509358074 49
1780138610794 0.8355464034233329 50
1780138610797 0.7981393944808579 51
1780138610800 0.8277788298883266 52
1780138610802 0.8080105514156806 53
1780138610805 0.858801091332565 54
1780138610808 0.7786351893389838 55
1780138610810 0.8340713834300744 56
1780138610813 0.7965350672532615 57
1780138610815 0.7811070616939443 58
1780138610818 0.8541812763643983 59
1780138610820 0.8723892147801007 60
1780138610823 0.769940870501544 61
1780138610826 0.8325618714140953 62
1780138610828 0.8232786309662176 63
1780138610831 0.7667901689562465 64
1780138610834 0.836886845369406 65
1780138610836 0.8487284411561212 66
1780138610839 0.8253729562473631 67
1780138610841 0.8307125924772985 68
1780138610844 0.7994743813884854 69
1780138610847 0.844529268602016 70
1780138610849 0.8069186099525757 71
1780138610852 0.8674454486082392 72
1780138610854 0.8534322215965349 73
1780138610857 0.8315327651487607 74
1780138610860 0.8185610250075724 75
1780138610862 0.8270822530934122 76
1780138610865 0.8329702033116668 77
1780138610867 0.7627446719119637 78
1780138610870 0.8349245293412844 79
1780138610873 0.8395411879320885 80
1780138610875 0.8251581892508855 81
1780138610878 0.8325391209448085 82
1780138610880 0.8614034980513561 83
1780138610883 0.8237098388273122 84
1780138610886 0.7817750882540396 85
1780138610888 0.8603230304821492 86
1780138610891 0.8539255945560988 87
1780138610893 0.8270171833586467 88
1780138610896 0.8420499269355105 89
1780138610898 0.8290093318363612 90
1780138610901 0.7898809523809525 91
1780138610904 0.8248574391631152 92
1780138610906 0.791672830626319 93
1780138610909 0.7870087948236123 94
1780138610912 0.8045339734337682 95
1780138610915 0.7656130907122696 96
1780138610918 0.8578323732445516 97
1780138610921 0.7660317269179563 98
1780138610923 0.7860428032232004 99
1780138610926 0.8101426643531907 100
1780138610929 0.8318227876677916 101
1780138610931 0.8394797067980768 102
1780138610934 0.7983630432086402 103
1780138610937 0.8835390594225714 104
1780138610940 0.8694931450338605 105
1780138610942 0.8660657422010678 106
1780138610945 0.8742898941486874 107
1780138610948 0.855134156713104 108
1780138610951 0.8738256732817764 109
1780138610953 0.8311978981349373 110
1780138610957 0.9093235904018961 111
1780138610961 0.8270067230989818 112
1780138610964 0.8497354061058274 113
1780138610966 0.8941508358247171 114
1780138610969 0.8567891587903829 115
1780138610972 0.8765558155697146 116
1780138610975 0.8732662279003742 117
1780138610978 0.8252722559207587 118
1780138610981 0.8046855303049888 119
1780138610984 0.8477601686254637 120
1780138610987 0.8650280217538479 121
1780138610990 0.8228398818837466 122
1780138610993 0.8617555121705287 123
1780138610996 0.8323814698236214 124
1780138611000 0.9048541809068122 125
1780138611003 0.7940862839220525 126
1780138611006 0.8495672185466793 127
1780138611009 0.8602597944061359 128
1780138611012 0.8384114832612954 129
1780138611015 0.8158026119845523 130
1780138611017 0.7226585376934593 131
1780138611020 0.8554291635976563 132
1780138611022 0.8404872224387054 133
1780138611025 0.8704011432582861 134
1780138611027 0.8539719070461341 135
1780138611030 0.8748306701658276 136
1780138611033 0.8986065744810514 137
1780138611035 0.8904172802747301 138
1780138611038 0.8404409845304766 139
1780138611040 0.8639753742192766 140
1780138611043 0.8800989578896555 141
1780138611046 0.8697065969004976 142
1780138611048 0.8480876507722565 143
1780138611051 0.8773929192350245 144
1780138611054 0.8529547554238702 145
1780138611056 0.8503006138824819 146
1780138611059 0.864955329886721 147
1780138611061 0.9031612575492625 148
1780138611064 0.8677862526873161 149
1780138611067 0.8860980138836364 150
1780138611069 0.8911914593750281 151
1780138611072 0.8824556875955508 152
1780138611075 0.9192838496020871 153
1780138611077 0.9047905425386992 154
1780138611080 0.8793623562719303 155
1780138611082 0.8681714762202569 156
1780138611085 0.8183910047519449 157
1780138611088 0.8700467296625375 158
1780138611090 0.9102200551954974 159
1780138611093 0.9246329218087883 160
1780138611095 0.8937728502823106 161
1780138611098 0.90019904593956 162
1780138611101 0.9302048690880527 163
1780138611103 0.899577350065155 164
1780138611106 0.914796582060964 165
1780138611108 0.9188088171515044 166
1780138611111 0.9103331422436121 167
1780138611114 0.9141913495943708 168
1780138611116 0.9004938717452493 169
1780138611119 0.9248393809176865 170
1780138611121 0.8745427922427356 171
1780138611124 0.8972145358955365 172
1780138611127 0.8994474812487718 173
1780138611129 0.8766664438423103 174
1780138611132 0.8924751521263149 175
1780138611135 0.916765665847055 176
1780138611137 0.9141315949659982 177
1780138611140 0.9245214263484558 178
1780138611142 0.9349765617352267 179
1780138611145 0.9348318889782306 180
1780138611148 0.9446634256569475 181
1780138611150 0.9153996623829744 182
1780138611153 0.9292470781353368 183
1780138611155 0.9237424184600052 184
1780138611158 0.9352514770977619 185
1780138611161 0.9097709360001506 186
1780138611163 0.9252122939006838 187
1780138611166 0.9448503528991333 188
1780138611169 0.9295887723743951 189
1780138611172 0.9047334991237429 190
1780138611175 0.9450562228469204 191
1780138611178 0.9395319347758372 192
1780138611182 0.9145838216963404 193
1780138611184 0.9402757754298191 194
1780138611187 0.934439585517891 195
1780138611190 0.9333957783765229 196
1780138611192 0.9492761764712986 197
1780138611195 0.9256760143418067 198
1780138611199 0.8742017760860794 199
1780138611202 0.9151424481688386 200
1780138611205 0.9309661174808801 201
1780138611208 0.955167805744126 202
1780138611210 0.9043164379364637 203
1780138611213 0.9029620220181096 204
1780138611215 0.9356149656833301 205
1780138611218 0.9360171874279107 206
1780138611220 0.9304203800989497 207
1780138611223 0.9211604289460515 208
1780138611226 0.9367929313001031 209
1780138611228 0.9152712477937126 210
1780138611231 0.9203841527333182 211
1780138611233 0.9349118892173495 212
1780138611236 0.9195491209589488 213
1780138611239 0.8937079012273521 214
1780138611241 0.9445641050496709 215
1780138611244 0.9299312915166574 216
1780138611246 0.9208054931493566 217
1780138611249 0.9396983311938383 218
1780138611252 0.9351247470567111 219
1780138611254 0.8907267214556782 220
1780138611257 0.9385943033220402 221
1780138611260 0.9400275077938751 222
1780138611262 0.9245513173176845 223
1780138611265 0.9111949238948671 224
1780138611267 0.9243416791491246 225
1780138611270 0.9054256399102734 226
1780138611273 0.9450245911079718 227
1780138611283 0.9202681872707548 228
1780138611286 0.9188406442385905 229
1780138611289 0.9401653129509355 230
1780138611291 0.9243095371002349 231
1780138611294 0.9448484788958563 232
1780138611297 0.9104809117999852 233
1780138611299 0.9555524681506113 234
1780138611302 0.9152409278501168 235
1780138611305 0.9246655024562003 236
1780138611307 0.9451347176571824 237
1780138611310 0.9172695113943584 238
1780138611312 0.9065871309631947 239
1780138611315 0.9244223251568686 240
1780138611318 0.9398624140087556 241
1780138611320 0.9448002275858502 242
1780138611323 0.9239097594911548 243
1780138611326 0.9000817888385431 244
1780138611328 0.950453428502209 245
1780138611331 0.9452232874867738 246
1780138611333 0.8923045725091537 247
1780138611336 0.9196375535207372 248
1780138611339 0.9134169816932453 249
1780138611341 0.9455265175461014 250
1780138611344 0.9293460750571836 251
1780138611346 0.9245982002593044 252
1780138611349 0.9298099532759354 253
1780138611351 0.9243243819367054 254
1780138611354 0.9093575327194756 255
1780138611357 0.9452183930746191 256
1780138611359 0.9060394728857577 257
1780138611362 0.9450318423719027 258
1780138611364 0.9350794005649664 259
1780138611367 0.924947172142294 260
1780138611370 0.9247102670645078 261
1780138611372 0.9256869973558034 262
1780138611375 0.9454702828194484 263
1780138611378 0.9402770433258238 264
1780138611380 0.9447577219528437 265
1780138611383 0.9192566137412472 266
1780138611386 0.9598404783064602 267
1780138611388 0.9312757146294478 268
1780138611391 0.9252486653170295 269
1780138611393 0.9608799464969582 270
1780138611396 0.9552183930746191 271
1780138611399 0.934476072484103 272
1780138611401 0.9355260708383376 273
1780138611404 0.9391380185924472 274
1780138611406 0.9340640531911392 275
1780138611409 0.950203437903381 276
1780138611411 0.9349859837834881 277
1780138611414 0.9596726477214282 278
1780138611417 0.9454063947118548 279
1780138611419 0.9500228195863626 280
1780138611422 0.9505052200687629 281
1780138611425 0.9597122731782551 282
1780138611427 0.9496533922657158 283
1780138611430 0.8998311837827316 284
1780138611432 0.9499624295259725 285
1780138611435 0.9298936090175539 286
1780138611438 0.9057139017023484 287
1780138611440 0.9214621435641757 288
1780138611443 0.9006623851255242 289
1780138611445 0.949790352993177 290
1780138611448 0.9401673590363622 291
1780138611450 0.9344176498155958 292
1780138611453 0.9399391066785162 293
1780138611460 0.9501584248810865 294
1780138611463 0.9348193696245761 295
1780138611465 0.9447755973879207 296
1780138611468 0.9352300351251005 297
1780138611471 0.9399069907413938 298
1780138611473 0.9448154156498185 299
1780138611476 0.8943639914499993 300
1780138611478 0.9089912432884939 301
1780138611481 0.9551031894934334 302
1780138611484 0.9554961809133825 303
1780138611486 0.9548587684838692 304
1780138611489 0.9848556663704289 305
1780138611491 0.9499338249196446 306
1780138611494 0.929901074187279 307
1780138611497 0.9493434462804855 308
1780138611499 0.9397872260388308 309
1780138611502 0.9499602430090235 310
1780138611505 0.9391342609805458 311
1780138611507 0.9495063783895621 312
1780138611510 0.938528651319349 313
