1780244656606 0.0 0
1780244656608 0.095 1
1780244656610 0.53 2
1780244656611 0.6799999999999999 3
1780244656613 0.705 4
1780244656615 0.7300000000000001 5
1780244656617 0.745 6
1780244656618 0.825 7
1780244656620 0.8800000000000001 8
1780244656622 0.835 9
1780244656623 0.885 10
1780244656625 0.885 11
1780244656627 0.805 12
1780244656629 0.9 13
1780244656630 0.9199999999999999 14
1780244656632 0.9149999999999998 15
1780244656634 0.93 16
1780244656636 0.93 17
1780244656637 0.8600000000000001 18
1780244656639 0.9049999999999999 19
1780244656641 0.9450000000000001 20
1780244656643 0.95 21
1780244656645 0.93 22
1780244656646 0.9349999999999999 23
1780244656648 0.925 24
1780244656650 0.9200000000000002 25
1780244656651 0.9549999999999998 26
1780244656653 0.9349999999999999 27
1780244656655 0.925 28
1780244656657 0.9550000000000001 29
1780244656658 0.9349999999999999 30
1780244656660 0.9400000000000001 31
1780244656662 0.96 32
1780244656664 0.915 33
1780244656665 0.9349999999999999 34
1780244656667 0.9400000000000001 35
1780244656669 0.8100000000000002 36
1780244656671 0.865 37
1780244656672 0.945 38
1780244656674 0.9450000000000001 39
1780244656676 0.9650000000000001 40
1780244656678 0.925 41
1780244656680 0.925 42
1780244656681 0.8699999999999999 43
1780244656683 0.875 44
1780244656685 0.945 45
1780244656686 0.85 46
1780244656688 0.925 47
1780244656690 0.9149999999999998 48
1780244656692 0.97 49
1780244656694 0.9400000000000001 50
1780244656695 0.9400000000000001 51
1780244656697 0.9349999999999998 52
1780244656699 0.9400000000000001 53
1780244656700 0.8400000000000001 54
1780244656702 0.9599999999999997 55
1780244656704 0.9549999999999998 56
1780244656706 0.9649999999999999 57
1780244656707 0.885 58
1780244656709 0.9349999999999999 59
1780244656711 0.975 60
1780244656713 0.9600000000000002 61
1780244656714 0.93 62
1780244656716 0.78 63
1780244656718 0.96 64
1780244656719 0.9599999999999997 65
1780244656721 0.9649999999999999 66
1780244656723 0.745 67
1780244656725 0.9099999999999999 68
1780244656726 0.9400000000000001 69
1780244656728 0.9249999999999998 70
1780244656730 0.9499999999999998 71
1780244656732 0.9299999999999999 72
1780244656733 0.9399999999999998 73
1780244656735 0.8150000000000001 74
1780244656737 0.9399999999999998 75
1780244656739 0.9700000000000001 76
1780244656740 0.9800000000000001 77
1780244656742 0.9700000000000001 78
1780244656744 0.9649999999999999 79
1780244656745 0.985 80
1780244656747 0.93 81
1780244656749 0.9450000000000001 82
1780244656751 0.97 83
1780244656752 0.9550000000000001 84
1780244656754 0.9549999999999998 85
1780244656756 0.8800000000000001 86
1780244656758 0.9799999999999999 87
1780244656760 0.78 88
1780244656761 0.96 89
1780244656763 0.9700000000000001 90
1780244656765 0.95 91
1780244656766 0.9549999999999998 92
1780244656768 0.95 93
1780244656770 0.8949999999999999 94
1780244656772 0.9549999999999998 95
1780244656773 0.8949999999999999 96
1780244656775 0.95 97
1780244656777 0.9550000000000001 98
1780244656779 0.9650000000000001 99
1780244656781 0.9549999999999998 100
1780244656782 0.765 101
1780244656784 0.95 102
1780244656786 0.9650000000000001 103
1780244656788 0.9650000000000001 104
1780244656790 0.8949999999999999 105
1780244656792 0.925 106
1780244656794 0.95 107
1780244656795 0.9749999999999999 108
1780244656797 0.9549999999999998 109
1780244656799 0.905 110
1780244656801 0.9550000000000001 111
1780244656803 0.975 112
1780244656805 0.9800000000000001 113
1780244656806 0.9349999999999999 114
1780244656808 0.975 115
1780244656810 0.9649999999999999 116
1780244656812 0.9800000000000001 117
1780244656813 0.9800000000000001 118
1780244656815 0.945 119
1780244656817 0.9399999999999998 120
1780244656819 0.945 121
1780244656820 0.865 122
1780244656822 0.9649999999999999 123
1780244656824 0.9800000000000001 124
1780244656826 0.96 125
1780244656827 0.985 126
1780244656829 0.865 127
1780244656831 0.95 128
1780244656833 0.9650000000000001 129
1780244656834 0.9 130
1780244656836 0.95 131
1780244656838 0.8099999999999999 132
1780244656839 0.86 133
1780244656841 0.9650000000000001 134
1780244656843 0.9649999999999999 135
1780244656845 0.945 136
1780244656847 0.95 137
1780244656848 0.8799999999999999 138
1780244656850 0.76 139
1780244656852 0.9299999999999999 140
1780244656854 0.95 141
1780244656855 0.96 142
1780244656857 0.9199999999999999 143
1780244656859 0.9550000000000001 144
1780244656860 0.9549999999999998 145
1780244656862 0.85 146
1780244656864 0.975 147
1780244656866 0.95 148
1780244656867 0.9299999999999999 149
1780244656869 0.9749999999999999 150
1780244656871 0.97 151
1780244656873 0.97 152
1780244656874 0.97 153
1780244656876 0.9299999999999999 154
1780244656878 0.9199999999999999 155
1780244656879 0.8999999999999998 156
1780244656881 0.9549999999999998 157
1780244656883 0.9400000000000001 158
1780244656885 0.845 159
1780244656887 0.9649999999999999 160
1780244656888 0.9649999999999999 161
1780244656890 0.9099999999999999 162
1780244656892 0.9549999999999998 163
1780244656893 0.9099999999999999 164
1780244656895 0.865 165
1780244656897 0.8400000000000001 166
1780244656899 0.8899999999999999 167
1780244656900 0.9299999999999999 168
1780244656902 0.9299999999999999 169
1780244656904 0.9199999999999999 170
1780244656906 0.8099999999999999 171
1780244656907 0.8950000000000001 172
1780244656909 0.905 173
1780244656911 0.985 174
1780244656912 0.945 175
1780244656914 0.8550000000000001 176
1780244656916 0.9350000000000002 177
1780244656918 0.9149999999999998 178
1780244656920 0.595 179
1780244656921 0.95 180
1780244656923 0.9349999999999998 181
1780244656929 0.9200000000000002 182
1780244656936 0.93 183
1780244656938 0.8899999999999999 184
1780244656939 0.9550000000000001 185
1780244656941 0.925 186
1780244656943 0.915 187
1780244656945 0.9 188
1780244656946 0.85 189
1780244656948 0.9349999999999999 190
1780244656950 0.885 191
1780244656952 0.9299999999999999 192
1780244656953 0.865 193
1780244656955 0.96 194
1780244656957 0.54 195
1780244656959 0.905 196
1780244656960 0.915 197
1780244656962 0.805 198
1780244656964 0.9199999999999999 199
1780244656966 0.915 200
1780244656967 0.9 201
1780244656969 0.93 202
1780244656971 0.865 203
1780244656973 0.96 204
1780244656974 0.9349999999999999 205
1780244656976 0.9299999999999999 206
1780244656978 0.97 207
1780244656980 0.9549999999999998 208
1780244656981 0.825 209
1780244656983 0.7849999999999999 210
1780244656985 0.96 211
1780244656987 0.96 212
1780244656988 0.9349999999999999 213
1780244656990 0.9349999999999999 214
1780244656992 0.7849999999999999 215
1780244656994 0.9400000000000001 216
1780244656995 0.8699999999999999 217
1780244656997 0.9549999999999998 218
1780244656999 0.9200000000000002 219
1780244657001 0.9549999999999998 220
1780244657003 0.9400000000000001 221
1780244657004 0.95 222
1780244657006 0.8550000000000001 223
1780244657008 0.9349999999999999 224
1780244657010 0.8799999999999999 225
1780244657011 0.8949999999999999 226
1780244657013 0.9400000000000001 227
1780244657015 0.95 228
1780244657016 0.8 229
1780244657018 0.9099999999999999 230
1780244657020 0.9400000000000001 231
1780244657022 0.9199999999999999 232
1780244657023 0.9 233
1780244657025 0.9349999999999999 234
1780244657027 0.9499999999999998 235
1780244657029 0.9400000000000001 236
1780244657031 0.925 237
1780244657033 0.9399999999999998 238
1780244657035 0.915 239
1780244657037 0.9399999999999998 240
1780244657039 0.9299999999999999 241
1780244657040 0.96 242
1780244657042 0.9299999999999999 243
1780244657044 0.9199999999999999 244
1780244657046 0.9649999999999999 245
1780244657048 0.925 246
1780244657050 0.9549999999999998 247
1780244657051 0.9550000000000001 248
1780244657053 0.8950000000000001 249
1780244657055 0.8799999999999999 250
1780244657057 0.9450000000000001 251
1780244657058 0.885 252
1780244657060 0.9649999999999999 253
1780244657062 0.9550000000000001 254
1780244657064 0.9350000000000002 255
1780244657065 0.9599999999999997 256
1780244657067 0.905 257
1780244657069 0.9 258
1780244657071 0.9650000000000001 259
1780244657073 0.9000000000000001 260
1780244657074 0.9049999999999999 261
1780244657076 0.945 262
1780244657078 0.95 263
1780244657080 0.8699999999999999 264
1780244657081 0.945 265
1780244657083 0.875 266
1780244657085 0.975 267
1780244657086 0.9450000000000001 268
1780244657088 0.945 269
1780244657090 0.9349999999999999 270
1780244657092 0.945 271
1780244657094 0.9099999999999999 272
1780244657095 0.95 273
1780244657097 0.89 274
1780244657099 0.9400000000000001 275
1780244657101 0.9400000000000001 276
1780244657102 0.9299999999999999 277
1780244657109 0.945 278
1780244657111 0.9550000000000001 279
1780244657113 0.9400000000000001 280
1780244657114 0.9650000000000001 281
1780244657116 0.9199999999999999 282
1780244657118 0.9299999999999999 283
1780244657119 0.9650000000000001 284
1780244657121 0.9 285
1780244657123 0.85 286
1780244657125 0.945 287
1780244657126 0.9349999999999999 288
1780244657128 0.825 289
1780244657130 0.9549999999999998 290
1780244657132 0.865 291
1780244657133 0.9399999999999998 292
1780244657135 0.945 293
1780244657137 0.945 294
1780244657139 0.865 295
1780244657140 0.96 296
1780244657142 0.9499999999999998 297
1780244657144 0.95 298
1780244657145 0.9199999999999999 299
1780244657147 0.96 300
1780244657149 0.9099999999999999 301
1780244657151 0.875 302
1780244657153 0.9349999999999999 303
1780244657154 0.95 304
1780244657156 0.8550000000000001 305
1780244657158 0.93 306
1780244657160 0.915 307
1780244657161 0.9649999999999999 308
1780244657163 0.9349999999999999 309
1780244657165 0.9549999999999998 310
1780244657167 0.9199999999999999 311
1780244657168 0.9499999999999998 312
1780244657170 0.97 313
