1780248050203 0.0 0
1780248050205 0.9027777777777729 1
1780248050207 0.9211111111111061 2
1780248050208 0.9355555555555505 3
1780248050210 0.9511111111111058 4
1780248050212 0.9527777777777725 5
1780248050214 0.9661111111111058 6
1780248050216 0.9616666666666613 7
1780248050218 0.9788888888888835 8
1780248050219 0.9766666666666612 9
1780248050221 0.9805555555555501 10
1780248050223 0.9616666666666613 11
1780248050225 0.9549999999999945 12
1780248050227 0.9766666666666612 13
1780248050229 0.986666666666661 14
1780248050231 0.9844444444444388 15
1780248050233 0.9849999999999944 16
1780248050235 0.9894444444444389 17
1780248050236 0.9872222222222167 18
1780248050238 0.9861111111111056 19
1780248050240 0.9849999999999944 20
1780248050242 0.9883333333333277 21
1780248050244 0.9911111111111055 22
1780248050246 0.986666666666661 23
1780248050248 0.9927777777777722 24
1780248050249 0.9938888888888833 25
1780248050251 0.9783333333333278 26
1780248050253 0.9916666666666611 27
1780248050255 0.9922222222222166 28
1780248050257 0.9449999999999947 29
1780248050259 0.9872222222222167 30
1780248050261 0.99055555555555 31
1780248050263 0.9916666666666611 32
1780248050264 0.9927777777777722 33
1780248050266 0.9877777777777723 34
1780248050268 0.9805555555555501 35
1780248050270 0.9849999999999944 36
1780248050272 0.9933333333333279 37
1780248050274 0.99055555555555 38
1780248050275 0.9894444444444389 39
1780248050277 0.9716666666666613 40
1780248050279 0.9838888888888834 41
1780248050281 0.9927777777777722 42
1780248050283 0.9866666666666613 43
1780248050285 0.99055555555555 44
1780248050287 0.99055555555555 45
1780248050288 0.9833333333333278 46
1780248050290 0.9799999999999945 47
1780248050292 0.9816666666666611 48
1780248050294 0.9811111111111055 49
1780248050296 0.9438888888888837 50
1780248050298 0.9877777777777721 51
1780248050300 0.9877777777777721 52
1780248050302 0.9933333333333276 53
1780248050303 0.9916666666666611 54
1780248050305 0.9861111111111056 55
1780248050307 0.9827777777777724 56
1780248050309 0.9883333333333277 57
1780248050311 0.9877777777777721 58
1780248050313 0.9872222222222167 59
1780248050315 0.9938888888888833 60
1780248050316 0.9883333333333277 61
1780248050318 0.9766666666666612 62
1780248050320 0.9877777777777723 63
1780248050322 0.984444444444439 64
1780248050324 0.9861111111111056 65
1780248050326 0.99055555555555 66
1780248050328 0.9877777777777723 67
1780248050329 0.99055555555555 68
1780248050331 0.9922222222222166 69
1780248050333 0.9872222222222167 70
1780248050335 0.9961111111111055 71
1780248050337 0.9944444444444389 72
1780248050339 0.9833333333333277 73
1780248050341 0.9894444444444389 74
1780248050342 0.9894444444444389 75
1780248050344 0.9933333333333276 76
1780248050346 0.9911111111111055 77
1780248050348 0.9883333333333277 78
1780248050350 0.9933333333333276 79
1780248050352 0.9944444444444388 80
1780248050354 0.9872222222222167 81
1780248050355 0.9872222222222167 82
1780248050357 0.9799999999999945 83
1780248050359 0.986666666666661 84
1780248050361 0.9816666666666611 85
1780248050363 0.9899999999999943 86
1780248050365 0.9938888888888833 87
1780248050367 0.9938888888888833 88
1780248050369 0.9933333333333279 89
1780248050370 0.9783333333333278 90
1780248050372 0.9894444444444389 91
1780248050374 0.9922222222222168 92
1780248050376 0.9766666666666612 93
1780248050378 0.9877777777777723 94
1780248050380 0.9933333333333279 95
1780248050382 0.9927777777777722 96
1780248050384 0.99055555555555 97
1780248050385 0.9911111111111056 98
1780248050387 0.9888888888888834 99
1780248050389 0.99055555555555 100
1780248050391 0.9861111111111056 101
1780248050394 0.9911111111111056 102
1780248050397 0.9833333333333277 103
1780248050399 0.9849999999999944 104
1780248050401 0.9894444444444389 105
1780248050403 0.9944444444444389 106
1780248050405 0.9916666666666611 107
1780248050406 0.9799999999999945 108
1780248050408 0.9933333333333276 109
1780248050410 0.9938888888888833 110
1780248050412 0.9933333333333276 111
1780248050414 0.9861111111111056 112
1780248050416 0.9877777777777723 113
1780248050418 0.9927777777777722 114
1780248050420 0.9827777777777722 115
1780248050421 0.9894444444444389 116
1780248050423 0.9894444444444389 117
1780248050425 0.9911111111111055 118
1780248050427 0.9922222222222168 119
1780248050429 0.9894444444444389 120
1780248050431 0.9933333333333279 121
1780248050433 0.9922222222222166 122
1780248050435 0.9916666666666611 123
1780248050437 0.9933333333333276 124
1780248050438 0.9861111111111056 125
1780248050440 0.9894444444444389 126
1780248050442 0.9955555555555501 127
1780248050444 0.9938888888888833 128
1780248050446 0.9816666666666611 129
1780248050448 0.9872222222222167 130
1780248050450 0.9749999999999946 131
1780248050452 0.9911111111111055 132
1780248050454 0.9899999999999946 133
1780248050456 0.9944444444444389 134
1780248050457 0.9938888888888833 135
1780248050459 0.9922222222222168 136
1780248050461 0.9944444444444388 137
1780248050463 0.9949999999999944 138
1780248050465 0.9894444444444389 139
1780248050467 0.9888888888888834 140
1780248050468 0.9888888888888833 141
1780248050470 0.9833333333333278 142
1780248050472 0.9872222222222167 143
1780248050474 0.9883333333333277 144
1780248050476 0.99055555555555 145
1780248050478 0.9888888888888834 146
1780248050480 0.9966666666666611 147
1780248050481 0.9955555555555501 148
1780248050483 0.9738888888888834 149
1780248050485 0.9916666666666611 150
1780248050487 0.9922222222222168 151
1780248050489 0.9961111111111055 152
1780248050491 0.9972222222222167 153
1780248050493 0.9933333333333279 154
1780248050495 0.984444444444439 155
1780248050496 0.9961111111111055 156
1780248050498 0.9877777777777721 157
1780248050500 0.978333333333328 158
1780248050502 0.9944444444444389 159
1780248050504 0.9961111111111055 160
1780248050506 0.9933333333333279 161
1780248050508 0.99055555555555 162
1780248050510 0.9899999999999946 163
1780248050511 0.9861111111111056 164
1780248050513 0.9911111111111055 165
1780248050515 0.9866666666666613 166
1780248050517 0.96555555555555 167
1780248050519 0.9899999999999946 168
1780248050521 0.9944444444444388 169
1780248050522 0.9927777777777722 170
1780248050524 0.9977777777777721 171
1780248050526 0.9933333333333276 172
1780248050528 0.996666666666661 173
1780248050530 0.9955555555555499 174
1780248050532 0.9933333333333276 175
1780248050534 0.9927777777777722 176
1780248050536 0.9977777777777723 177
1780248050537 0.996666666666661 178
1780248050539 0.9983333333333277 179
1780248050541 0.9966666666666611 180
1780248050543 0.9944444444444389 181
1780248050545 0.996666666666661 182
1780248050547 0.9933333333333276 183
1780248050549 0.9955555555555501 184
1780248050551 0.9944444444444389 185
1780248050553 0.9977777777777721 186
1780248050554 0.996666666666661 187
1780248050556 0.9955555555555501 188
1780248050558 0.9977777777777723 189
1780248050560 0.9955555555555501 190
1780248050562 0.9949999999999944 191
1780248050564 0.9955555555555501 192
1780248050566 0.9961111111111055 193
1780248050568 0.9966666666666611 194
1780248050569 0.9972222222222167 195
1780248050571 0.9944444444444389 196
1780248050573 0.9977777777777721 197
1780248050575 0.9977777777777723 198
1780248050577 0.9888888888888834 199
1780248050579 0.9938888888888833 200
1780248050581 0.9972222222222167 201
1780248050582 0.9972222222222167 202
1780248050584 0.9961111111111055 203
1780248050586 0.9977777777777721 204
1780248050588 0.996666666666661 205
1780248050590 0.9966666666666611 206
1780248050592 0.9966666666666611 207
1780248050593 0.9955555555555499 208
1780248050595 0.9949999999999944 209
1780248050597 0.9955555555555501 210
1780248050599 0.9983333333333277 211
1780248050601 0.9961111111111055 212
1780248050603 0.9961111111111055 213
1780248050605 0.9977777777777723 214
1780248050606 0.9888888888888834 215
1780248050608 0.9972222222222167 216
1780248050610 0.9983333333333277 217
1780248050612 0.9972222222222167 218
1780248050614 0.9977777777777721 219
1780248050616 0.9949999999999944 220
1780248050618 0.9938888888888833 221
1780248050620 0.9955555555555499 222
1780248050621 0.9938888888888833 223
1780248050623 0.9966666666666611 224
1780248050625 0.9877777777777723 225
1780248050627 0.9961111111111055 226
1780248050629 0.9961111111111055 227
1780248050631 0.9944444444444389 228
1780248050633 0.9955555555555501 229
1780248050634 0.9955555555555499 230
1780248050636 0.9949999999999944 231
1780248050638 0.9916666666666611 232
1780248050640 0.9894444444444389 233
1780248050643 0.9955555555555499 234
1780248050645 0.9933333333333279 235
1780248050647 0.9972222222222167 236
1780248050649 0.9972222222222167 237
1780248050652 0.9977777777777723 238
1780248050654 0.9977777777777723 239
1780248050656 0.9972222222222167 240
1780248050658 0.9955555555555501 241
1780248050659 0.9955555555555499 242
1780248050661 0.9983333333333277 243
1780248050663 0.9961111111111055 244
1780248050665 0.9972222222222167 245
1780248050667 0.9966666666666611 246
1780248050669 0.9955555555555501 247
1780248050671 0.9949999999999944 248
1780248050672 0.9961111111111055 249
1780248050674 0.9977777777777723 250
1780248050676 0.9988888888888834 251
1780248050678 0.9972222222222167 252
1780248050680 0.9966666666666611 253
1780248050682 0.9922222222222166 254
1780248050684 0.9966666666666611 255
1780248050686 0.9977777777777721 256
1780248050688 0.9961111111111055 257
1780248050690 0.9983333333333277 258
1780248050691 0.9972222222222167 259
1780248050693 0.9944444444444389 260
1780248050695 0.9949999999999944 261
1780248050709 0.9961111111111055 262
1780248050711 0.9977777777777721 263
1780248050713 0.9944444444444388 264
1780248050715 0.9977777777777723 265
1780248050716 0.9938888888888833 266
1780248050718 0.9977777777777723 267
1780248050720 0.9927777777777722 268
1780248050722 0.9955555555555499 269
1780248050724 0.9977777777777723 270
1780248050726 0.9961111111111055 271
1780248050728 0.996666666666661 272
1780248050730 0.9949999999999944 273
1780248050731 0.9949999999999944 274
1780248050733 0.9988888888888834 275
1780248050735 0.9938888888888833 276
1780248050737 0.9977777777777723 277
1780248050739 0.9983333333333277 278
1780248050741 0.9966666666666611 279
1780248050743 0.9994444444444388 280
1780248050744 0.9972222222222167 281
1780248050746 0.9977777777777723 282
1780248050748 0.9972222222222167 283
1780248050750 0.996666666666661 284
1780248050752 0.9961111111111055 285
1780248050754 0.9983333333333277 286
1780248050756 0.9961111111111055 287
1780248050758 0.9966666666666611 288
1780248050760 0.9949999999999944 289
1780248050761 0.9961111111111055 290
1780248050763 0.9955555555555499 291
1780248050765 0.9949999999999944 292
1780248050767 0.9955555555555501 293
1780248050769 0.9961111111111055 294
1780248050771 0.9961111111111055 295
1780248050773 0.9977777777777723 296
1780248050775 0.996666666666661 297
1780248050777 0.9961111111111055 298
1780248050779 0.9944444444444389 299
1780248050780 0.9961111111111055 300
1780248050782 0.9955555555555499 301
1780248050784 0.9949999999999944 302
1780248050786 0.9983333333333277 303
1780248050788 0.9977777777777723 304
1780248050790 0.9994444444444388 305
1780248050791 0.9972222222222167 306
1780248050793 0.9938888888888833 307
1780248050795 0.9994444444444388 308
1780248050797 0.9949999999999944 309
1780248050799 0.9944444444444388 310
1780248050801 0.9816666666666611 311
1780248050803 0.9944444444444389 312
1780248050804 0.9972222222222167 313
