1780136820297 0.0 0
1780136820301 0.09 1
1780136820304 0.225 2
1780136820307 0.31 3
1780136820309 0.43 4
1780136820312 0.395 5
1780136820315 0.45 6
1780136820317 0.61 7
1780136820320 0.65 8
1780136820322 0.55 9
1780136820325 0.685 10
1780136820328 0.6 11
1780136820330 0.54 12
1780136820333 0.6 13
1780136820336 0.655 14
1780136820338 0.7 15
1780136820341 0.67 16
1780136820343 0.585 17
1780136820346 0.655 18
1780136820349 0.685 19
1780136820351 0.68 20
1780136820354 0.695 21
1780136820356 0.62 22
1780136820359 0.625 23
1780136820361 0.68 24
1780136820364 0.595 25
1780136820366 0.685 26
1780136820369 0.745 27
1780136820372 0.59 28
1780136820374 0.755 29
1780136820377 0.685 30
1780136820379 0.685 31
1780136820382 0.71 32
1780136820385 0.68 33
1780136820387 0.76 34
1780136820390 0.715 35
1780136820392 0.75 36
1780136820395 0.735 37
1780136820397 0.71 38
1780136820400 0.68 39
1780136820403 0.785 40
1780136820405 0.72 41
1780136820408 0.69 42
1780136820410 0.765 43
1780136820413 0.765 44
1780136820415 0.46 45
1780136820418 0.785 46
1780136820421 0.685 47
1780136820423 0.74 48
1780136820426 0.75 49
1780136820428 0.83 50
1780136820431 0.72 51
1780136820434 0.76 52
1780136820436 0.73 53
1780136820439 0.775 54
1780136820441 0.765 55
1780136820444 0.79 56
1780136820446 0.785 57
1780136820449 0.805 58
1780136820452 0.775 59
1780136820454 0.82 60
1780136820457 0.77 61
1780136820459 0.79 62
1780136820462 0.805 63
1780136820464 0.795 64
1780136820467 0.82 65
1780136820470 0.785 66
1780136820472 0.77 67
1780136820475 0.765 68
1780136820477 0.75 69
1780136820480 0.79 70
1780136820482 0.82 71
1780136820485 0.83 72
1780136820488 0.835 73
1780136820490 0.8 74
1780136820493 0.82 75
1780136820495 0.835 76
1780136820498 0.79 77
1780136820500 0.855 78
1780136820503 0.755 79
1780136820506 0.765 80
1780136820508 0.805 81
1780136820511 0.65 82
1780136820513 0.835 83
1780136820516 0.835 84
1780136820518 0.775 85
1780136820521 0.855 86
1780136820524 0.77 87
1780136820526 0.815 88
1780136820529 0.87 89
1780136820531 0.88 90
1780136820534 0.82 91
1780136820536 0.78 92
1780136820539 0.795 93
1780136820542 0.815 94
1780136820544 0.825 95
1780136820547 0.76 96
1780136820549 0.755 97
1780136820552 0.845 98
1780136820555 0.87 99
1780136820557 0.83 100
1780136820560 0.835 101
1780136820562 0.865 102
1780136820565 0.855 103
1780136820567 0.705 104
1780136820570 0.84 105
1780136820573 0.815 106
1780136820575 0.81 107
1780136820578 0.855 108
1780136820580 0.785 109
1780136820583 0.845 110
1780136820585 0.855 111
1780136820588 0.875 112
1780136820591 0.675 113
1780136820593 0.79 114
1780136820596 0.845 115
1780136820598 0.61 116
1780136820601 0.84 117
1780136820603 0.855 118
1780136820606 0.845 119
1780136820609 0.88 120
1780136820611 0.875 121
1780136820614 0.855 122
1780136820616 0.83 123
1780136820619 0.86 124
1780136820621 0.885 125
1780136820624 0.855 126
1780136820627 0.875 127
1780136820629 0.88 128
1780136820632 0.84 129
1780136820634 0.755 130
1780136820637 0.85 131
1780136820640 0.705 132
1780136820642 0.845 133
1780136820645 0.85 134
1780136820647 0.87 135
1780136820650 0.875 136
1780136820653 0.825 137
1780136820655 0.885 138
1780136820658 0.885 139
1780136820660 0.835 140
1780136820663 0.79 141
1780136820665 0.835 142
1780136820668 0.84 143
1780136820670 0.895 144
1780136820673 0.89 145
1780136820675 0.815 146
1780136820678 0.9 147
1780136820681 0.865 148
1780136820683 0.795 149
1780136820686 0.865 150
1780136820688 0.895 151
1780136820691 0.9 152
1780136820693 0.895 153
1780136820696 0.825 154
1780136820698 0.92 155
1780136820701 0.89 156
1780136820703 0.885 157
1780136820706 0.895 158
1780136820709 0.915 159
1780136820711 0.935 160
1780136820714 0.895 161
1780136820716 0.92 162
1780136820719 0.915 163
1780136820721 0.87 164
1780136820724 0.955 165
1780136820726 0.905 166
1780136820729 0.885 167
1780136820731 0.935 168
1780136820734 0.925 169
1780136820736 0.94 170
1780136820739 0.905 171
1780136820742 0.86 172
1780136820744 0.885 173
1780136820747 0.905 174
1780136820749 0.945 175
1780136820752 0.915 176
1780136820759 0.905 177
1780136820762 0.92 178
1780136820765 0.935 179
1780136820767 0.94 180
1780136820770 0.91 181
1780136820773 0.855 182
1780136820775 0.835 183
1780136820778 0.925 184
1780136820780 0.94 185
1780136820783 0.955 186
1780136820785 0.89 187
1780136820788 0.95 188
1780136820790 0.93 189
1780136820793 0.8 190
1780136820795 0.94 191
1780136820798 0.87 192
1780136820800 0.95 193
1780136820803 0.95 194
1780136820805 0.875 195
1780136820808 0.905 196
1780136820811 0.905 197
1780136820813 0.89 198
1780136820816 0.92 199
1780136820818 0.9 200
1780136820821 0.935 201
1780136820823 0.95 202
1780136820826 0.93 203
1780136820829 0.955 204
1780136820831 0.95 205
1780136820834 0.965 206
1780136820836 0.985 207
1780136820839 0.965 208
1780136820841 0.94 209
1780136820844 0.955 210
1780136820846 0.97 211
1780136820849 0.955 212
1780136820851 0.935 213
1780136820854 0.95 214
1780136820856 0.895 215
1780136820859 0.935 216
1780136820862 0.96 217
1780136820864 0.975 218
1780136820867 0.92 219
1780136820869 0.945 220
1780136820872 0.96 221
1780136820874 0.94 222
1780136820877 0.895 223
1780136820879 0.945 224
1780136820882 0.94 225
1780136820885 0.91 226
1780136820887 0.955 227
1780136820890 0.975 228
1780136820892 0.94 229
1780136820895 0.965 230
1780136820897 0.95 231
1780136820900 0.92 232
1780136820902 0.92 233
1780136820905 0.89 234
1780136820907 0.885 235
1780136820910 0.92 236
1780136820913 0.94 237
1780136820915 0.95 238
1780136820918 0.915 239
1780136820920 0.945 240
1780136820923 0.965 241
1780136820925 0.94 242
1780136820928 0.95 243
1780136820935 0.945 244
1780136820938 0.975 245
1780136820941 0.905 246
1780136820943 0.945 247
1780136820946 0.965 248
1780136820948 0.97 249
1780136820951 0.94 250
1780136820954 0.915 251
1780136820956 0.935 252
1780136820959 0.935 253
1780136820961 0.935 254
1780136820964 0.885 255
1780136820966 0.955 256
1780136820969 0.93 257
1780136820971 0.815 258
1780136820974 0.975 259
1780136820977 0.915 260
1780136820979 0.9 261
1780136820982 0.96 262
1780136820985 0.955 263
1780136820987 0.92 264
1780136820990 0.92 265
1780136820992 0.97 266
1780136820995 0.95 267
1780136820998 0.88 268
1780136821000 0.93 269
1780136821003 0.945 270
1780136821005 0.955 271
1780136821008 0.93 272
1780136821010 0.965 273
1780136821013 0.97 274
1780136821016 0.95 275
1780136821019 0.955 276
1780136821021 0.96 277
1780136821024 0.94 278
1780136821026 0.98 279
1780136821029 0.95 280
1780136821031 0.965 281
1780136821034 0.925 282
1780136821037 0.965 283
1780136821039 0.97 284
1780136821042 0.945 285
1780136821044 0.975 286
1780136821047 0.945 287
1780136821049 0.955 288
1780136821052 0.925 289
1780136821054 0.85 290
1780136821057 0.96 291
1780136821060 0.96 292
1780136821062 0.93 293
1780136821065 0.915 294
1780136821067 0.95 295
1780136821070 0.96 296
1780136821072 0.97 297
1780136821075 0.955 298
1780136821077 0.93 299
1780136821080 0.955 300
1780136821083 0.975 301
1780136821085 0.97 302
1780136821088 0.95 303
1780136821090 0.965 304
1780136821093 0.86 305
1780136821095 0.865 306
1780136821098 0.945 307
1780136821101 0.93 308
1780136821103 0.94 309
1780136821107 0.91 310
1780136821109 0.885 311
1780136821112 0.95 312
1780136821114 0.945 313
