1780555514647 0.0 0
1780555514649 0.13000000000000003 1
1780555514651 0.12000000000000002 2
1780555514653 0.16999999999999998 3
1780555514655 0.195 4
1780555514657 0.11499999999999999 5
1780555514659 0.15000000000000002 6
1780555514661 0.15 7
1780555514663 0.195 8
1780555514665 0.21500000000000002 9
1780555514667 0.175 10
1780555514668 0.25999999999999995 11
1780555514670 0.205 12
1780555514672 0.24 13
1780555514674 0.16999999999999998 14
1780555514676 0.185 15
1780555514678 0.23999999999999994 16
1780555514680 0.24999999999999994 17
1780555514682 0.23499999999999996 18
1780555514684 0.255 19
1780555514686 0.215 20
1780555514687 0.19 21
1780555514689 0.275 22
1780555514691 0.195 23
1780555514693 0.2800000000000001 24
1780555514695 0.21000000000000005 25
1780555514697 0.325 26
1780555514699 0.24500000000000002 27
1780555514701 0.255 28
1780555514703 0.24 29
1780555514705 0.23500000000000001 30
1780555514707 0.30999999999999994 31
1780555514709 0.23500000000000001 32
1780555514711 0.2 33
1780555514712 0.16999999999999998 34
1780555514714 0.255 35
1780555514716 0.14 36
1780555514718 0.27 37
1780555514720 0.14 38
1780555514722 0.24499999999999997 39
1780555514724 0.255 40
1780555514726 0.185 41
1780555514728 0.255 42
1780555514730 0.285 43
1780555514731 0.36 44
1780555514733 0.265 45
1780555514735 0.255 46
1780555514737 0.26000000000000006 47
1780555514739 0.28 48
1780555514741 0.28500000000000003 49
1780555514743 0.335 50
1780555514745 0.275 51
1780555514747 0.30000000000000004 52
1780555514748 0.275 53
1780555514750 0.33 54
1780555514752 0.325 55
1780555514754 0.265 56
1780555514756 0.3550000000000001 57
1780555514758 0.30500000000000005 58
1780555514760 0.29500000000000004 59
1780555514762 0.27999999999999997 60
1780555514763 0.225 61
1780555514765 0.265 62
1780555514767 0.345 63
1780555514769 0.3 64
1780555514771 0.255 65
1780555514773 0.31000000000000005 66
1780555514775 0.28500000000000003 67
1780555514777 0.31 68
1780555514779 0.31999999999999995 69
1780555514780 0.30500000000000005 70
1780555514782 0.275 71
1780555514784 0.26 72
1780555514786 0.29 73
1780555514788 0.31 74
1780555514790 0.19 75
1780555514792 0.34500000000000003 76
1780555514794 0.37 77
1780555514795 0.16999999999999998 78
1780555514797 0.225 79
1780555514799 0.23500000000000001 80
1780555514801 0.31 81
1780555514803 0.23000000000000004 82
1780555514805 0.315 83
1780555514807 0.31499999999999995 84
1780555514809 0.335 85
1780555514810 0.29000000000000004 86
1780555514812 0.34 87
1780555514814 0.315 88
1780555514816 0.315 89
1780555514818 0.35 90
1780555514820 0.265 91
1780555514822 0.24 92
1780555514824 0.2899999999999999 93
1780555514826 0.265 94
1780555514828 0.275 95
1780555514830 0.27999999999999997 96
1780555514831 0.23500000000000001 97
1780555514833 0.33999999999999997 98
1780555514835 0.325 99
1780555514837 0.275 100
1780555514839 0.275 101
1780555514841 0.33999999999999997 102
1780555514843 0.31999999999999995 103
1780555514845 0.255 104
1780555514847 0.33999999999999997 105
1780555514848 0.4 106
1780555514850 0.38 107
1780555514852 0.23500000000000001 108
1780555514854 0.36 109
1780555514856 0.31499999999999995 110
1780555514858 0.345 111
1780555514860 0.255 112
1780555514862 0.29500000000000004 113
1780555514864 0.365 114
1780555514865 0.39 115
1780555514867 0.27999999999999997 116
1780555514869 0.255 117
1780555514871 0.36 118
1780555514873 0.34500000000000003 119
1780555514875 0.255 120
1780555514877 0.4 121
1780555514879 0.34500000000000003 122
1780555514880 0.375 123
1780555514882 0.26 124
1780555514884 0.32999999999999996 125
1780555514886 0.36500000000000005 126
1780555514888 0.315 127
1780555514890 0.335 128
1780555514892 0.34500000000000003 129
1780555514893 0.36500000000000005 130
1780555514895 0.31499999999999995 131
1780555514897 0.36 132
1780555514899 0.25000000000000006 133
1780555514901 0.315 134
1780555514903 0.35 135
1780555514905 0.39 136
1780555514907 0.32999999999999996 137
1780555514908 0.25499999999999995 138
1780555514910 0.41 139
1780555514912 0.36 140
1780555514914 0.24499999999999997 141
1780555514916 0.28500000000000003 142
1780555514918 0.29500000000000004 143
1780555514920 0.3 144
1780555514922 0.35 145
1780555514924 0.32000000000000006 146
1780555514925 0.34500000000000003 147
1780555514927 0.31 148
1780555514929 0.3350000000000001 149
1780555514931 0.29999999999999993 150
1780555514933 0.35 151
1780555514935 0.315 152
1780555514937 0.285 153
1780555514939 0.31999999999999995 154
1780555514940 0.305 155
1780555514942 0.26 156
1780555514944 0.35500000000000004 157
1780555514946 0.35 158
1780555514948 0.30500000000000005 159
1780555514950 0.31 160
1780555514952 0.375 161
1780555514954 0.39 162
1780555514955 0.28500000000000003 163
1780555514957 0.37 164
1780555514959 0.42000000000000004 165
1780555514961 0.31999999999999995 166
1780555514963 0.4 167
1780555514965 0.325 168
1780555514967 0.34500000000000003 169
1780555514968 0.355 170
1780555514970 0.315 171
1780555514972 0.325 172
1780555514974 0.34500000000000003 173
1780555514976 0.35 174
1780555514978 0.4 175
1780555514980 0.3 176
1780555514982 0.345 177
1780555514984 0.38500000000000006 178
1780555514986 0.315 179
1780555514988 0.35 180
1780555514989 0.33999999999999997 181
1780555514991 0.35500000000000004 182
1780555514993 0.33 183
1780555514995 0.40499999999999997 184
1780555514997 0.36 185
1780555514999 0.35500000000000004 186
1780555515001 0.255 187
1780555515003 0.375 188
1780555515005 0.325 189
1780555515007 0.375 190
1780555515009 0.33999999999999997 191
1780555515011 0.3350000000000001 192
1780555515012 0.37 193
1780555515014 0.275 194
1780555515016 0.35 195
1780555515018 0.31499999999999995 196
1780555515020 0.385 197
1780555515022 0.395 198
1780555515024 0.34500000000000003 199
1780555515026 0.34500000000000003 200
1780555515027 0.35 201
1780555515029 0.29000000000000004 202
1780555515031 0.36 203
1780555515033 0.29500000000000004 204
1780555515035 0.34 205
1780555515037 0.43000000000000005 206
1780555515039 0.35500000000000004 207
1780555515041 0.36 208
1780555515043 0.33 209
1780555515044 0.34 210
1780555515046 0.38499999999999995 211
1780555515048 0.31 212
1780555515050 0.495 213
1780555515052 0.36 214
1780555515054 0.33499999999999996 215
1780555515056 0.37 216
1780555515057 0.42000000000000004 217
1780555515059 0.27 218
1780555515061 0.31500000000000006 219
1780555515063 0.30500000000000005 220
1780555515065 0.37500000000000006 221
1780555515067 0.36 222
1780555515069 0.39 223
1780555515071 0.38 224
1780555515073 0.36 225
1780555515074 0.37 226
1780555515076 0.355 227
1780555515078 0.36 228
1780555515080 0.43 229
1780555515082 0.41 230
1780555515084 0.38500000000000006 231
1780555515086 0.29 232
1780555515088 0.36 233
1780555515090 0.36999999999999994 234
1780555515091 0.37 235
1780555515093 0.37 236
1780555515095 0.375 237
1780555515097 0.24500000000000002 238
1780555515099 0.43 239
1780555515101 0.355 240
1780555515103 0.365 241
1780555515105 0.41500000000000004 242
1780555515107 0.375 243
1780555515109 0.36 244
1780555515110 0.425 245
1780555515112 0.41 246
1780555515114 0.31500000000000006 247
1780555515116 0.42000000000000004 248
1780555515118 0.42000000000000004 249
1780555515120 0.45499999999999996 250
1780555515122 0.41000000000000003 251
1780555515124 0.4 252
1780555515126 0.41000000000000003 253
1780555515127 0.395 254
1780555515129 0.4000000000000001 255
1780555515131 0.32999999999999996 256
1780555515133 0.42000000000000004 257
1780555515135 0.325 258
1780555515137 0.41500000000000004 259
1780555515139 0.34 260
1780555515141 0.36500000000000005 261
1780555515142 0.38499999999999995 262
1780555515144 0.38 263
1780555515146 0.45999999999999996 264
1780555515148 0.36 265
1780555515150 0.4 266
1780555515152 0.40499999999999997 267
1780555515154 0.42000000000000004 268
1780555515156 0.425 269
1780555515158 0.375 270
1780555515160 0.365 271
1780555515162 0.4050000000000001 272
1780555515163 0.41500000000000004 273
1780555515165 0.45999999999999996 274
1780555515167 0.3950000000000001 275
1780555515169 0.365 276
1780555515171 0.35 277
1780555515173 0.425 278
1780555515175 0.38 279
1780555515177 0.32999999999999996 280
1780555515178 0.4050000000000001 281
1780555515180 0.37 282
1780555515182 0.37 283
1780555515184 0.45 284
1780555515186 0.37500000000000006 285
1780555515188 0.41500000000000004 286
1780555515190 0.44000000000000006 287
1780555515192 0.45 288
1780555515194 0.40499999999999997 289
1780555515196 0.39 290
1780555515198 0.355 291
1780555515200 0.41000000000000003 292
1780555515202 0.45000000000000007 293
1780555515203 0.39 294
1780555515205 0.42000000000000004 295
1780555515208 0.375 296
1780555515209 0.385 297
1780555515211 0.44499999999999995 298
