1780238961380 0.0 0
1780238961381 0.13348588863463004 1
1780238961383 0.5918760650115888 2
1780238961385 0.6696630781499203 3
1780238961386 0.7301687947345842 4
1780238961388 0.8383344058344058 5
1780238961389 0.8522608830742258 6
1780238961391 0.9077405051089261 7
1780238961392 0.8087087912087914 8
1780238961394 0.9189040783777627 9
1780238961395 0.8635909515321281 10
1780238961397 0.9563135110503532 11
1780238961398 0.9362819185645274 12
1780238961400 0.9572849944360241 13
1780238961401 0.882938455182364 14
1780238961403 0.9443551071354275 15
1780238961404 0.9504511278195489 16
1780238961406 0.9103070175438596 17
1780238961407 0.9583229813664597 18
1780238961409 0.9463100934153565 19
1780238961411 0.9171263050674815 20
1780238961412 0.9243939393939392 21
1780238961414 0.97 22
1780238961415 0.9505462184873948 23
1780238961418 0.9861471861471862 24
1780238961419 0.9343149540517961 25
1780238961421 0.9402394876079085 26
1780238961422 0.923071615821162 27
1780238961424 0.9625541125541126 28
1780238961425 0.9549498746867169 29
1780238961427 0.9399776775698838 30
1780238961428 0.9639792663476874 31
1780238961430 0.9216897563407862 32
1780238961431 0.9083754257438468 33
1780238961433 0.9567821067821068 34
1780238961434 0.9469845067213487 35
1780238961436 0.9544018148137141 36
1780238961438 0.927194422838706 37
1780238961439 0.9716233766233765 38
1780238961441 0.962670807453416 39
1780238961442 0.9207949055775144 40
1780238961444 0.944000999000999 41
1780238961445 0.9411111111111111 42
1780238961447 0.9505491000227844 43
1780238961448 0.9600266971777269 44
1780238961450 0.9522661726780719 45
1780238961451 0.9510156613252588 46
1780238961453 0.9446399100518093 47
1780238961454 0.9085995085995086 48
1780238961456 0.9807142857142856 49
1780238961457 0.948478888261497 50
1780238961459 0.9133337130705552 51
1780238961460 0.9401816299642387 52
1780238961462 0.8863425463425465 53
1780238961463 0.9392397124233508 54
1780238961465 0.9111004784688994 55
1780238961466 0.9213174603174604 56
1780238961468 0.9613602187286396 57
1780238961469 0.7958360484544695 58
1780238961471 0.9563602187286397 59
1780238961472 0.9461654135338347 60
1780238961474 0.9514035087719297 61
1780238961475 0.9663602187286398 62
1780238961477 0.9478838400348698 63
1780238961479 0.9441785498228329 64
1780238961480 0.8984101146601147 65
1780238961482 0.9115817618913594 66
1780238961483 0.965952380952381 67
1780238961485 0.8775778362365798 68
1780238961487 0.921779370055232 69
1780238961488 0.9218727617411828 70
1780238961490 0.9596837944664032 71
1780238961491 0.9676708074534162 72
1780238961493 0.9422592428784379 73
1780238961494 0.9518364092048301 74
1780238961496 0.9704761904761904 75
1780238961497 0.9713602187286398 76
1780238961499 0.9194278515788813 77
1780238961500 0.9572476646160857 78
1780238961502 0.939092631243661 79
1780238961504 0.9644805194805196 80
1780238961505 0.9580786452296749 81
1780238961507 0.9709523809523809 82
1780238961508 0.9701879699248119 83
1780238961511 0.9704761904761906 84
1780238961512 0.9466165413533835 85
1780238961514 0.9026890756302521 86
1780238961516 0.9545238095238094 87
1780238961517 0.9397054394880481 88
1780238961519 0.9106766917293234 89
1780238961520 0.962169554320584 90
1780238961522 0.9633418031244118 91
1780238961523 0.9763852813852815 92
1780238961525 0.9854761904761904 93
1780238961526 0.985909090909091 94
1780238961528 0.9771946169772256 95
1780238961530 0.971555023923445 96
1780238961531 0.9766233766233766 97
1780238961533 0.9540127987954075 98
1780238961534 0.9716233766233767 99
1780238961536 0.9707142857142858 100
1780238961537 0.9807142857142856 101
1780238961539 0.9551587301587301 102
1780238961540 0.9711221234905445 103
1780238961542 0.9952380952380953 104
1780238961543 0.9857142857142858 105
1780238961545 0.9622943722943724 106
1780238961546 0.9558479532163743 107
1780238961548 0.9628656126482212 108
1780238961550 0.95875588179936 109
1780238961551 0.9262172141583906 110
1780238961553 0.9802380952380952 111
1780238961554 0.9718614718614719 112
1780238961556 0.9735714285714285 113
1780238961557 0.9281085178911266 114
1780238961559 0.9854761904761904 115
1780238961560 0.7282530904359141 116
1780238961562 0.9469314590824889 117
1780238961563 0.9575757575757576 118
1780238961565 0.9716233766233765 119
1780238961567 0.9402783473836104 120
1780238961568 0.9326673326673326 121
1780238961570 0.9668614718614718 122
1780238961571 0.9505676328502414 123
1780238961573 0.9449498746867168 124
1780238961574 0.9577862475688562 125
1780238961576 0.9757142857142856 126
1780238961577 0.957046899197929 127
1780238961579 0.9619063964258473 128
1780238961580 0.9627489177489178 129
1780238961582 0.9593796992481203 130
1780238961583 0.9652898550724638 131
1780238961585 0.9658046631730842 132
1780238961587 0.9519090909090909 133
1780238961588 0.9721946169772255 134
1780238961590 0.9557674379184677 135
1780238961591 0.9754511278195489 136
1780238961593 0.947601199969621 137
1780238961594 0.951923076923077 138
1780238961596 0.980952380952381 139
1780238961597 0.939247476398506 140
1780238961599 0.9758840282524494 141
1780238961600 0.9807142857142856 142
1780238961602 0.9759523809523809 143
1780238961604 0.9713852813852814 144
1780238961605 0.9861471861471862 145
1780238961607 0.9478587773782282 146
1780238961608 0.9245233197178276 147
1780238961610 0.9531037078863166 148
1780238961611 0.9614035087719298 149
1780238961613 0.9658046631730842 150
1780238961614 0.9804761904761904 151
1780238961616 0.9430055210489993 152
1780238961617 0.9813852813852814 153
1780238961619 0.9771946169772256 154
1780238961620 0.9759523809523809 155
1780238961622 0.9146992912236815 156
1780238961624 0.927138426875269 157
1780238961625 0.776474358974359 158
1780238961627 0.8915833333333334 159
1780238961628 0.9270835058661145 160
1780238961630 0.8842592592592592 161
1780238961632 0.8937179906287458 162
1780238961633 0.9392063492063493 163
1780238961635 0.9240242317022502 164
1780238961636 0.9443082706766918 165
1780238961638 0.8878571428571428 166
1780238961639 0.8791281233386495 167
1780238961641 0.9448308270676691 168
1780238961643 0.4981971711474129 169
1780238961644 0.928482773265382 170
1780238961646 0.9273932385311104 171
1780238961647 0.8753694581280789 172
1780238961649 0.938771645021645 173
1780238961650 0.9310151939563704 174
1780238961652 0.8700508642613907 175
1780238961653 0.9058150183150184 176
1780238961655 0.9473142342021061 177
1780238961656 0.9452380952380952 178
1780238961658 0.9298204751007955 179
1780238961659 0.9674327122153208 180
1780238961661 0.9030045049597891 181
1780238961663 0.9282580463015245 182
1780238961664 0.8981880463237306 183
1780238961666 0.9442753623188406 184
1780238961667 0.9154906204906206 185
1780238961669 0.9504872028556239 186
1780238961670 0.9113717627401838 187
1780238961672 0.8885797702652434 188
1780238961673 0.8841239465280386 189
1780238961675 0.87775064307673 190
1780238961676 0.9304302702128788 191
1780238961678 0.9380535825730334 192
1780238961679 0.9274356345408975 193
1780238961681 0.8984917043740573 194
1780238961683 0.9450793650793651 195
1780238961684 0.9200111000111001 196
1780238961686 0.9459014104175394 197
1780238961687 0.9033661355171653 198
1780238961689 0.9134486042180552 199
1780238961690 0.9373053846738058 200
1780238961692 0.7615289256198347 201
1780238961694 0.9098444398215566 202
1780238961695 0.9615766689450901 203
1780238961697 0.9370745044429256 204
1780238961698 0.878780916458935 205
1780238961700 0.8840335733835868 206
1780238961701 0.9227543290043292 207
1780238961703 0.9528138528138527 208
1780238961704 0.9292606516290727 209
1780238961706 0.9469985569985571 210
1780238961707 0.9309622839034603 211
1780238961709 0.9298043275281126 212
1780238961710 0.936651466170917 213
1780238961712 0.9472442469810891 214
1780238961714 0.8691030886038625 215
1780238961715 0.9513508408702916 216
1780238961717 0.9571946169772255 217
1780238961718 0.9713852813852814 218
1780238961720 0.9674076495586792 219
1780238961721 0.9332467532467532 220
1780238961723 0.9384848484848483 221
1780238961724 0.9478138528138528 222
1780238961726 0.922840041813827 223
1780238961727 0.9330282777651199 224
1780238961729 0.9163891834570519 225
1780238961731 0.9332295660098863 226
1780238961732 0.9068471367813473 227
1780238961734 0.9564285714285713 228
1780238961735 0.9409362962458937 229
1780238961737 0.9448412698412699 230
1780238961738 0.9533850931677017 231
1780238961740 0.9244054191422613 232
1780238961741 0.879412235604186 233
1780238961743 0.8913391433128275 234
1780238961745 0.9285281385281386 235
1780238961746 0.9382289055973267 236
1780238961748 0.9224296743175462 237
1780238961749 0.9612172141583905 238
1780238961751 0.9277380952380951 239
1780238961752 0.9240411635148478 240
1780238961754 0.8953296004783418 241
1780238961755 0.943500533283142 242
1780238961757 0.9629089026915114 243
1780238961758 0.9372599317793826 244
1780238961760 0.977432712215321 245
1780238961761 0.950658881085773 246
1780238961763 0.9570312143996352 247
1780238961764 0.8962704686617731 248
1780238961766 0.9460252904989748 249
1780238961768 0.951067821067821 250
1780238961769 0.9427238550922761 251
1780238961771 0.9489689143808135 252
1780238961772 0.9610287081339713 253
1780238961774 0.9709273182957393 254
1780238961775 0.9160292397660819 255
1780238961777 0.8740018315018314 256
1780238961778 0.9053802779346258 257
1780238961780 0.9518542568542567 258
1780238961782 0.8795913154533844 259
1780238961783 0.9633418031244118 260
1780238961785 0.868921568627451 261
1780238961786 0.9438467908902691 262
1780238961788 0.9419594440647071 263
1780238961789 0.6301686217008797 264
1780238961791 0.9185041407867495 265
1780238961792 0.939904108096328 266
1780238961794 0.9476933638443935 267
1780238961796 0.9589792663476875 268
1780238961797 0.9641511387163562 269
1780238961799 0.9523125996810208 270
1780238961800 0.9668398268398267 271
1780238961802 0.9675324675324676 272
1780238961803 0.9526086956521738 273
1780238961805 0.9757142857142856 274
1780238961806 0.9607142857142857 275
1780238961808 0.9018159536541889 276
1780238961809 0.9524687872513958 277
1780238961811 0.9455916305916305 278
1780238961812 0.922934431622193 279
1780238961814 0.9288030682767525 280
1780238961815 0.9367448815274904 281
1780238961817 0.9325084450256075 282
1780238961818 0.965689223057644 283
1780238961820 0.9464756588440798 284
1780238961821 0.9757142857142858 285
1780238961823 0.8839710814710815 286
1780238961824 0.9267428947863732 287
1780238961826 0.9299618029029793 288
1780238961827 0.9852380952380952 289
1780238961829 0.9453171466214944 290
1780238961831 0.9347527151211361 291
1780238961832 0.9552130325814534 292
1780238961834 0.8991692184626967 293
1780238961835 0.9627705627705628 294
1780238961837 0.9318571869493931 295
1780238961838 0.8986837248159159 296
1780238961840 0.9519769119769119 297
1780238961841 0.9759523809523809 298
1780238961843 0.9213394850763272 299
1780238961844 0.9462574255137184 300
1780238961846 0.9677489177489177 301
1780238961847 0.961598313966735 302
1780238961849 0.9367633918555981 303
1780238961850 0.9329585326953748 304
1780238961852 0.9585798983625071 305
1780238961854 0.918030303030303 306
1780238961855 0.9325579975579975 307
1780238961857 0.9485714285714286 308
1780238961858 0.9566666666666667 309
1780238961860 0.9380969134065108 310
1780238961861 0.9227465402637026 311
1780238961863 0.9293374741200828 312
1780238961865 0.9811471861471862 313
