1779593458510 0.0 0
1779593458512 0.145 1
1779593458514 0.14 2
1779593458516 0.12 3
1779593458518 0.18 4
1779593458519 0.16 5
1779593458521 0.18 6
1779593458523 0.185 7
1779593458524 0.195 8
1779593458526 0.195 9
1779593458528 0.19 10
1779593458529 0.195 11
1779593458531 0.21 12
1779593458532 0.125 13
1779593458534 0.14 14
1779593458536 0.11 15
1779593458537 0.095 16
1779593458539 0.18 17
1779593458541 0.1 18
1779593458542 0.125 19
1779593458544 0.1 20
1779593458546 0.18 21
1779593458547 0.09 22
1779593458549 0.115 23
1779593458551 0.08 24
1779593458553 0.1 25
1779593458554 0.1 26
1779593458556 0.19 27
1779593458558 0.08 28
1779593458559 0.165 29
1779593458561 0.12 30
1779593458563 0.12 31
1779593458564 0.105 32
1779593458566 0.1 33
1779593458568 0.1 34
1779593458569 0.16 35
1779593458571 0.12 36
1779593458573 0.125 37
1779593458574 0.08 38
1779593458576 0.11 39
1779593458578 0.19 40
1779593458579 0.15 41
1779593458581 0.1 42
1779593458583 0.155 43
1779593458584 0.1 44
1779593458586 0.14 45
1779593458588 0.15 46
1779593458590 0.1 47
1779593458591 0.125 48
1779593458593 0.09 49
1779593458595 0.125 50
1779593458596 0.115 51
1779593458598 0.16 52
1779593458600 0.21 53
1779593458602 0.11 54
1779593458603 0.16 55
1779593458605 0.155 56
1779593458607 0.19 57
1779593458608 0.1 58
1779593458610 0.195 59
1779593458612 0.08 60
1779593458614 0.12 61
1779593458615 0.15 62
1779593458617 0.18 63
1779593458619 0.09 64
1779593458620 0.15 65
1779593458622 0.1 66
1779593458624 0.195 67
1779593458626 0.15 68
1779593458627 0.185 69
1779593458629 0.1 70
1779593458631 0.145 71
1779593458632 0.11 72
1779593458634 0.115 73
1779593458636 0.185 74
1779593458638 0.13 75
1779593458639 0.105 76
1779593458641 0.125 77
1779593458643 0.135 78
1779593458645 0.235 79
1779593458646 0.185 80
1779593458648 0.13 81
1779593458650 0.12 82
1779593458651 0.11 83
1779593458653 0.105 84
1779593458655 0.105 85
1779593458656 0.145 86
1779593458658 0.14 87
1779593458660 0.16 88
1779593458661 0.105 89
1779593458663 0.225 90
1779593458664 0.14 91
1779593458666 0.18 92
1779593458668 0.19 93
1779593458669 0.105 94
1779593458671 0.165 95
1779593458672 0.125 96
1779593458674 0.11 97
1779593458676 0.14 98
1779593458677 0.145 99
1779593458679 0.17 100
1779593458681 0.115 101
1779593458682 0.18 102
1779593458684 0.14 103
1779593458685 0.195 104
1779593458687 0.18 105
1779593458688 0.145 106
1779593458690 0.15 107
1779593458692 0.185 108
1779593458693 0.135 109
1779593458695 0.155 110
1779593458696 0.115 111
1779593458698 0.13 112
1779593458699 0.11 113
1779593458701 0.11 114
1779593458703 0.115 115
1779593458704 0.18 116
1779593458706 0.1 117
1779593458708 0.155 118
1779593458709 0.125 119
1779593458711 0.135 120
1779593458713 0.105 121
1779593458715 0.13 122
1779593458716 0.125 123
1779593458718 0.105 124
1779593458720 0.18 125
1779593458722 0.215 126
1779593458723 0.1 127
1779593458725 0.12 128
1779593458727 0.105 129
1779593458729 0.145 130
1779593458731 0.075 131
1779593458732 0.115 132
1779593458734 0.115 133
1779593458737 0.14 134
1779593458739 0.155 135
1779593458741 0.1 136
1779593458743 0.155 137
1779593458744 0.18 138
1779593458746 0.09 139
1779593458748 0.1 140
1779593458750 0.155 141
1779593458751 0.14 142
1779593458753 0.225 143
1779593458755 0.21 144
1779593458756 0.105 145
1779593458758 0.1 146
1779593458760 0.15 147
1779593458761 0.12 148
1779593458763 0.17 149
1779593458764 0.09 150
1779593458766 0.11 151
1779593458768 0.16 152
1779593458769 0.22 153
1779593458771 0.21 154
1779593458772 0.1 155
1779593458774 0.155 156
1779593458776 0.185 157
1779593458777 0.145 158
1779593458779 0.15 159
1779593458781 0.185 160
1779593458782 0.165 161
1779593458784 0.15 162
1779593458785 0.1 163
1779593458787 0.125 164
1779593458788 0.175 165
1779593458790 0.08 166
1779593458792 0.1 167
1779593458793 0.13 168
1779593458795 0.155 169
1779593458797 0.125 170
1779593458798 0.11 171
1779593458800 0.16 172
1779593458802 0.135 173
1779593458803 0.175 174
1779593458805 0.08 175
1779593458806 0.19 176
1779593458808 0.1 177
1779593458810 0.115 178
1779593458811 0.115 179
1779593458813 0.1 180
1779593458815 0.14 181
1779593458816 0.255 182
1779593458818 0.13 183
1779593458820 0.19 184
1779593458821 0.1 185
1779593458823 0.11 186
1779593458825 0.18 187
1779593458826 0.145 188
1779593458828 0.085 189
1779593458830 0.105 190
1779593458831 0.105 191
1779593458833 0.22 192
1779593458834 0.065 193
1779593458836 0.175 194
1779593458838 0.115 195
1779593458839 0.12 196
1779593458841 0.185 197
1779593458843 0.15 198
1779593458844 0.1 199
1779593458846 0.16 200
1779593458848 0.12 201
1779593458849 0.155 202
1779593458851 0.11 203
1779593458853 0.14 204
1779593458854 0.1 205
1779593458856 0.155 206
1779593458858 0.185 207
1779593458860 0.12 208
1779593458861 0.12 209
1779593458863 0.165 210
1779593458865 0.14 211
1779593458866 0.18 212
1779593458868 0.12 213
1779593458870 0.165 214
1779593458871 0.11 215
1779593458873 0.11 216
1779593458875 0.155 217
1779593458877 0.17 218
1779593458879 0.13 219
1779593458880 0.1 220
1779593458882 0.15 221
1779593458884 0.17 222
1779593458885 0.165 223
1779593458887 0.175 224
1779593458889 0.105 225
1779593458890 0.16 226
1779593458892 0.095 227
1779593458894 0.165 228
1779593458896 0.125 229
1779593458897 0.105 230
1779593458899 0.195 231
1779593458901 0.1 232
1779593458903 0.13 233
1779593458905 0.2 234
1779593458906 0.215 235
1779593458908 0.15 236
1779593458910 0.155 237
1779593458911 0.11 238
1779593458913 0.21 239
1779593458914 0.11 240
1779593458916 0.185 241
1779593458918 0.11 242
1779593458919 0.125 243
1779593458921 0.1 244
1779593458922 0.14 245
1779593458924 0.095 246
1779593458925 0.145 247
1779593458927 0.12 248
1779593458929 0.26 249
1779593458930 0.145 250
1779593458932 0.135 251
1779593458933 0.19 252
1779593458935 0.085 253
1779593458936 0.1 254
1779593458938 0.14 255
1779593458940 0.13 256
1779593458941 0.125 257
1779593458943 0.135 258
1779593458944 0.175 259
1779593458946 0.115 260
1779593458948 0.13 261
1779593458949 0.19 262
1779593458951 0.185 263
1779593458952 0.15 264
1779593458954 0.1 265
1779593458955 0.15 266
1779593458957 0.155 267
1779593458959 0.115 268
1779593458960 0.11 269
1779593458962 0.145 270
1779593458963 0.13 271
1779593458965 0.11 272
1779593458967 0.18 273
1779593458968 0.18 274
1779593458970 0.11 275
1779593458972 0.195 276
1779593458974 0.11 277
1779593458976 0.095 278
1779593458978 0.185 279
1779593458980 0.075 280
1779593458982 0.145 281
1779593458984 0.105 282
1779593458986 0.1 283
1779593458988 0.15 284
1779593458989 0.13 285
1779593458991 0.2 286
1779593458993 0.16 287
1779593458995 0.165 288
1779593458996 0.105 289
1779593458998 0.135 290
1779593459000 0.13 291
1779593459001 0.1 292
1779593459003 0.1 293
1779593459005 0.185 294
1779593459007 0.1 295
1779593459008 0.13 296
1779593459010 0.19 297
1779593459012 0.135 298
1779593459014 0.115 299
1779593459015 0.095 300
1779593459017 0.1 301
1779593459018 0.11 302
1779593459020 0.21 303
1779593459022 0.11 304
1779593459023 0.145 305
1779593459025 0.19 306
1779593459026 0.225 307
1779593459028 0.14 308
1779593459030 0.115 309
1779593459031 0.115 310
1779593459033 0.125 311
1779593459034 0.155 312
1779593459036 0.08 313
