1780282353266 0.0 0
1780282353268 0.3556701030927835 1
1780282353270 0.7580308719232374 2
1780282353272 0.7427156177156178 3
1780282353274 0.7153784219001611 4
1780282353276 0.7525987525987525 5
1780282353278 0.7457245724572458 6
1780282353280 0.7866666666666666 7
1780282353282 0.7852285803954389 8
1780282353285 0.804836772573425 9
1780282353289 0.8092492085029399 10
1780282353292 0.8210526315789474 11
1780282353295 0.81 12
1780282353297 0.7944398511781727 13
1780282353299 0.8242694805194806 14
1780282353301 0.7161458333333334 15
1780282353303 0.8687270501835985 16
1780282353304 0.830390920554855 17
1780282353306 0.8526519510409039 18
1780282353308 0.8384615384615385 19
1780282353310 0.8266962395402763 20
1780282353312 0.7878787878787878 21
1780282353314 0.8520202020202021 22
1780282353316 0.8190418679549114 23
1780282353318 0.8324989570296204 24
1780282353320 0.8714702039995981 25
1780282353322 0.8150623885918004 26
1780282353324 0.8422939068100359 27
1780282353326 0.8125816500854186 28
1780282353328 0.8649122807017544 29
1780282353330 0.8622908622908623 30
1780282353332 0.8677843803056027 31
1780282353334 0.7980769230769231 32
1780282353336 0.7733333333333333 33
1780282353338 0.8239626976618462 34
1780282353340 0.7712377959824935 35
1780282353342 0.8285714285714285 36
1780282353344 0.8934343434343435 37
1780282353346 0.8426573426573427 38
1780282353348 0.8872425388818832 39
1780282353350 0.8578947368421053 40
1780282353352 0.8896889688968896 41
1780282353354 0.8844417077175698 42
1780282353356 0.8526938820666004 43
1780282353358 0.8676215277777778 44
1780282353360 0.8025641025641026 45
1780282353362 0.8582089552238805 46
1780282353364 0.7917748917748917 47
1780282353366 0.8833333333333333 48
1780282353368 0.8502160586875691 49
1780282353370 0.8089958821666139 50
1780282353372 0.9181991759622148 51
1780282353374 0.8268542199488491 52
1780282353376 0.7998903508771931 53
1780282353378 0.826335652789244 54
1780282353380 0.8392857142857143 55
1780282353383 0.875 56
1780282353387 0.8656290661595436 57
1780282353390 0.8645364536453646 58
1780282353393 0.8464285714285714 59
1780282353396 0.8506682745452718 60
1780282353399 0.8708165997322623 61
1780282353402 0.8308789153810192 62
1780282353404 0.8333333333333333 63
1780282353406 0.8703310696095077 64
1780282353409 0.8746803069053708 65
1780282353411 0.8696969696969696 66
1780282353413 0.855 67
1780282353416 0.8965008646119419 68
1780282353419 0.8595890410958904 69
1780282353421 0.8195488721804511 70
1780282353424 0.7558139534883721 71
1780282353427 0.81055900621118 72
1780282353429 0.8642857142857143 73
1780282353431 0.8883995596036434 74
1780282353433 0.8691796008869179 75
1780282353436 0.8862709098327213 76
1780282353438 0.8266666666666667 77
1780282353440 0.8607085346215781 78
1780282353442 0.8555008210180624 79
1780282353444 0.8632294250889871 80
1780282353446 0.8441973020286273 81
1780282353448 0.8619167717528373 82
1780282353450 0.86858938390753 83
1780282353453 0.8357142857142856 84
1780282353455 0.8421900161030595 85
1780282353457 0.8327322995552351 86
1780282353459 0.8652585946163929 87
1780282353461 0.8200000000000001 88
1780282353463 0.8764411027568922 89
1780282353465 0.8686716791979949 90
1780282353468 0.8950395039503951 91
1780282353471 0.8641277149434492 92
1780282353474 0.8770216661580714 93
1780282353477 0.875400641025641 94
1780282353481 0.846875 95
1780282353484 0.8353384245213935 96
1780282353486 0.831258429297645 97
1780282353488 0.8566433566433567 98
1780282353490 0.8879999999999999 99
1780282353492 0.866015132408575 100
1780282353494 0.7918419822346892 101
1780282353496 0.8740808823529411 102
1780282353498 0.8299114331723028 103
1780282353500 0.8125 104
1780282353502 0.8736879348979834 105
1780282353504 0.8186349303224494 106
1780282353506 0.8739192350727292 107
1780282353508 0.8982256275834257 108
1780282353510 0.8807692307692307 109
1780282353512 0.8927951388888888 110
1780282353514 0.8862709098327213 111
1780282353516 0.891025641025641 112
1780282353518 0.8920361247947455 113
1780282353520 0.8604166666666666 114
1780282353522 0.8473097940311055 115
1780282353525 0.8509615384615384 116
1780282353528 0.8664772727272727 117
1780282353531 0.8909090909090909 118
1780282353534 0.8769230769230769 119
1780282353537 0.8436370935367323 120
1780282353540 0.8823784722222222 121
1780282353542 0.8817031317031316 122
1780282353545 0.8559497873223363 123
1780282353548 0.8583333333333334 124
1780282353550 0.812366737739872 125
1780282353553 0.84375 126
1780282353556 0.8544189770793714 127
1780282353558 0.8295678368671069 128
1780282353561 0.845054945054945 129
1780282353564 0.8777348777348777 130
1780282353566 0.8671930357323616 131
1780282353570 0.8585159156676312 132
1780282353574 0.8587848932676518 133
1780282353578 0.8513717214350316 134
1780282353583 0.8796166432912575 135
1780282353588 0.841131907308378 136
1780282353594 0.8604860486048604 137
1780282353598 0.8486742615182983 138
1780282353603 0.8932155760738659 139
1780282353608 0.8671970624235006 140
1780282353613 0.9026292335115864 141
1780282353618 0.9053333333333333 142
1780282353622 0.9041867954911433 143
1780282353625 0.8011557966741361 144
1780282353628 0.9160745546287714 145
1780282353630 0.8881439661256175 146
1780282353633 0.8347902097902098 147
1780282353635 0.8358974358974358 148
1780282353638 0.911525974025974 149
1780282353641 0.8277233782129743 150
1780282353643 0.9156565656565656 151
1780282353646 0.8814464449191333 152
1780282353648 0.865874363327674 153
1780282353651 0.845890410958904 154
1780282353653 0.8584579391720069 155
1780282353656 0.8166312379795526 156
1780282353659 0.8647156975997947 157
1780282353661 0.8766025641025641 158
1780282353664 0.8476431884370618 159
1780282353667 0.8964448119057462 160
1780282353669 0.8435897435897436 161
1780282353671 0.8883190883190883 162
1780282353673 0.8831310301898537 163
1780282353675 0.8403361344537814 164
1780282353677 0.8690637720488468 165
1780282353679 0.89015606242497 166
1780282353681 0.8592592592592593 167
1780282353683 0.8770491803278688 168
1780282353685 0.8512308998302207 169
1780282353687 0.88008800880088 170
1780282353689 0.9102228047182175 171
1780282353691 0.8549618320610687 172
1780282353693 0.8757575757575757 173
1780282353695 0.8699521920455702 174
1780282353697 0.20727895957253756 175
1780282353699 0.5343137254901961 176
1780282353701 0.6711862049784453 177
1780282353703 0.8636363636363636 178
1780282353705 0.7314457314457314 179
1780282353707 0.8348457350272231 180
1780282353709 0.8235049833887043 181
1780282353711 0.8675011109465265 182
1780282353713 0.7790798611111112 183
1780282353715 0.8652665192827316 184
1780282353717 0.817903054605496 185
1780282353719 0.8463190638423937 186
1780282353721 0.8735256759208855 187
1780282353722 0.8773291925465838 188
1780282353724 0.8505724437425977 189
1780282353726 0.7459421312632322 190
1780282353728 0.8921517671517671 191
1780282353730 0.8903693314633006 192
1780282353732 0.7226722672267227 193
1780282353734 0.9 194
1780282353736 0.9065702230259192 195
1780282353738 0.8742559523809523 196
1780282353740 0.8586956521739131 197
1780282353742 0.8802507836990595 198
1780282353744 0.8506147237446304 199
1780282353746 0.9339502812556705 200
1780282353748 0.8645395044413278 201
1780282353750 0.8962697661846195 202
1780282353752 0.8510466988727858 203
1780282353754 0.8895261267524042 204
1780282353756 0.9287221217600965 205
1780282353758 0.8876018876018876 206
1780282353760 0.9028654686741135 207
1780282353762 0.9172320217096337 208
1780282353764 0.8954562957258375 209
1780282353765 0.8972222222222221 210
1780282353767 0.8992094861660079 211
1780282353769 0.8873368568654945 212
1780282353771 0.8920265780730897 213
1780282353774 0.7844036697247707 214
1780282353777 0.9324009324009324 215
1780282353781 0.8427370948379351 216
1780282353784 0.9199999999999999 217
1780282353788 0.9479107848673066 218
1780282353791 0.9184424150177575 219
1780282353793 0.8786666666666667 220
1780282353796 0.9324009324009324 221
1780282353798 0.939438613043991 222
1780282353801 0.7792116846738695 223
1780282353803 0.9101796407185629 224
1780282353806 0.925990675990676 225
1780282353809 0.9044439048081593 226
1780282353811 0.9136915494650799 227
1780282353814 0.8968253968253967 228
1780282353817 0.9395077179808093 229
1780282353819 0.9429824561403509 230
1780282353822 0.8892558084679798 231
1780282353824 0.9509876088823457 232
1780282353827 0.8072916666666667 233
1780282353829 0.9274725274725275 234
1780282353831 0.9391025641025641 235
1780282353834 0.9231678486997636 236
1780282353836 0.9260249554367201 237
1780282353839 0.922489525611569 238
1780282353842 0.9619482496194824 239
1780282353845 0.9034741413343861 240
1780282353848 0.9211139737455527 241
1780282353852 0.84375 242
1780282353855 0.9693877551020409 243
1780282353858 0.9467495607514529 244
1780282353862 0.9067095588235294 245
1780282353865 0.9223930078360458 246
1780282353867 0.9218670725520041 247
1780282353869 0.9087912087912088 248
1780282353871 0.9258021390374331 249
1780282353873 0.949685534591195 250
1780282353875 0.94 251
1780282353877 0.9598864856573094 252
1780282353879 0.9368157859170159 253
1780282353882 0.8925925925925926 254
1780282353884 0.925705329153605 255
1780282353886 0.9395077179808093 256
1780282353888 0.7580808080808081 257
1780282353890 0.946208947155021 258
1780282353893 0.941400304414003 259
1780282353897 0.941692789968652 260
1780282353901 0.9375 261
1780282353904 0.9163602941176471 262
1780282353907 0.8551396828821055 263
1780282353910 0.9519305232879743 264
1780282353913 0.9298859035701141 265
1780282353916 0.9695945945945945 266
1780282353919 0.8726190476190476 267
1780282353922 0.9130952380952382 268
1780282353926 0.8954392601933585 269
1780282353930 0.907189301926144 270
1780282353933 0.94439048081593 271
1780282353936 0.9701986754966887 272
1780282353938 0.9268820110825787 273
1780282353940 0.9329717702683911 274
1780282353942 0.9372943808395842 275
1780282353944 0.9299229625625085 276
1780282353946 0.9176865377023292 277
1780282353948 0.9450713574510454 278
1780282353949 0.9347700150619858 279
1780282353951 0.9136200716845878 280
1780282353953 0.9054726368159205 281
1780282353955 0.9353276353276353 282
1780282353957 0.9437869822485208 283
1780282353959 0.8296703296703296 284
1780282353961 0.9095238095238095 285
1780282353963 0.9197048611111112 286
1780282353965 0.9613970588235294 287
1780282353967 0.9516129032258065 288
1780282353969 0.8402061855670103 289
1780282353971 0.9579423010079944 290
1780282353973 0.9150219298245614 291
1780282353975 0.9527051895472948 292
1780282353977 0.9425465838509317 293
1780282353979 0.9454088874331259 294
1780282353981 0.9216867469879518 295
1780282353983 0.8895511921458625 296
1780282353985 0.9130952380952381 297
1780282353987 0.9598765432098766 298
1780282353989 0.9244959244959245 299
1780282353991 0.9357142857142857 300
1780282353993 0.9176788124156545 301
1780282353995 0.9846891070593735 302
1780282353997 0.9249918113331149 303
1780282353999 0.9220426937138814 304
1780282354001 0.9211753159121581 305
1780282354003 0.9404367562262299 306
1780282354005 0.9466666666666667 307
1780282354007 0.9427710843373494 308
1780282354009 0.8857808857808858 309
1780282354011 0.9306919121084618 310
1780282354013 0.927159543062508 311
1780282354015 0.9291208791208792 312
1780282354017 0.8327205882352942 313
1780282354019 0.9548368298368299 314
1780282354021 0.92 315
1780282354023 0.8913043478260869 316
1780282354025 0.95 317
1780282354026 0.9406500855375707 318
1780282354028 0.9159612317507054 319
1780282354030 0.9390568879619974 320
1780282354032 0.9551108095884215 321
1780282354034 0.9435307017543859 322
1780282354036 0.9272844272844273 323
1780282354038 0.9475367523285827 324
1780282354040 0.97 325
1780282354042 0.9411069392295925 326
1780282354044 0.9456303809411488 327
1780282354046 0.891298833079655 328
1780282354048 0.939873417721519 329
1780282354050 0.9774928774928775 330
1780282354052 0.9571205821205822 331
1780282354054 0.9651529868868383 332
1780282354056 0.9503105590062112 333
1780282354058 0.9266422927231985 334
1780282354060 0.8548387096774194 335
1780282354062 0.9287958702726966 336
1780282354063 0.91008316008316 337
1780282354066 0.9482496194824962 338
1780282354067 0.8486312399355878 339
1780282354070 0.9403855910705226 340
1780282354072 0.9094570561774244 341
1780282354073 0.9403420942845223 342
1780282354075 0.9518518518518518 343
1780282354077 0.9342831472211526 344
1780282354079 0.9233333333333333 345
1780282354081 0.972972972972973 346
1780282354083 0.8568887958991527 347
1780282354085 0.8919270833333333 348
