1780529581880 0.0 0
1780529581882 0.4999999999999957 1
1780529581884 0.760606060606053 2
1780529581886 0.49999999999999606 3
1780529581887 0.7564062662101799 4
1780529581889 0.7208333333333254 5
1780529581891 0.7533167943048131 6
1780529581893 0.7105926860025149 7
1780529581894 0.7438423645320118 8
1780529581896 0.5428745804089057 9
1780529581898 0.8210558008831713 10
1780529581899 0.802385186735006 11
1780529581901 0.7437999797550288 12
1780529581903 0.730219780219773 13
1780529581905 0.8119143239625085 14
1780529581907 0.738711001642029 15
1780529581908 0.795833333333325 16
1780529581910 0.6171717171717106 17
1780529581912 0.8053333333333249 18
1780529581914 0.7426666666666583 19
1780529581915 0.7911344033191312 20
1780529581917 0.8166325099773402 21
1780529581919 0.724999999999992 22
1780529581921 0.6401515151515067 23
1780529581923 0.7472460220318159 24
1780529581925 0.7891690781314509 25
1780529581927 0.8255047599121164 26
1780529581929 0.8062499999999915 27
1780529581931 0.6744652406417027 28
1780529581933 0.8506006006005917 29
1780529581934 0.6607010875303496 30
1780529581936 0.8575447570332393 31
1780529581938 0.8293678798265869 32
1780529581940 0.8591720779220693 33
1780529581941 0.8343841950399243 34
1780529581943 0.8481680920705224 35
1780529581945 0.7363636363636287 36
1780529581947 0.8059140388284061 37
1780529581948 0.8565837013247606 38
1780529581950 0.8342710997442369 39
1780529581952 0.8070204170760917 40
1780529581953 0.816850594227496 41
1780529581955 0.6848739495798242 42
1780529581957 0.7664583123298645 43
1780529581958 0.8911453215416432 44
1780529581960 0.8201741066909525 45
1780529581962 0.8240481377736193 46
1780529581964 0.8118023976849857 47
1780529581965 0.8058461870348312 48
1780529581967 0.8233501471206306 49
1780529581969 0.794661622530467 50
1780529581970 0.8944145285608607 51
1780529581972 0.8573031415748589 52
1780529581974 0.7237862097103154 53
1780529581975 0.8923611111111012 54
1780529581977 0.8020833333333254 55
1780529581979 0.8583092186853981 56
1780529581981 0.8237263312061843 57
1780529581982 0.8437499999999911 58
1780529581984 0.8213333333333249 59
1780529581986 0.823785166240401 60
1780529581987 0.8615787881842841 61
1780529581989 0.5583639705882272 62
1780529581991 0.7223909302560918 63
1780529581992 0.8762733446519432 64
1780529581994 0.896651508887961 65
1780529581996 0.827083333333325 66
1780529581998 0.7854166666666583 67
1780529581999 0.7418032786885163 68
1780529582001 0.7086614173228262 69
1780529582003 0.7476404976404902 70
1780529582004 0.8565217391304261 71
1780529582006 0.7499999999999918 72
1780529582008 0.8672344142373529 73
1780529582010 0.5968801313628845 74
1780529582011 0.6623563218390742 75
1780529582013 0.831202046035797 76
1780529582015 0.8578901952324363 77
1780529582017 0.859482476252857 78
1780529582018 0.8649721149721057 79
1780529582020 0.7939560439560358 80
1780529582022 0.6449652777777719 81
1780529582024 0.7083333333333266 82
1780529582025 0.5267857142857084 83
1780529582027 0.8667994247151134 84
1780529582029 0.8789062499999905 85
1780529582031 0.8353733170134554 86
1780529582032 0.7717031831335179 87
1780529582034 0.8795396419437252 88
1780529582036 0.8049028583053524 89
1780529582037 0.8643008367778923 90
1780529582039 0.8828522920203641 91
1780529582041 0.8995376208490868 92
1780529582043 0.8505554956315298 93
1780529582044 0.7967142383006889 94
1780529582046 0.5789473684210475 95
1780529582048 0.8383649756198686 96
1780529582049 0.7992656058751451 97
1780529582051 0.8380402874784814 98
1780529582053 0.8099989441452773 99
1780529582055 0.8010541546093344 100
1780529582056 0.7333333333333263 101
1780529582058 0.8193580085162051 102
1780529582060 0.8229842446709834 103
1780529582061 0.9102794299180688 104
1780529582063 0.8404690784378706 105
1780529582065 0.8812499999999908 106
1780529582067 0.8472706155632896 107
1780529582068 0.7598425196850305 108
1780529582070 0.8104859335038284 109
1780529582072 0.7921256629946882 110
1780529582074 0.8867171080285743 111
1780529582075 0.877333333333324 112
1780529582077 0.8570991432068455 113
1780529582079 0.8666666666666578 114
1780529582080 0.8844852058084849 115
1780529582082 0.8336725463591046 116
1780529582084 0.6959459459459394 117
1780529582085 0.8379120879120788 118
1780529582087 0.8640422077921992 119
1780529582089 0.768495166036142 120
1780529582091 0.8437499999999915 121
1780529582092 0.7693333333333245 122
1780529582094 0.6379310344827527 123
1780529582096 0.7221986417656976 124
1780529582098 0.8856732348111567 125
1780529582099 0.9034090909090817 126
1780529582101 0.7857703961395932 127
1780529582103 0.780012670256565 128
1780529582104 0.8305288461538378 129
1780529582106 0.8559113300492522 130
1780529582108 0.8125319693094548 131
1780529582110 0.722358221134224 132
1780529582112 0.7958333333333248 133
1780529582113 0.8434148434148349 134
1780529582115 0.8051815585475237 135
1780529582117 0.7763364368657725 136
1780529582118 0.8739058799299674 137
1780529582120 0.5946519524617944 138
1780529582127 0.8082039911308116 139
1780529582128 0.8387193898032835 140
1780529582130 0.8177759740259656 141
1780529582132 0.8447705663497225 142
1780529582134 0.8413333333333242 143
1780529582136 0.7840777109069714 144
1780529582137 0.8606138107416794 145
1780529582139 0.6691895788281257 146
1780529582141 0.8666666666666576 147
1780529582143 0.8546666666666578 148
1780529582144 0.7601867572156122 149
1780529582146 0.41734417344172703 150
1780529582148 0.4999999999999968 151
1780529582149 0.4999999999999969 152
1780529582151 0.499999999999997 153
1780529582153 0.4999999999999967 154
1780529582154 0.4969135802469105 155
1780529582156 0.49999999999999667 156
1780529582158 0.6036706349206282 157
1780529582159 0.4999999999999968 158
1780529582161 0.5735930735930682 159
1780529582163 0.49689440993788514 160
1780529582165 0.5249999999999962 161
1780529582166 0.5444444444444403 162
1780529582168 0.5204081632653025 163
1780529582170 0.6125172572480382 164
1780529582171 0.5163242554546865 165
1780529582173 0.6126499777810619 166
1780529582175 0.5842841369157107 167
1780529582177 0.5935314685314619 168
1780529582178 0.49999999999999695 169
1780529582180 0.532258064516125 170
1780529582182 0.6516966067864192 171
1780529582183 0.5245098039215647 172
1780529582185 0.5119047619047584 173
1780529582187 0.5533333333333289 174
1780529582189 0.5433723196881047 175
1780529582192 0.6376015289058683 176
1780529582194 0.5178571428571394 177
1780529582195 0.499999999999997 178
1780529582197 0.6258958432871408 179
1780529582199 0.5441176470588193 180
1780529582201 0.5644932671863875 181
1780529582202 0.5291447682751991 182
1780529582204 0.5915271099320123 183
1780529582206 0.5119047619047584 184
1780529582207 0.5384615384615343 185
1780529582209 0.6643139469226351 186
1780529582211 0.5365853658536546 187
1780529582213 0.6656626506023998 188
1780529582214 0.6249999999999934 189
1780529582216 0.49999999999999706 190
1780529582218 0.5627030539311193 191
1780529582219 0.4999999999999969 192
1780529582221 0.627242386316219 193
1780529582223 0.6208576998050612 194
1780529582224 0.5119047619047584 195
1780529582226 0.5315587820124984 196
1780529582228 0.49999999999999695 197
1780529582229 0.5365853658536546 198
1780529582231 0.5549548215079202 199
1780529582233 0.537499999999996 200
1780529582235 0.6450892857142776 201
1780529582236 0.5113636363636329 202
1780529582238 0.538377192982452 203
1780529582240 0.5433269145311763 204
1780529582241 0.6787878787878702 205
1780529582243 0.5790253295807968 206
1780529582245 0.5402858999350184 207
1780529582246 0.5766233766233713 208
1780529582248 0.6699819168173519 209
1780529582250 0.5540540540540495 210
1780529582252 0.5999999999999936 211
1780529582253 0.5971774812087687 212
1780529582255 0.5238095238095201 213
1780529582257 0.589831059129299 214
1780529582258 0.5402315076228078 215
1780529582260 0.5738174868609601 216
1780529582262 0.5357142857142816 217
1780529582263 0.639966624947845 218
1780529582265 0.5517241379310298 219
1780529582267 0.5540540540540495 220
1780529582269 0.5773212294951372 221
1780529582270 0.7371273712737013 222
1780529582272 0.5448516000663195 223
1780529582274 0.5871710526315738 224
1780529582275 0.49999999999999706 225
1780529582277 0.5217391304347789 226
1780529582279 0.7337398373983605 227
1780529582281 0.5434782608695611 228
1780529582282 0.599999999999993 229
1780529582284 0.6619047619047528 230
1780529582286 0.5454545454545411 231
1780529582287 0.5789473684210475 232
1780529582289 0.4999999999999969 233
1780529582291 0.6770609318996321 234
1780529582292 0.5906249999999944 235
1780529582294 0.49999999999999706 236
1780529582296 0.6422027104409163 237
1780529582298 0.6274735388863257 238
1780529582299 0.5990675990675935 239
1780529582301 0.5853658536585313 240
1780529582303 0.6107427055702832 241
1780529582304 0.5124999999999966 242
1780529582306 0.6050406234455254 243
1780529582308 0.4999999999999969 244
1780529582309 0.49705882352940883 245
1780529582311 0.4999999999999969 246
1780529582313 0.7176738141650323 247
1780529582315 0.5011293054771282 248
1780529582316 0.6211469534050109 249
1780529582318 0.6156249999999924 250
1780529582320 0.5099999999999965 251
1780529582321 0.6398268398268327 252
1780529582323 0.6158830620855877 253
1780529582325 0.6031249999999941 254
1780529582326 0.7687499999999886 255
1780529582328 0.6008137432188009 256
1780529582330 0.5263157894736805 257
1780529582332 0.5232558139534846 258
1780529582333 0.5999999999999944 259
1780529582335 0.5312499999999961 260
1780529582337 0.5142857142857109 261
1780529582339 0.6062499999999938 262
1780529582340 0.6196846631629171 263
1780529582342 0.5277777777777739 264
1780529582344 0.5975609756097506 265
1780529582345 0.6497499662116438 266
1780529582347 0.5763403263403214 267
1780529582349 0.634267631103067 268
1780529582351 0.5277777777777739 269
1780529582352 0.566666666666662 270
1780529582354 0.624623267028324 271
1780529582356 0.603145795523284 272
1780529582358 0.5465116279069725 273
1780529582359 0.6025641025640966 274
1780529582361 0.6093749999999941 275
1780529582363 0.6062499999999937 276
1780529582364 0.5433269145311763 277
1780529582366 0.509163491199416 278
1780529582368 0.5512820512820469 279
1780529582369 0.6250705815923145 280
1780529582371 0.5201429499675077 281
1780529582373 0.6195652173912986 282
1780529582374 0.5918495297805589 283
1780529582376 0.5363872644574358 284
1780529582378 0.5681003584229342 285
1780529582380 0.5774193548387044 286
1780529582381 0.6893613632743948 287
1780529582383 0.568004459308802 288
1780529582385 0.5128205128205093 289
1780529582387 0.4999999999999968 290
1780529582389 0.5478543195934457 291
1780529582391 0.5926573426573372 292
1780529582392 0.6192332683560688 293
1780529582394 0.696428571428561 294
1780529582396 0.5249999999999962 295
1780529582398 0.6030061892130779 296
1780529582399 0.5906249999999944 297
1780529582401 0.6606698723263007 298
