1780137936653 0.0 0
1780137936656 0.1264712565326062 1
1780137936658 0.29610050767945506 2
1780137936661 0.3142927611296091 3
1780137936663 0.4166124661246612 4
1780137936666 0.5064881167737509 5
1780137936668 0.46834244944231873 6
1780137936671 0.5380298525004408 7
1780137936673 0.5522803048344844 8
1780137936676 0.504727237876174 9
1780137936678 0.6115134575569358 10
1780137936681 0.5282106782106781 11
1780137936683 0.6629960317460317 12
1780137936686 0.5976709043030952 13
1780137936688 0.6571940749309171 14
1780137936691 0.7361564219321657 15
1780137936694 0.7371415839062898 16
1780137936696 0.7144736146206735 17
1780137936699 0.7273087668228333 18
1780137936701 0.7294189416011667 19
1780137936704 0.7395795508838987 20
1780137936706 0.8152980259297395 21
1780137936709 0.793641370706588 22
1780137936711 0.79433247780771 23
1780137936714 0.7475515995872033 24
1780137936717 0.8060930735930736 25
1780137936719 0.8205893424563501 26
1780137936722 0.8221045584806553 27
1780137936724 0.7930646250595099 28
1780137936727 0.8658178456004542 29
1780137936729 0.8328718649771281 30
1780137936732 0.7824047668578562 31
1780137936734 0.8332750849455655 32
1780137936737 0.8348992673992675 33
1780137936739 0.8193522345159685 34
1780137936742 0.8241258204161429 35
1780137936744 0.8590324982894643 36
1780137936747 0.875366810691888 37
1780137936749 0.8587295457119121 38
1780137936752 0.8406683564973039 39
1780137936754 0.8461697722567288 40
1780137936757 0.8421972786988267 41
1780137936761 0.8503668650040975 42
1780137936763 0.849297508477075 43
1780137936766 0.9093286030013719 44
1780137936768 0.7990175309672295 45
1780137936771 0.8298157510143647 46
1780137936773 0.8689417672970304 47
1780137936776 0.8565929673144641 48
1780137936778 0.8875544922913343 49
1780137936781 0.8670780318715101 50
1780137936783 0.8258560974629086 51
1780137936786 0.8176631346896525 52
1780137936788 0.8284444112333127 53
1780137936791 0.8084413023307547 54
1780137936793 0.8775581906016688 55
1780137936796 0.8639480519480518 56
1780137936799 0.8836681537603599 57
1780137936801 0.8795797646200871 58
1780137936803 0.8786842105263158 59
1780137936806 0.855503663003663 60
1780137936809 0.8639123137871285 61
1780137936811 0.8482952530785347 62
1780137936814 0.8885314446375828 63
1780137936816 0.882780669622775 64
1780137936819 0.8702297690867484 65
1780137936821 0.8686931231822873 66
1780137936824 0.836065601065601 67
1780137936826 0.8148693844346019 68
1780137936829 0.8518103031610906 69
1780137936831 0.8466096287613315 70
1780137936834 0.8185348144830904 71
1780137936836 0.8841869000564653 72
1780137936839 0.8498231745371333 73
1780137936841 0.8516871783038157 74
1780137936844 0.8700368345105186 75
1780137936846 0.9093018653580478 76
1780137936849 0.8897431898353961 77
1780137936851 0.849311815635345 78
1780137936854 0.8556142772389912 79
1780137936856 0.872720663839085 80
1780137936859 0.8606224477277109 81
1780137936861 0.8589935587761675 82
1780137936864 0.880362658677876 83
1780137936866 0.8575233426704013 84
1780137936869 0.8913558696205754 85
1780137936871 0.8486320531057373 86
1780137936874 0.8372487161960847 87
1780137936876 0.8499908424908424 88
1780137936879 0.8946314856640942 89
1780137936881 0.8941740715424924 90
1780137936884 0.833701965912223 91
1780137936886 0.8446645451398783 92
1780137936889 0.8810673195670337 93
1780137936891 0.8597903873844107 94
1780137936894 0.8803792176138725 95
1780137936896 0.8621923165401426 96
1780137936899 0.8079386497436782 97
1780137936901 0.8645373245916724 98
1780137936904 0.8661471861471861 99
1780137936906 0.893906223893066 100
1780137936909 0.8876338854382333 101
1780137936911 0.8736286676286676 102
1780137936914 0.8825574681331012 103
1780137936916 0.8693795093795094 104
1780137936919 0.851534391794622 105
1780137936921 0.9153495471415111 106
1780137936924 0.825534797332011 107
1780137936926 0.9155435305435307 108
1780137936929 0.8862221900254355 109
1780137936931 0.8862259085943297 110
1780137936934 0.8791176470588236 111
1780137936936 0.9138315485683908 112
1780137936939 0.877497751149555 113
1780137936941 0.8712461300309597 114
1780137936944 0.9064912280701755 115
1780137936946 0.9291774891774891 116
1780137936949 0.9056444099378883 117
1780137936959 0.8997401927278087 118
1780137936962 0.8693441839970879 119
1780137936964 0.8888428416231621 120
1780137936967 0.8836979034037858 121
1780137936969 0.8767551074656337 122
1780137936972 0.944040404040404 123
1780137936975 0.9013779993656155 124
1780137936977 0.8732427008967016 125
1780137936980 0.8960701754385966 126
1780137936982 0.8456933638443935 127
1780137936985 0.8163902384955017 128
1780137936987 0.8843598508868815 129
1780137936990 0.9413716984769618 130
1780137936992 0.8776551432930152 131
1780137936995 0.8712227602905569 132
1780137936997 0.8379448394742512 133
1780137937000 0.9032771850575056 134
1780137937002 0.9052527563969213 135
1780137937005 0.7474166666666667 136
1780137937007 0.906939375292451 137
1780137937010 0.8935950236553951 138
1780137937012 0.8692407521736893 139
1780137937015 0.9106851688043639 140
1780137937017 0.8483141224826591 141
1780137937020 0.8991434283997213 142
1780137937022 0.891490970784449 143
1780137937025 0.9185714084004568 144
1780137937027 0.8978523626356443 145
1780137937030 0.9217003367003367 146
1780137937032 0.9151750753695833 147
1780137937035 0.88298128342246 148
1780137937037 0.8956167592895282 149
1780137937040 0.9176805650489861 150
1780137937042 0.8494870263895031 151
1780137937045 0.8886211369183507 152
1780137937047 0.8975118269530034 153
1780137937050 0.8970355731225297 154
1780137937052 0.8991281233386497 155
1780137937055 0.9084496205548838 156
1780137937057 0.9105028876539174 157
1780137937060 0.8924911449060055 158
1780137937062 0.9386471861471861 159
1780137937065 0.9387629037629038 160
1780137937067 0.9248225957049486 161
1780137937070 0.9468614718614718 162
1780137937072 0.9175689223057644 163
1780137937075 0.9138638262322474 164
1780137937077 0.965689223057644 165
1780137937080 0.9167884545122398 166
1780137937082 0.9500721500721501 167
1780137937085 0.9279189409624191 168
1780137937088 0.920502928444105 169
1780137937090 0.9424353424353425 170
1780137937093 0.8781245686680469 171
1780137937095 0.9024258975645434 172
1780137937098 0.9271474139895194 173
1780137937100 0.9676708074534162 174
1780137937103 0.9422943722943723 175
1780137937105 0.9241630591630592 176
1780137937108 0.9290836940836942 177
1780137937110 0.9253416149068323 178
1780137937113 0.9536618060302271 179
1780137937115 0.9540560888386975 180
1780137937118 0.9340675217455402 181
1780137937120 0.9329292929292927 182
1780137937123 0.9344529142355229 183
1780137937126 0.9195189678742309 184
1780137937128 0.9420923520923521 185
1780137937135 0.9122988505747125 186
1780137937138 0.9463216011042098 187
1780137937140 0.9582034632034631 188
1780137937143 0.9594805194805195 189
1780137937145 0.9173162686127082 190
1780137937148 0.9178749258411729 191
1780137937150 0.936640736732943 192
1780137937153 0.9407263630089716 193
1780137937155 0.933510290878712 194
1780137937158 0.9209632034632034 195
1780137937161 0.945668006332968 196
1780137937163 0.9162749342161106 197
1780137937166 0.9158822859287256 198
1780137937168 0.9306751727804359 199
1780137937171 0.9229526793034667 200
1780137937173 0.9346182650301642 201
1780137937176 0.9607142857142857 202
1780137937178 0.9515983139667348 203
1780137937181 0.9559574738986504 204
1780137937183 0.941097060833903 205
1780137937186 0.9514662809857318 206
1780137937188 0.9647117794486215 207
1780137937191 0.9666233766233766 208
1780137937193 0.9392941840767929 209
1780137937196 0.9289328393447386 210
1780137937198 0.9566666666666667 211
1780137937201 0.9483850931677018 212
1780137937204 0.9352544404489483 213
1780137937206 0.9150572846693535 214
1780137937209 0.9408606409070804 215
1780137937212 0.9516416040100252 216
1780137937214 0.9417979797979799 217
1780137937217 0.9332038507102446 218
1780137937219 0.9501525553012966 219
1780137937222 0.9471933621933623 220
1780137937224 0.9570779220779219 221
1780137937227 0.9568147641831853 222
1780137937229 0.9169533755717966 223
1780137937232 0.9424679998364208 224
1780137937235 0.9512808536492747 225
1780137937238 0.9124221203632968 226
1780137937240 0.9633418031244118 227
1780137937243 0.9433418031244118 228
1780137937245 0.9487741091860084 229
1780137937248 0.9466284695696459 230
1780137937250 0.9577705627705626 231
1780137937253 0.9228070175438596 232
1780137937255 0.9393295739348371 233
1780137937258 0.9370312143996354 234
1780137937260 0.9227674258109042 235
1780137937263 0.9046615550734544 236
1780137937265 0.9559022556390978 237
1780137937268 0.9667931191615402 238
1780137937270 0.9409994683678894 239
1780137937273 0.9506758056758058 240
1780137937275 0.9575773920968429 241
1780137937278 0.9420510763073693 242
1780137937280 0.9606641604010024 243
1780137937283 0.9529908103592314 244
1780137937285 0.947026549750335 245
1780137937288 0.9249291410344043 246
1780137937290 0.9583229813664594 247
1780137937293 0.9718614718614719 248
1780137937295 0.9620095693779904 249
1780137937298 0.9525074048758257 250
1780137937300 0.9555958077010708 251
1780137937303 0.9418759018759019 252
1780137937306 0.9549567099567099 253
1780137937309 0.9338902812587022 254
1780137937311 0.9585115456625755 255
1780137937314 0.940195374800638 256
1780137937317 0.9330785983881957 257
1780137937319 0.9365481886534516 258
1780137937322 0.9718614718614719 259
1780137937324 0.9365048986101616 260
1780137937327 0.9426771474139894 261
1780137937329 0.9477238550922762 262
1780137937332 0.9296555948501029 263
1780137937334 0.9184076495586794 264
1780137937337 0.9344206365716664 265
1780137937339 0.9711221234905446 266
1780137937342 0.9437712859223156 267
1780137937344 0.9333164983164984 268
1780137937347 0.9486111111111111 269
1780137937349 0.925645933014354 270
1780137937352 0.9428006775832862 271
1780137937354 0.9359201032885244 272
1780137937357 0.9359523809523809 273
1780137937359 0.9454112554112555 274
1780137937362 0.9716017316017316 275
1780137937364 0.9418759018759019 276
1780137937367 0.944069643806486 277
1780137937369 0.9107609823856964 278
1780137937372 0.9709523809523809 279
1780137937374 0.9465265436318069 280
1780137937377 0.9761471861471861 281
1780137937379 0.9418147641831853 282
1780137937382 0.9688095238095238 283
1780137937384 0.9717931191615403 284
1780137937387 0.9126620900076278 285
1780137937389 0.9575324675324675 286
1780137937392 0.9564120193531955 287
1780137937394 0.9436150983519405 288
1780137937397 0.9358349678544184 289
1780137937399 0.9519523809523809 290
1780137937402 0.9338643921151661 291
1780137937404 0.9322442469810891 292
1780137937407 0.947090189241219 293
1780137937409 0.9341829004329003 294
1780137937412 0.949935064935065 295
1780137937414 0.9563612836438923 296
1780137937417 0.9410281385281385 297
1780137937419 0.9288771566597653 298
1780137937422 0.9561801242236025 299
1780137937424 0.9718614718614719 300
1780137937427 0.9713602187286398 301
1780137937429 0.9467570441254652 302
1780137937432 0.9364505961874382 303
1780137937434 0.9558695652173912 304
1780137937437 0.9215271765271764 305
1780137937439 0.9449473320983618 306
1780137937442 0.9391881878609569 307
1780137937444 0.9464973038657248 308
1780137937447 0.9408441558441558 309
1780137937449 0.9510427584111796 310
1780137937452 0.9566683011877519 311
1780137937454 0.9624857598541808 312
1780137937457 0.9486075036075035 313
