1780250049414 0.0 0
1780250049416 0.033584415584415585 1
1780250049418 0.19519410491552763 2
1780250049421 0.273145690794917 3
1780250049423 0.36983275125872916 4
1780250049425 0.45688128101078773 5
1780250049427 0.6124039466235138 6
1780250049428 0.7016247508697282 7
1780250049430 0.7896751494119915 8
1780250049432 0.7829099526925614 9
1780250049434 0.7882089156973058 10
1780250049436 0.8094021107603451 11
1780250049438 0.7088303595404863 12
1780250049440 0.8496857512422776 13
1780250049442 0.7940888426409469 14
1780250049444 0.7853906513464842 15
1780250049446 0.8787369595328517 16
1780250049448 0.8795837358353404 17
1780250049450 0.7002982441836931 18
1780250049452 0.8719937853473556 19
1780250049454 0.8891530255353455 20
1780250049456 0.9037894049548185 21
1780250049458 0.8780577552528772 22
1780250049460 0.8615174567421038 23
1780250049462 0.8729485427611776 24
1780250049463 0.8118222697828157 25
1780250049466 0.90960379239449 26
1780250049468 0.9152479306458767 27
1780250049470 0.6775766906841076 28
1780250049472 0.7671059161323843 29
1780250049474 0.9349885348652404 30
1780250049476 0.913505637867521 31
1780250049478 0.884561571912678 32
1780250049479 0.7308449983685015 33
1780250049481 0.8662186283348408 34
1780250049483 0.8707891803086311 35
1780250049485 0.8765214858924745 36
1780250049487 0.8320890710274045 37
1780250049489 0.8853875774928406 38
1780250049491 0.8950686247197875 39
1780250049493 0.9445584414954806 40
1780250049495 0.9649556818876459 41
1780250049497 0.861556321478249 42
1780250049499 0.9153601397503838 43
1780250049500 0.954925931023492 44
1780250049502 0.9207153863541004 45
1780250049504 0.9114855320972417 46
1780250049506 0.9309250183618039 47
1780250049508 0.9195843558817272 48
1780250049510 0.8466077648607874 49
1780250049512 0.9246305478384471 50
1780250049514 0.802751752806053 51
1780250049516 0.6806339167822516 52
1780250049518 0.9094258457531288 53
1780250049520 0.9017401842371242 54
1780250049522 0.9398807041861644 55
1780250049524 0.9195017505627412 56
1780250049526 0.9090242323847679 57
1780250049528 0.8857991496806404 58
1780250049529 0.7726746347489382 59
1780250049531 0.893970929051463 60
1780250049533 0.8969419458685971 61
1780250049535 0.8956912526232168 62
1780250049537 0.9147154471544716 63
1780250049539 0.8178656317295598 64
1780250049541 0.9451883161767629 65
1780250049543 0.909052754268296 66
1780250049545 0.8942757786325869 67
1780250049547 0.9252488537148358 68
1780250049549 0.8371460116268962 69
1780250049551 0.7780054964066796 70
1780250049553 0.9147369736935966 71
1780250049554 0.9391077756931416 72
1780250049556 0.9344971563250812 73
1780250049558 0.89706014211149 74
1780250049560 0.9403709746682252 75
1780250049562 0.8738244986347802 76
1780250049564 0.9599812382739212 77
1780250049566 0.9449721566409627 78
1780250049568 0.9157087560219184 79
1780250049570 0.9194616132591177 80
1780250049572 0.7154877745521488 81
1780250049574 0.8492643218766455 82
1780250049576 0.742535767286716 83
1780250049578 0.9594897108311743 84
1780250049580 0.9342301017576415 85
1780250049582 0.873063337358394 86
1780250049584 0.720772348369797 87
1780250049586 0.9191036849431631 88
1780250049587 0.9551796727021374 89
1780250049589 0.9445862545669991 90
1780250049591 0.7988230769304054 91
1780250049593 0.8896313244010748 92
1780250049595 0.9254289645753062 93
1780250049597 0.8786654322042831 94
1780250049599 0.9090305547718678 95
1780250049601 0.8822681106042737 96
1780250049603 0.9111186857698487 97
1780250049605 0.9192140904464395 98
1780250049607 0.9347127669078888 99
1780250049609 0.9305332126948989 100
1780250049611 0.8393449585870917 101
1780250049613 0.8642553683898582 102
1780250049615 0.9437970159921379 103
1780250049616 0.939698824923472 104
1780250049618 0.9091422117403549 105
1780250049620 0.9077655074631099 106
1780250049622 0.924333439577342 107
1780250049624 0.8989166143437464 108
1780250049626 0.9499046478493891 109
1780250049628 0.8683765066409382 110
1780250049630 0.8953270872448711 111
1780250049632 0.9452691668522938 112
1780250049634 0.9194260253287926 113
1780250049636 0.9048852394272882 114
1780250049638 0.9500870609920675 115
1780250049640 0.9507276335132561 116
1780250049642 0.9390260219707633 117
1780250049644 0.910493917862339 118
1780250049646 0.9036224476647501 119
1780250049647 0.9201973729688152 120
1780250049649 0.9350333149948042 121
1780250049651 0.8765576922803542 122
1780250049653 0.9751036362011971 123
1780250049655 0.9245643523499749 124
1780250049657 0.9552262753803191 125
1780250049660 0.9548252902424916 126
1780250049663 0.8538880493690776 127
1780250049665 0.838623800992553 128
1780250049667 0.7443575525752426 129
1780250049669 0.8807979556480265 130
1780250049671 0.9287946476829063 131
1780250049673 0.9002173714023065 132
1780250049675 0.8547336811956665 133
1780250049678 0.9241045304290626 134
1780250049679 0.9307847405921861 135
1780250049681 0.8961445626221357 136
1780250049683 0.9399409875533109 137
1780250049686 0.9355985220083497 138
1780250049687 0.8901986464065456 139
1780250049689 0.48391952102478414 140
1780250049691 0.8299442057425324 141
1780250049693 0.960466809613151 142
1780250049695 0.9394619693528551 143
1780250049697 0.9153739871752778 144
1780250049699 0.9243869902264684 145
1780250049701 0.9446232700404714 146
1780250049703 0.9071897995233774 147
1780250049705 0.9397124071359076 148
1780250049707 0.9399605555226953 149
1780250049709 0.9004779195917421 150
1780250049711 0.8850587037785187 151
1780250049713 0.9447345990349841 152
1780250049715 0.9198068263215889 153
1780250049717 0.8928904237380415 154
1780250049719 0.8727058340640683 155
1780250049721 0.9496784549223574 156
1780250049723 0.8880443255301452 157
1780250049725 0.9067545250257136 158
1780250049727 0.9256677810849826 159
1780250049729 0.944410665737949 160
1780250049731 0.8127466858264091 161
1780250049732 0.900397406890675 162
1780250049734 0.8848458467759757 163
1780250049736 0.8646987814661564 164
1780250049738 0.8799728892328498 165
1780250049740 0.8706567007613909 166
1780250049742 0.9011830863318278 167
1780250049744 0.9443137221044198 168
1780250049746 0.9499513399320844 169
1780250049748 0.9185834256162095 170
1780250049750 0.9200084249043858 171
1780250049752 0.9223639517358571 172
1780250049754 0.9748404783064604 173
1780250049756 0.974849412461736 174
1780250049758 0.9411754766601407 175
1780250049760 0.9342380416770663 176
1780250049762 0.9364088048747871 177
1780250049764 0.9592106050500832 178
1780250049766 0.9800937616085241 179
1780250049767 0.9509075108441631 180
1780250049769 0.9654984724304365 181
1780250049771 0.8750838615986242 182
1780250049773 0.9547966069018698 183
1780250049775 0.9649494279789531 184
1780250049777 0.9651063164477801 185
1780250049779 0.9503067941899775 186
1780250049781 0.9545076561815374 187
1780250049783 0.9747144596952044 188
1780250049785 0.9703246942129529 189
1780250049787 0.9644434866386085 190
1780250049789 0.9497604093239523 191
1780250049791 0.9701196172248805 192
1780250049793 0.9346408844483299 193
1780250049795 0.959912020751499 194
1780250049796 0.9283068293851349 195
1780250049798 0.9648306037137873 196
1780250049800 0.9603126331033309 197
1780250049802 0.8618189517522824 198
1780250049804 0.9601005092468506 199
1780250049806 0.95510631644778 200
1780250049808 0.9699754310729919 201
1780250049810 0.9699718103890118 202
1780250049812 0.9799937460913071 203
1780250049814 0.9649785580273385 204
1780250049816 0.9649776175899412 205
1780250049818 0.9851067631555438 206
1780250049820 0.9805177278861489 207
1780250049821 0.9849718103890119 208
1780250049823 0.9699265835516844 209
1780250049825 0.9652429688731449 210
1780250049827 0.9551256959651742 211
1780250049829 0.9899968730456535 212
1780250049831 0.9597091462239087 213
1780250049833 0.9339412455243723 214
1780250049835 0.960080485497687 215
1780250049837 0.9503712077396287 216
1780250049839 0.9145053375541181 217
1780250049841 0.889913002744392 218
1780250049842 0.9452808228083628 219
1780250049845 0.9545637549667761 220
1780250049847 0.9599278429766235 221
1780250049848 0.9701125703564728 222
1780250049850 0.9542911153886763 223
1780250049852 0.9703116926659334 224
1780250049854 0.9650584093638696 225
1780250049856 0.9451094434021263 226
1780250049858 0.8973557327729343 227
1780250049860 0.9645798834681422 228
1780250049862 0.9602055636715455 229
1780250049864 0.9799906191369605 230
1780250049866 0.9751897414464212 231
1780250049868 0.960075446590209 232
1780250049870 0.9848556663704289 233
1780250049872 0.979855666370429 234
1780250049873 0.9701156973108193 235
1780250049875 0.9052416592192323 236
1780250049877 0.9798655409631017 237
1780250049879 0.9750817004989021 238
1780250049881 0.9093877146817636 239
1780250049883 0.9749686834346655 240
1780250049885 0.9701094434021265 241
1780250049887 0.9748337306681337 242
1780250049889 0.9849937460913072 243
1780250049891 0.9849906191369605 244
1780250049893 0.9848587933247753 245
1780250049895 0.9550427275702674 246
1780250049897 0.975189741446421 247
1780250049899 0.9659302963474978 248
1780250049900 0.9657922166266196 249
1780250049902 0.9556204236499488 250
1780250049904 0.9188701110553563 251
1780250049906 0.9299803313217948 252
1780250049908 0.9067272525715862 253
1780250049911 0.9749686834346655 254
1780250049914 0.9899937460913071 255
1780250049916 0.9751156973108193 256
1780250049918 0.9598462855073894 257
1780250049920 0.9650933149007604 258
1780250049922 0.9751067631555437 259
1780250049924 0.9494364902759683 260
1780250049926 0.9748525394160825 261
1780250049928 0.9598185426041652 262
1780250049930 0.954840972036094 263
1780250049932 0.9347217010631645 264
1780250049934 0.9656244910416925 265
1780250049936 0.98510989010989 266
1780250049937 0.9751156973108193 267
1780250049939 0.918213040314669 268
1780250049941 0.9608360297649801 269
1780250049943 0.9599216850757287 270
1780250049945 0.9548894597854206 271
1780250049947 0.918120303696624 272
1780250049949 0.9487714891097809 273
1780250049951 0.9699057668428062 274
1780250049953 0.949909802522126 275
1780250049955 0.9398516058502027 276
1780250049957 0.9700785735445555 277
1780250049959 0.9599691771642991 278
1780250049961 0.9799937460913071 279
1780250049962 0.9801067631555437 280
1780250049964 0.969993746091307 281
1780250049967 0.9352991848485475 282
1780250049969 0.8967002829671402 283
1780250049971 0.9796878357853966 284
1780250049973 0.949795219756709 285
1780250049974 0.9646967699406723 286
1780250049976 0.8417546418470913 287
1780250049978 0.9651964890847478 288
1780250049980 0.9601704859907088 289
1780250049982 0.9454926992902035 290
1780250049984 0.9698556663704287 291
1780250049986 0.9497708140762743 292
1780250049988 0.9745748187211604 293
1780250049990 0.9645555632654478 294
1780250049992 0.9648373513521136 295
1780250049994 0.9849937460913072 296
1780250049996 0.9453082283570089 297
1780250049998 0.9700848274532484 298
1780250050000 0.9467344917120952 299
1780250050002 0.9698066600505626 300
1780250050003 0.9698561601000627 301
1780250050005 0.9651438620809012 302
1780250050007 0.959953495370697 303
1780250050009 0.9750547886798895 304
1780250050011 0.9697274612422238 305
1780250050013 0.9548499061913696 306
1780250050015 0.9111115624346873 307
1780250050017 0.9751098901098901 308
1780250050019 0.9598271684573444 309
1780250050021 0.9648655409631021 310
1780250050023 0.878280486137629 311
1780250050025 0.8771556706023972 312
1780250050027 0.9688563657934051 313
