1780239532756 0.0 0
1780239532758 0.18 1
1780239532759 0.45 2
1780239532761 0.4 3
1780239532763 0.5800000000000001 4
1780239532764 0.67 5
1780239532766 0.725 6
1780239532767 0.765 7
1780239532769 0.7899999999999999 8
1780239532770 0.8550000000000001 9
1780239532772 0.8300000000000001 10
1780239532773 0.8 11
1780239532775 0.9199999999999999 12
1780239532777 0.835 13
1780239532778 0.675 14
1780239532780 0.9400000000000001 15
1780239532781 0.95 16
1780239532783 0.885 17
1780239532784 0.865 18
1780239532786 0.925 19
1780239532787 0.9149999999999998 20
1780239532789 0.9550000000000001 21
1780239532791 0.9200000000000002 22
1780239532792 0.9550000000000001 23
1780239532794 0.945 24
1780239532795 0.925 25
1780239532797 0.97 26
1780239532798 0.9400000000000001 27
1780239532800 0.9349999999999999 28
1780239532802 0.945 29
1780239532803 0.9450000000000001 30
1780239532805 0.9099999999999999 31
1780239532806 0.9450000000000001 32
1780239532808 0.915 33
1780239532809 0.9649999999999999 34
1780239532811 0.925 35
1780239532812 0.925 36
1780239532814 0.945 37
1780239532815 0.925 38
1780239532817 0.9650000000000001 39
1780239532819 0.9299999999999999 40
1780239532820 0.97 41
1780239532822 0.9349999999999999 42
1780239532823 0.675 43
1780239532825 0.8699999999999999 44
1780239532826 0.9400000000000001 45
1780239532828 0.93 46
1780239532829 0.845 47
1780239532831 0.9649999999999999 48
1780239532832 0.9599999999999997 49
1780239532834 0.925 50
1780239532836 0.9349999999999999 51
1780239532837 0.9399999999999998 52
1780239532839 0.9400000000000001 53
1780239532840 0.9650000000000001 54
1780239532842 0.6799999999999999 55
1780239532843 0.9649999999999999 56
1780239532845 0.9800000000000001 57
1780239532846 0.9549999999999998 58
1780239532848 0.9349999999999999 59
1780239532849 0.975 60
1780239532851 0.96 61
1780239532853 0.9650000000000001 62
1780239532854 0.975 63
1780239532856 0.9549999999999998 64
1780239532857 0.9599999999999997 65
1780239532859 0.96 66
1780239532860 0.9549999999999998 67
1780239532862 0.885 68
1780239532863 0.9399999999999998 69
1780239532865 0.805 70
1780239532866 0.9299999999999999 71
1780239532868 0.9450000000000001 72
1780239532869 0.905 73
1780239532871 0.8850000000000001 74
1780239532873 0.85 75
1780239532874 0.9650000000000001 76
1780239532876 0.975 77
1780239532877 0.97 78
1780239532879 0.9499999999999998 79
1780239532880 0.97 80
1780239532882 0.8699999999999999 81
1780239532883 0.9399999999999998 82
1780239532885 0.89 83
1780239532887 0.9549999999999998 84
1780239532888 0.9550000000000001 85
1780239532890 0.945 86
1780239532891 0.9649999999999999 87
1780239532893 0.9549999999999998 88
1780239532894 0.97 89
1780239532896 0.9599999999999997 90
1780239532897 0.62 91
1780239532899 0.9399999999999998 92
1780239532901 0.96 93
1780239532902 0.9650000000000001 94
1780239532904 0.97 95
1780239532905 0.9599999999999997 96
1780239532907 0.9349999999999999 97
1780239532908 0.93 98
1780239532910 0.97 99
1780239532912 0.97 100
1780239532913 0.9650000000000001 101
1780239532915 0.925 102
1780239532916 0.9550000000000001 103
1780239532918 0.9649999999999999 104
1780239532919 0.905 105
1780239532921 0.975 106
1780239532922 0.885 107
1780239532924 0.9350000000000002 108
1780239532925 0.9149999999999998 109
1780239532927 0.925 110
1780239532929 0.925 111
1780239532930 0.9499999999999998 112
1780239532932 0.97 113
1780239532933 0.9349999999999999 114
1780239532935 0.9800000000000001 115
1780239532936 0.9650000000000001 116
1780239532938 0.845 117
1780239532939 0.9800000000000001 118
1780239532941 0.96 119
1780239532942 0.765 120
1780239532944 0.9400000000000001 121
1780239532946 0.9349999999999999 122
1780239532947 0.9400000000000001 123
1780239532949 0.9550000000000001 124
1780239532950 0.9549999999999998 125
1780239532952 0.97 126
1780239532953 0.96 127
1780239532955 0.9099999999999999 128
1780239532956 0.945 129
1780239532958 0.85 130
1780239532960 0.925 131
1780239532961 0.76 132
1780239532963 0.9499999999999998 133
1780239532964 0.9 134
1780239532966 0.945 135
1780239532967 0.9650000000000001 136
1780239532969 0.97 137
1780239532971 0.95 138
1780239532972 0.96 139
1780239532974 0.985 140
1780239532975 0.97 141
1780239532977 0.9650000000000001 142
1780239532978 0.96 143
1780239532980 0.985 144
1780239532981 0.93 145
1780239532983 0.985 146
1780239532985 0.9800000000000001 147
1780239532986 0.96 148
1780239532988 0.96 149
1780239532989 0.9550000000000001 150
1780239532991 0.9799999999999999 151
1780239532992 0.985 152
1780239532994 0.96 153
1780239532995 0.9349999999999999 154
1780239532997 0.8699999999999999 155
1780239532998 0.66 156
1780239533000 0.9200000000000002 157
1780239533002 0.7350000000000001 158
1780239533003 0.795 159
1780239533005 0.8799999999999999 160
1780239533006 0.9200000000000002 161
1780239533008 0.835 162
1780239533009 0.9299999999999999 163
1780239533011 0.85 164
1780239533012 0.96 165
1780239533014 0.905 166
1780239533016 0.9099999999999999 167
1780239533017 0.915 168
1780239533019 0.9399999999999998 169
1780239533020 0.97 170
1780239533022 0.8699999999999999 171
1780239533023 0.775 172
1780239533025 0.9349999999999999 173
1780239533026 0.9349999999999999 174
1780239533028 0.9649999999999999 175
1780239533030 0.9049999999999999 176
1780239533031 0.86 177
1780239533033 0.635 178
1780239533034 0.9549999999999998 179
1780239533036 0.9400000000000001 180
1780239533037 0.9600000000000002 181
1780239533039 0.9349999999999999 182
1780239533040 0.9049999999999999 183
1780239533042 0.9349999999999999 184
1780239533043 0.945 185
1780239533045 0.9 186
1780239533046 0.9349999999999999 187
1780239533048 0.9349999999999999 188
1780239533050 0.805 189
1780239533051 0.825 190
1780239533053 0.8300000000000001 191
1780239533054 0.9549999999999998 192
1780239533056 0.9299999999999999 193
1780239533057 0.925 194
1780239533059 0.775 195
1780239533060 0.945 196
1780239533062 0.9349999999999999 197
1780239533063 0.72 198
1780239533065 0.93 199
1780239533067 0.8700000000000001 200
1780239533068 0.945 201
1780239533070 0.9299999999999999 202
1780239533071 0.96 203
1780239533073 0.8550000000000001 204
1780239533074 0.93 205
1780239533076 0.9400000000000001 206
1780239533077 0.975 207
1780239533079 0.9649999999999999 208
1780239533080 0.93 209
1780239533082 0.615 210
1780239533083 0.8450000000000001 211
1780239533085 0.7799999999999999 212
1780239533087 0.9399999999999998 213
1780239533088 0.8099999999999999 214
1780239533090 0.9399999999999998 215
1780239533091 0.945 216
1780239533093 0.95 217
1780239533094 0.95 218
1780239533096 0.9149999999999998 219
1780239533097 0.97 220
1780239533099 0.95 221
1780239533101 0.8950000000000001 222
1780239533102 0.885 223
1780239533104 0.9099999999999999 224
1780239533105 0.9350000000000002 225
1780239533107 0.9 226
1780239533108 0.9349999999999999 227
1780239533110 0.9650000000000001 228
1780239533111 0.95 229
1780239533113 0.95 230
1780239533114 0.9349999999999999 231
1780239533116 0.9 232
1780239533117 0.925 233
1780239533119 0.9349999999999999 234
1780239533121 0.9049999999999999 235
1780239533122 0.8550000000000001 236
1780239533124 0.9400000000000001 237
1780239533125 0.945 238
1780239533127 0.93 239
1780239533128 0.945 240
1780239533130 0.96 241
1780239533131 0.8950000000000001 242
1780239533133 0.925 243
1780239533135 0.865 244
1780239533136 0.9049999999999999 245
1780239533138 0.925 246
1780239533139 0.97 247
1780239533141 0.825 248
1780239533142 0.89 249
1780239533144 0.865 250
1780239533145 0.975 251
1780239533147 0.9200000000000002 252
1780239533148 0.9199999999999999 253
1780239533150 0.9400000000000001 254
1780239533152 0.9400000000000001 255
1780239533153 0.735 256
1780239533155 0.9099999999999999 257
1780239533156 0.915 258
1780239533158 0.9649999999999999 259
1780239533159 0.9149999999999998 260
1780239533161 0.875 261
1780239533162 0.9099999999999999 262
1780239533164 0.9200000000000002 263
1780239533166 0.9099999999999999 264
1780239533167 0.8949999999999999 265
1780239533169 0.9499999999999998 266
1780239533170 0.9550000000000001 267
1780239533172 0.9250000000000002 268
1780239533173 0.6199999999999999 269
1780239533175 0.9399999999999998 270
1780239533176 0.925 271
1780239533178 0.9450000000000001 272
1780239533179 0.95 273
1780239533181 0.865 274
1780239533182 0.9649999999999999 275
1780239533184 0.875 276
1780239533186 0.915 277
1780239533187 0.9199999999999999 278
1780239533189 0.9649999999999999 279
1780239533190 0.9650000000000001 280
1780239533192 0.95 281
1780239533193 0.875 282
1780239533195 0.9549999999999998 283
1780239533196 0.9550000000000001 284
1780239533198 0.9499999999999998 285
1780239533199 0.9649999999999999 286
1780239533201 0.96 287
1780239533203 0.89 288
1780239533204 0.905 289
1780239533206 0.9149999999999998 290
1780239533207 0.9800000000000001 291
1780239533209 0.9249999999999998 292
1780239533211 0.945 293
1780239533212 0.95 294
1780239533214 0.9200000000000002 295
1780239533215 0.95 296
1780239533217 0.95 297
1780239533219 0.8950000000000001 298
1780239533220 0.9349999999999999 299
1780239533222 0.96 300
1780239533223 0.97 301
1780239533225 0.9299999999999999 302
1780239533226 0.885 303
1780239533228 0.9199999999999999 304
1780239533230 0.845 305
1780239533231 0.9099999999999999 306
1780239533233 0.9349999999999999 307
1780239533234 0.9400000000000001 308
1780239533236 0.8899999999999999 309
1780239533237 0.915 310
1780239533239 0.825 311
1780239533241 0.8800000000000001 312
1780239533242 0.9400000000000001 313
