1780117862586 0.0 0
1780117862588 0.1 1
1780117862590 0.20999999999999996 2
1780117862592 0.29500000000000004 3
1780117862594 0.375 4
1780117862596 0.4700000000000001 5
1780117862598 0.335 6
1780117862600 0.565 7
1780117862601 0.53 8
1780117862603 0.595 9
1780117862605 0.555 10
1780117862607 0.6249999999999999 11
1780117862609 0.6799999999999999 12
1780117862611 0.755 13
1780117862613 0.72 14
1780117862615 0.73 15
1780117862616 0.7500000000000001 16
1780117862618 0.795 17
1780117862620 0.7449999999999999 18
1780117862622 0.755 19
1780117862624 0.8299999999999998 20
1780117862626 0.8850000000000001 21
1780117862628 0.79 22
1780117862630 0.835 23
1780117862636 0.7849999999999999 24
1780117862638 0.695 25
1780117862640 0.8800000000000001 26
1780117862642 0.825 27
1780117862644 0.74 28
1780117862646 0.835 29
1780117862648 0.8800000000000001 30
1780117862650 0.8550000000000001 31
1780117862652 0.875 32
1780117862653 0.8949999999999999 33
1780117862655 0.8800000000000001 34
1780117862657 0.8150000000000001 35
1780117862659 0.835 36
1780117862661 0.885 37
1780117862663 0.86 38
1780117862665 0.85 39
1780117862667 0.9 40
1780117862668 0.9199999999999999 41
1780117862670 0.805 42
1780117862672 0.8549999999999999 43
1780117862674 0.9299999999999999 44
1780117862676 0.8150000000000001 45
1780117862678 0.82 46
1780117862680 0.865 47
1780117862682 0.7250000000000001 48
1780117862683 0.85 49
1780117862686 0.825 50
1780117862687 0.79 51
1780117862689 0.8200000000000001 52
1780117862691 0.8700000000000001 53
1780117862693 0.795 54
1780117862695 0.885 55
1780117862697 0.8899999999999999 56
1780117862699 0.8550000000000001 57
1780117862700 0.865 58
1780117862702 0.925 59
1780117862704 0.9349999999999999 60
1780117862706 0.885 61
1780117862708 0.8800000000000001 62
1780117862710 0.82 63
1780117862711 0.8799999999999999 64
1780117862713 0.755 65
1780117862715 0.875 66
1780117862717 0.78 67
1780117862719 0.5200000000000001 68
1780117862721 0.825 69
1780117862723 0.865 70
1780117862725 0.8799999999999999 71
1780117862726 0.85 72
1780117862728 0.8550000000000001 73
1780117862730 0.8400000000000001 74
1780117862732 0.835 75
1780117862734 0.9049999999999999 76
1780117862736 0.93 77
1780117862738 0.89 78
1780117862740 0.8400000000000001 79
1780117862742 0.85 80
1780117862743 0.8550000000000001 81
1780117862745 0.8800000000000001 82
1780117862747 0.85 83
1780117862749 0.9049999999999999 84
1780117862751 0.8800000000000001 85
1780117862753 0.8300000000000001 86
1780117862755 0.9350000000000002 87
1780117862757 0.85 88
1780117862758 0.825 89
1780117862760 0.915 90
1780117862762 0.9 91
1780117862764 0.85 92
1780117862766 0.9099999999999999 93
1780117862768 0.885 94
1780117862770 0.915 95
1780117862771 0.9049999999999999 96
1780117862773 0.8400000000000001 97
1780117862775 0.835 98
1780117862777 0.865 99
1780117862779 0.915 100
1780117862781 0.9 101
1780117862783 0.8749999999999998 102
1780117862785 0.85 103
1780117862786 0.9100000000000001 104
1780117862788 0.865 105
1780117862790 0.9200000000000002 106
1780117862792 0.885 107
1780117862794 0.8899999999999999 108
1780117862796 0.8699999999999999 109
1780117862798 0.8800000000000001 110
1780117862799 0.8550000000000001 111
1780117862801 0.8949999999999999 112
1780117862803 0.875 113
1780117862805 0.8800000000000001 114
1780117862807 0.8950000000000001 115
1780117862809 0.875 116
1780117862811 0.9400000000000001 117
1780117862812 0.9399999999999998 118
1780117862814 0.8899999999999999 119
1780117862816 0.9 120
1780117862818 0.905 121
1780117862821 0.9049999999999999 122
1780117862823 0.9299999999999999 123
1780117862825 0.9099999999999999 124
1780117862826 0.8950000000000001 125
1780117862828 0.8949999999999999 126
1780117862830 0.9049999999999999 127
1780117862832 0.835 128
1780117862834 0.8800000000000001 129
1780117862836 0.9 130
1780117862838 0.8700000000000001 131
1780117862840 0.9349999999999999 132
1780117862841 0.85 133
1780117862843 0.8149999999999998 134
1780117862845 0.9099999999999999 135
1780117862847 0.885 136
1780117862849 0.9200000000000002 137
1780117862851 0.9099999999999999 138
1780117862853 0.8700000000000001 139
1780117862855 0.885 140
1780117862857 0.905 141
1780117862858 0.93 142
1780117862860 0.8800000000000001 143
1780117862862 0.9149999999999998 144
1780117862864 0.8949999999999999 145
1780117862866 0.9199999999999999 146
1780117862868 0.8350000000000002 147
1780117862870 0.915 148
1780117862871 0.9099999999999999 149
1780117862873 0.9000000000000001 150
1780117862875 0.8699999999999999 151
1780117862877 0.9099999999999999 152
1780117862879 0.8950000000000001 153
1780117862881 0.8350000000000002 154
1780117862883 0.8799999999999999 155
1780117862885 0.96 156
1780117862886 0.8450000000000001 157
1780117862888 0.9350000000000002 158
1780117862890 0.9549999999999998 159
1780117862892 0.945 160
1780117862894 0.9199999999999999 161
1780117862896 0.9549999999999998 162
1780117862898 0.9099999999999999 163
1780117862899 0.9200000000000002 164
1780117862901 0.925 165
1780117862903 0.8799999999999999 166
1780117862905 0.9299999999999999 167
1780117862907 0.9299999999999999 168
1780117862909 0.945 169
1780117862911 0.975 170
1780117862913 0.8799999999999999 171
1780117862915 0.905 172
1780117862917 0.9649999999999999 173
1780117862919 0.9550000000000001 174
1780117862920 0.95 175
1780117862922 0.925 176
1780117862924 0.9549999999999998 177
1780117862926 0.95 178
1780117862928 0.985 179
1780117862930 0.96 180
1780117862932 0.96 181
1780117862933 0.95 182
1780117862935 0.95 183
1780117862937 0.925 184
1780117862939 0.9649999999999999 185
1780117862941 0.9249999999999998 186
1780117862943 0.95 187
1780117862945 0.9400000000000001 188
1780117862947 0.9499999999999998 189
1780117862949 0.9400000000000001 190
1780117862951 0.97 191
1780117862953 0.9049999999999999 192
1780117862955 0.945 193
1780117862957 0.9400000000000001 194
1780117862958 0.9400000000000001 195
1780117862960 0.885 196
1780117863194 0.9400000000000001 197
1780117863197 0.9200000000000002 198
1780117863199 0.9549999999999998 199
1780117863200 0.93 200
1780117863202 0.95 201
1780117863204 0.97 202
1780117863207 0.9549999999999998 203
1780117863209 0.9650000000000001 204
1780117863210 0.9649999999999999 205
1780117863212 0.9649999999999999 206
1780117863214 0.9799999999999999 207
1780117863216 0.97 208
1780117863218 0.945 209
1780117863220 0.9450000000000001 210
1780117863222 0.975 211
1780117863224 0.9949999999999999 212
1780117863226 0.95 213
1780117863227 0.95 214
1780117863229 0.95 215
1780117863231 0.96 216
1780117863233 0.95 217
1780117863235 0.97 218
1780117863237 0.9349999999999999 219
1780117863239 0.96 220
1780117863240 0.985 221
1780117863242 0.95 222
1780117863244 0.9400000000000001 223
1780117863246 0.8949999999999999 224
1780117863248 0.9349999999999999 225
1780117863250 0.945 226
1780117863252 0.9499999999999998 227
1780117863254 0.9399999999999998 228
1780117863255 0.95 229
1780117863257 0.97 230
1780117863259 0.9400000000000001 231
1780117863261 0.9200000000000002 232
1780117863263 0.9400000000000001 233
1780117863265 0.95 234
1780117863267 0.9299999999999999 235
1780117863269 0.9349999999999999 236
1780117863270 0.96 237
1780117863272 0.96 238
1780117863274 0.9599999999999997 239
1780117863276 0.975 240
1780117863278 0.9799999999999999 241
1780117863280 0.9649999999999999 242
1780117863282 0.975 243
1780117863284 0.9049999999999999 244
1780117863286 0.975 245
1780117863287 0.925 246
1780117863289 0.97 247
1780117863291 0.96 248
1780117863293 0.9400000000000001 249
1780117863295 0.95 250
1780117863297 0.975 251
1780117863299 0.9650000000000001 252
1780117863301 0.975 253
1780117863302 0.95 254
1780117863304 0.9649999999999999 255
1780117863306 0.96 256
1780117863308 0.93 257
1780117863310 0.97 258
1780117863312 0.975 259
1780117863314 0.9349999999999999 260
1780117863316 0.9450000000000001 261
1780117863317 0.915 262
1780117863319 0.9400000000000001 263
1780117863321 0.905 264
1780117863323 0.96 265
1780117863325 0.7950000000000002 266
1780117863327 0.97 267
1780117863329 0.905 268
1780117863330 0.9649999999999999 269
1780117863332 0.9 270
1780117863334 0.9400000000000001 271
1780117863336 0.9399999999999998 272
1780117863338 0.9550000000000001 273
1780117863340 0.9799999999999999 274
1780117863342 0.975 275
1780117863344 0.9599999999999997 276
1780117863345 0.95 277
1780117863347 0.9499999999999998 278
1780117863349 0.95 279
1780117863351 0.96 280
1780117863353 0.945 281
1780117863355 0.945 282
1780117863357 0.985 283
1780117863359 0.97 284
1780117863360 0.9549999999999998 285
1780117863362 0.97 286
1780117863365 0.96 287
1780117863366 0.9649999999999999 288
1780117863368 0.9550000000000001 289
1780117863370 0.9649999999999999 290
1780117863372 0.985 291
1780117863374 0.9399999999999998 292
1780117863376 0.8949999999999999 293
1780117863378 0.96 294
1780117863379 0.96 295
1780117863381 0.985 296
1780117863383 0.95 297
1780117863385 0.9499999999999998 298
1780117863387 0.9649999999999999 299
1780117863389 0.96 300
1780117863391 0.96 301
1780117863392 0.9550000000000001 302
1780117863394 0.9 303
1780117863396 0.95 304
1780117863398 0.9349999999999999 305
1780117863400 0.9199999999999999 306
1780117863402 0.9399999999999998 307
1780117863404 0.9349999999999999 308
1780117863406 0.9099999999999999 309
1780117863407 0.945 310
1780117863409 0.9649999999999999 311
1780117863411 0.97 312
1780117863413 0.9550000000000001 313
