1780364980795 0.0 0
1780364980797 0.8983333333333283 1
1780364980798 0.9205555555555506 2
1780364980800 0.9283333333333281 3
1780364980802 0.9383333333333281 4
1780364980803 0.9466666666666613 5
1780364980805 0.9527777777777725 6
1780364980806 0.9666666666666611 7
1780364980808 0.9683333333333278 8
1780364980810 0.9644444444444391 9
1780364980811 0.9749999999999945 10
1780364980813 0.9783333333333278 11
1780364980814 0.9777777777777723 12
1780364980816 0.9794444444444389 13
1780364980818 0.9738888888888834 14
1780364980819 0.9816666666666614 15
1780364980821 0.984444444444439 16
1780364980823 0.9777777777777722 17
1780364980824 0.9805555555555501 18
1780364980826 0.9777777777777723 19
1780364980827 0.9816666666666611 20
1780364980829 0.984444444444439 21
1780364980831 0.9894444444444389 22
1780364980832 0.9894444444444389 23
1780364980834 0.9944444444444389 24
1780364980836 0.9861111111111056 25
1780364980837 0.984444444444439 26
1780364980839 0.9849999999999944 27
1780364980840 0.9888888888888833 28
1780364980842 0.9899999999999943 29
1780364980844 0.9883333333333277 30
1780364980845 0.9849999999999944 31
1780364980847 0.9861111111111056 32
1780364980848 0.9855555555555501 33
1780364980850 0.99055555555555 34
1780364980852 0.9861111111111056 35
1780364980853 0.9872222222222167 36
1780364980855 0.9833333333333278 37
1780364980857 0.9888888888888834 38
1780364980858 0.9872222222222167 39
1780364980860 0.984444444444439 40
1780364980861 0.9861111111111056 41
1780364980863 0.9883333333333277 42
1780364980864 0.98555555555555 43
1780364980866 0.9866666666666613 44
1780364980868 0.9894444444444389 45
1780364980869 0.9877777777777721 46
1780364980871 0.9838888888888834 47
1780364980873 0.9872222222222167 48
1780364980874 0.9899999999999943 49
1780364980876 0.9861111111111056 50
1780364980877 0.9849999999999944 51
1780364980879 0.986666666666661 52
1780364980881 0.9866666666666613 53
1780364980882 0.9877777777777721 54
1780364980884 0.9816666666666611 55
1780364980885 0.9888888888888833 56
1780364980887 0.9888888888888833 57
1780364980889 0.9866666666666613 58
1780364980890 0.9855555555555501 59
1780364980892 0.9877777777777721 60
1780364980894 0.986666666666661 61
1780364980895 0.9872222222222167 62
1780364980897 0.9861111111111056 63
1780364980898 0.9872222222222167 64
1780364980900 0.9872222222222167 65
1780364980902 0.99055555555555 66
1780364980903 0.9922222222222166 67
1780364980905 0.9827777777777722 68
1780364980906 0.9872222222222167 69
1780364980908 0.9866666666666613 70
1780364980910 0.9861111111111056 71
1780364980911 0.9888888888888833 72
1780364980913 0.9894444444444389 73
1780364980914 0.9916666666666611 74
1780364980916 0.9888888888888833 75
1780364980918 0.9877777777777723 76
1780364980919 0.9883333333333277 77
1780364980921 0.9844444444444388 78
1780364980922 0.986666666666661 79
1780364980924 0.9894444444444389 80
1780364980926 0.9888888888888833 81
1780364980927 0.9827777777777722 82
1780364980929 0.9866666666666613 83
1780364980930 0.9838888888888834 84
1780364980932 0.9916666666666611 85
1780364980934 0.984444444444439 86
1780364980935 0.9888888888888834 87
1780364980937 0.9844444444444388 88
1780364980939 0.9894444444444389 89
1780364980940 0.9883333333333277 90
1780364980942 0.9922222222222168 91
1780364980944 0.9883333333333277 92
1780364980945 0.9877777777777723 93
1780364980947 0.9811111111111057 94
1780364980949 0.9877777777777721 95
1780364980950 0.9855555555555501 96
1780364980952 0.9894444444444389 97
1780364980953 0.9883333333333277 98
1780364980955 0.9861111111111056 99
1780364980957 0.9883333333333277 100
1780364980958 0.9849999999999944 101
1780364980960 0.9861111111111056 102
1780364980961 0.986666666666661 103
1780364980963 0.9855555555555501 104
1780364980965 0.9883333333333277 105
1780364980966 0.984444444444439 106
1780364980968 0.9861111111111056 107
1780364980970 0.98555555555555 108
1780364980971 0.9888888888888834 109
1780364980973 0.9883333333333277 110
1780364980974 0.9866666666666613 111
1780364980976 0.9866666666666613 112
1780364980978 0.9861111111111056 113
1780364980979 0.99055555555555 114
1780364980981 0.9833333333333278 115
1780364980983 0.9911111111111055 116
1780364980984 0.9911111111111055 117
1780364980986 0.986666666666661 118
1780364980987 0.9877777777777723 119
1780364980989 0.9855555555555501 120
1780364980991 0.9899999999999943 121
1780364980992 0.9899999999999946 122
1780364980994 0.9861111111111056 123
1780364980995 0.9877777777777721 124
1780364980997 0.984444444444439 125
1780364980999 0.9877777777777721 126
1780364981000 0.9866666666666613 127
1780364981002 0.9844444444444388 128
1780364981003 0.9827777777777722 129
1780364981005 0.9866666666666613 130
1780364981007 0.9877777777777723 131
1780364981008 0.9861111111111056 132
1780364981010 0.9827777777777722 133
1780364981011 0.9888888888888834 134
1780364981013 0.99055555555555 135
1780364981015 0.9877777777777721 136
1780364981016 0.9816666666666611 137
1780364981018 0.9833333333333278 138
1780364981019 0.9872222222222167 139
1780364981021 0.9838888888888834 140
1780364981023 0.9888888888888833 141
1780364981024 0.986666666666661 142
1780364981026 0.9916666666666611 143
1780364981027 0.9877777777777721 144
1780364981029 0.9894444444444389 145
1780364981031 0.9822222222222166 146
1780364981032 0.9855555555555501 147
1780364981034 0.9888888888888833 148
1780364981035 0.9894444444444389 149
1780364981037 0.9888888888888834 150
1780364981039 0.9811111111111057 151
1780364981040 0.9849999999999944 152
1780364981042 0.9894444444444389 153
1780364981043 0.9883333333333277 154
1780364981045 0.9833333333333278 155
1780364981047 0.9833333333333278 156
1780364981048 0.9538888888888837 157
1780364981050 0.9577777777777724 158
1780364981051 0.9666666666666612 159
1780364981053 0.9649999999999948 160
1780364981055 0.9661111111111058 161
1780364981056 0.9644444444444391 162
1780364981058 0.9683333333333278 163
1780364981059 0.9688888888888835 164
1780364981061 0.9688888888888835 165
1780364981063 0.9761111111111056 166
1780364981064 0.9649999999999948 167
1780364981066 0.9788888888888833 168
1780364981067 0.969444444444439 169
1780364981069 0.9761111111111058 170
1780364981071 0.9733333333333277 171
1780364981072 0.9672222222222168 172
1780364981074 0.9727777777777723 173
1780364981075 0.9749999999999945 174
1780364981077 0.9699999999999944 175
1780364981079 0.9666666666666612 176
1780364981080 0.9733333333333279 177
1780364981082 0.9738888888888834 178
1780364981083 0.9716666666666613 179
1780364981085 0.9738888888888834 180
1780364981087 0.9711111111111057 181
1780364981088 0.9716666666666611 182
1780364981090 0.9766666666666612 183
1780364981092 0.9683333333333278 184
1780364981093 0.9755555555555502 185
1780364981095 0.9716666666666611 186
1780364981096 0.9672222222222169 187
1780364981098 0.9649999999999948 188
1780364981100 0.9749999999999946 189
1780364981101 0.974444444444439 190
1780364981103 0.9683333333333278 191
1780364981104 0.9738888888888834 192
1780364981106 0.9727777777777723 193
1780364981108 0.9677777777777724 194
1780364981109 0.9677777777777724 195
1780364981111 0.9716666666666611 196
1780364981113 0.9661111111111056 197
1780364981114 0.9716666666666611 198
1780364981116 0.9644444444444391 199
1780364981117 0.9666666666666612 200
1780364981119 0.9644444444444391 201
1780364981121 0.9699999999999946 202
1780364981122 0.9699999999999946 203
1780364981124 0.9783333333333278 204
1780364981125 0.9627777777777723 205
1780364981127 0.9705555555555503 206
1780364981129 0.9733333333333279 207
1780364981130 0.9766666666666612 208
1780364981132 0.9727777777777723 209
1780364981133 0.9705555555555503 210
1780364981135 0.9733333333333279 211
1780364981137 0.9638888888888836 212
1780364981138 0.9655555555555502 213
1780364981140 0.9677777777777724 214
1780364981141 0.9733333333333279 215
1780364981143 0.9705555555555501 216
1780364981145 0.9672222222222168 217
1780364981146 0.9705555555555503 218
1780364981148 0.9805555555555501 219
1780364981149 0.9722222222222168 220
1780364981151 0.9733333333333277 221
1780364981153 0.9611111111111057 222
1780364981154 0.9722222222222168 223
1780364981156 0.9611111111111057 224
1780364981157 0.968333333333328 225
1780364981159 0.9683333333333278 226
1780364981161 0.9705555555555501 227
1780364981162 0.958333333333328 228
1780364981164 0.974444444444439 229
1780364981166 0.9716666666666611 230
1780364981167 0.9727777777777723 231
1780364981169 0.9666666666666612 232
1780364981171 0.9749999999999945 233
1780364981175 0.9694444444444391 234
1780364981177 0.9672222222222169 235
1780364981178 0.97555555555555 236
1780364981180 0.9688888888888834 237
1780364981182 0.9699999999999944 238
1780364981184 0.9688888888888835 239
1780364981185 0.9799999999999945 240
1780364981187 0.9727777777777723 241
1780364981189 0.9733333333333279 242
1780364981190 0.9694444444444391 243
1780364981192 0.9733333333333279 244
1780364981193 0.9766666666666612 245
1780364981195 0.9716666666666611 246
1780364981197 0.9705555555555501 247
1780364981198 0.9666666666666612 248
1780364981200 0.9688888888888835 249
1780364981201 0.9705555555555501 250
1780364981203 0.9683333333333278 251
1780364981205 0.9616666666666613 252
1780364981206 0.9722222222222168 253
1780364981208 0.9672222222222168 254
1780364981209 0.9783333333333278 255
1780364981211 0.9677777777777724 256
1780364981213 0.969444444444439 257
1780364981214 0.9699999999999946 258
1780364981216 0.969444444444439 259
1780364981217 0.969444444444439 260
1780364981219 0.9666666666666612 261
1780364981220 0.9777777777777723 262
1780364981222 0.9677777777777724 263
1780364981224 0.9727777777777724 264
1780364981225 0.9677777777777724 265
1780364981227 0.9733333333333279 266
1780364981228 0.9644444444444389 267
1780364981230 0.9777777777777723 268
1780364981232 0.9766666666666612 269
1780364981233 0.969444444444439 270
1780364981235 0.9727777777777723 271
1780364981236 0.9677777777777724 272
1780364981238 0.969444444444439 273
1780364981239 0.9716666666666611 274
1780364981241 0.9699999999999946 275
1780364981243 0.9638888888888835 276
1780364981244 0.9727777777777723 277
1780364981246 0.9761111111111056 278
1780364981247 0.9683333333333278 279
1780364981249 0.9638888888888835 280
1780364981250 0.9711111111111055 281
1780364981252 0.9666666666666612 282
1780364981254 0.9755555555555502 283
1780364981255 0.9672222222222168 284
1780364981257 0.9672222222222168 285
1780364981258 0.9722222222222167 286
1780364981260 0.9705555555555503 287
1780364981262 0.9666666666666612 288
1780364981263 0.9777777777777723 289
1780364981265 0.9688888888888835 290
1780364981266 0.969444444444439 291
1780364981268 0.9722222222222168 292
1780364981270 0.9677777777777724 293
1780364981271 0.9661111111111056 294
1780364981273 0.9699999999999946 295
1780364981274 0.9672222222222168 296
1780364981276 0.9716666666666611 297
1780364981278 0.974444444444439 298
1780364981279 0.974444444444439 299
1780364981282 0.9705555555555501 300
1780364981283 0.9711111111111055 301
1780364981285 0.968333333333328 302
1780364981286 0.9688888888888835 303
1780364981288 0.9738888888888836 304
1780364981290 0.9711111111111055 305
1780364981291 0.9744444444444389 306
1780364981293 0.9633333333333279 307
1780364981294 0.9644444444444391 308
1780364981296 0.9633333333333279 309
1780364981298 0.9711111111111057 310
1780364981299 0.9627777777777725 311
1780364981301 0.9727777777777724 312
1780364981302 0.9699999999999946 313
