1780141248097 0.0 0
1780141248100 0.060884856630824366 1
1780141248103 0.17358715739722605 2
1780141248105 0.3136169296480638 3
1780141248108 0.36089784972563 4
1780141248111 0.4595105582611304 5
1780141248114 0.5112953865825449 6
1780141248116 0.6087433222782461 7
1780141248119 0.42798781305405625 8
1780141248122 0.5780794628115541 9
1780141248125 0.5842655333733661 10
1780141248127 0.6546611780654334 11
1780141248130 0.7008636568305827 12
1780141248133 0.40913818646583133 13
1780141248135 0.6206930800560465 14
1780141248138 0.6860709578146008 15
1780141248141 0.61053711181619 16
1780141248144 0.6420009625636225 17
1780141248146 0.7259518416245991 18
1780141248149 0.7274268521136861 19
1780141248152 0.5096237500203665 20
1780141248154 0.6727372821186208 21
1780141248157 0.7070211037845272 22
1780141248160 0.600653837795404 23
1780141248163 0.6321195261799344 24
1780141248166 0.7464798448196798 25
1780141248168 0.7505048647742807 26
1780141248171 0.7373485068558459 27
1780141248174 0.7611879191487767 28
1780141248177 0.7972108011968693 29
1780141248179 0.6616736251647917 30
1780141248182 0.6373313882991302 31
1780141248185 0.39291495548396993 32
1780141248188 0.8441904715437583 33
1780141248190 0.6696738765069074 34
1780141248193 0.7715058383461098 35
1780141248196 0.7389338614727885 36
1780141248198 0.7048750695387169 37
1780141248202 0.7485316691247872 38
1780141248204 0.8117341930222279 39
1780141248207 0.828693470798734 40
1780141248210 0.7104316423281769 41
1780141248212 0.7146692876015749 42
1780141248215 0.545039175713258 43
1780141248218 0.9194949772805998 44
1780141248221 0.8339543615666851 45
1780141248223 0.7240729765825267 46
1780141248226 0.8348353665468554 47
1780141248229 0.8147894578745642 48
1780141248232 0.9048532110054562 49
1780141248234 0.8375635294471373 50
1780141248237 0.7364533759808427 51
1780141248240 0.609705792527741 52
1780141248243 0.8478211556417706 53
1780141248246 0.7741928772693779 54
1780141248248 0.8898292402322616 55
1780141248251 0.8105052287673118 56
1780141248254 0.8107771070366032 57
1780141248257 0.8577965721911196 58
1780141248259 0.8598870124145522 59
1780141248262 0.9299341264979979 60
1780141248265 0.8633039178620544 61
1780141248268 0.8615783618748958 62
1780141248271 0.8026080069426206 63
1780141248273 0.8697341296965357 64
1780141248276 0.8868069884757945 65
1780141248279 0.8644401395768618 66
1780141248282 0.7400274004918053 67
1780141248284 0.7986065707573753 68
1780141248287 0.813730325444061 69
1780141248290 0.9029348389534905 70
1780141248293 0.8712201783310884 71
1780141248295 0.8473593652281922 72
1780141248298 0.7610496641301594 73
1780141248301 0.7932322786411738 74
1780141248303 0.6025136524057927 75
1780141248306 0.9101315311250531 76
1780141248309 0.9141336162105185 77
1780141248312 0.8722956548871184 78
1780141248314 0.9025425754782116 79
1780141248317 0.8501681827241352 80
1780141248320 0.794074564619925 81
1780141248323 0.888982846421871 82
1780141248326 0.9299508621459841 83
1780141248329 0.8116731811548885 84
1780141248332 0.8725515345560361 85
1780141248334 0.8466442367988266 86
1780141248337 0.9004262085351437 87
1780141248340 0.8594963752074836 88
1780141248343 0.9199208854921308 89
1780141248345 0.8990328251881989 90
1780141248348 0.8228899225061532 91
1780141248351 0.8263297390621325 92
1780141248354 0.8950156077223209 93
1780141248356 0.8272339715135868 94
1780141248359 0.8254543728641378 95
1780141248362 0.8357415699088617 96
1780141248364 0.7680643192769094 97
1780141248367 0.8412512319092013 98
1780141248370 0.8417272236852134 99
1780141248373 0.8952131324573633 100
1780141248375 0.8580313849920435 101
1780141248378 0.9193188723291419 102
1780141248381 0.8422000938493911 103
1780141248384 0.7984646578625932 104
1780141248386 0.9142385595517218 105
1780141248389 0.8774405150574062 106
1780141248392 0.8686708014564241 107
1780141248395 0.8623862866067433 108
1780141248397 0.8776273015666736 109
1780141248400 0.9147563463394732 110
1780141248403 0.857080234278877 111
1780141248406 0.9039865173586105 112
1780141248408 0.8662439126270961 113
1780141248411 0.8618234561380531 114
1780141248414 0.8503326562547875 115
1780141248416 0.9247626002481661 116
1780141248419 0.9253050009270878 117
1780141248422 0.920631919515103 118
1780141248425 0.8834037912312086 119
1780141248428 0.9095651992021816 120
1780141248430 0.8994226510633894 121
1780141248433 0.885182165710316 122
1780141248436 0.9498533323757972 123
1780141248439 0.8994700227627057 124
1780141248441 0.9164947004989916 125
1780141248444 0.7806059793646535 126
1780141248447 0.7894975225048155 127
1780141248450 0.9051745453336641 128
1780141248452 0.8959247459023496 129
1780141248455 0.9153279430911756 130
1780141248458 0.8044595253039033 131
1780141248460 0.9156684139209814 132
1780141248463 0.7094635241183406 133
1780141248466 0.9498436052608067 134
1780141248469 0.8919449420169414 135
1780141248471 0.9041872721571431 136
1780141248474 0.8219145986793045 137
1780141248477 0.9252311026486326 138
1780141248480 0.9204406342381384 139
1780141248482 0.9464946090221489 140
1780141248485 0.886436477514783 141
1780141248488 0.8520307035167717 142
1780141248491 0.9073482016485869 143
1780141248493 0.8994821555649919 144
1780141248496 0.9297548853312056 145
1780141248499 0.9151324212107268 146
1780141248501 0.9551745533824525 147
1780141248504 0.9351560894615497 148
1780141248507 0.8817511539320956 149
1780141248510 0.9192999792999792 150
1780141248512 0.791829093086306 151
1780141248515 0.8688296401542827 152
1780141248518 0.9008004084095911 153
1780141248520 0.8185233327365153 154
1780141248523 0.9458758375497188 155
1780141248526 0.9348096300535325 156
1780141248529 0.9239167259885533 157
1780141248531 0.9451006501006501 158
1780141248534 0.9169729056030814 159
1780141248537 0.8422116420283391 160
1780141248540 0.9452162065576701 161
1780141248542 0.9453386044849459 162
1780141248545 0.8829543762470593 163
1780141248548 0.9293500884964299 164
1780141248550 0.8778980602265211 165
1780141248553 0.9304505554505553 166
1780141248556 0.9501485502884137 167
1780141248559 0.9649503684163505 168
1780141248561 0.9549066755677795 169
1780141248564 0.9197587529666522 170
1780141248567 0.8885762074879009 171
1780141248569 0.9018002600736876 172
1780141248572 0.9442463474491716 173
1780141248575 0.934586112535929 174
1780141248577 0.9448345576885446 175
1780141248580 0.9201655038312962 176
1780141248583 0.8788118158304975 177
1780141248585 0.9549098025221261 178
1780141248588 0.9464448884635704 179
1780141248591 0.9456032399493915 180
1780141248594 0.9435499865987671 181
1780141248596 0.8865420573815357 182
1780141248599 0.9123401936816572 183
1780141248602 0.9540983478082321 184
1780141248604 0.9548342243977673 185
1780141248607 0.9603046076730287 186
1780141248610 0.9596304157279768 187
1780141248612 0.9596415850587865 188
1780141248615 0.9654578754578752 189
1780141248618 0.9449228040691455 190
1780141248621 0.9407672675227916 191
1780141248625 0.9164135509592672 192
1780141248628 0.9548204545572967 193
1780141248631 0.940988326147445 194
1780141248634 0.9444846796437982 195
1780141248637 0.9554915802967867 196
1780141248639 0.9246272106156574 197
1780141248642 0.9121629986777613 198
1780141248645 0.9354425739769203 199
1780141248648 0.8813702435261547 200
1780141248650 0.960344411685875 201
1780141248653 0.8547280023737397 202
1780141248656 0.9550552824095231 203
1780141248659 0.9655146009318024 204
1780141248661 0.9599216850757287 205
1780141248664 0.975103636201197 206
1780141248667 0.9753148196202799 207
1780141248669 0.9748494124617361 208
1780141248672 0.925478598264221 209
1780141248675 0.9641296643735668 210
1780141248678 0.9702099056271072 211
1780141248680 0.9799686834346655 212
1780141248683 0.945011506109067 213
1780141248686 0.9150396080883887 214
1780141248688 0.9272941857866789 215
1780141248691 0.9449066755677796 216
1780141248694 0.8403543173736556 217
1780141248697 0.9432405901129 218
1780141248699 0.9598596203451862 219
1780141248702 0.9753417314392925 220
1780141248705 0.9699744906355946 221
1780141248708 0.9505475696746558 222
1780141248710 0.9595305006088062 223
1780141248713 0.9555146009318024 224
1780141248716 0.9490158382565692 225
1780141248719 0.9392301736204176 226
1780141248721 0.984993746091307 227
1780141248733 0.9699686834346656 228
1780141248736 0.9602094589193435 229
1780141248739 0.9654328128012338 230
1780141248742 0.9598556663704289 231
1780141248744 0.9500333467072279 232
1780141248747 0.8220199132853032 233
1780141248750 0.9395553145411343 234
1780141248753 0.9251511636258558 235
1780141248755 0.9500701331189136 236
1780141248758 0.9652215200289656 237
1780141248761 0.9849906191369605 238
1780141248764 0.9297504593846059 239
1780141248766 0.9595848595848595 240
1780141248769 0.9123526578117682 241
1780141248772 0.9749754310729921 242
1780141248775 0.974965556480319 243
1780141248777 0.9698373513521139 244
1780141248780 0.9106874884731111 245
1780141248783 0.9142424242424243 246
1780141248785 0.965181716016119 247
1780141248788 0.9899937460913071 248
1780141248791 0.9594668664039055 249
1780141248794 0.901846416106841 250
1780141248797 0.95480022758585 251
1780141248800 0.959912020751499 252
1780141248803 0.9696659000831016 253
1780141248806 0.9358020329530629 254
1780141248808 0.7766993897339898 255
1780141248811 0.9599718103890119 256
1780141248814 0.9454778832635059 257
1780141248817 0.9646992716312356 258
1780141248819 0.969953495370697 259
1780141248822 0.914247798984641 260
1780141248825 0.9401834875377283 261
1780141248828 0.9356827619801333 262
1780141248830 0.8479444459117781 263
1780141248833 0.9101682108976792 264
1780141248836 0.9397831586470868 265
1780141248838 0.9751036362011971 266
1780141248841 0.9500541535201356 267
1780141248844 0.9501776803367991 268
1780141248847 0.9549534953706968 269
1780141248849 0.9406958143209152 270
1780141248852 0.9500244125519522 271
1780141248855 0.8455923408242842 272
1780141248857 0.9496693732893989 273
1780141248860 0.9648655409631018 274
1780141248863 0.9219305460626959 275
1780141248866 0.9701776803367992 276
1780141248868 0.9650973822925042 277
1780141248871 0.9451521709723936 278
1780141248874 0.9698436052608068 279
1780141248877 0.9646878357853966 280
1780141248879 0.9799785580273385 281
1780141248882 0.9698624140087555 282
1780141248885 0.9700250378157355 283
1780141248887 0.9698008528496332 284
1780141248890 0.9497219171637777 285
1780141248893 0.9799906191369606 286
1780141248896 0.9698624140087556 287
1780141248898 0.9648472259447868 288
1780141248901 0.9601785890617727 289
1780141248904 0.9499383073067282 290
1780141248912 0.8618471932977709 291
1780141248915 0.9028433584196789 292
1780141248917 0.9443634176561007 293
1780141248920 0.9399132446500866 294
1780141248923 0.9159626630679263 295
1780141248926 0.9649057668428058 296
1780141248928 0.9274140528312543 297
1780141248931 0.929955566470329 298
1780141248934 0.9748337306681337 299
1780141248937 0.9649785580273385 300
1780141248939 0.9801036362011972 301
1780141248942 0.9598561601000626 302
1780141248945 0.8502429643355234 303
1780141248948 0.9548561601000627 304
1780141248950 0.9391411455467938 305
1780141248953 0.9496873890776332 306
1780141248956 0.9055098743334037 307
1780141248959 0.8711817616034233 308
1780141248961 0.935005252200374 309
1780141248964 0.9325495886329692 310
1780141248967 0.8882605862869702 311
1780141248970 0.9700906346541777 312
1780141248972 0.9699525549332995 313
