1780546086375 0.0 0
1780546086377 0.5 1
1780546086379 0.5 2
1780546086381 0.547945205479452 3
1780546086384 0.7143894594874987 4
1780546086386 0.7666666666666666 5
1780546086388 0.788534138712113 6
1780546086390 0.5163934426229508 7
1780546086392 0.7508210180623973 8
1780546086395 0.5132743362831859 9
1780546086397 0.7782015254917704 10
1780546086399 0.7451616277853332 11
1780546086402 0.7828221479906873 12
1780546086404 0.7846153846153846 13
1780546086406 0.7932756667696427 14
1780546086408 0.77811986863711 15
1780546086411 0.6979166666666666 16
1780546086413 0.7782828282828282 17
1780546086415 0.7733333333333333 18
1780546086417 0.8533333333333333 19
1780546086419 0.5102085380500054 20
1780546086422 0.7981339661309459 21
1780546086424 0.7854166666666667 22
1780546086426 0.7199197860962567 23
1780546086428 0.6482048143614851 24
1780546086431 0.812422488631666 25
1780546086433 0.8414060048122188 26
1780546086435 0.725 27
1780546086437 0.804590017825312 28
1780546086439 0.7642642642642643 29
1780546086442 0.8027135466159856 30
1780546086444 0.6324808184143222 31
1780546086446 0.7929730819639076 32
1780546086448 0.8579545454545454 33
1780546086450 0.8275535939470365 34
1780546086453 0.8642698764649984 35
1780546086455 0.793939393939394 36
1780546086457 0.8877230389406352 37
1780546086459 0.7701726214371738 38
1780546086461 0.7736572890025575 39
1780546086463 0.8083851948902718 40
1780546086466 0.715195246179966 41
1780546086468 0.804180931631912 42
1780546086470 0.8076418993850186 43
1780546086472 0.8351894311606071 44
1780546086474 0.7887437999797551 45
1780546086477 0.8233737939620293 46
1780546086479 0.8232740801984291 47
1780546086481 0.8091360155323051 48
1780546086483 0.7633459436738126 49
1780546086485 0.7346574190836486 50
1780546086487 0.8497518741421181 51
1780546086490 0.8704610363117096 52
1780546086492 0.8261933904528764 53
1780546086494 0.8697916666666667 54
1780546086496 0.8708333333333333 55
1780546086498 0.8739148408433237 56
1780546086501 0.8240924782927084 57
1780546086503 0.8520833333333333 58
1780546086505 0.8386666666666667 59
1780546086507 0.8107416879795397 60
1780546086509 0.8486742615182983 61
1780546086512 0.6135110294117647 62
1780546086514 0.8560076930863447 63
1780546086516 0.808786078098472 64
1780546086518 0.8802190988011576 65
1780546086520 0.85625 66
1780546086523 0.8145833333333333 67
1780546086525 0.7812105926860026 68
1780546086527 0.8402545572214433 69
1780546086529 0.8049120549120549 70
1780546086531 0.8608695652173913 71
1780546086534 0.8354166666666667 72
1780546086536 0.8753138988972595 73
1780546086538 0.8866995073891626 74
1780546086540 0.8594006568144499 75
1780546086542 0.7531969309462916 76
1780546086544 0.6062992125984252 77
1780546086547 0.8717654765804127 78
1780546086549 0.8533891033891035 79
1780546086551 0.839010989010989 80
1780546086553 0.7586805555555556 81
1780546086555 0.8395833333333333 82
1780546086557 0.7025162337662337 83
1780546086559 0.7928974444075672 84
1780546086562 0.8815104166666667 85
1780546086564 0.5348837209302325 86
1780546086566 0.7738735014468788 87
1780546086568 0.8826086956521739 88
1780546086570 0.8669006204862171 89
1780546086573 0.693215041838895 90
1780546086575 0.5766129032258065 91
1780546086577 0.8800966792770071 92
1780546086579 0.8608025024269227 93
1780546086581 0.7366412213740459 94
1780546086584 0.8656621392190154 95
1780546086586 0.8081232492997199 96
1780546086588 0.7862097103223173 97
1780546086590 0.8164794007490637 98
1780546086592 0.8400380107697181 99
1780546086595 0.5 100
1780546086597 0.8354166666666667 101
1780546086599 0.8475270226007205 102
1780546086601 0.8826588404901659 103
1780546086603 0.8804847940747391 104
1780546086606 0.8310100674853413 105
1780546086608 0.7229166666666667 106
1780546086610 0.7832330271354662 107
1780546086612 0.7563369647287239 108
1780546086615 0.8595907928388746 109
1780546086617 0.8232354141166871 110
1780546086619 0.8366960907944514 111
1780546086621 0.8013333333333333 112
1780546086623 0.7818237454100367 113
1780546086625 0.7854166666666667 114
1780546086628 0.7323943661971831 115
1780546086630 0.8609226594301221 116
1780546086632 0.8567138567138567 117
1780546086634 0.8203296703296703 118
1780546086636 0.8226461038961039 119
1780546086639 0.6757040773434215 120
1780546086641 0.6833333333333333 121
1780546086643 0.7533333333333334 122
1780546086645 0.7696572067948326 123
1780546086647 0.8788200339558574 124
1780546086650 0.8735632183908046 125
1780546086652 0.916801948051948 126
1780546086654 0.868645494332847 127
1780546086656 0.6412205680498364 128
1780546086658 0.8345352564102564 129
1780546086669 0.6880131362889984 130
1780546086672 0.8616368286445013 131
1780546086674 0.8399632802937576 132
1780546086676 0.7833333333333333 133
1780546086678 0.8231445731445731 134
1780546086680 0.7222562219502244 135
1780546086683 0.8145203473166649 136
1780546086685 0.7828236021007106 137
1780546086687 0.8467741935483871 138
1780546086689 0.7126491394784078 139
1780546086692 0.8268767563227619 140
1780546086694 0.8474025974025974 141
1780546086696 0.8352625051674245 142
1780546086698 0.7946666666666666 143
1780546086700 0.8782071586949636 144
1780546086702 0.8797953964194374 145
1780546086705 0.8581505509216353 146
1780546086707 0.8875 147
1780546086709 0.8053333333333333 148
1780546086711 0.8323429541595926 149
1780546086713 0.41565040650406504 150
1780546086716 0.5 151
1780546086718 0.5547857939162286 152
1780546086720 0.5690999291282778 153
1780546086722 0.5 154
1780546086724 0.5 155
1780546086726 0.586392946440321 156
1780546086729 0.6274801587301587 157
1780546086731 0.6612903225806452 158
1780546086733 0.5142857142857142 159
1780546086735 0.4968944099378882 160
1780546086737 0.5 161
1780546086740 0.5444444444444444 162
1780546086742 0.5283822138126774 163
1780546086744 0.6093726031599939 164
1780546086746 0.5481764612199395 165
1780546086748 0.5517701081321286 166
1780546086751 0.5 167
1780546086754 0.5 168
1780546086756 0.5 169
1780546086758 0.5 170
1780546086760 0.5 171
1780546086762 0.5137254901960785 172
1780546086765 0.5563592525617842 173
1780546086767 0.53 174
1780546086769 0.5333008447043535 175
1780546086771 0.6025641025641025 176
1780546086773 0.5182724252491695 177
1780546086776 0.5 178
1780546086778 0.6290014333492595 179
1780546086780 0.6686746987951807 180
1780546086782 0.5437632884479092 181
1780546086784 0.585363911450868 182
1780546086786 0.5 183
1780546086789 0.5119047619047619 184
1780546086791 0.5804268195572543 185
1780546086793 0.5108695652173914 186
1780546086795 0.658153090964872 187
1780546086797 0.5969170800850461 188
1780546086799 0.6852981029810298 189
1780546086802 0.638235294117647 190
1780546086804 0.5596166341780376 191
1780546086806 0.5700260776192667 192
1780546086808 0.5900431094423585 193
1780546086810 0.6130604288499025 194
1780546086813 0.5293851717902351 195
1780546086815 0.582980439604759 196
1780546086825 0.5394736842105263 197
1780546086828 0.5515416474919466 198
1780546086830 0.6204266034661532 199
1780546086832 0.525 200
1780546086835 0.515625 201
1780546086837 0.5081585081585082 202
1780546086839 0.5822368421052632 203
1780546086841 0.5116279069767442 204
1780546086844 0.5857142857142857 205
1780546086846 0.5 206
1780546086848 0.5526315789473684 207
1780546086850 0.5 208
1780546086853 0.5682640144665461 209
1780546086855 0.7285690598574034 210
1780546086857 0.6 211
1780546086859 0.5365853658536586 212
1780546086862 0.5 213
1780546086864 0.5727745289148798 214
1780546086866 0.5663466967814794 215
1780546086868 0.5967510750119446 216
1780546086870 0.5656146179401993 217
1780546086872 0.5851063829787234 218
1780546086875 0.5344827586206896 219
1780546086877 0.6585143425634223 220
1780546086879 0.5609969740404523 221
1780546086881 0.5555555555555556 222
1780546086883 0.6267617310562096 223
1780546086886 0.6343201754385965 224
1780546086888 0.6245098039215686 225
1780546086890 0.5217391304347826 226
1780546086892 0.5711382113821138 227
1780546086894 0.5 228
1780546086896 0.596875 229
1780546086899 0.648051948051948 230
1780546086901 0.5576120486300127 231
1780546086903 0.6502599090318388 232
1780546086905 0.7138079311992356 233
1780546086907 0.5189964157706093 234
1780546086909 0.675 235
1780546086912 0.5 236
1780546086914 0.6725520137430807 237
1780546086916 0.5822211995704862 238
1780546086918 0.6025641025641026 239
1780546086921 0.6684307409111827 240
1780546086923 0.5192307692307693 241
1780546086925 0.621875 242
1780546086927 0.571878627093351 243
1780546086929 0.5256410256410257 244
1780546086932 0.4970588235294118 245
1780546086934 0.5365853658536586 246
1780546086936 0.5627030539311241 247
1780546086938 0.6023433088650479 248
1780546086940 0.5824372759856631 249
1780546086943 0.553125 250
1780546086945 0.5933333333333334 251
1780546086947 0.6584415584415584 252
1780546086949 0.6897227245328511 253
1780546086951 0.525 254
1780546086953 0.68125 255
1780546086956 0.6381856540084389 256
1780546086958 0.5263157894736842 257
1780546086960 0.6447933639460821 258
1780546086962 0.6625 259
1780546086965 0.6096491228070176 260
1780546086967 0.6826839826839827 261
1780546086969 0.6375 262
1780546086971 0.5419652810957158 263
1780546086973 0.5277777777777778 264
1780546086975 0.5609756097560976 265
1780546086978 0.6566427895661576 266
1780546086980 0.5227272727272727 267
1780546086982 0.5357142857142857 268
1780546086984 0.6226287262872628 269
1780546086986 0.6551971326164875 270
1780546086989 0.580168776371308 271
1780546086991 0.5344827586206896 272
1780546086993 0.5782106354614132 273
1780546086995 0.6567599067599068 274
1780546087002 0.6812499999999999 275
1780546087004 0.5656249999999999 276
1780546087006 0.6929343800918383 277
1780546087009 0.7021411722010524 278
1780546087011 0.5384615384615384 279
1780546087013 0.572840203274986 280
1780546087015 0.599090318388564 281
1780546087017 0.5217391304347826 282
1780546087020 0.6601880877742947 283
1780546087022 0.617283950617284 284
1780546087024 0.5458781362007168 285
1780546087026 0.5297491039426523 286
1780546087028 0.6608536391145087 287
1780546087030 0.600254817646122 288
1780546087033 0.6321070234113713 289
1780546087035 0.556989247311828 290
1780546087037 0.54785431959345 291
1780546087039 0.5877039627039627 292
1780546087041 0.5394736842105263 293
1780546087043 0.5282738095238095 294
1780546087046 0.5625 295
1780546087048 0.6235632183908046 296
1780546087050 0.534375 297
1780546087052 0.591527109932018 298
