1780546087739 0.0 0
1780546087741 0.5 1
1780546087744 0.5 2
1780546087746 0.547945205479452 3
1780546087748 0.7143894594874987 4
1780546087750 0.7666666666666666 5
1780546087752 0.788534138712113 6
1780546087755 0.5163934426229508 7
1780546087757 0.7508210180623973 8
1780546087759 0.5132743362831859 9
1780546087761 0.7782015254917704 10
1780546087763 0.7451616277853332 11
1780546087765 0.7828221479906873 12
1780546087768 0.7846153846153846 13
1780546087770 0.7932756667696427 14
1780546087772 0.77811986863711 15
1780546087774 0.6979166666666666 16
1780546087776 0.7782828282828282 17
1780546087779 0.7733333333333333 18
1780546087781 0.8533333333333333 19
1780546087783 0.5102085380500054 20
1780546087785 0.7981339661309459 21
1780546087788 0.7854166666666667 22
1780546087790 0.7199197860962567 23
1780546087792 0.6482048143614851 24
1780546087794 0.812422488631666 25
1780546087797 0.8414060048122188 26
1780546087799 0.725 27
1780546087801 0.804590017825312 28
1780546087803 0.7642642642642643 29
1780546087805 0.8027135466159856 30
1780546087808 0.6324808184143222 31
1780546087810 0.7929730819639076 32
1780546087812 0.8579545454545454 33
1780546087814 0.8275535939470365 34
1780546087816 0.8642698764649984 35
1780546087818 0.793939393939394 36
1780546087821 0.8877230389406352 37
1780546087823 0.7701726214371738 38
1780546087825 0.7736572890025575 39
1780546087827 0.8083851948902718 40
1780546087829 0.715195246179966 41
1780546087832 0.804180931631912 42
1780546087834 0.8076418993850186 43
1780546087836 0.8351894311606071 44
1780546087838 0.7887437999797551 45
1780546087841 0.8233737939620293 46
1780546087843 0.8232740801984291 47
1780546087845 0.8091360155323051 48
1780546087847 0.7633459436738126 49
1780546087849 0.7346574190836486 50
1780546087852 0.8497518741421181 51
1780546087854 0.8704610363117096 52
1780546087856 0.8261933904528764 53
1780546087858 0.8697916666666667 54
1780546087860 0.8708333333333333 55
1780546087862 0.8739148408433237 56
1780546087865 0.8240924782927084 57
1780546087867 0.8520833333333333 58
1780546087869 0.8386666666666667 59
1780546087871 0.8107416879795397 60
1780546087874 0.8486742615182983 61
1780546087876 0.6135110294117647 62
1780546087878 0.8560076930863447 63
1780546087880 0.808786078098472 64
1780546087882 0.8802190988011576 65
1780546087885 0.85625 66
1780546087887 0.8145833333333333 67
1780546087889 0.7812105926860026 68
1780546087891 0.8402545572214433 69
1780546087893 0.8049120549120549 70
1780546087896 0.8608695652173913 71
1780546087898 0.8354166666666667 72
1780546087900 0.8753138988972595 73
1780546087902 0.8866995073891626 74
1780546087904 0.8594006568144499 75
1780546087907 0.7531969309462916 76
1780546087909 0.6062992125984252 77
1780546087911 0.8717654765804127 78
1780546087913 0.8533891033891035 79
1780546087916 0.839010989010989 80
1780546087918 0.7586805555555556 81
1780546087920 0.8395833333333333 82
1780546087922 0.7025162337662337 83
1780546087924 0.7928974444075672 84
1780546087926 0.8815104166666667 85
1780546087929 0.5348837209302325 86
1780546087931 0.7738735014468788 87
1780546087933 0.8826086956521739 88
1780546087935 0.8669006204862171 89
1780546087937 0.693215041838895 90
1780546087940 0.5766129032258065 91
1780546087942 0.8800966792770071 92
1780546087944 0.8608025024269227 93
1780546087946 0.7366412213740459 94
1780546087948 0.8656621392190154 95
1780546087951 0.8081232492997199 96
1780546087953 0.7862097103223173 97
1780546087955 0.8164794007490637 98
1780546087957 0.8400380107697181 99
1780546087959 0.5 100
1780546087962 0.8354166666666667 101
1780546087964 0.8475270226007205 102
1780546087966 0.8826588404901659 103
1780546087969 0.8804847940747391 104
1780546087971 0.8310100674853413 105
1780546087973 0.7229166666666667 106
1780546087975 0.7832330271354662 107
1780546087978 0.7563369647287239 108
1780546087980 0.8595907928388746 109
1780546087982 0.8232354141166871 110
1780546087984 0.8366960907944514 111
1780546087986 0.8013333333333333 112
1780546087989 0.7818237454100367 113
1780546087991 0.7854166666666667 114
1780546087993 0.7323943661971831 115
1780546087995 0.8609226594301221 116
1780546087997 0.8567138567138567 117
1780546088000 0.8203296703296703 118
1780546088002 0.8226461038961039 119
1780546088004 0.6757040773434215 120
1780546088006 0.6833333333333333 121
1780546088008 0.7533333333333334 122
1780546088011 0.7696572067948326 123
1780546088013 0.8788200339558574 124
1780546088015 0.8735632183908046 125
1780546088017 0.916801948051948 126
1780546088019 0.868645494332847 127
1780546088021 0.6412205680498364 128
1780546088024 0.8345352564102564 129
1780546088026 0.6880131362889984 130
1780546088028 0.8616368286445013 131
1780546088030 0.8399632802937576 132
1780546088033 0.7833333333333333 133
1780546088035 0.8231445731445731 134
1780546088037 0.7222562219502244 135
1780546088039 0.8145203473166649 136
1780546088041 0.7828236021007106 137
1780546088044 0.8467741935483871 138
1780546088046 0.7126491394784078 139
1780546088048 0.8268767563227619 140
1780546088050 0.8474025974025974 141
1780546088052 0.8352625051674245 142
1780546088055 0.7946666666666666 143
1780546088057 0.8782071586949636 144
1780546088059 0.8797953964194374 145
1780546088061 0.8581505509216353 146
1780546088063 0.8875 147
1780546088066 0.8053333333333333 148
1780546088068 0.8323429541595926 149
1780546088076 0.41565040650406504 150
1780546088079 0.5 151
1780546088081 0.5547857939162286 152
1780546088083 0.5690999291282778 153
1780546088086 0.5 154
1780546088088 0.5 155
1780546088090 0.586392946440321 156
1780546088092 0.6274801587301587 157
1780546088094 0.6612903225806452 158
1780546088096 0.5142857142857142 159
1780546088099 0.4968944099378882 160
1780546088101 0.5 161
1780546088103 0.5444444444444444 162
1780546088105 0.5283822138126774 163
1780546088117 0.6093726031599939 164
1780546088119 0.5481764612199395 165
1780546088121 0.5517701081321286 166
1780546088124 0.5 167
1780546088126 0.5 168
1780546088128 0.5 169
1780546088130 0.5 170
1780546088133 0.5 171
1780546088135 0.5137254901960785 172
1780546088137 0.5563592525617842 173
1780546088139 0.53 174
1780546088142 0.5333008447043535 175
1780546088144 0.6025641025641025 176
1780546088147 0.5182724252491695 177
1780546088150 0.5 178
1780546088152 0.6290014333492595 179
1780546088154 0.6686746987951807 180
1780546088156 0.5437632884479092 181
1780546088159 0.585363911450868 182
1780546088161 0.5 183
1780546088163 0.5119047619047619 184
1780546088165 0.5804268195572543 185
1780546088168 0.5108695652173914 186
1780546088170 0.658153090964872 187
1780546088172 0.5969170800850461 188
1780546088174 0.6852981029810298 189
1780546088177 0.638235294117647 190
1780546088179 0.5596166341780376 191
1780546088181 0.5700260776192667 192
1780546088183 0.5900431094423585 193
1780546088185 0.6130604288499025 194
1780546088188 0.5293851717902351 195
1780546088190 0.582980439604759 196
1780546088192 0.5394736842105263 197
1780546088194 0.5515416474919466 198
1780546088197 0.6204266034661532 199
1780546088199 0.525 200
1780546088201 0.515625 201
1780546088203 0.5081585081585082 202
1780546088206 0.5822368421052632 203
1780546088208 0.5116279069767442 204
1780546088210 0.5857142857142857 205
1780546088212 0.5 206
1780546088214 0.5526315789473684 207
1780546088217 0.5 208
1780546088219 0.5682640144665461 209
1780546088221 0.7285690598574034 210
1780546088223 0.6 211
1780546088226 0.5365853658536586 212
1780546088228 0.5 213
1780546088230 0.5727745289148798 214
1780546088232 0.5663466967814794 215
1780546088234 0.5967510750119446 216
1780546088237 0.5656146179401993 217
1780546088239 0.5851063829787234 218
1780546088241 0.5344827586206896 219
1780546088243 0.6585143425634223 220
1780546088246 0.5609969740404523 221
1780546088248 0.5555555555555556 222
1780546088250 0.6267617310562096 223
1780546088252 0.6343201754385965 224
1780546088254 0.6245098039215686 225
1780546088257 0.5217391304347826 226
1780546088259 0.5711382113821138 227
1780546088261 0.5 228
1780546088263 0.596875 229
1780546088265 0.648051948051948 230
1780546088268 0.5576120486300127 231
1780546088270 0.6502599090318388 232
1780546088272 0.7138079311992356 233
1780546088275 0.5189964157706093 234
1780546088277 0.675 235
1780546088279 0.5 236
1780546088281 0.6725520137430807 237
1780546088283 0.5822211995704862 238
1780546088286 0.6025641025641026 239
1780546088293 0.6684307409111827 240
1780546088295 0.5192307692307693 241
1780546088297 0.621875 242
1780546088300 0.571878627093351 243
1780546088302 0.5256410256410257 244
1780546088304 0.4970588235294118 245
1780546088306 0.5365853658536586 246
1780546088308 0.5627030539311241 247
1780546088311 0.6023433088650479 248
1780546088313 0.5824372759856631 249
1780546088315 0.553125 250
1780546088317 0.5933333333333334 251
1780546088320 0.6584415584415584 252
1780546088322 0.6897227245328511 253
1780546088324 0.525 254
1780546088326 0.68125 255
1780546088328 0.6381856540084389 256
1780546088331 0.5263157894736842 257
1780546088333 0.6447933639460821 258
1780546088335 0.6625 259
1780546088337 0.6096491228070176 260
1780546088339 0.6826839826839827 261
1780546088342 0.6375 262
1780546088344 0.5419652810957158 263
1780546088346 0.5277777777777778 264
1780546088348 0.5609756097560976 265
1780546088350 0.6566427895661576 266
1780546088353 0.5227272727272727 267
1780546088355 0.5357142857142857 268
1780546088357 0.6226287262872628 269
1780546088359 0.6551971326164875 270
1780546088361 0.580168776371308 271
1780546088363 0.5344827586206896 272
1780546088366 0.5782106354614132 273
1780546088368 0.6567599067599068 274
1780546088370 0.6812499999999999 275
1780546088372 0.5656249999999999 276
1780546088374 0.6929343800918383 277
1780546088377 0.7021411722010524 278
1780546088379 0.5384615384615384 279
1780546088381 0.572840203274986 280
1780546088383 0.599090318388564 281
1780546088385 0.5217391304347826 282
1780546088388 0.6601880877742947 283
1780546088390 0.617283950617284 284
1780546088392 0.5458781362007168 285
1780546088394 0.5297491039426523 286
1780546088396 0.6608536391145087 287
1780546088398 0.600254817646122 288
1780546088401 0.6321070234113713 289
1780546088403 0.556989247311828 290
1780546088405 0.54785431959345 291
1780546088407 0.5877039627039627 292
1780546088409 0.5394736842105263 293
1780546088412 0.5282738095238095 294
1780546088414 0.5625 295
1780546088416 0.6235632183908046 296
1780546088418 0.534375 297
1780546088420 0.591527109932018 298
