1780118700440 0.0 0
1780118700442 0.07731319507192133 1
1780118700444 0.26262527002081615 2
1780118700446 0.3403701809226106 3
1780118700448 0.379822472185661 4
1780118700450 0.45829947862490633 5
1780118700452 0.5256838299011186 6
1780118700454 0.46025812567992963 7
1780118700456 0.5022204374540303 8
1780118700458 0.36615771380070594 9
1780118700460 0.5494141335228108 10
1780118700462 0.5461488953656136 11
1780118700464 0.610069280595581 12
1780118700466 0.6416890991439498 13
1780118700468 0.4852353904395856 14
1780118700470 0.582973034645788 15
1780118700472 0.7100634999734171 16
1780118700474 0.5920510111758581 17
1780118700476 0.5903846295272871 18
1780118700478 0.5527651022812312 19
1780118700480 0.5754057413351307 20
1780118700482 0.639569443300001 21
1780118700484 0.6697847225490904 22
1780118700486 0.649775637718726 23
1780118700488 0.6161712541507938 24
1780118700490 0.6269946288392075 25
1780118700492 0.7493837259894321 26
1780118700494 0.6253151661042623 27
1780118700496 0.7701568268198757 28
1780118700498 0.6975851027760396 29
1780118700500 0.8060161315163896 30
1780118700501 0.783730828490687 31
1780118700503 0.35542440292815863 32
1780118700505 0.735067615578421 33
1780118700507 0.7090073854895342 34
1780118700509 0.746326814911731 35
1780118700511 0.796334617967745 36
1780118700513 0.7005015551816209 37
1780118700515 0.6262980941029722 38
1780118700517 0.4806487516714566 39
1780118700519 0.7848221149674977 40
1780118700521 0.8877150409174698 41
1780118700523 0.7942738974132163 42
1780118700525 0.8308528586536376 43
1780118700527 0.8486266756311771 44
1780118700529 0.7488266614269999 45
1780118700531 0.7614104119624017 46
1780118700533 0.6755145241905164 47
1780118700535 0.7445414781297134 48
1780118700537 0.8606350346235875 49
1780118700539 0.773023940673157 50
1780118700541 0.7867636904724897 51
1780118700543 0.8429648178488082 52
1780118700545 0.6530039397369984 53
1780118700547 0.7826606306393541 54
1780118700549 0.8339924604445077 55
1780118700551 0.8349609529216284 56
1780118700553 0.8514958287224109 57
1780118700555 0.8898893231256352 58
1780118700557 0.7935109256301169 59
1780118700559 0.7812050591984803 60
1780118700561 0.8727295756209671 61
1780118700563 0.8332588355452895 62
1780118700565 0.8134552304420725 63
1780118700567 0.8605366437055416 64
1780118700569 0.8413653300557057 65
1780118700571 0.8807158041543424 66
1780118700573 0.7872538519768488 67
1780118700575 0.7466508742979332 68
1780118700577 0.8118764989949767 69
1780118700579 0.8584219520195813 70
1780118700581 0.8894951123317844 71
1780118700583 0.8335041512431234 72
1780118700585 0.8534939098449792 73
1780118700587 0.8769846912465654 74
1780118700589 0.8600556143286046 75
1780118700591 0.866193798296796 76
1780118700592 0.8912733583786215 77
1780118700594 0.9033399258674656 78
1780118700596 0.6811032218704899 79
1780118700599 0.8944410197966268 80
1780118700601 0.8060847459807068 81
1780118700603 0.8389311678148976 82
1780118700605 0.8285120547311499 83
1780118700607 0.8645426254417596 84
1780118700609 0.8872933948300833 85
1780118700611 0.7964374998842264 86
1780118700613 0.9039786550620356 87
1780118700615 0.8198032350939327 88
1780118700616 0.7280973405785435 89
1780118700618 0.8168845826062661 90
1780118700620 0.8665680393656553 91
1780118700622 0.8550523572118044 92
1780118700624 0.73889995092505 93
1780118700626 0.8029510920721045 94
1780118700628 0.8473153700868122 95
1780118700630 0.8963576219325349 96
1780118700632 0.8008092077888698 97
1780118700634 0.7890350594538604 98
1780118700636 0.8547536761498685 99
1780118700638 0.8898258602238063 100
1780118700640 0.6825025909406717 101
1780118700642 0.9239977523546201 102
1780118700644 0.9294281101768339 103
1780118700646 0.9141804261174652 104
1780118700648 0.9255150946614362 105
1780118700650 0.9453014807186821 106
1780118700652 0.7600824729996745 107
1780118700654 0.9097680097680099 108
1780118700656 0.9195866914329762 109
1780118700658 0.9093645464505542 110
1780118700660 0.8426946211412837 111
1780118700662 0.90165067641686 112
1780118700664 0.8821685739048488 113
1780118700666 0.8929972923852972 114
1780118700668 0.8273975083683867 115
1780118700670 0.8301478728120288 116
1780118700672 0.8947709818671399 117
1780118700674 0.8761708471454064 118
1780118700676 0.8334710365680305 119
1780118700678 0.9096888801625047 120
1780118700680 0.889717834086255 121
1780118700682 0.8069693530798799 122
1780118700684 0.8128107754049981 123
1780118700686 0.8663888079851612 124
1780118700688 0.920358120925336 125
1780118700690 0.6601432983940725 126
1780118700692 0.8629279599543134 127
1780118700694 0.8985356296190103 128
1780118700696 0.9211372065544081 129
1780118700698 0.6093141269836726 130
1780118700700 0.8981481770364358 131
1780118700702 0.7768095369463358 132
1780118700704 0.8637796022263288 133
1780118700706 0.9157168214878769 134
1780118700708 0.9065229723908633 135
1780118700710 0.7868277458533088 136
1780118700712 0.8856845772969008 137
1780118700714 0.9350076315223941 138
1780118700716 0.8901186850754286 139
1780118700718 0.9183433998084387 140
1780118700720 0.930039498735203 141
1780118700722 0.8567306618004673 142
1780118700724 0.8631552943963572 143
1780118700726 0.8362477966331117 144
1780118700728 0.9239217418664832 145
1780118700730 0.8618555977892892 146
1780118700732 0.8971661668396613 147
1780118700734 0.9294551416502637 148
1780118700736 0.8796296089044631 149
1780118700738 0.9388402372920387 150
1780118700740 0.9400674839506676 151
1780118700742 0.9248299431909904 152
1780118700744 0.9093097636977687 153
1780118700746 0.8691816022614676 154
1780118700748 0.9302725292263162 155
1780118700749 0.9296441208100461 156
1780118700751 0.9294862919038216 157
1780118700753 0.8778105715396455 158
1780118700755 0.9202966920553571 159
1780118700757 0.9600754465902088 160
1780118700759 0.9256093939020771 161
1780118700761 0.9356221740708348 162
1780118700763 0.921798200065352 163
1780118700765 0.9401367331855137 164
1780118700767 0.9848587933247753 165
1780118700769 0.9512988738671051 166
1780118700771 0.9401127994182594 167
1780118700773 0.9550454078168501 168
1780118700775 0.9651067631555434 169
1780118700777 0.9851067631555436 170
1780118700779 0.9249737946025671 171
1780118700781 0.9362699773482829 172
1780118700783 0.9446075129001958 173
1780118700785 0.9391714757463928 174
1780118700787 0.9395676579346757 175
1780118700789 0.9244704741799215 176
1780118700791 0.9502154382642187 177
1780118700793 0.9351166906022564 178
1780118700795 0.8805394320092652 179
1780118700797 0.9650875076998313 180
1780118700799 0.9337086775180266 181
1780118700801 0.9199578737553779 182
1780118700803 0.8622870696554907 183
1780118700805 0.9699525549332997 184
1780118700807 0.9405359266599989 185
1780118700809 0.9553417314392924 186
1780118700810 0.939415542881525 187
1780118700812 0.9699906191369607 188
1780118700814 0.965308565711587 189
1780118700816 0.9492761764712985 190
1780118700818 0.9600308450166646 191
1780118700820 0.9801156973108192 192
1780118700822 0.9399013070800096 193
1780118700824 0.9403887160498201 194
1780118700826 0.9352701072896912 195
1780118700828 0.9597082057865114 196
1780118700830 0.9446335426823232 197
1780118700832 0.9300891222700638 198
1780118700834 0.9449691771642991 199
1780118700836 0.9396898907681963 200
1780118700838 0.9270009396385263 201
1780118700840 0.8502345820196225 202
1780118700842 0.9494807766758987 203
1780118700844 0.9752255874207094 204
1780118700846 0.9599317382244212 205
1780118700848 0.9645773204117235 206
1780118700850 0.9752345215759851 207
1780118700852 0.974469993358252 208
1780118700854 0.9702514430370656 209
1780118700856 0.9748097870049091 210
1780118700858 0.979993746091307 211
1780118700860 0.9849906191369605 212
1780118700862 0.9398107026014003 213
1780118700864 0.9445455101167554 214
1780118700866 0.9548946144581574 215
1780118700868 0.9648373513521138 216
1780118700870 0.9356385021340093 217
1780118700872 0.9949968730456534 218
1780118700874 0.9596784549223575 219
1780118700876 0.954803285220487 220
1780118700878 0.9751067631555437 221
1780118700880 0.9651897414464212 222
1780118700882 0.9149113092809543 223
1780118700884 0.9602243724194943 224
1780118700886 0.9599467477323703 225
1780118700888 0.9109045963223441 226
1780118700890 0.9699686834346654 227
1780118700892 0.9652313946216386 228
1780118700893 0.9702255874207095 229
1780118700895 0.9477556931728948 230
1780118700897 0.9155835743204165 231
1780118700899 0.9197076392496879 232
1780118700901 0.9516006579389803 233
1780118700903 0.9397784704395745 234
1780118700905 0.9607624657624656 235
1780118700907 0.9155201891402148 236
1780118700909 0.9748337306681337 237
1780118700911 0.965051661725543 238
1780118700913 0.9449280177187154 239
1780118700915 0.9741327913279132 240
1780118700917 0.9226688327152723 241
1780118700919 0.9399828227684452 242
1780118700921 0.9651928684007676 243
1780118700923 0.9318432013205532 244
1780118700925 0.9652345215759851 245
1780118700927 0.9336083711217306 246
1780118700929 0.9749744906355946 247
1780118700931 0.9745925084756919 248
1780118700933 0.9255951636439441 249
1780118700935 0.9600584093638697 250
1780118700937 0.9801067631555437 251
1780118700939 0.8969897789139673 252
1780118700941 0.7837646072945278 253
1780118700943 0.931091148110732 254
1780118700945 0.9065474528734756 255
1780118700947 0.9452201264717311 256
1780118700949 0.9545867482966328 257
1780118700951 0.8745439088847584 258
1780118700953 0.9899968730456535 259
1780118700955 0.935606088391711 260
1780118700957 0.9600396006159209 261
1780118700959 0.9749754310729919 262
1780118700960 0.9651063164477799 263
1780118700962 0.934935526450289 264
1780118700964 0.9134460986922666 265
1780118700966 0.97957481872116 266
1780118700968 0.9801125703564729 267
1780118700970 0.9493015375094368 268
1780118700972 0.955096441855107 269
1780118700974 0.9403494648965885 270
1780118700976 0.945140875558077 271
1780118700978 0.959471842520623 272
1780118700980 0.9442829073175074 273
1780118700982 0.9306044027708305 274
1780118700984 0.9599682367269018 275
1780118700986 0.964975431072992 276
1780118700998 0.9598373513521139 277
1780118701000 0.9497570700753075 278
1780118701002 0.9799807445442875 279
1780118701004 0.9546726477214282 280
1780118701006 0.9474687864198227 281
1780118701008 0.9453732497612546 282
1780118701010 0.9112847214438402 283
1780118701012 0.979855666370429 284
1780118701014 0.9496992716312358 285
1780118701016 0.964839537869063 286
1780118701018 0.9649718103890118 287
1780118701020 0.9554157755748942 288
1780118701022 0.9556166584706454 289
1780118701024 0.9597847243482672 290
1780118701026 0.9801036362011972 291
1780118701028 0.9549691771642992 292
1780118701030 0.9597847243482673 293
1780118701032 0.9647243342878774 294
1780118701034 0.9552602326970181 295
1780118701036 0.9798525394160823 296
1780118701038 0.9646847088310503 297
1780118701040 0.9459960905155412 298
1780118701042 0.9054835535478141 299
1780118701044 0.9349034328481742 300
1780118701046 0.984993746091307 301
1780118701048 0.9849718103890119 302
1780118701050 0.9555255771087039 303
1780118701052 0.9749754310729921 304
1780118701053 0.9398972947047401 305
1780118701055 0.9259298322712958 306
1780118701057 0.960521243570024 307
1780118701059 0.9303123024232125 308
1780118701061 0.9796878357853966 309
1780118701063 0.939459170279393 310
1780118701065 0.945187969924812 311
1780118701067 0.9067643116152372 312
1780118701069 0.949944906042467 313
