1780550508134 0.0 0
1780550508136 0.10500000000000001 1
1780550508138 0.13 2
1780550508140 0.22000000000000003 3
1780550508141 0.24 4
1780550508143 0.24 5
1780550508145 0.175 6
1780550508147 0.20000000000000004 7
1780550508149 0.20999999999999996 8
1780550508151 0.26 9
1780550508152 0.16000000000000003 10
1780550508154 0.21000000000000002 11
1780550508156 0.215 12
1780550508158 0.15999999999999998 13
1780550508160 0.185 14
1780550508162 0.16999999999999998 15
1780550508163 0.23500000000000001 16
1780550508165 0.26000000000000006 17
1780550508167 0.325 18
1780550508169 0.29 19
1780550508171 0.33 20
1780550508172 0.3 21
1780550508174 0.3 22
1780550508176 0.325 23
1780550508178 0.255 24
1780550508180 0.265 25
1780550508181 0.31499999999999995 26
1780550508183 0.24500000000000002 27
1780550508185 0.28500000000000003 28
1780550508187 0.205 29
1780550508189 0.275 30
1780550508190 0.33499999999999996 31
1780550508192 0.33499999999999996 32
1780550508194 0.19 33
1780550508196 0.305 34
1780550508198 0.20500000000000002 35
1780550508199 0.325 36
1780550508201 0.31 37
1780550508203 0.32999999999999996 38
1780550508205 0.30500000000000005 39
1780550508207 0.3 40
1780550508208 0.16 41
1780550508210 0.27999999999999997 42
1780550508212 0.27999999999999997 43
1780550508214 0.265 44
1780550508216 0.37 45
1780550508218 0.35500000000000004 46
1780550508219 0.3 47
1780550508221 0.275 48
1780550508223 0.3 49
1780550508225 0.38 50
1780550508227 0.345 51
1780550508229 0.315 52
1780550508230 0.33 53
1780550508232 0.37499999999999994 54
1780550508234 0.35500000000000004 55
1780550508236 0.25 56
1780550508238 0.31999999999999995 57
1780550508240 0.345 58
1780550508242 0.37 59
1780550508243 0.37 60
1780550508245 0.43 61
1780550508247 0.32999999999999996 62
1780550508249 0.39 63
1780550508251 0.35 64
1780550508253 0.36 65
1780550508254 0.35500000000000004 66
1780550508256 0.34 67
1780550508258 0.36500000000000005 68
1780550508260 0.30500000000000005 69
1780550508262 0.32500000000000007 70
1780550508264 0.325 71
1780550508265 0.36500000000000005 72
1780550508267 0.37 73
1780550508269 0.40499999999999997 74
1780550508271 0.35 75
1780550508273 0.31 76
1780550508274 0.34 77
1780550508276 0.24 78
1780550508278 0.42000000000000004 79
1780550508280 0.30000000000000004 80
1780550508282 0.36 81
1780550508283 0.375 82
1780550508285 0.33999999999999997 83
1780550508287 0.35 84
1780550508289 0.43 85
1780550508291 0.325 86
1780550508293 0.34500000000000003 87
1780550508294 0.33999999999999997 88
1780550508296 0.255 89
1780550508298 0.39 90
1780550508300 0.33 91
1780550508302 0.385 92
1780550508303 0.41 93
1780550508305 0.36499999999999994 94
1780550508307 0.41500000000000004 95
1780550508309 0.355 96
1780550508311 0.39 97
1780550508312 0.32999999999999996 98
1780550508314 0.37 99
1780550508316 0.43000000000000005 100
1780550508318 0.37500000000000006 101
1780550508320 0.31999999999999995 102
1780550508322 0.385 103
1780550508323 0.34 104
1780550508325 0.355 105
1780550508327 0.38499999999999995 106
1780550508329 0.27 107
1780550508331 0.3 108
1780550508333 0.25999999999999995 109
1780550508335 0.335 110
1780550508336 0.41500000000000004 111
1780550508338 0.335 112
1780550508340 0.375 113
1780550508342 0.4 114
1780550508344 0.37 115
1780550508345 0.275 116
1780550508347 0.32500000000000007 117
1780550508349 0.33999999999999997 118
1780550508351 0.395 119
1780550508353 0.4 120
1780550508354 0.22999999999999998 121
1780550508356 0.44499999999999995 122
1780550508358 0.36 123
1780550508360 0.39499999999999996 124
1780550508362 0.385 125
1780550508364 0.36500000000000005 126
1780550508365 0.39499999999999996 127
1780550508367 0.37500000000000006 128
1780550508369 0.35 129
1780550508371 0.45000000000000007 130
1780550508373 0.39499999999999996 131
1780550508374 0.36 132
1780550508376 0.42000000000000004 133
1780550508378 0.24499999999999997 134
1780550508380 0.355 135
1780550508381 0.29 136
1780550508383 0.4 137
1780550508385 0.35 138
1780550508387 0.365 139
1780550508389 0.35 140
1780550508390 0.27999999999999997 141
1780550508392 0.28500000000000003 142
1780550508394 0.31 143
1780550508396 0.45499999999999996 144
1780550508398 0.30500000000000005 145
1780550508399 0.36500000000000005 146
1780550508401 0.375 147
1780550508403 0.41000000000000003 148
1780550508405 0.425 149
1780550508406 0.33999999999999997 150
1780550508408 0.385 151
1780550508410 0.375 152
1780550508412 0.38499999999999995 153
1780550508414 0.33499999999999996 154
1780550508415 0.36000000000000004 155
1780550508417 0.24 156
1780550508419 0.32499999999999996 157
1780550508421 0.33999999999999997 158
1780550508423 0.38 159
1780550508425 0.38 160
1780550508426 0.19 161
1780550508428 0.25999999999999995 162
1780550508430 0.27 163
1780550508432 0.325 164
1780550508434 0.35 165
1780550508435 0.365 166
1780550508437 0.39 167
1780550508439 0.33 168
1780550508441 0.33 169
1780550508443 0.35000000000000003 170
1780550508444 0.395 171
1780550508446 0.31500000000000006 172
1780550508448 0.35 173
1780550508450 0.28 174
1780550508452 0.375 175
1780550508453 0.29 176
1780550508455 0.30500000000000005 177
1780550508457 0.38 178
1780550508459 0.2 179
1780550508461 0.28500000000000003 180
1780550508462 0.38 181
1780550508464 0.31999999999999995 182
1780550508466 0.31999999999999995 183
1780550508468 0.35 184
1780550508470 0.325 185
1780550508471 0.37 186
1780550508473 0.35 187
1780550508475 0.29500000000000004 188
1780550508477 0.3 189
1780550508479 0.23500000000000001 190
1780550508480 0.135 191
1780550508482 0.355 192
1780550508484 0.345 193
1780550508486 0.4 194
1780550508488 0.35 195
1780550508489 0.41500000000000004 196
1780550508496 0.30500000000000005 197
1780550508503 0.31 198
1780550508505 0.355 199
1780550508507 0.41 200
1780550508509 0.295 201
1780550508511 0.29000000000000004 202
1780550508512 0.32999999999999996 203
1780550508514 0.37000000000000005 204
1780550508516 0.26999999999999996 205
1780550508518 0.36 206
1780550508519 0.325 207
1780550508521 0.38 208
1780550508523 0.3350000000000001 209
1780550508525 0.32 210
1780550508527 0.325 211
1780550508528 0.30999999999999994 212
1780550508530 0.24500000000000002 213
1780550508532 0.39 214
1780550508534 0.4 215
1780550508536 0.38500000000000006 216
1780550508537 0.40499999999999997 217
1780550508539 0.31999999999999995 218
1780550508541 0.33999999999999997 219
1780550508543 0.35500000000000004 220
1780550508545 0.43999999999999995 221
1780550508546 0.385 222
1780550508548 0.32 223
1780550508550 0.28500000000000003 224
1780550508552 0.335 225
1780550508554 0.395 226
1780550508555 0.335 227
1780550508557 0.375 228
1780550508559 0.39499999999999996 229
1780550508561 0.395 230
1780550508563 0.29000000000000004 231
1780550508564 0.39 232
1780550508566 0.35 233
1780550508568 0.35 234
1780550508570 0.39 235
1780550508572 0.335 236
1780550508573 0.29000000000000004 237
1780550508575 0.38 238
1780550508577 0.39 239
1780550508579 0.37 240
1780550508581 0.29500000000000004 241
1780550508582 0.39 242
1780550508584 0.265 243
1780550508586 0.365 244
1780550508588 0.24 245
1780550508590 0.33999999999999997 246
1780550508591 0.4050000000000001 247
1780550508593 0.4 248
1780550508595 0.30999999999999994 249
1780550508597 0.4 250
1780550508599 0.37 251
1780550508600 0.295 252
1780550508602 0.33999999999999997 253
1780550508604 0.365 254
1780550508606 0.32 255
1780550508608 0.39 256
1780550508609 0.4 257
1780550508611 0.385 258
1780550508613 0.36 259
1780550508615 0.38 260
1780550508616 0.41000000000000003 261
1780550508618 0.37500000000000006 262
1780550508620 0.465 263
1780550508622 0.425 264
1780550508624 0.44000000000000006 265
1780550508625 0.41 266
1780550508627 0.475 267
1780550508629 0.32999999999999996 268
1780550508631 0.3350000000000001 269
1780550508633 0.34 270
1780550508634 0.395 271
1780550508636 0.325 272
1780550508638 0.38 273
1780550508640 0.34500000000000003 274
1780550508641 0.31500000000000006 275
1780550508643 0.38500000000000006 276
1780550508645 0.43 277
1780550508647 0.37 278
1780550508649 0.385 279
1780550508650 0.29 280
1780550508652 0.355 281
1780550508654 0.4050000000000001 282
1780550508656 0.41000000000000003 283
1780550508658 0.425 284
1780550508659 0.36 285
1780550508661 0.32499999999999996 286
1780550508663 0.33999999999999997 287
1780550508665 0.32999999999999996 288
1780550508666 0.425 289
1780550508668 0.35 290
1780550508670 0.4 291
1780550508672 0.36 292
1780550508674 0.37499999999999994 293
1780550508681 0.41500000000000004 294
1780550508683 0.41 295
1780550508685 0.38499999999999995 296
1780550508687 0.38999999999999996 297
1780550508688 0.41999999999999993 298
