1780280945760 0.0 0
1780280945765 0.73 1
1780280945768 0.82 2
1780280945770 0.77 3
1780280945772 0.825 4
1780280945775 0.9 5
1780280945777 0.815 6
1780280945779 0.89 7
1780280945781 0.935 8
1780280945783 0.905 9
1780280945785 0.91 10
1780280945787 0.945 11
1780280945789 0.89 12
1780280945791 0.9 13
1780280945793 0.93 14
1780280945795 0.905 15
1780280945797 0.935 16
1780280945800 0.915 17
1780280945802 0.935 18
1780280945804 0.845 19
1780280945806 0.875 20
1780280945808 0.95 21
1780280945810 0.935 22
1780280945812 0.925 23
1780280945814 0.935 24
1780280945816 0.82 25
1780280945819 0.91 26
1780280945822 0.91 27
1780280945825 0.875 28
1780280945828 0.93 29
1780280945831 0.92 30
1780280945833 0.925 31
1780280945835 0.93 32
1780280945837 0.82 33
1780280945839 0.965 34
1780280945841 0.895 35
1780280945844 0.935 36
1780280945846 0.91 37
1780280945848 0.92 38
1780280945851 0.925 39
1780280945853 0.95 40
1780280945855 0.915 41
1780280945858 0.94 42
1780280945860 0.955 43
1780280945863 0.96 44
1780280945865 0.955 45
1780280945868 0.92 46
1780280945870 0.93 47
1780280945873 0.93 48
1780280945875 0.935 49
1780280945877 0.925 50
1780280945880 0.895 51
1780280945882 0.94 52
1780280945884 0.93 53
1780280945887 0.97 54
1780280945889 0.93 55
1780280945890 0.965 56
1780280945893 0.955 57
1780280945897 0.935 58
1780280945901 0.95 59
1780280945904 0.91 60
1780280945906 0.935 61
1780280945908 0.91 62
1780280945910 0.925 63
1780280945912 0.96 64
1780280945914 0.96 65
1780280945917 0.92 66
1780280945921 0.94 67
1780280945924 0.955 68
1780280945927 0.96 69
1780280945930 0.935 70
1780280945932 0.95 71
1780280945935 0.96 72
1780280945937 0.92 73
1780280945940 0.865 74
1780280945942 0.94 75
1780280945945 0.955 76
1780280945947 0.935 77
1780280945950 0.945 78
1780280945952 0.94 79
1780280945955 0.95 80
1780280945958 0.935 81
1780280945960 0.945 82
1780280945963 0.925 83
1780280945966 0.95 84
1780280945970 0.985 85
1780280945973 0.94 86
1780280945977 0.94 87
1780280945980 0.96 88
1780280945984 0.925 89
1780280945986 0.955 90
1780280945988 0.96 91
1780280945990 0.945 92
1780280945992 0.955 93
1780280945994 0.955 94
1780280945996 0.965 95
1780280945999 0.94 96
1780280946001 0.815 97
1780280946003 0.835 98
1780280946005 0.92 99
1780280946008 0.86 100
1780280946010 0.96 101
1780280946012 0.98 102
1780280946015 0.915 103
1780280946017 0.925 104
1780280946019 0.975 105
1780280946022 0.915 106
1780280946024 0.915 107
1780280946026 0.915 108
1780280946029 0.94 109
1780280946031 0.95 110
1780280946033 0.93 111
1780280946035 0.945 112
1780280946037 0.96 113
1780280946040 0.925 114
1780280946042 0.9 115
1780280946044 0.94 116
1780280946046 0.94 117
1780280946048 0.935 118
1780280946051 0.98 119
1780280946053 0.935 120
1780280946055 0.88 121
1780280946056 0.81 122
1780280946058 0.96 123
1780280946060 0.91 124
1780280946063 0.925 125
1780280946065 0.935 126
1780280946067 0.915 127
1780280946070 0.885 128
1780280946073 0.9 129
1780280946076 0.97 130
1780280946079 0.985 131
1780280946082 0.95 132
1780280946085 0.95 133
1780280946088 0.925 134
1780280946091 0.955 135
1780280946094 0.97 136
1780280946097 0.94 137
1780280946100 0.955 138
1780280946103 0.97 139
1780280946107 0.97 140
1780280946111 0.925 141
1780280946115 0.905 142
1780280946118 0.92 143
1780280946121 0.88 144
1780280946125 0.97 145
1780280946128 0.87 146
1780280946131 0.95 147
1780280946134 0.97 148
1780280946137 0.945 149
1780280946139 0.96 150
1780280946141 0.94 151
1780280946143 0.795 152
1780280946147 0.98 153
1780280946150 0.93 154
1780280946153 0.94 155
1780280946157 0.96 156
1780280946159 0.96 157
1780280946162 0.95 158
1780280946164 0.95 159
1780280946166 0.975 160
1780280946168 0.935 161
1780280946170 0.945 162
1780280946172 0.925 163
1780280946174 0.935 164
1780280946176 0.93 165
1780280946178 0.95 166
1780280946179 0.97 167
1780280946181 0.965 168
1780280946183 0.945 169
1780280946185 0.91 170
1780280946188 0.95 171
1780280946190 0.955 172
1780280946192 0.925 173
1780280946194 0.96 174
1780280946197 0.245 175
1780280946199 0.51 176
1780280946201 0.49 177
1780280946203 0.625 178
1780280946205 0.575 179
1780280946207 0.64 180
1780280946210 0.6 181
1780280946212 0.735 182
1780280946214 0.785 183
1780280946216 0.71 184
1780280946218 0.75 185
1780280946220 0.585 186
1780280946222 0.73 187
1780280946224 0.555 188
1780280946226 0.795 189
1780280946228 0.765 190
1780280946230 0.805 191
1780280946232 0.75 192
1780280946234 0.745 193
1780280946236 0.825 194
1780280946238 0.71 195
1780280946240 0.8 196
1780280946242 0.57 197
1780280946244 0.755 198
1780280946246 0.765 199
1780280946248 0.77 200
1780280946250 0.835 201
1780280946252 0.775 202
1780280946254 0.635 203
1780280946256 0.83 204
1780280946258 0.745 205
1780280946260 0.76 206
1780280946262 0.745 207
1780280946264 0.795 208
1780280946266 0.615 209
1780280946268 0.78 210
1780280946271 0.685 211
1780280946273 0.77 212
1780280946275 0.725 213
1780280946277 0.815 214
1780280946279 0.85 215
1780280946281 0.815 216
1780280946283 0.795 217
1780280946285 0.785 218
1780280946288 0.81 219
1780280946291 0.765 220
1780280946294 0.73 221
1780280946297 0.81 222
1780280946300 0.8 223
1780280946302 0.725 224
1780280946304 0.81 225
1780280946307 0.81 226
1780280946310 0.825 227
1780280946313 0.765 228
1780280946315 0.82 229
1780280946317 0.8 230
1780280946319 0.785 231
1780280946321 0.7 232
1780280946323 0.835 233
1780280946326 0.815 234
1780280946328 0.905 235
1780280946331 0.775 236
1780280946333 0.74 237
1780280946335 0.655 238
1780280946337 0.86 239
1780280946340 0.82 240
1780280946342 0.81 241
1780280946344 0.82 242
1780280946347 0.83 243
1780280946349 0.84 244
1780280946351 0.805 245
1780280946354 0.7 246
1780280946356 0.705 247
1780280946358 0.83 248
1780280946361 0.865 249
1780280946363 0.845 250
1780280946365 0.845 251
1780280946368 0.795 252
1780280946370 0.86 253
1780280946372 0.865 254
1780280946374 0.85 255
1780280946376 0.845 256
1780280946378 0.865 257
1780280946380 0.82 258
1780280946382 0.87 259
1780280946384 0.835 260
1780280946386 0.775 261
1780280946388 0.845 262
1780280946390 0.8 263
1780280946392 0.86 264
1780280946394 0.81 265
1780280946396 0.795 266
1780280946398 0.83 267
1780280946400 0.75 268
1780280946402 0.865 269
1780280946404 0.81 270
1780280946406 0.68 271
1780280946408 0.86 272
1780280946410 0.825 273
1780280946412 0.82 274
1780280946414 0.84 275
1780280946416 0.715 276
1780280946418 0.835 277
1780280946420 0.845 278
1780280946422 0.815 279
1780280946424 0.735 280
1780280946426 0.835 281
1780280946429 0.82 282
1780280946431 0.85 283
1780280946432 0.8 284
1780280946435 0.79 285
1780280946437 0.85 286
1780280946439 0.635 287
1780280946440 0.8 288
1780280946442 0.815 289
1780280946444 0.87 290
1780280946446 0.815 291
1780280946448 0.84 292
1780280946450 0.685 293
1780280946453 0.805 294
1780280946455 0.83 295
1780280946457 0.895 296
1780280946458 0.825 297
1780280946460 0.795 298
1780280946462 0.885 299
1780280946464 0.82 300
1780280946466 0.81 301
1780280946468 0.88 302
1780280946470 0.87 303
1780280946472 0.83 304
1780280946474 0.78 305
1780280946477 0.83 306
1780280946479 0.86 307
1780280946481 0.82 308
1780280946483 0.835 309
1780280946485 0.785 310
1780280946487 0.825 311
1780280946489 0.855 312
1780280946491 0.81 313
1780280946493 0.8 314
1780280946495 0.87 315
1780280946497 0.745 316
1780280946499 0.86 317
1780280946501 0.85 318
1780280946503 0.82 319
1780280946505 0.82 320
1780280946507 0.855 321
1780280946509 0.82 322
1780280946511 0.82 323
1780280946513 0.87 324
1780280946515 0.78 325
1780280946517 0.745 326
1780280946519 0.745 327
1780280946521 0.84 328
1780280946523 0.795 329
1780280946525 0.85 330
1780280946527 0.825 331
1780280946529 0.825 332
1780280946531 0.79 333
1780280946533 0.865 334
1780280946535 0.825 335
1780280946537 0.88 336
1780280946539 0.825 337
1780280946540 0.795 338
1780280946542 0.815 339
1780280946544 0.85 340
1780280946546 0.795 341
1780280946548 0.845 342
1780280946550 0.84 343
1780280946552 0.81 344
1780280946554 0.8 345
1780280946557 0.86 346
1780280946558 0.835 347
1780280946560 0.88 348
