1780132441005 0.0 0
1780132441008 0.040063094209161626 1
1780132441010 0.1373610447523491 2
1780132441013 0.11383098268547184 3
1780132441016 0.22889364836843828 4
1780132441018 0.2595047501578492 5
1780132441021 0.3341784441049147 6
1780132441023 0.43588107970460915 7
1780132441026 0.37553848680447144 8
1780132441028 0.4678863853233601 9
1780132441030 0.4901286829112916 10
1780132441033 0.46632476064364603 11
1780132441036 0.45834335839598994 12
1780132441038 0.4833921394644814 13
1780132441041 0.4920815295815295 14
1780132441043 0.49345759542174833 15
1780132441046 0.4752923598589233 16
1780132441048 0.4610365959678104 17
1780132441051 0.565705487462535 18
1780132441053 0.5150251042061387 19
1780132441056 0.5345815295815296 20
1780132441058 0.5067105688429219 21
1780132441061 0.4972354497354498 22
1780132441063 0.5701627392566672 23
1780132441065 0.5387266971239536 24
1780132441068 0.524696311818263 25
1780132441070 0.5328046014443074 26
1780132441073 0.506399619399257 27
1780132441075 0.5626377154915433 28
1780132441078 0.5589357864357865 29
1780132441080 0.5990547087321281 30
1780132441083 0.5605024052917137 31
1780132441085 0.5089242882721143 32
1780132441088 0.5807405685466327 33
1780132441090 0.6059674624125623 34
1780132441092 0.6022841224517794 35
1780132441095 0.5988944932490358 36
1780132441097 0.6139522728303349 37
1780132441100 0.5828933603407656 38
1780132441102 0.5690251176866422 39
1780132441105 0.6149887650159882 40
1780132441107 0.6009351335327565 41
1780132441110 0.5952453102453102 42
1780132441112 0.6046443069522441 43
1780132441115 0.6674914850267174 44
1780132441117 0.5681606271236088 45
1780132441119 0.657304693841205 46
1780132441122 0.6181363822958651 47
1780132441124 0.6216241453608744 48
1780132441127 0.6114511174856003 49
1780132441129 0.6064491696199013 50
1780132441132 0.6156144478127237 51
1780132441134 0.6244921584263688 52
1780132441137 0.6489951384594244 53
1780132441139 0.6248852307810444 54
1780132441141 0.6444151287309181 55
1780132441144 0.6770368812474076 56
1780132441146 0.6755436305818309 57
1780132441149 0.633706463670924 58
1780132441151 0.6516647256962238 59
1780132441154 0.7076205896756766 60
1780132441156 0.6779919156795424 61
1780132441159 0.6915430089386533 62
1780132441161 0.6752195389498115 63
1780132441163 0.6598067536149367 64
1780132441166 0.673903743315508 65
1780132441168 0.60612264842141 66
1780132441171 0.704125134827222 67
1780132441173 0.6651379625276684 68
1780132441176 0.743611563202356 69
1780132441179 0.7139283098765856 70
1780132441181 0.723877292062776 71
1780132441184 0.705698375602115 72
1780132441186 0.7013535464575308 73
1780132441188 0.6555626111193529 74
1780132441191 0.7583817389550839 75
1780132441193 0.7597637574133739 76
1780132441196 0.7678290000683987 77
1780132441198 0.7813436421540886 78
1780132441201 0.7433700842081574 79
1780132441203 0.7037674226163836 80
1780132441205 0.6545492324121358 81
1780132441208 0.6568835411770195 82
1780132441210 0.7233005483675818 83
1780132441213 0.7571942518266048 84
1780132441215 0.7236556972439325 85
1780132441218 0.7074969635627529 86
1780132441220 0.7178446127614926 87
1780132441223 0.726408457981348 88
1780132441225 0.7704541279154282 89
1780132441228 0.7351643209731444 90
1780132441230 0.7177510398098633 91
1780132441232 0.7242316586921851 92
1780132441235 0.7151315789473683 93
1780132441237 0.7472557255098357 94
1780132441240 0.74186056998557 95
1780132441242 0.7620433019013141 96
1780132441244 0.761140715127784 97
1780132441247 0.7749541321251847 98
1780132441249 0.7381764377551485 99
1780132441252 0.7689821348242402 100
1780132441254 0.7605274495619323 101
1780132441257 0.7410323472823472 102
1780132441259 0.7264908651420969 103
1780132441261 0.7471773452463989 104
1780132441264 0.6886159684305464 105
1780132441266 0.8190799641979314 106
1780132441269 0.7270139211271989 107
1780132441271 0.776042906847361 108
1780132441274 0.7740217548189683 109
1780132441276 0.7989978142286663 110
1780132441279 0.7550695899082995 111
1780132441281 0.7716766566766566 112
1780132441283 0.7571487652132813 113
1780132441286 0.7473964288952847 114
1780132441288 0.7577659362219868 115
1780132441291 0.8114034234686409 116
1780132441293 0.7663482443482443 117
1780132441295 0.8236235158603581 118
1780132441298 0.7471031746031745 119
1780132441300 0.7770235842588784 120
1780132441303 0.7522175795219275 121
1780132441305 0.766859961070622 122
1780132441308 0.8083556192013089 123
1780132441310 0.7934917375534384 124
1780132441313 0.7438817000230044 125
1780132441315 0.8078989066489066 126
1780132441317 0.7854717504717506 127
1780132441320 0.8019230915283547 128
1780132441322 0.8186906288299477 129
1780132441325 0.8293258673693457 130
1780132441327 0.7661807751416367 131
1780132441330 0.7933902423137852 132
1780132441332 0.736996099713491 133
1780132441334 0.8174842878961872 134
1780132441337 0.8273149920255184 135
1780132441339 0.7748237882974726 136
1780132441342 0.7794495771200578 137
1780132441344 0.7819648692810457 138
1780132441347 0.8050622278403609 139
1780132441349 0.829449403365812 140
1780132441351 0.7933273996118824 141
1780132441354 0.794684813055657 142
1780132441356 0.778711448416826 143
1780132441359 0.7699909700722395 144
1780132441361 0.8374140108855415 145
1780132441364 0.8272413989519253 146
1780132441366 0.7768448294649668 147
1780132441368 0.8251535767214422 148
1780132441371 0.8009360995826537 149
1780132441373 0.7857023254523254 150
1780132441376 0.8144599745799436 151
1780132441378 0.8256256801334201 152
1780132441381 0.8060873440285204 153
1780132441383 0.8046118431530329 154
1780132441385 0.8109647143511729 155
1780132441388 0.8426119983499847 156
1780132441390 0.8651424555836321 157
1780132441393 0.8196618445786802 158
1780132441395 0.8459605912401713 159
1780132441398 0.9191892610313662 160
1780132441400 0.8613056026099505 161
1780132441402 0.8726747946942455 162
1780132441405 0.8513668269818154 163
1780132441407 0.897716152545201 164
1780132441410 0.9097855434039644 165
1780132441412 0.8548062349549765 166
1780132441414 0.8994607442519342 167
1780132441417 0.9062276524644945 168
1780132441419 0.8614485039098041 169
1780132441422 0.9073036015598944 170
1780132441424 0.8416378066378065 171
1780132441427 0.8017107095802748 172
1780132441429 0.8854664081151495 173
1780132441431 0.9181982624545555 174
1780132441434 0.9079377627203714 175
1780132441436 0.8778508771929825 176
1780132441439 0.9098752228163993 177
1780132441441 0.8768214285714284 178
1780132441444 0.9170933922421337 179
1780132441446 0.9179235668643905 180
1780132441448 0.904223753829017 181
1780132441451 0.8847054147225772 182
1780132441453 0.8328238493233782 183
1780132441456 0.9014883057445987 184
1780132441458 0.908654761904762 185
1780132441461 0.9134009838593228 186
1780132441463 0.8966709991672974 187
1780132441465 0.9145342729353028 188
1780132441468 0.9282734912146676 189
1780132441470 0.9155596336031119 190
1780132441473 0.9105358665205212 191
1780132441475 0.8978471222619829 192
1780132441478 0.8801378446115289 193
1780132441480 0.9033521303258146 194
1780132441482 0.9154052951879039 195
1780132441485 0.8870726641779274 196
1780132441487 0.8543809991178412 197
1780132441490 0.8918055555555556 198
1780132441492 0.8749895572263993 199
1780132441495 0.9052941390133474 200
1780132441497 0.9059208907034992 201
1780132441499 0.8807660455486541 202
1780132441502 0.9277022100706311 203
1780132441504 0.9216419837472468 204
1780132441507 0.910702380952381 205
1780132441509 0.9065171327528307 206
1780132441512 0.9575541125541125 207
1780132441514 0.917323063092514 208
1780132441517 0.899178998414427 209
1780132441519 0.9109884559884561 210
1780132441521 0.9388064859117492 211
1780132441524 0.9338362617774383 212
1780132441526 0.9198547917884301 213
1780132441529 0.901872863978127 214
1780132441531 0.9350256322624743 215
1780132441534 0.8988400183594691 216
1780132441536 0.9152362130622999 217
1780132441538 0.9071158008658008 218
1780132441541 0.9053401015908756 219
1780132441543 0.9417586786465506 220
1780132441546 0.952056277056277 221
1780132441548 0.9226058723884811 222
1780132441551 0.9244592619656558 223
1780132441553 0.9093768981276721 224
1780132441556 0.9180572808833679 225
1780132441558 0.8638031921041074 226
1780132441560 0.9236847058357357 227
1780132441563 0.9203733766233766 228
1780132441565 0.8924327767997845 229
1780132441568 0.8993149540517962 230
1780132441570 0.9331934909738113 231
1780132441573 0.9152274625958837 232
1780132441575 0.9250731902219316 233
1780132441578 0.8957369708857122 234
1780132441580 0.9027858430661635 235
1780132441583 0.8829606625258799 236
1780132441585 0.9290584415584415 237
1780132441588 0.924988540870894 238
1780132441590 0.9244310999831594 239
1780132441593 0.9426385297895594 240
1780132441595 0.9433227006911219 241
1780132441598 0.8957791364309402 242
1780132441600 0.9434788882614968 243
1780132441602 0.9415516062884484 244
1780132441605 0.9402529284441048 245
1780132441607 0.8993560606060607 246
1780132441610 0.9197671451355662 247
1780132441612 0.9390127987954076 248
1780132441615 0.938086561439637 249
1780132441617 0.9180844155844156 250
1780132441620 0.9360176957545379 251
1780132441622 0.9205415052783474 252
1780132441625 0.9272128851540616 253
1780132441627 0.9191166321601104 254
1780132441629 0.929062049062049 255
1780132441632 0.9288368813998105 256
1780132441634 0.9157294752031595 257
1780132441637 0.9277966655769859 258
1780132441639 0.941103896103896 259
1780132441642 0.8899506011405325 260
1780132441644 0.9365265436318069 261
1780132441646 0.9487844611528822 262
1780132441649 0.9145967190704033 263
1780132441651 0.9094934558618769 264
1780132441654 0.8800487219365938 265
1780132441656 0.9448015873015873 266
1780132441659 0.9192104272539057 267
1780132441661 0.9229925967752054 268
1780132441663 0.9248018620526359 269
1780132441666 0.9152351059000676 270
1780132441668 0.9032416194916195 271
1780132441671 0.9114574314574314 272
1780132441673 0.9285496349569577 273
1780132441676 0.9388717878455729 274
1780132441678 0.9283632335119749 275
1780132441681 0.9043722943722944 276
1780132441683 0.909286374698274 277
1780132441686 0.9202437577901973 278
1780132441688 0.9383522665359051 279
1780132441690 0.9066624225447756 280
1780132441693 0.9496324143692565 281
1780132441695 0.9200763271815904 282
1780132441698 0.936764638869902 283
1780132441700 0.9226457447967746 284
1780132441703 0.9179528031308217 285
1780132441705 0.9218678195916048 286
1780132441708 0.9663602187286398 287
1780132441710 0.9298607928019692 288
1780132441712 0.9494708994708994 289
1780132441715 0.9409022556390978 290
1780132441717 0.9225914423740511 291
1780132441720 0.9221063353571093 292
1780132441722 0.9328805508217272 293
1780132441725 0.901455356237965 294
1780132441727 0.9022597171453006 295
1780132441729 0.9468980142664354 296
1780132441732 0.9551336675020885 297
1780132441734 0.9042556390977443 298
1780132441737 0.9264866712235132 299
1780132441739 0.9563602187286397 300
1780132441741 0.9563351560719981 301
1780132441744 0.9377539699049997 302
1780132441746 0.9238624522155281 303
1780132441749 0.9410678210678209 304
1780132441751 0.9150292397660819 305
1780132441753 0.9183600713012477 306
1780132441756 0.9230303030303031 307
1780132441758 0.9374356345408976 308
1780132441761 0.9047128195984031 309
1780132441763 0.9204094516594516 310
1780132441765 0.951559696342305 311
1780132441768 0.9333057280883368 312
1780132441770 0.9453614107733099 313
