1780124533519 0.0 0
1780124533521 0.07612162213571058 1
1780124533523 0.20706521739130435 2
1780124533525 0.33770825650009223 3
1780124533526 0.6170372650976099 4
1780124533528 0.5186693287736931 5
1780124533530 0.754923953907974 6
1780124533532 0.7294302345465136 7
1780124533534 0.6428229665071771 8
1780124533535 0.7749053164468693 9
1780124533537 0.8864935064935064 10
1780124533539 0.8732469066021696 11
1780124533541 0.8497462061747777 12
1780124533543 0.8697953701971739 13
1780124533545 0.8200113579196282 14
1780124533546 0.8412273170137621 15
1780124533548 0.9111972444480184 16
1780124533550 0.8522427853327033 17
1780124533552 0.8524640325237647 18
1780124533554 0.872768682860889 19
1780124533556 0.8947558568882098 20
1780124533557 0.8761036690684019 21
1780124533559 0.8786946532999165 22
1780124533561 0.9070494417862838 23
1780124533563 0.9251149933657674 24
1780124533565 0.8754567640991533 25
1780124533566 0.919602024384633 26
1780124533568 0.830203026741227 27
1780124533570 0.8477334666562356 28
1780124533572 0.8894153310341733 29
1780124533574 0.871125356125356 30
1780124533575 0.8724912280701755 31
1780124533577 0.8889246807714045 32
1780124533579 0.8869163879598663 33
1780124533581 0.7715002970885323 34
1780124533583 0.8909760480018927 35
1780124533584 0.8519517543859647 36
1780124533586 0.8405558114654224 37
1780124533588 0.9475846478942455 38
1780124533590 0.9198100323271948 39
1780124533592 0.8521653171390013 40
1780124533594 0.8809685830738461 41
1780124533595 0.8958965712649924 42
1780124533597 0.8518656696088047 43
1780124533599 0.8799089026915112 44
1780124533601 0.9338958970315815 45
1780124533602 0.8844386199455858 46
1780124533604 0.8863293650793651 47
1780124533606 0.9225485728581704 48
1780124533608 0.9496695951107714 49
1780124533610 0.9054707356626862 50
1780124533611 0.9176641604010026 51
1780124533613 0.8897227918280549 52
1780124533615 0.9189915161751546 53
1780124533617 0.8874143312827523 54
1780124533619 0.897736951898851 55
1780124533621 0.8803713416213416 56
1780124533623 0.9309492439927223 57
1780124533625 0.889466821211243 58
1780124533627 0.7392669539174099 59
1780124533628 0.9143872902696432 60
1780124533630 0.8927915762335366 61
1780124533632 0.903184020657705 62
1780124533635 0.8880597643097644 63
1780124533637 0.9207579554947977 64
1780124533639 0.882678022460631 65
1780124533641 0.9372408293460925 66
1780124533643 0.9225162337662338 67
1780124533645 0.921858813700919 68
1780124533646 0.9379262628010778 69
1780124533648 0.9010436931489563 70
1780124533650 0.865044191919192 71
1780124533652 0.8887878787878789 72
1780124533654 0.9219832189168573 73
1780124533655 0.8915065124933547 74
1780124533657 0.9211019214703425 75
1780124533659 0.9355775803144224 76
1780124533661 0.904344193817878 77
1780124533663 0.9052352752764652 78
1780124533665 0.9417027417027416 79
1780124533666 0.9532003262438045 80
1780124533668 0.9196684894053316 81
1780124533670 0.9325689223057644 82
1780124533672 0.9350701754385966 83
1780124533674 0.9072743149523335 84
1780124533675 0.9092786561264823 85
1780124533677 0.8911724909550995 86
1780124533679 0.765772028713205 87
1780124533681 0.887985650400511 88
1780124533683 0.9474453384779471 89
1780124533685 0.8945363408521303 90
1780124533686 0.9344011544011543 91
1780124533688 0.9511488614584589 92
1780124533690 0.9527380952380952 93
1780124533692 0.9224509803921569 94
1780124533694 0.9200879009116996 95
1780124533696 0.9276555023923445 96
1780124533697 0.9351190476190476 97
1780124533699 0.9130981054511812 98
1780124533701 0.8966433220147142 99
1780124533703 0.9617388167388168 100
1780124533704 0.9536618060302271 101
1780124533706 0.9198997493734338 102
1780124533708 0.9029031221560931 103
1780124533710 0.898827202228232 104
1780124533712 0.9291044718282568 105
1780124533713 0.9246728889184131 106
1780124533715 0.9141681521093286 107
1780124533717 0.8849640088593578 108
1780124533719 0.8688453159041394 109
1780124533721 0.9120187606697904 110
1780124533722 0.9324400923256757 111
1780124533724 0.9045435666429581 112
1780124533726 0.9033117832459938 113
1780124533728 0.9506588810857728 114
1780124533730 0.901962262496113 115
1780124533731 0.9238795518207283 116
1780124533733 0.8855452231130492 117
1780124533735 0.9198429043623552 118
1780124533737 0.922664109769373 119
1780124533739 0.907788497080461 120
1780124533741 0.9384848484848485 121
1780124533742 0.9668147641831851 122
1780124533744 0.9498836926074778 123
1780124533746 0.8963561076604554 124
1780124533748 0.9281784005468217 125
1780124533750 0.9349903084456861 126
1780124533751 0.8931907585168455 127
1780124533753 0.9615766689450899 128
1780124533755 0.9532289055973268 129
1780124533757 0.9153787708828766 130
1780124533759 0.9414223965711381 131
1780124533760 0.9331922815933114 132
1780124533762 0.9289085592769804 133
1780124533764 0.9137937604191475 134
1780124533766 0.9713852813852812 135
1780124533768 0.8685275033101121 136
1780124533769 0.8405841018884497 137
1780124533771 0.9084337312140516 138
1780124533773 0.9382000455684667 139
1780124533775 0.8548413666370323 140
1780124533777 0.930624287992709 141
1780124533779 0.9518771566597654 142
1780124533780 0.9255662686127083 143
1780124533782 0.961190476190476 144
1780124533784 0.9463602187286397 145
1780124533786 0.9434084542908072 146
1780124533788 0.9458589655958078 147
1780124533790 0.9066618250170881 148
1780124533791 0.9490558947001778 149
1780124533793 0.9541511387163559 150
1780124533795 0.9126079905646469 151
1780124533797 0.9217734553775745 152
1780124533799 0.9580026977853064 153
1780124533801 0.9451731601731602 154
1780124533802 0.9622476646160856 155
1780124533804 0.9381784005468216 156
1780124533806 0.9503291536050156 157
1780124533808 0.9676708074534162 158
1780124533809 0.9415873015873014 159
1780124533811 0.9622009569377988 160
1780124533813 0.9585331906842205 161
1780124533815 0.9429908103592313 162
1780124533817 0.963546365914787 163
1780124533818 0.9622009569377991 164
1780124533820 0.9616683011877519 165
1780124533822 0.9548033126293994 166
1780124533824 0.9512592086276296 167
1780124533826 0.9575108225108225 168
1780124533828 0.9365595022037854 169
1780124533829 0.966067821067821 170
1780124533831 0.9902380952380951 171
1780124533833 0.9662842712842712 172
1780124533835 0.9429152426520847 173
1780124533837 0.9625481523307611 174
1780124533838 0.9587844611528823 175
1780124533840 0.9706892230576442 176
1780124533842 0.962670807453416 177
1780124533844 0.9761904761904763 178
1780124533846 0.981147186147186 179
1780124533847 0.9759523809523809 180
1780124533849 0.9565983139667351 181
1780124533851 0.9031551177667747 182
1780124533866 0.970187969924812 183
1780124533868 0.9198412698412698 184
1780124533870 0.9904761904761905 185
1780124533872 0.9469523809523809 186
1780124533874 0.9516416040100252 187
1780124533876 0.926002886002886 188
1780124533881 0.963579898362507 189
1780124533883 0.9214542036910457 190
1780124533885 0.9568364092048303 191
1780124533887 0.9576457447967744 192
1780124533889 0.94874497625137 193
1780124533891 0.9548319327731093 194
1780124533892 0.9042206062351502 195
1780124533894 0.942987012987013 196
1780124533898 0.952032279314888 197
1780124533900 0.9716233766233765 198
1780124533901 0.9566233766233767 199
1780124533903 0.9701587301587301 200
1780124533905 0.9804761904761904 201
1780124533907 0.9425523294402014 202
1780124533908 0.9581567555251767 203
1780124533910 0.9657410236822 204
1780124533912 0.964983164983165 205
1780124533914 0.9612918660287081 206
1780124533916 0.9276774891774892 207
1780124533917 0.9730848861283643 208
1780124533919 0.9414051432930151 209
1780124533921 0.9254761904761905 210
1780124533923 0.9616933638443935 211
1780124533925 0.93122009569378 212
1780124533927 0.9670995670995671 213
1780124533928 0.9456892230576441 214
1780124533930 0.963579898362507 215
1780124533932 0.981147186147186 216
1780124533934 0.9727272727272727 217
1780124533936 0.9766233766233766 218
1780124533937 0.9857142857142858 219
1780124533939 0.9904761904761905 220
1780124533941 0.9664285714285713 221
1780124533943 0.9904761904761905 222
1780124533945 0.9714285714285713 223
1780124533947 0.980952380952381 224
1780124533948 0.9685714285714285 225
1780124533950 0.9628405499915796 226
1780124533952 0.9581469979296067 227
1780124533954 0.9761471861471861 228
1780124533956 0.9669314590824889 229
1780124533958 0.9759523809523809 230
1780124533959 0.9707142857142858 231
1780124533961 0.9268941292625502 232
1780124533963 0.9611904761904763 233
1780124533965 0.9331784005468217 234
1780124533967 0.9517604617604617 235
1780124533969 0.9721946169772255 236
1780124533971 0.9103556166056166 237
1780124533973 0.9711221234905445 238
1780124533974 0.9527922077922077 239
1780124533977 0.9778656126482215 240
1780124533979 0.9545238095238096 241
1780124533980 0.9626024547534845 242
1780124533982 0.9613351560719983 243
1780124533984 0.9580848861283643 244
1780124533986 0.981147186147186 245
1780124533988 0.9769565217391303 246
1780124533990 0.9763852813852812 247
1780124533991 0.9661471861471862 248
1780124533993 0.9759523809523809 249
1780124533995 0.9663852813852813 250
1780124533997 0.9253968253968253 251
1780124533999 0.9287878787878789 252
1780124534000 0.9666233766233766 253
1780124534002 0.9807142857142856 254
1780124534004 0.9559848484848483 255
1780124534006 0.966097060833903 256
1780124534008 0.9583418031244119 257
1780124534010 0.9813852813852814 258
1780124534012 0.9670562770562772 259
1780124534014 0.977432712215321 260
1780124534015 0.9728656126482212 261
1780124534017 0.9904761904761905 262
1780124534019 0.9904761904761905 263
1780124534021 0.9645502645502646 264
1780124534023 0.9445378151260504 265
1780124534025 0.9644444444444445 266
1780124534027 0.9766233766233766 267
1780124534028 0.9573058520426942 268
1780124534030 0.9813852813852814 269
1780124534032 0.9711904761904762 270
1780124534034 0.9761471861471861 271
1780124534036 0.9727272727272727 272
1780124534038 0.9548319327731093 273
1780124534039 0.976190476190476 274
1780124534041 0.9542871066555276 275
1780124534043 0.9276190476190477 276
1780124534045 0.9483516483516483 277
1780124534047 0.9593796992481204 278
1780124534049 0.9759523809523809 279
1780124534050 0.9289290419725201 280
1780124534052 0.9818181818181818 281
1780124534054 0.9608297258297256 282
1780124534056 0.9204116429180369 283
1780124534058 0.9667931191615402 284
1780124534060 0.9766233766233766 285
1780124534061 0.9652380952380952 286
1780124534063 0.9618364092048303 287
1780124534065 0.9711471861471861 288
1780124534067 1.0 289
1780124534069 0.9688095238095238 290
1780124534071 0.9449013461183847 291
1780124534072 0.9707142857142858 292
1780124534074 0.9771946169772256 293
1780124534076 0.9612918660287081 294
1780124534078 0.9486953384779472 295
1780124534081 0.9257034632034632 296
1780124534083 0.9666233766233765 297
1780124534085 0.9854761904761904 298
1780124534087 0.9667931191615402 299
1780124534089 0.9708840282524491 300
1780124534091 0.9484848484848485 301
1780124534092 0.9670995670995671 302
1780124534094 0.9759523809523809 303
1780124534096 0.975 304
1780124534098 0.9282900432900432 305
1780124534100 0.980952380952381 306
1780124534101 0.9492508940335027 307
1780124534103 0.929575569358178 308
1780124534105 0.9262026862026861 309
1780124534107 0.9572849944360243 310
1780124534109 0.965689223057644 311
1780124534111 0.9763852813852812 312
1780124534112 0.9694047619047618 313
