1780567417817 0.0 0
1780567417819 0.080754196148249 1
1780567417821 0.1293190124669546 2
1780567417823 0.14231919890721587 3
1780567417825 0.09223548663812424 4
1780567417827 0.10417432022487545 5
1780567417828 0.08183169987667943 6
1780567417830 0.20153072183962523 7
1780567417832 0.08510051241623966 8
1780567417834 0.16081492017057641 9
1780567417836 0.09269990785653436 10
1780567417838 0.09723427889243695 11
1780567417840 0.07884441707717568 12
1780567417841 0.23532341499289297 13
1780567417843 0.20174273756530264 14
1780567417845 0.06651841550411554 15
1780567417847 0.1881455561056024 16
1780567417849 0.20366846897694263 17
1780567417851 0.16558391550145674 18
1780567417853 0.280319117275639 19
1780567417854 0.18653708998536586 20
1780567417856 0.13109373807459831 21
1780567417858 0.09966499674160964 22
1780567417860 0.19791374217180668 23
1780567417862 0.23186029610766629 24
1780567417864 0.22332268450036516 25
1780567417865 0.14961269029176255 26
1780567417867 0.18164831628356148 27
1780567417869 0.23199791429624642 28
1780567417871 0.17233624757861218 29
1780567417873 0.1256923263292366 30
1780567417875 0.2482608006324345 31
1780567417877 0.16702224902800067 32
1780567417878 0.25417890145472255 33
1780567417880 0.24278219778219784 34
1780567417882 0.2289159523314453 35
1780567417884 0.30785612494211145 36
1780567417886 0.24311891322437112 37
1780567417888 0.2537276501087243 38
1780567417890 0.28532939269619517 39
1780567417891 0.2810781778885227 40
1780567417893 0.18204409663045892 41
1780567417895 0.2306538773360217 42
1780567417897 0.3115196861414882 43
1780567417899 0.16345161389432777 44
1780567417901 0.17223423723299613 45
1780567417903 0.26059174202538216 46
1780567417904 0.20590705031316453 47
1780567417906 0.2195386502981626 48
1780567417908 0.2452187626622611 49
1780567417910 0.24810544612486382 50
1780567417912 0.2293834513335568 51
1780567417914 0.24097508535401757 52
1780567417916 0.15295810539360494 53
1780567417917 0.289686173642868 54
1780567417919 0.2675168266140471 55
1780567417921 0.2703031268057548 56
1780567417923 0.2732529291510031 57
1780567417930 0.2868874616629699 58
1780567417932 0.24084165840958988 59
1780567417933 0.2836217077614237 60
1780567417935 0.25048569243983004 61
1780567417937 0.28741747791567496 62
1780567417939 0.2517390424084799 63
1780567417941 0.20496138588026444 64
1780567417943 0.2619210849120894 65
1780567417945 0.2813374252522326 66
1780567417946 0.2685363307549571 67
1780567417948 0.23185692799828278 68
1780567417950 0.31337996899497356 69
1780567417952 0.22329840701933726 70
1780567417954 0.19782999093984213 71
1780567417956 0.2205912406244887 72
1780567417958 0.229795098318229 73
1780567417959 0.26990348818076465 74
1780567417961 0.2503755712094985 75
1780567417963 0.26699711563947454 76
1780567417965 0.3077221452663042 77
1780567417967 0.2078287077730904 78
1780567417969 0.1740887299866393 79
1780567417971 0.27982702203574916 80
1780567417973 0.21717795468294562 81
1780567417974 0.1519762419968121 82
1780567417976 0.28476933369341795 83
1780567417978 0.21994200221946816 84
1780567417980 0.23849913173073817 85
1780567417982 0.2577756135941215 86
1780567417984 0.3223021472912485 87
1780567417986 0.33895148856990964 88
1780567417987 0.28642691967500156 89
1780567417989 0.2643781221692634 90
1780567417991 0.26368845894296583 91
1780567417993 0.17710820946939682 92
1780567417995 0.29382915607883936 93
1780567417997 0.26730385759088976 94
1780567417999 0.29243601950851217 95
1780567418000 0.23844012694970934 96
1780567418002 0.2650222432059081 97
1780567418004 0.23473062387703428 98
1780567418006 0.2829258015684038 99
1780567418008 0.25547153687629 100
1780567418010 0.3429495951500287 101
1780567418012 0.31723956079952453 102
1780567418014 0.21896601837560628 103
1780567418015 0.2958082811186259 104
1780567418017 0.2663782042477695 105
1780567418019 0.24833392613443128 106
1780567418021 0.21075195806903121 107
1780567418023 0.3419686324625483 108
1780567418025 0.3122456220041359 109
1780567418027 0.20213468789275243 110
1780567418028 0.3647979315652316 111
1780567418030 0.28328334050911097 112
1780567418032 0.3197024098017187 113
1780567418034 0.24516528340057753 114
1780567418036 0.287624075452439 115
1780567418038 0.303946300560532 116
1780567418040 0.34173317884029675 117
1780567418042 0.21567837019256936 118
1780567418043 0.3359168109355162 119
1780567418045 0.2024088642147872 120
1780567418047 0.24653983447600467 121
1780567418049 0.24012709432496146 122
1780567418051 0.2930073235565226 123
1780567418053 0.3515267480346381 124
1780567418055 0.2781002255340893 125
1780567418056 0.24378521363443822 126
1780567418058 0.26747688213313936 127
1780567418060 0.3433962893839504 128
1780567418062 0.34061455180323935 129
1780567418064 0.17533643268937388 130
1780567418066 0.2578761647613514 131
1780567418068 0.323066870746345 132
1780567418069 0.32171220748319 133
1780567418071 0.2687342554049523 134
1780567418073 0.27966519230584563 135
1780567418075 0.2869244441306631 136
1780567418077 0.27749721662913834 137
1780567418079 0.28899225824725494 138
1780567418081 0.3602422766520476 139
1780567418082 0.3261975975123169 140
1780567418084 0.34351538944073906 141
1780567418086 0.3021996456878766 142
1780567418088 0.27256563565978226 143
1780567418090 0.2650092051411161 144
1780567418092 0.3021051999395076 145
1780567418094 0.26581081240350274 146
1780567418096 0.2584976949647121 147
1780567418097 0.3656889868383038 148
1780567418100 0.295226372659975 149
1780567418102 0.3600169548081328 150
1780567418104 0.28862989338480893 151
1780567418106 0.3264576142782166 152
1780567418108 0.30739092507112387 153
1780567418109 0.3239809072381728 154
1780567418111 0.31203119593352985 155
1780567418113 0.29045488789474866 156
1780567418115 0.3407650628528677 157
1780567418117 0.3384904086568713 158
1780567418119 0.32438516344398693 159
1780567418121 0.36643131482493896 160
1780567418122 0.3397615021144433 161
1780567418124 0.3482915632510538 162
1780567418126 0.3061315857111036 163
1780567418128 0.28994259968833025 164
1780567418130 0.3675227965114167 165
1780567418132 0.36668387649626694 166
1780567418134 0.3802043442412579 167
1780567418135 0.37325084830839306 168
1780567418137 0.39973175705865166 169
1780567418139 0.34642895526123263 170
1780567418141 0.3712739144240692 171
1780567418143 0.3278051405313069 172
1780567418145 0.42552669552669553 173
1780567418146 0.38589953149898776 174
1780567418148 0.2863084668742564 175
1780567418150 0.28238897462396384 176
1780567418152 0.35404758382343976 177
1780567418154 0.3301557762912633 178
1780567418156 0.3238514013502371 179
1780567418158 0.3515710410983718 180
1780567418159 0.3335659777255656 181
1780567418161 0.3423900180186097 182
1780567418163 0.28507410674503386 183
1780567418165 0.3397212364071505 184
1780567418167 0.35154277261083705 185
1780567418169 0.33521670704355955 186
1780567418171 0.40493942601585375 187
1780567418172 0.33957240325462623 188
1780567418174 0.3725283835739559 189
1780567418176 0.22523634874146126 190
1780567418178 0.31342792406051917 191
1780567418180 0.31225408857782283 192
1780567418182 0.30166489271721375 193
1780567418184 0.3424100818845722 194
1780567418186 0.33775400004676637 195
1780567418187 0.14994358894711043 196
1780567418189 0.35621188226800227 197
1780567418191 0.33936671611101454 198
1780567418193 0.3212535921858772 199
1780567418195 0.421110834279024 200
1780567418197 0.3427429319170056 201
1780567418199 0.26645535382491903 202
1780567418201 0.4092771443918757 203
1780567418202 0.3166485166485166 204
1780567418204 0.32059377315191273 205
1780567418206 0.38653101355612207 206
1780567418208 0.3284443172810715 207
1780567418210 0.3035593771184997 208
1780567418212 0.3362401866493938 209
1780567418214 0.32509055204649834 210
1780567418215 0.2972389807450455 211
1780567418217 0.4045649737463374 212
1780567418219 0.3827277273953798 213
1780567418221 0.3709716672216672 214
1780567418223 0.37318026594015696 215
1780567418225 0.31759349986229546 216
1780567418227 0.3385714310525076 217
1780567418228 0.3366562598687786 218
1780567418230 0.33812192623750986 219
1780567418232 0.33109606966749827 220
1780567418234 0.3598518954834129 221
1780567418236 0.342012178547792 222
1780567418238 0.4120996697624024 223
1780567418240 0.45095984324237925 224
1780567418241 0.4282546460810579 225
1780567418243 0.3998214917598647 226
1780567418245 0.35494764633064435 227
1780567418247 0.3007544321657225 228
1780567418249 0.3503139370249383 229
1780567418251 0.3572446584010307 230
1780567418253 0.3575273978695607 231
1780567418254 0.3873704893516276 232
1780567418256 0.37508065979428207 233
1780567418258 0.37606124117518763 234
1780567418260 0.43053714431976176 235
1780567418262 0.28346249837225057 236
1780567418264 0.3269079551621257 237
1780567418266 0.377113143726047 238
1780567418268 0.3541881494016371 239
1780567418270 0.295612664496679 240
1780567418271 0.2946660856986944 241
1780567418273 0.3280705230285142 242
1780567418275 0.16454514051152708 243
1780567418277 0.3603633495721391 244
1780567418279 0.36827508341301446 245
1780567418281 0.41094931479529195 246
1780567418283 0.2864683667887329 247
1780567418284 0.34485321015871356 248
1780567418286 0.43072419671443446 249
1780567418288 0.4609783392768452 250
1780567418290 0.35993823899450533 251
1780567418292 0.3152225862340812 252
1780567418294 0.3865274090282601 253
1780567418296 0.4124730358664876 254
1780567418297 0.3517055214895265 255
1780567418299 0.29937006906902963 256
1780567418301 0.37744434244434244 257
1780567418303 0.3730377276565782 258
1780567418305 0.33647817919677003 259
1780567418307 0.2572233519486364 260
1780567418309 0.3148015620116404 261
1780567418310 0.3997562377017282 262
1780567418312 0.3070345054555581 263
1780567418314 0.3416238663902319 264
1780567418316 0.3255472880196054 265
1780567418318 0.3744827895960929 266
1780567418320 0.38188626784200225 267
1780567418322 0.3020818593425711 268
1780567418323 0.3413845517820695 269
1780567418325 0.3995784968999255 270
1780567418327 0.38313684262603276 271
1780567418329 0.3482479240708896 272
1780567418331 0.37016749715884256 273
1780567418333 0.44512496898563647 274
1780567418335 0.39043502566615773 275
1780567418336 0.4153265072708458 276
1780567418338 0.3400268291099287 277
1780567418340 0.3207653186921479 278
1780567418342 0.37154966780810217 279
1780567418344 0.3720877029567693 280
1780567418346 0.35228303000087713 281
1780567418348 0.40245655822777043 282
1780567418349 0.38461227753025307 283
1780567418351 0.33627970249397776 284
1780567418353 0.26288514667825014 285
1780567418355 0.37022301452808964 286
1780567418357 0.39636333090811343 287
1780567418359 0.36164046075860184 288
1780567418361 0.37157328445682314 289
1780567418362 0.3467963310308606 290
1780567418364 0.33382075783901016 291
1780567418366 0.3163732923949252 292
1780567418368 0.397620558765249 293
1780567418370 0.3650479909052987 294
1780567418372 0.34441431532018174 295
1780567418374 0.4164643811521159 296
1780567418375 0.3697551574975793 297
1780567418377 0.4941377328989086 298
