1780133220915 0.0 0
1780133220917 0.9027777777777727 1
1780133220920 0.8994444444444394 2
1780133220923 0.9049999999999949 3
1780133220925 0.9044444444444393 4
1780133220927 0.9055555555555506 5
1780133220930 0.9022222222222173 6
1780133220932 0.9111111111111061 7
1780133220935 0.9133333333333283 8
1780133220937 0.912222222222217 9
1780133220940 0.9105555555555505 10
1780133220942 0.9199999999999949 11
1780133220945 0.9105555555555507 12
1780133220947 0.9122222222222172 13
1780133220950 0.914999999999995 14
1780133220952 0.9116666666666617 15
1780133220954 0.9238888888888838 16
1780133220957 0.916111111111106 17
1780133220959 0.9188888888888839 18
1780133220962 0.9205555555555502 19
1780133220964 0.917222222222217 20
1780133220967 0.9183333333333283 21
1780133220969 0.9233333333333281 22
1780133220972 0.924999999999995 23
1780133220974 0.9199999999999948 24
1780133220977 0.9238888888888838 25
1780133220979 0.9199999999999949 26
1780133220981 0.9216666666666617 27
1780133220984 0.9199999999999949 28
1780133220986 0.9299999999999947 29
1780133220989 0.9238888888888838 30
1780133220991 0.9272222222222171 31
1780133220994 0.9238888888888838 32
1780133220996 0.9255555555555504 33
1780133220999 0.9199999999999949 34
1780133221001 0.9249999999999948 35
1780133221004 0.9211111111111059 36
1780133221006 0.9211111111111059 37
1780133221009 0.9255555555555505 38
1780133221011 0.9255555555555505 39
1780133221013 0.9305555555555504 40
1780133221016 0.9266666666666616 41
1780133221018 0.9233333333333281 42
1780133221021 0.9266666666666616 43
1780133221023 0.926111111111106 44
1780133221026 0.9294444444444393 45
1780133221028 0.9283333333333281 46
1780133221031 0.931111111111106 47
1780133221033 0.9305555555555504 48
1780133221036 0.9294444444444393 49
1780133221038 0.9327777777777726 50
1780133221040 0.9327777777777726 51
1780133221043 0.9316666666666616 52
1780133221045 0.932222222222217 53
1780133221048 0.9294444444444391 54
1780133221050 0.9283333333333281 55
1780133221053 0.9305555555555503 56
1780133221055 0.9344444444444393 57
1780133221058 0.9394444444444392 58
1780133221060 0.9361111111111059 59
1780133221063 0.9372222222222171 60
1780133221065 0.932222222222217 61
1780133221068 0.9355555555555503 62
1780133221070 0.9338888888888837 63
1780133221073 0.9294444444444393 64
1780133221075 0.9305555555555504 65
1780133221078 0.9338888888888837 66
1780133221080 0.9361111111111059 67
1780133221083 0.9283333333333281 68
1780133221085 0.9316666666666615 69
1780133221088 0.9372222222222171 70
1780133221090 0.9416666666666614 71
1780133221093 0.9466666666666615 72
1780133221095 0.9427777777777726 73
1780133221098 0.9349999999999948 74
1780133221100 0.9305555555555504 75
1780133221103 0.9416666666666614 76
1780133221105 0.9405555555555504 77
1780133221108 0.9383333333333281 78
1780133221110 0.942222222222217 79
1780133221113 0.9388888888888838 80
1780133221115 0.9405555555555504 81
1780133221118 0.9399999999999947 82
1780133221120 0.9427777777777726 83
1780133221123 0.9466666666666615 84
1780133221125 0.9427777777777726 85
1780133221127 0.9361111111111059 86
1780133221130 0.9416666666666614 87
1780133221132 0.9383333333333281 88
1780133221135 0.9438888888888837 89
1780133221137 0.9349999999999946 90
1780133221140 0.942222222222217 91
1780133221142 0.9405555555555504 92
1780133221145 0.9405555555555504 93
1780133221147 0.9461111111111059 94
1780133221150 0.9394444444444392 95
1780133221152 0.9438888888888837 96
1780133221155 0.947222222222217 97
1780133221157 0.9455555555555503 98
1780133221160 0.9394444444444392 99
1780133221162 0.9449999999999947 100
1780133221165 0.9405555555555504 101
1780133221167 0.9461111111111059 102
1780133221170 0.9466666666666613 103
1780133221173 0.9427777777777726 104
1780133221176 0.9477777777777726 105
1780133221178 0.9427777777777726 106
1780133221181 0.9477777777777725 107
1780133221184 0.9461111111111057 108
1780133221186 0.9477777777777725 109
1780133221189 0.9411111111111058 110
1780133221191 0.9449999999999946 111
1780133221194 0.9477777777777725 112
1780133221196 0.9394444444444392 113
1780133221199 0.9427777777777726 114
1780133221201 0.9477777777777725 115
1780133221204 0.947222222222217 116
1780133221206 0.9483333333333281 117
1780133221208 0.9438888888888837 118
1780133221211 0.9416666666666614 119
1780133221213 0.9483333333333281 120
1780133221216 0.9427777777777726 121
1780133221218 0.9449999999999947 122
1780133221221 0.9488888888888836 123
1780133221223 0.9427777777777727 124
1780133221226 0.9449999999999947 125
1780133221228 0.9499999999999948 126
1780133221231 0.9466666666666615 127
1780133221233 0.9483333333333281 128
1780133221236 0.9511111111111058 129
1780133221238 0.9499999999999946 130
1780133221241 0.947222222222217 131
1780133221243 0.9488888888888836 132
1780133221246 0.947222222222217 133
1780133221248 0.9538888888888835 134
1780133221251 0.947222222222217 135
1780133221253 0.9477777777777726 136
1780133221256 0.947222222222217 137
1780133221258 0.9511111111111059 138
1780133221261 0.9544444444444391 139
1780133221263 0.9527777777777725 140
1780133221265 0.9499999999999946 141
1780133221268 0.9522222222222169 142
1780133221270 0.9527777777777725 143
1780133221273 0.9549999999999945 144
1780133221275 0.9488888888888838 145
1780133221278 0.9455555555555503 146
1780133221280 0.9544444444444393 147
1780133221283 0.9555555555555502 148
1780133221285 0.9555555555555502 149
1780133221288 0.9444444444444393 150
1780133221290 0.9522222222222169 151
1780133221293 0.9488888888888836 152
1780133221295 0.9483333333333281 153
1780133221298 0.9455555555555503 154
1780133221300 0.9472222222222169 155
1780133221303 0.9499999999999946 156
1780133221305 0.957222222222217 157
1780133221308 0.9622222222222169 158
1780133221310 0.9616666666666613 159
1780133221313 0.9649999999999945 160
1780133221315 0.9649999999999948 161
1780133221318 0.9599999999999946 162
1780133221320 0.9655555555555502 163
1780133221323 0.968333333333328 164
1780133221325 0.9644444444444391 165
1780133221328 0.9622222222222169 166
1780133221330 0.9744444444444389 167
1780133221333 0.9644444444444391 168
1780133221335 0.9683333333333278 169
1780133221337 0.9722222222222168 170
1780133221340 0.9688888888888835 171
1780133221342 0.9622222222222169 172
1780133221345 0.969444444444439 173
1780133221347 0.9733333333333279 174
1780133221350 0.9738888888888836 175
1780133221352 0.9672222222222169 176
1780133221355 0.9705555555555501 177
1780133221357 0.9716666666666611 178
1780133221360 0.9749999999999945 179
1780133221362 0.9699999999999946 180
1780133221364 0.9733333333333279 181
1780133221367 0.9727777777777723 182
1780133221369 0.9677777777777724 183
1780133221372 0.9699999999999946 184
1780133221374 0.9772222222222167 185
1780133221377 0.9716666666666611 186
1780133221379 0.9716666666666611 187
1780133221382 0.9716666666666613 188
1780133221384 0.9711111111111055 189
1780133221387 0.9738888888888836 190
1780133221389 0.9733333333333277 191
1780133221392 0.9733333333333277 192
1780133221394 0.9722222222222168 193
1780133221397 0.9749999999999945 194
1780133221399 0.9733333333333279 195
1780133221402 0.9755555555555502 196
1780133221404 0.9699999999999946 197
1780133221406 0.974444444444439 198
1780133221409 0.9761111111111056 199
1780133221411 0.9749999999999945 200
1780133221414 0.9833333333333278 201
1780133221416 0.9749999999999945 202
1780133221419 0.9749999999999945 203
1780133221421 0.9727777777777723 204
1780133221424 0.9711111111111057 205
1780133221427 0.9788888888888833 206
1780133221429 0.9799999999999944 207
1780133221431 0.9755555555555502 208
1780133221434 0.9766666666666612 209
1780133221436 0.97555555555555 210
1780133221439 0.9711111111111057 211
1780133221441 0.9783333333333278 212
1780133221444 0.9761111111111056 213
1780133221446 0.9727777777777723 214
1780133221449 0.9777777777777723 215
1780133221451 0.9738888888888834 216
1780133221454 0.9755555555555502 217
1780133221456 0.9761111111111056 218
1780133221458 0.9755555555555502 219
1780133221461 0.9738888888888836 220
1780133221463 0.9733333333333279 221
1780133221466 0.9749999999999945 222
1780133221468 0.9772222222222167 223
1780133221471 0.9788888888888835 224
1780133221473 0.9755555555555502 225
1780133221475 0.9727777777777724 226
1780133221478 0.9733333333333279 227
1780133221480 0.9799999999999945 228
1780133221483 0.974444444444439 229
1780133221485 0.9811111111111057 230
1780133221488 0.9838888888888834 231
1780133221490 0.974444444444439 232
1780133221493 0.9766666666666612 233
1780133221495 0.9722222222222168 234
1780133221497 0.9822222222222168 235
1780133221500 0.9733333333333279 236
1780133221502 0.9783333333333278 237
1780133221505 0.9794444444444389 238
1780133221507 0.9733333333333277 239
1780133221510 0.9805555555555501 240
1780133221512 0.9772222222222167 241
1780133221515 0.9805555555555501 242
1780133221517 0.9816666666666611 243
1780133221520 0.9783333333333278 244
1780133221522 0.9822222222222168 245
1780133221524 0.9761111111111058 246
1780133221527 0.9783333333333278 247
1780133221529 0.976666666666661 248
1780133221532 0.976666666666661 249
1780133221534 0.976666666666661 250
1780133221537 0.9805555555555501 251
1780133221539 0.9788888888888833 252
1780133221542 0.9838888888888834 253
1780133221544 0.9805555555555501 254
1780133221547 0.9788888888888835 255
1780133221549 0.9844444444444388 256
1780133221551 0.9805555555555501 257
1780133221554 0.9816666666666611 258
1780133221556 0.9849999999999944 259
1780133221559 0.9833333333333278 260
1780133221561 0.9816666666666611 261
1780133221564 0.9838888888888834 262
1780133221566 0.9833333333333277 263
1780133221569 0.9783333333333278 264
1780133221571 0.9794444444444389 265
1780133221573 0.9777777777777722 266
1780133221576 0.9822222222222166 267
1780133221578 0.9805555555555501 268
1780133221581 0.9799999999999944 269
1780133221583 0.9805555555555502 270
1780133221586 0.9799999999999945 271
1780133221588 0.9833333333333277 272
1780133221591 0.9805555555555501 273
1780133221593 0.9783333333333278 274
1780133221596 0.9794444444444389 275
1780133221598 0.9838888888888834 276
1780133221601 0.9799999999999944 277
1780133221603 0.9811111111111057 278
1780133221605 0.9822222222222168 279
1780133221608 0.9816666666666611 280
1780133221610 0.9849999999999944 281
1780133221613 0.98555555555555 282
1780133221615 0.9805555555555501 283
1780133221618 0.9805555555555501 284
1780133221620 0.9788888888888835 285
1780133221623 0.9816666666666611 286
1780133221625 0.9844444444444388 287
1780133221628 0.9827777777777722 288
1780133221630 0.9849999999999944 289
1780133221633 0.9816666666666611 290
1780133221635 0.976666666666661 291
1780133221638 0.9788888888888833 292
1780133221640 0.9816666666666611 293
1780133221643 0.976666666666661 294
1780133221645 0.9811111111111055 295
1780133221648 0.9827777777777724 296
1780133221650 0.9788888888888835 297
1780133221652 0.9772222222222167 298
1780133221655 0.9783333333333278 299
1780133221657 0.9822222222222166 300
1780133221660 0.98555555555555 301
1780133221662 0.9811111111111055 302
1780133221665 0.9805555555555501 303
1780133221667 0.9844444444444388 304
1780133221670 0.9838888888888834 305
1780133221672 0.9799999999999944 306
1780133221675 0.9838888888888834 307
1780133221677 0.9822222222222166 308
1780133221679 0.9811111111111055 309
1780133221682 0.9811111111111057 310
1780133221684 0.9816666666666611 311
1780133221687 0.9849999999999944 312
1780133221690 0.9849999999999944 313
