1780253701165 0.0 0
1780253701168 0.11499999999999999 1
1780253701170 0.11000000000000001 2
1780253701172 0.13999999999999999 3
1780253701174 0.255 4
1780253701176 0.2899999999999999 5
1780253701178 0.28500000000000003 6
1780253701180 0.31 7
1780253701183 0.35500000000000004 8
1780253701185 0.4 9
1780253701187 0.43500000000000005 10
1780253701189 0.44000000000000006 11
1780253701191 0.49000000000000005 12
1780253701193 0.4499999999999999 13
1780253701195 0.53 14
1780253701197 0.5650000000000001 15
1780253701199 0.5650000000000001 16
1780253701200 0.545 17
1780253701202 0.5 18
1780253701204 0.5900000000000001 19
1780253701206 0.635 20
1780253701208 0.595 21
1780253701210 0.6599999999999999 22
1780253701212 0.72 23
1780253701214 0.7100000000000001 24
1780253701216 0.635 25
1780253701217 0.6850000000000002 26
1780253701219 0.6700000000000002 27
1780253701221 0.7200000000000001 28
1780253701223 0.72 29
1780253701225 0.7 30
1780253701227 0.7299999999999999 31
1780253701229 0.7100000000000001 32
1780253701231 0.745 33
1780253701232 0.7350000000000001 34
1780253701234 0.7249999999999999 35
1780253701236 0.7900000000000001 36
1780253701238 0.6849999999999999 37
1780253701240 0.755 38
1780253701242 0.7399999999999999 39
1780253701244 0.71 40
1780253701246 0.7749999999999999 41
1780253701247 0.7249999999999999 42
1780253701249 0.67 43
1780253701251 0.805 44
1780253701253 0.8049999999999999 45
1780253701255 0.7899999999999998 46
1780253701257 0.745 47
1780253701259 0.775 48
1780253701260 0.79 49
1780253701262 0.7649999999999999 50
1780253701264 0.765 51
1780253701266 0.7350000000000001 52
1780253701268 0.79 53
1780253701270 0.7499999999999999 54
1780253701272 0.74 55
1780253701274 0.78 56
1780253701275 0.7549999999999999 57
1780253701277 0.77 58
1780253701279 0.795 59
1780253701281 0.7799999999999999 60
1780253701283 0.77 61
1780253701285 0.8149999999999998 62
1780253701286 0.755 63
1780253701288 0.825 64
1780253701290 0.795 65
1780253701292 0.8099999999999999 66
1780253701294 0.8200000000000001 67
1780253701296 0.7750000000000001 68
1780253701298 0.8150000000000001 69
1780253701299 0.7849999999999999 70
1780253701301 0.785 71
1780253701303 0.775 72
1780253701305 0.85 73
1780253701307 0.78 74
1780253701309 0.835 75
1780253701311 0.775 76
1780253701313 0.75 77
1780253701314 0.805 78
1780253701316 0.845 79
1780253701319 0.8450000000000001 80
1780253701322 0.835 81
1780253701324 0.775 82
1780253701325 0.7999999999999999 83
1780253701327 0.79 84
1780253701330 0.8149999999999998 85
1780253701332 0.7949999999999999 86
1780253701334 0.8 87
1780253701335 0.745 88
1780253701337 0.8550000000000001 89
1780253701339 0.8400000000000001 90
1780253701341 0.775 91
1780253701343 0.86 92
1780253701345 0.8099999999999999 93
1780253701347 0.85 94
1780253701348 0.86 95
1780253701350 0.8 96
1780253701352 0.845 97
1780253701354 0.805 98
1780253701356 0.835 99
1780253701358 0.8200000000000001 100
1780253701360 0.8400000000000001 101
1780253701362 0.825 102
1780253701364 0.82 103
1780253701366 0.835 104
1780253701368 0.825 105
1780253701370 0.79 106
1780253701371 0.8400000000000001 107
1780253701373 0.8550000000000001 108
1780253701375 0.765 109
1780253701378 0.8200000000000001 110
1780253701380 0.835 111
1780253701381 0.825 112
1780253701383 0.85 113
1780253701385 0.8400000000000001 114
1780253701387 0.77 115
1780253701389 0.8150000000000001 116
1780253701391 0.86 117
1780253701392 0.8399999999999999 118
1780253701394 0.85 119
1780253701396 0.8 120
1780253701398 0.865 121
1780253701400 0.86 122
1780253701402 0.825 123
1780253701404 0.86 124
1780253701406 0.7999999999999999 125
1780253701408 0.82 126
1780253701409 0.8300000000000001 127
1780253701411 0.8800000000000001 128
1780253701413 0.835 129
1780253701415 0.85 130
1780253701417 0.85 131
1780253701419 0.8400000000000001 132
1780253701421 0.8150000000000001 133
1780253701422 0.8600000000000001 134
1780253701424 0.9099999999999999 135
1780253701426 0.835 136
1780253701428 0.7750000000000001 137
1780253701430 0.835 138
1780253701432 0.8400000000000001 139
1780253701433 0.825 140
1780253701435 0.8099999999999999 141
1780253701437 0.85 142
1780253701439 0.86 143
1780253701441 0.8600000000000001 144
1780253701443 0.8699999999999999 145
1780253701445 0.8200000000000001 146
1780253701447 0.8549999999999999 147
1780253701448 0.865 148
1780253701450 0.8150000000000001 149
1780253701452 0.85 150
1780253701454 0.845 151
1780253701456 0.845 152
1780253701458 0.845 153
1780253701460 0.8850000000000001 154
1780253701461 0.845 155
1780253701463 0.8099999999999999 156
1780253701465 0.8700000000000001 157
1780253701467 0.86 158
1780253701469 0.875 159
1780253701471 0.85 160
1780253701473 0.9 161
1780253701475 0.89 162
1780253701477 0.915 163
1780253701478 0.85 164
1780253701480 0.9099999999999999 165
1780253701482 0.9200000000000002 166
1780253701484 0.8949999999999999 167
1780253701486 0.915 168
1780253701488 0.925 169
1780253701490 0.905 170
1780253701491 0.8950000000000001 171
1780253701493 0.875 172
1780253701495 0.8799999999999999 173
1780253701497 0.9000000000000001 174
1780253701499 0.9 175
1780253701501 0.885 176
1780253701502 0.8899999999999999 177
1780253701504 0.9199999999999999 178
1780253701506 0.915 179
1780253701508 0.95 180
1780253701510 0.93 181
1780253701517 0.89 182
1780253701523 0.905 183
1780253701525 0.9049999999999999 184
1780253701527 0.905 185
1780253701529 0.9349999999999999 186
1780253701531 0.8699999999999999 187
1780253701533 0.8699999999999999 188
1780253701535 0.875 189
1780253701537 0.9099999999999998 190
1780253701538 0.9099999999999999 191
1780253701540 0.93 192
1780253701542 0.8949999999999999 193
1780253701544 0.885 194
1780253701546 0.8850000000000001 195
1780253701548 0.8550000000000001 196
1780253701550 0.9249999999999998 197
1780253701552 0.9199999999999999 198
1780253701554 0.925 199
1780253701556 0.9 200
1780253701558 0.925 201
1780253701559 0.9099999999999999 202
1780253701561 0.9399999999999998 203
1780253701563 0.9099999999999999 204
1780253701565 0.9199999999999999 205
1780253701567 0.8999999999999998 206
1780253701569 0.9400000000000001 207
1780253701572 0.9399999999999998 208
1780253701574 0.9099999999999999 209
1780253701576 0.9400000000000001 210
1780253701578 0.9199999999999999 211
1780253701580 0.9049999999999999 212
1780253701582 0.8799999999999999 213
1780253701584 0.915 214
1780253701586 0.885 215
1780253701588 0.9199999999999999 216
1780253701590 0.9499999999999998 217
1780253701591 0.905 218
1780253701593 0.97 219
1780253701596 0.925 220
1780253701597 0.93 221
1780253701599 0.9650000000000001 222
1780253701601 0.925 223
1780253701603 0.915 224
1780253701605 0.915 225
1780253701606 0.925 226
1780253701608 0.9349999999999999 227
1780253701611 0.885 228
1780253701612 0.95 229
1780253701614 0.9200000000000002 230
1780253701616 0.95 231
1780253701618 0.9049999999999999 232
1780253701620 0.93 233
1780253701622 0.9299999999999999 234
1780253701623 0.915 235
1780253701625 0.95 236
1780253701627 0.915 237
1780253701630 0.9100000000000001 238
1780253701631 0.9199999999999999 239
1780253701633 0.925 240
1780253701635 0.9199999999999999 241
1780253701637 0.9100000000000001 242
1780253701639 0.9349999999999999 243
1780253701641 0.9400000000000001 244
1780253701642 0.97 245
1780253701644 0.9349999999999999 246
1780253701646 0.9299999999999999 247
1780253701648 0.945 248
1780253701650 0.9399999999999998 249
1780253701652 0.9400000000000001 250
1780253701654 0.905 251
1780253701656 0.925 252
1780253701657 0.93 253
1780253701659 0.945 254
1780253701661 0.9399999999999998 255
1780253701663 0.9399999999999998 256
1780253701665 0.9049999999999999 257
1780253701667 0.9550000000000001 258
1780253701668 0.9299999999999999 259
1780253701670 0.95 260
1780253701672 0.9199999999999999 261
1780253701674 0.945 262
1780253701676 0.945 263
1780253701678 0.9249999999999998 264
1780253701680 0.945 265
1780253701681 0.9199999999999999 266
1780253701683 0.945 267
1780253701685 0.945 268
1780253701687 0.9399999999999998 269
1780253701689 0.9399999999999998 270
1780253701691 0.945 271
1780253701693 0.9100000000000001 272
1780253701695 0.95 273
1780253701697 0.9299999999999999 274
1780253701698 0.9099999999999999 275
1780253701700 0.9199999999999999 276
1780253701702 0.9400000000000001 277
1780253701704 0.925 278
1780253701706 0.925 279
1780253701708 0.9099999999999999 280
1780253701710 0.9 281
1780253701712 0.885 282
1780253701713 0.96 283
1780253701715 0.9499999999999998 284
1780253701723 0.925 285
1780253701725 0.9049999999999999 286
1780253701727 0.945 287
1780253701728 0.9349999999999999 288
1780253701730 0.9649999999999999 289
1780253701732 0.9199999999999999 290
1780253701734 0.9349999999999999 291
1780253701736 0.9399999999999998 292
1780253701738 0.945 293
1780253701740 0.95 294
1780253701742 0.925 295
1780253701743 0.9349999999999998 296
1780253701745 0.9400000000000001 297
1780253701747 0.96 298
1780253701749 0.925 299
1780253701751 0.9100000000000001 300
1780253701753 0.95 301
1780253701755 0.9550000000000001 302
1780253701757 0.9400000000000001 303
1780253701759 0.9199999999999999 304
1780253701760 0.95 305
1780253701762 0.8899999999999999 306
1780253701764 0.915 307
1780253701766 0.9199999999999999 308
1780253701768 0.9199999999999999 309
1780253701770 0.9400000000000001 310
1780253701771 0.915 311
1780253701773 0.9349999999999999 312
1780253701775 0.925 313
