1780387730133 0.0 0
1780387730135 0.19864820161175661 1
1780387730136 0.470209572648542 2
1780387730138 0.5636270185589528 3
1780387730140 0.7212021103952362 4
1780387730141 0.7383225752000567 5
1780387730143 0.7818652923304087 6
1780387730145 0.803267193511096 7
1780387730146 0.822225135322129 8
1780387730148 0.8711750922020499 9
1780387730149 0.8488865062356717 10
1780387730151 0.845231774411701 11
1780387730153 0.8027644068489517 12
1780387730154 0.873493160926883 13
1780387730156 0.8487220033419695 14
1780387730157 0.8661992168773913 15
1780387730159 0.8409818918935894 16
1780387730161 0.8613280240435897 17
1780387730162 0.9002713093981682 18
1780387730164 0.8835916597383295 19
1780387730165 0.8787942351356983 20
1780387730167 0.8452208821670786 21
1780387730169 0.8302157498876607 22
1780387730170 0.8387842569606608 23
1780387730172 0.8694281542163441 24
1780387730174 0.8632828384062823 25
1780387730175 0.856063376076213 26
1780387730177 0.8846227462915526 27
1780387730179 0.8089646115987218 28
1780387730180 0.8216383168680389 29
1780387730182 0.8835365778933861 30
1780387730184 0.835456214880044 31
1780387730185 0.8205487474084663 32
1780387730187 0.8354827256373156 33
1780387730189 0.807922857922858 34
1780387730190 0.8052613807576939 35
1780387730192 0.7747664992384906 36
1780387730193 0.8753845256854481 37
1780387730195 0.8347347000316248 38
1780387730197 0.8549276825014951 39
1780387730198 0.8343582181387059 40
1780387730200 0.8092132578589576 41
1780387730202 0.8297863765419068 42
1780387730203 0.8509661348493184 43
1780387730205 0.8342822067822816 44
1780387730206 0.8544851976316508 45
1780387730208 0.8505123600566475 46
1780387730210 0.8178329158763942 47
1780387730211 0.8465163836330818 48
1780387730213 0.8301717621423863 49
1780387730215 0.895807009296368 50
1780387730216 0.829749902535525 51
1780387730218 0.8384234172760012 52
1780387730220 0.8480567754711709 53
1780387730221 0.9037451829466038 54
1780387730233 0.8373779402502807 55
1780387730235 0.8500594121325828 56
1780387730237 0.8277759715734758 57
1780387730238 0.8468946180407763 58
1780387730240 0.8396091086895442 59
1780387730242 0.8351565382797057 60
1780387730243 0.8157661382715682 61
1780387730245 0.8396383214460952 62
1780387730247 0.8326481567944983 63
1780387730248 0.7826704934714608 64
1780387730250 0.8204916334628664 65
1780387730251 0.8288117573483428 66
1780387730253 0.8498916197875805 67
1780387730255 0.8550311935134458 68
1780387730256 0.8649015952995412 69
1780387730258 0.8318064279305002 70
1780387730259 0.8501441925639615 71
1780387730261 0.838931002358175 72
1780387730263 0.8489856020343826 73
1780387730264 0.8436393141129386 74
1780387730266 0.8797143583312496 75
1780387730267 0.8534887517306261 76
1780387730269 0.8228600571305822 77
1780387730270 0.8435328706381338 78
1780387730272 0.8377177703993539 79
1780387730273 0.8587566547419669 80
1780387730275 0.82222280572088 81
1780387730277 0.8042037432540108 82
1780387730278 0.835294700190661 83
1780387730280 0.8346135956478088 84
1780387730281 0.8020042430825486 85
1780387730283 0.8493844017528229 86
1780387730284 0.8565774140164384 87
1780387730286 0.8894878398716056 88
1780387730288 0.8666278156985306 89
1780387730289 0.834756772944521 90
1780387730291 0.820703144745447 91
1780387730293 0.8131528797001943 92
1780387730294 0.8345636762029274 93
1780387730296 0.7895182037688455 94
1780387730297 0.8410730713776289 95
1780387730299 0.8152460353850032 96
1780387730301 0.7920154227920596 97
1780387730302 0.806368729184179 98
1780387730304 0.8853130146133997 99
1780387730305 0.8154129463877131 100
1780387730307 0.8861219005121445 101
1780387730309 0.8550416112717215 102
1780387730310 0.8299915671995262 103
1780387730312 0.8522522192259782 104
1780387730313 0.8467560068845259 105
1780387730315 0.8885033568711738 106
1780387730317 0.8742669280451768 107
1780387730318 0.8396855748254382 108
1780387730320 0.859894608315661 109
1780387730321 0.8302348643982225 110
1780387730323 0.8500181564347539 111
1780387730325 0.8289821022734418 112
1780387730326 0.8163103216716985 113
1780387730328 0.7974518911999089 114
1780387730329 0.8600278096918634 115
1780387730331 0.8254906154696673 116
1780387730333 0.8721673174112198 117
1780387730334 0.8240401374868641 118
1780387730336 0.826532439904533 119
1780387730337 0.8480226809412559 120
1780387730339 0.829907869715315 121
1780387730341 0.8253288434225533 122
1780387730342 0.8511203172641612 123
1780387730344 0.800217019822283 124
1780387730345 0.9003683769537428 125
1780387730347 0.8033269433120868 126
1780387730349 0.8755032228523885 127
1780387730350 0.8289980890912318 128
1780387730352 0.8445901115734236 129
1780387730353 0.7807962953213273 130
1780387730355 0.8393435413438697 131
1780387730357 0.8554400103983649 132
1780387730359 0.8489358321194007 133
1780387730360 0.8280798050801336 134
1780387730362 0.7755809086500608 135
1780387730363 0.8691371878727463 136
1780387730365 0.8532366171839856 137
1780387730367 0.869121955076966 138
1780387730368 0.8144204546419671 139
1780387730370 0.8635375022923162 140
1780387730372 0.8099212278833589 141
1780387730373 0.863964925769565 142
1780387730375 0.8126601004774379 143
1780387730377 0.8265491534467861 144
1780387730378 0.8547308008885166 145
1780387730380 0.8397716158715651 146
1780387730381 0.8139726328343219 147
1780387730383 0.8387247151263331 148
1780387730385 0.83925707057286 149
1780387730386 0.8543654593751553 150
1780387730388 0.8847018824385454 151
1780387730390 0.8690361961414593 152
1780387730391 0.861903421030507 153
1780387730393 0.8397428828074066 154
1780387730394 0.8171053555264081 155
1780387730396 0.848088473088473 156
1780387730398 0.7896793191375704 157
1780387730399 0.9130969308825534 158
1780387730401 0.8848139583363634 159
1780387730407 0.9296873642367268 160
1780387730409 0.8996031982090436 161
1780387730411 0.9038929170957413 162
1780387730412 0.9010305077891727 163
1780387730414 0.8815585320349927 164
1780387730416 0.8777417672838158 165
1780387730417 0.8986811040400331 166
1780387730419 0.9101941139039985 167
1780387730421 0.8942906827181538 168
1780387730422 0.9241551345530807 169
1780387730424 0.9294177320127405 170
1780387730425 0.9250013207500446 171
1780387730427 0.8863520166986669 172
1780387730429 0.9497796647796646 173
1780387730430 0.9141508085410525 174
1780387730432 0.9093537814448643 175
1780387730434 0.9097192482416533 176
1780387730435 0.954981684981685 177
1780387730437 0.9254077971664622 178
1780387730439 0.9151971839946883 179
1780387730440 0.929541968167069 180
1780387730442 0.9391354635257075 181
1780387730443 0.9153158030157463 182
1780387730445 0.8901381032318131 183
1780387730449 0.9145812784502818 184
1780387730451 0.935260232697018 185
1780387730452 0.9250221374589229 186
1780387730454 0.9193026595465621 187
1780387730456 0.9389759741209126 188
1780387730457 0.935179866853748 189
1780387730459 0.9197630939777998 190
1780387730461 0.9207767307574753 191
1780387730462 0.9390467234154729 192
1780387730464 0.9444043815995034 193
1780387730466 0.9546967699406723 194
1780387730467 0.9401570902254546 195
1780387730469 0.893998592277095 196
1780387730471 0.9348122886954723 197
1780387730472 0.9300571626502308 198
1780387730474 0.8909642274597346 199
1780387730475 0.9404855049441132 200
1780387730477 0.9503403442941313 201
1780387730479 0.9499098025221258 202
1780387730480 0.9197850395218816 203
1780387730482 0.924786779331067 204
1780387730484 0.9549344184710039 205
1780387730485 0.9457785858469501 206
1780387730487 0.9239997589855786 207
1780387730489 0.9350301880404576 208
1780387730490 0.934574193457377 209
1780387730492 0.8855155253638699 210
1780387730494 0.9357668561648023 211
1780387730495 0.9351385168971819 212
1780387730497 0.9160971310971311 213
1780387730499 0.8987279557475395 214
1780387730500 0.9241649154709968 215
1780387730502 0.9325104200238495 216
1780387730503 0.9147710599301787 217
1780387730505 0.9099607010166164 218
1780387730507 0.9249858871586192 219
1780387730508 0.9005101274420916 220
1780387730510 0.9293954554930165 221
1780387730512 0.9270564788129049 222
1780387730513 0.9006203360182822 223
1780387730515 0.8948727172068068 224
1780387730517 0.929256842857613 225
1780387730518 0.9302944649286113 226
1780387730520 0.9300789855696265 227
1780387730522 0.9038744544456996 228
1780387730523 0.9297278060692695 229
1780387730525 0.9445749849921865 230
1780387730526 0.9339430075768187 231
1780387730528 0.9404393532707424 232
1780387730530 0.9045557122222198 233
1780387730531 0.9404314256560726 234
1780387730533 0.9191036067851902 235
1780387730535 0.8952763788771492 236
1780387730536 0.9350027648130463 237
1780387730538 0.9457096091755911 238
1780387730540 0.9494624616575835 239
1780387730541 0.9449718574108819 240
1780387730543 0.9350629387728233 241
1780387730545 0.9066588216395661 242
1780387730546 0.9345526025821277 243
1780387730548 0.9352911594182455 244
1780387730549 0.9298110736942572 245
1780387730551 0.9350326941790357 246
1780387730553 0.9551031894934334 247
1780387730554 0.9347177884061784 248
1780387730556 0.9289034169521975 249
1780387730558 0.9547977258952869 250
1780387730559 0.9296444581104402 251
1780387730561 0.9192007774792801 252
1780387730563 0.9139020755021223 253
1780387730564 0.9089955137323559 254
1780387730566 0.9238001181055783 255
1780387730568 0.9237320944638018 256
1780387730569 0.9146504241099279 257
1780387730571 0.939927077281318 258
1780387730572 0.9458878986593409 259
1780387730574 0.9107979098351372 260
1780387730576 0.9155130361741401 261
1780387730578 0.9139438734932362 262
1780387730580 0.9300668572619794 263
1780387730582 0.9031906924910776 264
1780387730584 0.9507499753135182 265
1780387730585 0.9092742312061952 266
1780387730587 0.9406726478485143 267
1780387730589 0.9254681303631955 268
1780387730591 0.9399561756172796 269
1780387730592 0.9595997498436523 270
1780387730594 0.8992649074728067 271
1780387730596 0.9287783951198584 272
1780387730597 0.9293427439768905 273
1780387730599 0.9032329629474851 274
1780387730601 0.9044979423541684 275
1780387730603 0.9496835898376335 276
1780387730604 0.9038133462501318 277
1780387730606 0.9441804256951883 278
1780387730608 0.929359076604203 279
1780387730609 0.9603863958035974 280
1780387730611 0.9541609560979951 281
1780387730612 0.9555213485701289 282
1780387730614 0.8995648125943376 283
1780387730616 0.8960590595902713 284
1780387730617 0.9400732600732601 285
1780387730619 0.9506641505592157 286
1780387730621 0.9105448325644165 287
1780387730622 0.9234385430726896 288
1780387730624 0.8964775113533211 289
1780387730626 0.9305684025003667 290
1780387730627 0.895753509790737 291
1780387730629 0.9238086850410342 292
1780387730631 0.9400424212940258 293
1780387730632 0.920389350439355 294
1780387730634 0.9550624450431897 295
1780387730635 0.919871649432058 296
1780387730637 0.9401597803138241 297
1780387730639 0.9301866298015208 298
1780387730640 0.9189004970891409 299
1780387730642 0.8794276316227536 300
1780387730644 0.9348195300634325 301
1780387730645 0.9291094921440923 302
1780387730647 0.929489209052752 303
1780387730649 0.9443875541243962 304
1780387730650 0.9499530486629333 305
1780387730652 0.9198244343715579 306
1780387730653 0.9146711607545415 307
1780387730655 0.9094732596837263 308
1780387730657 0.9254152971547068 309
1780387730658 0.9204359867774501 310
1780387730660 0.9192647094893566 311
1780387730662 0.9195267875755679 312
1780387730663 0.944117156556181 313
