1780126702288 0.0 0
1780126702290 0.065 1
1780126702293 0.07 2
1780126702295 0.11000000000000001 3
1780126702297 0.085 4
1780126702299 0.13499999999999998 5
1780126702301 0.11499999999999999 6
1780126702303 0.145 7
1780126702306 0.16 8
1780126702308 0.195 9
1780126702310 0.22000000000000003 10
1780126702312 0.23500000000000001 11
1780126702314 0.185 12
1780126702316 0.29500000000000004 13
1780126702319 0.29500000000000004 14
1780126702321 0.31499999999999995 15
1780126702323 0.31500000000000006 16
1780126702325 0.33999999999999997 17
1780126702327 0.31500000000000006 18
1780126702330 0.365 19
1780126702332 0.365 20
1780126702334 0.4 21
1780126702336 0.41000000000000003 22
1780126702338 0.4050000000000001 23
1780126702340 0.42000000000000004 24
1780126702343 0.4749999999999999 25
1780126702345 0.45 26
1780126702347 0.43500000000000005 27
1780126702349 0.43499999999999994 28
1780126702351 0.485 29
1780126702353 0.495 30
1780126702356 0.46499999999999997 31
1780126702358 0.425 32
1780126702360 0.5099999999999999 33
1780126702362 0.45000000000000007 34
1780126702364 0.425 35
1780126702366 0.45500000000000007 36
1780126702368 0.43499999999999994 37
1780126702371 0.47000000000000003 38
1780126702373 0.465 39
1780126702375 0.46499999999999997 40
1780126702377 0.41 41
1780126702379 0.45999999999999996 42
1780126702381 0.4600000000000001 43
1780126702384 0.5199999999999999 44
1780126702386 0.4600000000000001 45
1780126702388 0.48999999999999994 46
1780126702390 0.49000000000000005 47
1780126702392 0.4800000000000001 48
1780126702395 0.48999999999999994 49
1780126702397 0.5700000000000001 50
1780126702399 0.49000000000000005 51
1780126702401 0.42000000000000004 52
1780126702403 0.45000000000000007 53
1780126702405 0.485 54
1780126702408 0.5599999999999998 55
1780126702410 0.49499999999999994 56
1780126702412 0.505 57
1780126702414 0.45000000000000007 58
1780126702416 0.5 59
1780126702418 0.5700000000000001 60
1780126702420 0.525 61
1780126702423 0.515 62
1780126702425 0.525 63
1780126702427 0.525 64
1780126702429 0.45499999999999996 65
1780126702431 0.505 66
1780126702433 0.475 67
1780126702436 0.5399999999999999 68
1780126702438 0.54 69
1780126702440 0.55 70
1780126702442 0.5650000000000001 71
1780126702444 0.525 72
1780126702447 0.5850000000000001 73
1780126702449 0.5349999999999999 74
1780126702451 0.495 75
1780126702453 0.595 76
1780126702455 0.565 77
1780126702457 0.54 78
1780126702459 0.5850000000000001 79
1780126702462 0.45999999999999996 80
1780126702464 0.555 81
1780126702466 0.545 82
1780126702468 0.5449999999999999 83
1780126702470 0.61 84
1780126702472 0.56 85
1780126702475 0.5799999999999998 86
1780126702477 0.6300000000000001 87
1780126702479 0.525 88
1780126702481 0.5700000000000001 89
1780126702483 0.62 90
1780126702485 0.4800000000000001 91
1780126702488 0.625 92
1780126702490 0.53 93
1780126702492 0.53 94
1780126702494 0.5499999999999999 95
1780126702496 0.56 96
1780126702498 0.51 97
1780126702500 0.5850000000000001 98
1780126702502 0.5599999999999999 99
1780126702505 0.625 100
1780126702507 0.535 101
1780126702509 0.6 102
1780126702511 0.5599999999999999 103
1780126702513 0.605 104
1780126702515 0.565 105
1780126702517 0.65 106
1780126702520 0.5700000000000001 107
1780126702522 0.595 108
1780126702524 0.6100000000000001 109
1780126702526 0.5199999999999999 110
1780126702528 0.6300000000000001 111
1780126702530 0.535 112
1780126702532 0.5750000000000001 113
1780126702534 0.6199999999999999 114
1780126702537 0.535 115
1780126702539 0.5499999999999999 116
1780126702550 0.655 117
1780126702552 0.6100000000000001 118
1780126702555 0.605 119
1780126702557 0.5650000000000001 120
1780126702559 0.62 121
1780126702561 0.615 122
1780126702563 0.58 123
1780126702565 0.6399999999999999 124
1780126702567 0.5849999999999999 125
1780126702570 0.605 126
1780126702572 0.5750000000000001 127
1780126702574 0.5850000000000001 128
1780126702576 0.615 129
1780126702578 0.6150000000000001 130
1780126702580 0.5850000000000001 131
1780126702582 0.5900000000000001 132
1780126702585 0.58 133
1780126702587 0.63 134
1780126702589 0.645 135
1780126702591 0.615 136
1780126702593 0.6150000000000001 137
1780126702596 0.6100000000000001 138
1780126702598 0.5850000000000001 139
1780126702600 0.65 140
1780126702602 0.5700000000000001 141
1780126702604 0.6599999999999999 142
1780126702606 0.6399999999999999 143
1780126702609 0.635 144
1780126702611 0.59 145
1780126702613 0.5900000000000001 146
1780126702615 0.645 147
1780126702617 0.5850000000000001 148
1780126702619 0.6500000000000001 149
1780126702621 0.595 150
1780126702624 0.675 151
1780126702626 0.645 152
1780126702628 0.625 153
1780126702630 0.6449999999999999 154
1780126702632 0.6699999999999999 155
1780126702634 0.6100000000000001 156
1780126702636 0.7 157
1780126702639 0.6599999999999999 158
1780126702641 0.63 159
1780126702643 0.695 160
1780126702645 0.715 161
1780126702647 0.715 162
1780126702649 0.705 163
1780126702651 0.76 164
1780126702653 0.755 165
1780126702656 0.7 166
1780126702658 0.74 167
1780126702660 0.7350000000000001 168
1780126702662 0.725 169
1780126702664 0.7450000000000001 170
1780126702666 0.765 171
1780126702669 0.665 172
1780126702671 0.76 173
1780126702673 0.755 174
1780126702675 0.8099999999999999 175
1780126702677 0.7249999999999999 176
1780126702679 0.795 177
1780126702681 0.745 178
1780126702683 0.7900000000000001 179
1780126702686 0.7550000000000001 180
1780126702688 0.775 181
1780126702690 0.76 182
1780126702692 0.7000000000000001 183
1780126702694 0.745 184
1780126702696 0.7750000000000001 185
1780126702699 0.7449999999999999 186
1780126702701 0.73 187
1780126702703 0.765 188
1780126702705 0.7150000000000001 189
1780126702707 0.7649999999999999 190
1780126702710 0.805 191
1780126702712 0.7449999999999999 192
1780126702714 0.7500000000000001 193
1780126702716 0.7500000000000001 194
1780126702718 0.755 195
1780126702720 0.79 196
1780126702722 0.8 197
1780126702724 0.73 198
1780126702727 0.76 199
1780126702733 0.75 200
1780126702736 0.805 201
1780126702738 0.745 202
1780126702740 0.835 203
1780126702742 0.7649999999999999 204
1780126702744 0.735 205
1780126702747 0.7550000000000001 206
1780126702749 0.835 207
1780126702751 0.8049999999999999 208
1780126702753 0.78 209
1780126702755 0.775 210
1780126702757 0.7849999999999999 211
1780126702759 0.8000000000000002 212
1780126702762 0.825 213
1780126702764 0.7849999999999999 214
1780126702766 0.835 215
1780126702768 0.8099999999999999 216
1780126702770 0.85 217
1780126702772 0.78 218
1780126702775 0.7749999999999999 219
1780126702777 0.76 220
1780126702779 0.7550000000000001 221
1780126702781 0.76 222
1780126702783 0.775 223
1780126702785 0.805 224
1780126702787 0.765 225
1780126702789 0.7950000000000002 226
1780126702792 0.77 227
1780126702794 0.765 228
1780126702796 0.8 229
1780126702798 0.8049999999999999 230
1780126702800 0.7950000000000002 231
1780126702802 0.7849999999999999 232
1780126702804 0.82 233
1780126702807 0.765 234
1780126702809 0.825 235
1780126702811 0.78 236
1780126702813 0.8350000000000002 237
1780126702815 0.8099999999999999 238
1780126702817 0.8150000000000001 239
1780126702820 0.785 240
1780126702822 0.765 241
1780126702824 0.825 242
1780126702826 0.85 243
1780126702828 0.825 244
1780126702830 0.8400000000000001 245
1780126702833 0.7749999999999999 246
1780126702835 0.7899999999999999 247
1780126702837 0.8450000000000001 248
1780126702839 0.8150000000000001 249
1780126702841 0.7849999999999999 250
1780126702843 0.8049999999999999 251
1780126702846 0.8099999999999999 252
1780126702848 0.78 253
1780126702850 0.8099999999999999 254
1780126702852 0.805 255
1780126702854 0.8150000000000001 256
1780126702856 0.825 257
1780126702858 0.835 258
1780126702861 0.8400000000000001 259
1780126702863 0.8099999999999999 260
1780126702865 0.8300000000000001 261
1780126702867 0.8550000000000001 262
1780126702869 0.865 263
1780126702871 0.77 264
1780126702873 0.775 265
1780126702876 0.8149999999999998 266
1780126702878 0.835 267
1780126702880 0.8 268
1780126702882 0.825 269
1780126702884 0.795 270
1780126702887 0.8149999999999998 271
1780126702889 0.825 272
1780126702891 0.825 273
1780126702893 0.7949999999999999 274
1780126702895 0.8299999999999998 275
1780126702898 0.8300000000000001 276
1780126702900 0.8299999999999998 277
1780126702902 0.8350000000000002 278
1780126702904 0.875 279
1780126702906 0.835 280
1780126702908 0.82 281
1780126702911 0.8200000000000001 282
1780126702913 0.825 283
1780126702916 0.775 284
1780126702918 0.805 285
1780126702920 0.8400000000000001 286
1780126702922 0.86 287
1780126702924 0.8300000000000001 288
1780126702927 0.86 289
1780126702929 0.8550000000000001 290
1780126702931 0.8299999999999998 291
1780126702933 0.7899999999999999 292
1780126702935 0.78 293
1780126702937 0.805 294
1780126702939 0.805 295
1780126702942 0.8800000000000001 296
1780126702944 0.7899999999999999 297
1780126702946 0.7899999999999999 298
1780126702948 0.825 299
1780126702950 0.8350000000000002 300
1780126702952 0.86 301
1780126702955 0.8300000000000001 302
1780126702957 0.8300000000000001 303
1780126702959 0.82 304
1780126702961 0.8350000000000002 305
1780126702963 0.825 306
1780126702966 0.8149999999999998 307
1780126702968 0.805 308
1780126702970 0.7949999999999999 309
1780126702972 0.825 310
1780126702974 0.85 311
1780126702976 0.85 312
1780126702979 0.8400000000000001 313
