1780143229240 0.0 0
1780143229243 0.04739107046799355 1
1780143229246 0.15641360357265544 2
1780143229249 0.18559648452972716 3
1780143229251 0.3269066416248922 4
1780143229254 0.4620867622226551 5
1780143229257 0.392263327777879 6
1780143229259 0.49791848767076263 7
1780143229262 0.5796284980710243 8
1780143229265 0.5316514179072438 9
1780143229268 0.5863922934116488 10
1780143229270 0.696945423639115 11
1780143229273 0.6897282488538856 12
1780143229276 0.7442297248915521 13
1780143229278 0.6771143068616012 14
1780143229281 0.8227329261225048 15
1780143229284 0.8091411818823667 16
1780143229287 0.7968347466157629 17
1780143229289 0.8166897163134138 18
1780143229292 0.7379357757678732 19
1780143229295 0.7900706191483858 20
1780143229297 0.8993789141157563 21
1780143229300 0.8689190688805579 22
1780143229303 0.8135603578939895 23
1780143229305 0.8388764574560585 24
1780143229308 0.8591981239030423 25
1780143229312 0.905643355360942 26
1780143229314 0.855880672173355 27
1780143229317 0.8565512910397821 28
1780143229320 0.832577974591963 29
1780143229323 0.8400278750278751 30
1780143229325 0.8585188928192778 31
1780143229328 0.8774689822247023 32
1780143229331 0.8543322673198833 33
1780143229333 0.765722057722667 34
1780143229336 0.8847608781177458 35
1780143229339 0.7894684379488062 36
1780143229341 0.7720032797808118 37
1780143229344 0.8185740822586368 38
1780143229347 0.871924970052056 39
1780143229349 0.8842669722964972 40
1780143229352 0.8609389684087297 41
1780143229355 0.8775423561536275 42
1780143229357 0.8825715003950299 43
1780143229360 0.8826811619673667 44
1780143229363 0.8644589483421321 45
1780143229365 0.8424513174513175 46
1780143229368 0.9038810526593014 47
1780143229371 0.8111704850768581 48
1780143229373 0.8897477802355851 49
1780143229376 0.9085313137752161 50
1780143229379 0.9054678160390612 51
1780143229381 0.812603235869237 52
1780143229384 0.8625912320349942 53
1780143229387 0.8544800736457452 54
1780143229389 0.8253696527386201 55
1780143229392 0.9052572951679828 56
1780143229395 0.9308377842813764 57
1780143229397 0.7820416330121513 58
1780143229400 0.894435198633805 59
1780143229403 0.9404184034479284 60
1780143229405 0.8877135927135928 61
1780143229408 0.8049771929307203 62
1780143229411 0.7800588687278822 63
1780143229413 0.904159797343366 64
1780143229416 0.879034018228573 65
1780143229419 0.9095724771000169 66
1780143229421 0.8814005562681564 67
1780143229424 0.7901232666258997 68
1780143229427 0.9032347598201257 69
1780143229429 0.7747737037525122 70
1780143229432 0.8760836705715871 71
1780143229435 0.7367215551682817 72
1780143229437 0.8548145980602554 73
1780143229440 0.830438630841652 74
1780143229443 0.9306181658567659 75
1780143229445 0.9260611643538473 76
1780143229448 0.9246113799194671 77
1780143229451 0.9157595521010155 78
1780143229453 0.8794998529270968 79
1780143229456 0.901552868658132 80
1780143229459 0.9144250400861441 81
1780143229461 0.6031637099284157 82
1780143229464 0.8454836904644351 83
1780143229467 0.9156844200305718 84
1780143229469 0.8935103303125228 85
1780143229472 0.9100162852409323 86
1780143229475 0.8224886867529471 87
1780143229477 0.8256410649324541 88
1780143229480 0.8370896495501947 89
1780143229483 0.8829087648237387 90
1780143229486 0.837082791382923 91
1780143229488 0.866094175251318 92
1780143229491 0.6655961547306277 93
1780143229494 0.7997438123720978 94
1780143229496 0.8952128527586876 95
1780143229499 0.909483255889949 96
1780143229502 0.7364655462662106 97
1780143229505 0.8839496660960074 98
1780143229507 0.910007977774345 99
1780143229510 0.9014006620425107 100
1780143229513 0.8821843001819962 101
1780143229515 0.9185633343977375 102
1780143229518 0.8294433497289724 103
1780143229521 0.9188634130097546 104
1780143229523 0.8885387807912917 105
1780143229526 0.9023573143598819 106
1780143229529 0.7910752148283569 107
1780143229532 0.9247576349167537 108
1780143229534 0.9007175728710493 109
1780143229537 0.9048423324156388 110
1780143229540 0.9143085590229145 111
1780143229543 0.9253060852427376 112
1780143229546 0.9107535087777316 113
1780143229548 0.8221626761791987 114
1780143229551 0.8846928788635529 115
1780143229554 0.9298157939621354 116
1780143229556 0.9245459336780948 117
1780143229559 0.9598039798039796 118
1780143229562 0.8690265076314573 119
1780143229564 0.9245374157890206 120
1780143229567 0.8716958873286543 121
1780143229571 0.9187765517977706 122
1780143229574 0.9300754936120791 123
1780143229576 0.9064545185386944 124
1780143229579 0.9008014257576125 125
1780143229582 0.929080792011353 126
1780143229584 0.9050043161702416 127
1780143229587 0.9399993498953109 128
1780143229590 0.8740068519506977 129
1780143229592 0.856570072574501 130
1780143229595 0.9091212164754572 131
1780143229598 0.9393942578602399 132
1780143229600 0.8577937103144102 133
1780143229603 0.9258439925178739 134
1780143229606 0.9349619828182089 135
1780143229608 0.884715877132668 136
1780143229611 0.9259960333644545 137
1780143229614 0.9291880870420739 138
1780143229616 0.8928886827837481 139
1780143229619 0.8902539527432743 140
1780143229622 0.9046551650581863 141
1780143229624 0.9101122105844917 142
1780143229627 0.8060605841526893 143
1780143229630 0.843414658481189 144
1780143229632 0.9146350391770877 145
1780143229635 0.9349278702410327 146
1780143229638 0.9038270992269795 147
1780143229640 0.9300439557050598 148
1780143229643 0.8672563703113056 149
1780143229646 0.8922374006276446 150
1780143229648 0.9502036517184143 151
1780143229651 0.930324160046822 152
1780143229654 0.9203232709812404 153
1780143229656 0.8751311069508159 154
1780143229659 0.8646001268786188 155
1780143229662 0.8563685622652051 156
1780143229665 0.9036893074562823 157
1780143229667 0.9348337776900036 158
1780143229670 0.900017930177049 159
1780143229673 0.9603444116858751 160
1780143229675 0.9288298764422 161
1780143229678 0.9697342088805504 162
1780143229680 0.9500485347711966 163
1780143229683 0.919387283950827 164
1780143229686 0.9303661788097644 165
1780143229689 0.9202247315497756 166
1780143229691 0.9447867856262638 167
1780143229694 0.9545876887340302 168
1780143229697 0.919122601273631 169
1780143229699 0.9495668819211227 170
1780143229702 0.894867355311068 171
1780143229705 0.919499521087723 172
1780143229707 0.9332543410399635 173
1780143229710 0.9378190612850433 174
1780143229713 0.9593319136373737 175
1780143229715 0.8883783256709981 176
1780143229718 0.9201648785675131 177
1780143229721 0.9064153083987871 178
1780143229723 0.9751067631555437 179
1780143229726 0.9608020912192927 180
1780143229729 0.9698587933247753 181
1780143229731 0.9401548041971065 182
1780143229734 0.9594459883291719 183
1780143229737 0.9085652496435553 184
1780143229739 0.9701036362011972 185
1780143229742 0.9801067631555437 186
1780143229745 0.9552691668522938 187
1780143229747 0.9596627731287551 188
1780143229750 0.9653256029379266 189
1780143229752 0.9346366702129906 190
1780143229755 0.9447135261293246 191
1780143229758 0.9597055255399287 192
1780143229761 0.9445401445401446 193
1780143229763 0.949973557069715 194
1780143229766 0.9401785890617725 195
1780143229769 0.9645674458190504 196
1780143229771 0.9075888057967051 197
1780143229774 0.9097953023442782 198
1780143229777 0.9296723672846909 199
1780143229779 0.9140831423758253 200
1780143229782 0.7606141382187135 201
1780143229785 0.908753957209394 202
1780143229787 0.9546536461684086 203
1780143229790 0.9502188868042529 204
1780143229793 0.9599467477323701 205
1780143229795 0.9699655564803191 206
1780143229798 0.9899968730456535 207
1780143229800 0.9799816849816849 208
1780143229803 0.9602722938066401 209
1780143229806 0.9691296643735668 210
1780143229808 0.9610180262178366 211
1780143229811 0.9755146009318025 212
1780143229814 0.9547082057865113 213
1780143229816 0.9597082057865114 214
1780143229819 0.965065571997536 215
1780143229822 0.9548337306681338 216
1780143229824 0.9557995988483794 217
1780143229827 0.9798337306681338 218
1780143229830 0.9602005247640678 219
1780143229833 0.9749906191369606 220
1780143229836 0.9749937460913071 221
1780143229839 0.9604336438854455 222
1780143229841 0.9397546855749083 223
1780143229844 0.9649436207780238 224
1780143229846 0.9695716917668136 225
1780143229849 0.9498202824133506 226
1780143229852 0.9749686834346655 227
1780143229854 0.9600745061528118 228
1780143229857 0.9252439227439225 229
1780143229860 0.9701036362011972 230
1780143229862 0.9557276335132562 231
1780143229865 0.9545867482966328 232
1780143229868 0.9649315596684017 233
1780143229870 0.9499776175899411 234
1780143229873 0.9652345215759851 235
1780143229876 0.9451915906087921 236
1780143229878 0.940740594450479 237
1780143229881 0.964693642986326 238
1780143229884 0.9505534085880087 239
1780143229886 0.9591561626221445 240
1780143229889 0.9601866144920747 241
1780143229892 0.9548462855073895 242
1780143229894 0.9701125703564728 243
1780143229897 0.970511473977456 244
1780143229900 0.9700884481372286 245
1780143229902 0.944570572773397 246
1780143229905 0.9698561601000627 247
1780143229908 0.9553546195693254 248
1780143229912 0.9751188242651658 249
1780143229914 0.955263785582023 250
1780143229917 0.9698306037137874 251
1780143229920 0.9648364109147165 252
1780143229923 0.9550089093143695 253
1780143229925 0.969975431072992 254
1780143229928 0.9702135263110874 255
1780143229931 0.9443781732613568 256
1780143229933 0.9443552517942763 257
1780143229936 0.9747243342878773 258
1780143229939 0.9700615363182161 259
1780143229941 0.9292100019672638 260
1780143229944 0.9648306037137873 261
1780143229947 0.9748556663704289 262
1780143229950 0.9749686834346655 263
1780143229952 0.9351895276313881 264
1780143229955 0.9698503528991333 265
1780143229958 0.9457760844879031 266
1780143229960 0.9602086906258922 267
1780143229963 0.9346937838401252 268
1780143229966 0.9653417314392925 269
1780143229968 0.9651646787897796 270
1780143229971 0.9451713947156823 271
1780143229974 0.9197733596689254 272
1780143229976 0.9599851581879821 273
1780143229979 0.9603702673022314 274
1780143229989 0.9458220060218163 275
1780143229992 0.9550655719975362 276
1780143229995 0.9556311336799143 277
1780143229997 0.9352574604115041 278
1780143230000 0.9701156973108194 279
1780143230003 0.9645925084756921 280
1780143230005 0.9798655409631019 281
1780143230008 0.9355583847047262 282
1780143230011 0.9949968730456537 283
1780143230013 0.9646878357853967 284
1780143230016 0.9594480576559569 285
1780143230019 0.9649776175899409 286
1780143230021 0.9648472259447868 287
1780143230024 0.9753278211672993 288
1780143230027 0.9423234119548074 289
1780143230029 0.7885361893998921 290
1780143230032 0.9798337306681338 291
1780143230035 0.9403014807186822 292
1780143230037 0.9495773204117235 293
1780143230040 0.949817787594305 294
1780143230043 0.9453739318886945 295
1780143230045 0.9026886378975127 296
1780143230048 0.9497221477709281 297
1780143230051 0.9115121062398431 298
1780143230053 0.9650875076998311 299
1780143230056 0.969971810389012 300
1780143230059 0.9899937460913071 301
1780143230061 0.9607896754408383 302
1780143230064 0.9451936954211785 303
1780143230067 0.9396221074128052 304
1780143230070 0.95483328396037 305
1780143230072 0.9360571461246086 306
1780143230075 0.9648503528991335 307
1780143230077 0.9600057823600231 308
1780143230080 0.9550961305133321 309
1780143230083 0.9392893119759705 310
1780143230086 0.9497426244652862 311
1780143230089 0.9699843652282677 312
1780143230091 0.9157111587599394 313
