1780244073725 0.0 0
1780244073727 0.11499999999999999 1
1780244073729 0.3449999999999999 2
1780244073731 0.195 3
1780244073732 0.515 4
1780244073734 0.45 5
1780244073736 0.585 6
1780244073738 0.5549999999999999 7
1780244073739 0.4999999999999999 8
1780244073741 0.6049999999999999 9
1780244073743 0.565 10
1780244073745 0.425 11
1780244073746 0.38 12
1780244073748 0.64 13
1780244073750 0.6450000000000001 14
1780244073752 0.68 15
1780244073753 0.7899999999999999 16
1780244073755 0.6299999999999999 17
1780244073757 0.65 18
1780244073759 0.725 19
1780244073761 0.48999999999999994 20
1780244073763 0.725 21
1780244073765 0.72 22
1780244073766 0.635 23
1780244073768 0.645 24
1780244073770 0.745 25
1780244073772 0.7549999999999999 26
1780244073774 0.575 27
1780244073775 0.7 28
1780244073777 0.645 29
1780244073779 0.7000000000000001 30
1780244073780 0.585 31
1780244073782 0.735 32
1780244073784 0.575 33
1780244073786 0.7699999999999999 34
1780244073787 0.77 35
1780244073789 0.7849999999999999 36
1780244073792 0.765 37
1780244073794 0.8 38
1780244073797 0.7100000000000001 39
1780244073798 0.5999999999999999 40
1780244073800 0.43500000000000005 41
1780244073802 0.79 42
1780244073804 0.8400000000000001 43
1780244073806 0.8400000000000001 44
1780244073807 0.755 45
1780244073809 0.6499999999999999 46
1780244073811 0.7849999999999999 47
1780244073813 0.8150000000000001 48
1780244073814 0.7449999999999999 49
1780244073816 0.825 50
1780244073818 0.63 51
1780244073820 0.7 52
1780244073821 0.7499999999999999 53
1780244073823 0.8049999999999999 54
1780244073825 0.74 55
1780244073827 0.86 56
1780244073829 0.85 57
1780244073831 0.825 58
1780244073832 0.705 59
1780244073834 0.925 60
1780244073836 0.85 61
1780244073838 0.8099999999999999 62
1780244073839 0.8550000000000001 63
1780244073841 0.86 64
1780244073843 0.8399999999999999 65
1780244073845 0.8300000000000001 66
1780244073847 0.71 67
1780244073848 0.875 68
1780244073850 0.73 69
1780244073852 0.7899999999999999 70
1780244073854 0.605 71
1780244073855 0.785 72
1780244073857 0.885 73
1780244073859 0.7749999999999999 74
1780244073861 0.8699999999999999 75
1780244073862 0.835 76
1780244073864 0.9099999999999999 77
1780244073866 0.8550000000000001 78
1780244073868 0.9 79
1780244073869 0.78 80
1780244073871 0.8149999999999998 81
1780244073873 0.8150000000000001 82
1780244073875 0.78 83
1780244073876 0.8400000000000001 84
1780244073878 0.9 85
1780244073880 0.8699999999999999 86
1780244073882 0.905 87
1780244073884 0.8949999999999999 88
1780244073885 0.8550000000000001 89
1780244073887 0.8799999999999999 90
1780244073889 0.86 91
1780244073891 0.9049999999999999 92
1780244073893 0.9399999999999998 93
1780244073894 0.9099999999999999 94
1780244073896 0.8800000000000001 95
1780244073898 0.8949999999999999 96
1780244073900 0.8800000000000001 97
1780244073901 0.8000000000000002 98
1780244073903 0.775 99
1780244073905 0.9099999999999999 100
1780244073907 0.8799999999999999 101
1780244073908 0.9 102
1780244073910 0.885 103
1780244073912 0.885 104
1780244073914 0.845 105
1780244073915 0.9199999999999999 106
1780244073917 0.53 107
1780244073919 0.93 108
1780244073921 0.85 109
1780244073923 0.89 110
1780244073924 0.9049999999999999 111
1780244073926 0.85 112
1780244073928 0.905 113
1780244073930 0.5199999999999999 114
1780244073932 0.89 115
1780244073933 0.845 116
1780244073935 0.8400000000000001 117
1780244073937 0.9349999999999999 118
1780244073939 0.8800000000000001 119
1780244073940 0.9349999999999999 120
1780244073942 0.9100000000000001 121
1780244073944 0.925 122
1780244073946 0.9499999999999998 123
1780244073948 0.89 124
1780244073949 0.86 125
1780244073951 0.9299999999999999 126
1780244073953 0.905 127
1780244073955 0.7899999999999999 128
1780244073956 0.8799999999999999 129
1780244073958 0.9249999999999998 130
1780244073960 0.8800000000000001 131
1780244073962 0.915 132
1780244073963 0.8150000000000001 133
1780244073965 0.89 134
1780244073967 0.9299999999999999 135
1780244073969 0.825 136
1780244073970 0.9099999999999999 137
1780244073972 0.875 138
1780244073974 0.8949999999999999 139
1780244073975 0.905 140
1780244073977 0.89 141
1780244073979 0.915 142
1780244073981 0.915 143
1780244073983 0.9299999999999999 144
1780244073984 0.915 145
1780244073986 0.9549999999999998 146
1780244073988 0.9350000000000002 147
1780244073990 0.865 148
1780244073991 0.9099999999999999 149
1780244073993 0.8950000000000001 150
1780244073995 0.9549999999999998 151
1780244073997 0.9 152
1780244073999 0.9349999999999999 153
1780244074002 0.845 154
1780244074004 0.865 155
1780244074006 0.86 156
1780244074008 0.875 157
1780244074010 0.9 158
1780244074012 0.9400000000000001 159
1780244074013 0.9099999999999998 160
1780244074015 0.9400000000000001 161
1780244074017 0.96 162
1780244074019 0.9349999999999999 163
1780244074021 0.925 164
1780244074022 0.985 165
1780244074024 0.9549999999999998 166
1780244074026 0.9400000000000001 167
1780244074028 0.9549999999999998 168
1780244074030 0.945 169
1780244074031 0.9650000000000001 170
1780244074033 0.8799999999999999 171
1780244074035 0.915 172
1780244074037 0.9599999999999997 173
1780244074038 0.9549999999999998 174
1780244074040 0.9649999999999999 175
1780244074043 0.9349999999999999 176
1780244074045 0.945 177
1780244074047 0.96 178
1780244074048 0.975 179
1780244074050 0.9649999999999999 180
1780244074052 0.975 181
1780244074054 0.9550000000000001 182
1780244074056 0.96 183
1780244074057 0.95 184
1780244074059 0.9550000000000001 185
1780244074061 0.9649999999999999 186
1780244074063 0.945 187
1780244074064 0.95 188
1780244074066 0.985 189
1780244074068 0.96 190
1780244074070 0.775 191
1780244074071 0.9650000000000001 192
1780244074073 0.9549999999999998 193
1780244074075 0.925 194
1780244074077 0.925 195
1780244074079 0.86 196
1780244074080 0.7899999999999999 197
1780244074082 0.925 198
1780244074084 0.9550000000000001 199
1780244074086 0.9450000000000001 200
1780244074087 0.95 201
1780244074089 0.9549999999999998 202
1780244074091 0.96 203
1780244074093 0.95 204
1780244074094 0.9650000000000001 205
1780244074096 0.97 206
1780244074098 0.9949999999999999 207
1780244074100 0.9650000000000001 208
1780244074101 0.9599999999999997 209
1780244074103 0.945 210
1780244074105 0.97 211
1780244074107 0.985 212
1780244074109 0.9549999999999998 213
1780244074110 0.945 214
1780244074112 0.945 215
1780244074114 0.9700000000000001 216
1780244074116 0.95 217
1780244074117 0.9349999999999999 218
1780244074119 0.9400000000000001 219
1780244074121 0.9799999999999999 220
1780244074123 0.9799999999999999 221
1780244074124 0.9549999999999998 222
1780244074126 0.97 223
1780244074128 0.89 224
1780244074130 0.96 225
1780244074131 0.95 226
1780244074133 0.9650000000000001 227
1780244074135 0.975 228
1780244074137 0.96 229
1780244074138 0.8800000000000001 230
1780244074140 0.9549999999999998 231
1780244074142 0.9550000000000001 232
1780244074144 0.9650000000000001 233
1780244074145 0.9649999999999999 234
1780244074147 0.925 235
1780244074149 0.96 236
1780244074151 0.835 237
1780244074152 0.945 238
1780244074154 0.9550000000000001 239
1780244074156 0.96 240
1780244074158 0.9550000000000001 241
1780244074160 0.9649999999999999 242
1780244074161 0.8649999999999999 243
1780244074163 0.9700000000000001 244
1780244074165 0.9899999999999999 245
1780244074167 0.9400000000000001 246
1780244074168 0.9700000000000001 247
1780244074170 0.985 248
1780244074172 0.9650000000000001 249
1780244074174 0.96 250
1780244074175 0.9649999999999999 251
1780244074177 0.9349999999999999 252
1780244074179 0.9499999999999998 253
1780244074181 0.945 254
1780244074182 0.8800000000000001 255
1780244074184 0.97 256
1780244074186 0.96 257
1780244074188 0.97 258
1780244074189 0.9799999999999999 259
1780244074191 0.885 260
1780244074193 0.9649999999999999 261
1780244074195 0.97 262
1780244074211 0.95 263
1780244074213 0.9399999999999998 264
1780244074215 0.925 265
1780244074217 0.9799999999999999 266
1780244074218 0.9100000000000001 267
1780244074221 0.95 268
1780244074223 0.96 269
1780244074225 0.95 270
1780244074226 0.9649999999999999 271
1780244074228 0.9049999999999999 272
1780244074230 0.945 273
1780244074232 0.9799999999999999 274
1780244074234 0.9599999999999997 275
1780244074235 0.9549999999999998 276
1780244074237 0.95 277
1780244074239 0.825 278
1780244074241 0.925 279
1780244074243 0.9549999999999998 280
1780244074244 0.985 281
1780244074246 0.9550000000000001 282
1780244074248 0.74 283
1780244074250 0.9799999999999999 284
1780244074251 0.96 285
1780244074253 0.985 286
1780244074255 0.97 287
1780244074257 0.975 288
1780244074259 0.975 289
1780244074261 0.925 290
1780244074263 0.9650000000000001 291
1780244074264 0.96 292
1780244074266 0.9549999999999998 293
1780244074268 0.9649999999999999 294
1780244074270 0.96 295
1780244074271 0.97 296
1780244074273 0.9749999999999999 297
1780244074275 0.97 298
1780244074277 0.9649999999999999 299
1780244074278 0.9700000000000001 300
1780244074280 0.865 301
1780244074282 0.975 302
1780244074284 0.9650000000000001 303
1780244074285 0.9549999999999998 304
1780244074287 0.885 305
1780244074289 0.9549999999999998 306
1780244074291 0.9650000000000001 307
1780244074293 0.9649999999999999 308
1780244074294 0.9549999999999998 309
1780244074296 0.95 310
1780244074298 0.96 311
1780244074300 0.8800000000000001 312
1780244074302 0.97 313
