1780141668176 0.0 0
1780141668179 0.095 1
1780141668182 0.35 2
1780141668185 0.365 3
1780141668187 0.47000000000000003 4
1780141668190 0.56 5
1780141668193 0.6300000000000001 6
1780141668197 0.725 7
1780141668200 0.76 8
1780141668203 0.6900000000000001 9
1780141668205 0.705 10
1780141668208 0.5950000000000001 11
1780141668211 0.73 12
1780141668214 0.635 13
1780141668216 0.765 14
1780141668219 0.795 15
1780141668222 0.85 16
1780141668225 0.6950000000000001 17
1780141668228 0.6900000000000001 18
1780141668231 0.7099999999999999 19
1780141668234 0.6100000000000001 20
1780141668237 0.7249999999999999 21
1780141668240 0.8499999999999999 22
1780141668242 0.8200000000000001 23
1780141668245 0.8150000000000001 24
1780141668248 0.6050000000000001 25
1780141668251 0.765 26
1780141668253 0.765 27
1780141668256 0.76 28
1780141668259 0.685 29
1780141668262 0.8950000000000001 30
1780141668265 0.8 31
1780141668268 0.8099999999999999 32
1780141668271 0.8949999999999999 33
1780141668274 0.77 34
1780141668277 0.7750000000000001 35
1780141668280 0.835 36
1780141668282 0.835 37
1780141668285 0.8200000000000001 38
1780141668288 0.89 39
1780141668291 0.745 40
1780141668293 0.8399999999999999 41
1780141668296 0.85 42
1780141668299 0.8150000000000001 43
1780141668302 0.8200000000000001 44
1780141668306 0.875 45
1780141668317 0.865 46
1780141668320 0.8150000000000001 47
1780141668323 0.745 48
1780141668325 0.9099999999999999 49
1780141668328 0.905 50
1780141668331 0.585 51
1780141668334 0.5700000000000001 52
1780141668337 0.885 53
1780141668340 0.69 54
1780141668343 0.79 55
1780141668346 0.9049999999999999 56
1780141668349 0.945 57
1780141668352 0.825 58
1780141668354 0.875 59
1780141668357 0.8949999999999999 60
1780141668360 0.9 61
1780141668363 0.8300000000000001 62
1780141668365 0.8699999999999999 63
1780141668368 0.8299999999999998 64
1780141668371 0.905 65
1780141668374 0.8049999999999999 66
1780141668377 0.82 67
1780141668380 0.875 68
1780141668383 0.8049999999999999 69
1780141668386 0.78 70
1780141668389 0.76 71
1780141668391 0.915 72
1780141668394 0.9299999999999999 73
1780141668397 0.8049999999999999 74
1780141668400 0.925 75
1780141668402 0.915 76
1780141668405 0.85 77
1780141668408 0.9399999999999998 78
1780141668411 0.9349999999999999 79
1780141668414 0.8150000000000001 80
1780141668417 0.8950000000000001 81
1780141668420 0.86 82
1780141668423 0.93 83
1780141668426 0.735 84
1780141668428 0.8350000000000002 85
1780141668431 0.905 86
1780141668434 0.76 87
1780141668437 0.8949999999999999 88
1780141668439 0.9499999999999998 89
1780141668442 0.9 90
1780141668446 0.885 91
1780141668449 0.875 92
1780141668452 0.9299999999999999 93
1780141668455 0.9200000000000002 94
1780141668457 0.925 95
1780141668460 0.75 96
1780141668463 0.8350000000000002 97
1780141668465 0.915 98
1780141668468 0.835 99
1780141668471 0.7150000000000001 100
1780141668474 0.85 101
1780141668477 0.915 102
1780141668479 0.8150000000000001 103
1780141668483 0.865 104
1780141668486 0.89 105
1780141668494 0.8649999999999999 106
1780141668497 0.905 107
1780141668499 0.86 108
1780141668502 0.915 109
1780141668505 0.8400000000000001 110
1780141668508 0.8049999999999999 111
1780141668511 0.9399999999999998 112
1780141668513 0.925 113
1780141668516 0.8800000000000001 114
1780141668519 0.9099999999999999 115
1780141668523 0.6799999999999999 116
1780141668526 0.875 117
1780141668528 0.9499999999999998 118
1780141668531 0.9 119
1780141668534 0.93 120
1780141668536 0.89 121
1780141668539 0.9200000000000002 122
1780141668542 0.79 123
1780141668545 0.9 124
1780141668548 0.73 125
1780141668550 0.9399999999999998 126
1780141668553 0.9049999999999999 127
1780141668556 0.9299999999999999 128
1780141668560 0.925 129
1780141668562 0.945 130
1780141668565 0.9200000000000002 131
1780141668568 0.9399999999999998 132
1780141668571 0.76 133
1780141668573 0.865 134
1780141668576 0.865 135
1780141668579 0.9149999999999998 136
1780141668581 0.9400000000000001 137
1780141668584 0.8800000000000001 138
1780141668587 0.9099999999999999 139
1780141668590 0.9549999999999998 140
1780141668593 0.9249999999999998 141
1780141668596 0.9299999999999999 142
1780141668599 0.9349999999999999 143
1780141668602 0.905 144
1780141668605 0.9450000000000001 145
1780141668608 0.9400000000000001 146
1780141668610 0.9099999999999999 147
1780141668613 0.93 148
1780141668616 0.945 149
1780141668619 0.9499999999999998 150
1780141668621 0.95 151
1780141668624 0.9400000000000001 152
1780141668627 0.915 153
1780141668630 0.9 154
1780141668634 0.975 155
1780141668636 0.8150000000000001 156
1780141668639 0.875 157
1780141668642 0.9549999999999998 158
1780141668645 0.9349999999999999 159
1780141668647 0.9599999999999997 160
1780141668650 0.9649999999999999 161
1780141668653 0.9799999999999999 162
1780141668656 0.9400000000000001 163
1780141668658 0.925 164
1780141668661 0.9299999999999999 165
1780141668665 0.9149999999999998 166
1780141668668 0.97 167
1780141668672 0.9599999999999997 168
1780141668674 0.945 169
1780141668677 0.975 170
1780141668680 0.8949999999999999 171
1780141668683 0.915 172
1780141668685 0.9550000000000001 173
1780141668688 0.975 174
1780141668691 0.97 175
1780141668694 0.8549999999999999 176
1780141668697 0.945 177
1780141668699 0.95 178
1780141668703 0.9099999999999998 179
1780141668706 0.9799999999999999 180
1780141668709 0.97 181
1780141668712 0.7849999999999999 182
1780141668714 0.96 183
1780141668717 0.96 184
1780141668720 0.9499999999999998 185
1780141668723 0.9599999999999997 186
1780141668726 0.96 187
1780141668728 0.96 188
1780141668731 0.975 189
1780141668734 0.9649999999999999 190
1780141668737 0.97 191
1780141668740 0.9649999999999999 192
1780141668743 0.96 193
1780141668746 0.96 194
1780141668749 0.9400000000000001 195
1780141668752 0.89 196
1780141668754 0.9200000000000002 197
1780141668757 0.93 198
1780141668760 0.945 199
1780141668763 0.9550000000000001 200
1780141668766 0.97 201
1780141668768 0.9650000000000001 202
1780141668771 0.97 203
1780141668774 0.9649999999999999 204
1780141668777 0.95 205
1780141668781 0.9800000000000001 206
1780141668784 0.9899999999999999 207
1780141668787 0.985 208
1780141668790 0.9549999999999998 209
1780141668792 0.9799999999999999 210
1780141668795 0.985 211
1780141668799 0.945 212
1780141668802 0.95 213
1780141668805 0.9450000000000001 214
1780141668807 0.945 215
1780141668810 0.9599999999999997 216
1780141668813 0.96 217
1780141668816 0.93 218
1780141668820 0.9149999999999998 219
1780141668823 0.9550000000000001 220
1780141668825 0.985 221
1780141668828 0.9649999999999999 222
1780141668831 0.9549999999999998 223
1780141668834 0.9349999999999999 224
1780141668838 0.95 225
1780141668841 0.95 226
1780141668844 0.9899999999999999 227
1780141668846 0.9799999999999999 228
1780141668849 0.985 229
1780141668852 0.9349999999999999 230
1780141668855 0.985 231
1780141668858 0.96 232
1780141668861 0.945 233
1780141668864 0.9549999999999998 234
1780141668867 0.9399999999999998 235
1780141668870 0.9599999999999997 236
1780141668873 0.9799999999999999 237
1780141668876 0.805 238
1780141668880 0.97 239
1780141668882 0.915 240
1780141668885 0.97 241
1780141668888 0.93 242
1780141668891 0.985 243
1780141668894 0.9800000000000001 244
1780141668898 0.975 245
1780141668901 0.9650000000000001 246
1780141668903 0.9799999999999999 247
1780141668906 0.99 248
1780141668909 0.96 249
1780141668912 0.9550000000000001 250
1780141668915 0.9749999999999999 251
1780141668918 0.9649999999999999 252
1780141668921 0.975 253
1780141668924 0.97 254
1780141668927 0.9299999999999999 255
1780141668929 0.93 256
1780141668933 0.945 257
1780141668936 0.975 258
1780141668939 0.99 259
1780141668941 0.9550000000000001 260
1780141668944 0.96 261
1780141668947 0.9799999999999999 262
1780141668950 0.9199999999999999 263
1780141668953 0.8950000000000001 264
1780141668956 0.9599999999999997 265
1780141668959 0.9550000000000001 266
1780141668962 0.9749999999999999 267
1780141668964 0.9400000000000001 268
1780141668967 0.9349999999999999 269
1780141668970 0.9650000000000001 270
1780141668974 0.9550000000000001 271
1780141668977 0.8699999999999999 272
1780141668979 0.875 273
1780141668982 0.97 274
1780141668985 0.97 275
1780141668988 0.875 276
1780141668992 0.9400000000000001 277
1780141668995 0.9199999999999999 278
1780141668998 0.9800000000000001 279
1780141669000 0.975 280
1780141669003 0.985 281
1780141669006 0.97 282
1780141669009 0.95 283
1780141669013 0.975 284
1780141669016 0.9549999999999998 285
1780141669018 0.9649999999999999 286
1780141669021 0.97 287
1780141669024 0.9149999999999998 288
1780141669027 0.905 289
1780141669030 0.9499999999999998 290
1780141669033 0.985 291
1780141669036 0.96 292
1780141669038 0.9650000000000001 293
1780141669042 0.9249999999999998 294
1780141669045 0.9599999999999997 295
1780141669048 0.985 296
1780141669051 0.9799999999999999 297
1780141669053 0.9299999999999999 298
1780141669056 0.9499999999999998 299
1780141669059 0.975 300
1780141669062 0.99 301
1780141669065 0.95 302
1780141669067 0.96 303
1780141669070 0.96 304
1780141669074 0.945 305
1780141669077 0.96 306
1780141669080 0.9249999999999998 307
1780141669082 0.9650000000000001 308
1780141669085 0.96 309
1780141669088 0.945 310
1780141669091 0.9400000000000001 311
1780141669094 0.95 312
1780141669097 0.9800000000000001 313
