1780238161900 0.0 0
1780238161905 0.07720008402111031 1
1780238161907 0.4657430613570964 2
1780238161908 0.6947126602663369 3
1780238161910 0.6674953796747977 4
1780238161911 0.7171379149460342 5
1780238161913 0.7908444115308642 6
1780238161914 0.8529465359252594 7
1780238161916 0.7986960201519988 8
1780238161917 0.8700190590305343 9
1780238161919 0.8297602397602398 10
1780238161920 0.8862279733176488 11
1780238161922 0.9060305662713277 12
1780238161923 0.8723957848348093 13
1780238161925 0.8831291458909384 14
1780238161926 0.8696945864592924 15
1780238161928 0.9403014807186822 16
1780238161929 0.8993465105205871 17
1780238161931 0.9044629272536249 18
1780238161932 0.9238462021388851 19
1780238161934 0.9418626968403003 20
1780238161935 0.9745748187211601 21
1780238161937 0.9133946334437424 22
1780238161938 0.9547279549718575 23
1780238161940 0.9604994128678339 24
1780238161942 0.9148653023071628 25
1780238161943 0.9648503528991335 26
1780238161945 0.9452212597683834 27
1780238161946 0.9099985388851305 28
1780238161948 0.945752463098494 29
1780238161949 0.9444394528064708 30
1780238161951 0.9302447294594351 31
1780238161952 0.9201339963856011 32
1780238161954 0.9446924538246149 33
1780238161955 0.9443073447103657 34
1780238161957 0.945531903997886 35
1780238161958 0.974965556480319 36
1780238161960 0.9597274612422237 37
1780238161961 0.8862838320810458 38
1780238161963 0.9021460277986886 39
1780238161964 0.9664338266336369 40
1780238161966 0.8849314269371111 41
1780238161968 0.809523639776734 42
1780238161969 0.9550713791984652 43
1780238161971 0.9465995389455635 44
1780238161972 0.9549467477323702 45
1780238161974 0.9550602585262405 46
1780238161975 0.944765468892555 47
1780238161977 0.9304655168762404 48
1780238161978 0.9607922166266197 49
1780238161980 0.7684276771778711 50
1780238161981 0.8921340865986656 51
1780238161983 0.8974430965414882 52
1780238161984 0.8022818000415786 53
1780238161986 0.9493403460142273 54
1780238161987 0.9748525394160822 55
1780238161989 0.9030215553307608 56
1780238161990 0.9749906191369607 57
1780238161992 0.9495868549898763 58
1780238161993 0.9556510099513951 59
1780238161995 0.9898587933247753 60
1780238161997 0.9750547886798895 61
1780238161998 0.9698624140087555 62
1780238162009 0.9449903271639546 63
1780238162011 0.9500308450166648 64
1780238162012 0.9651063164477799 65
1780238162014 0.9500995688094532 66
1780238162015 0.9599843652282676 67
1780238162017 0.9303372844836261 68
1780238162018 0.850522864669206 69
1780238162020 0.9297091932457787 70
1780238162022 0.9550125299983495 71
1780238162023 0.9447913245089111 72
1780238162025 0.7948695401552484 73
1780238162026 0.9299988338678371 74
1780238162028 0.9749749373433584 75
1780238162029 0.9513375000442436 76
1780238162031 0.9746878357853968 77
1780238162032 0.6926649026649027 78
1780238162034 0.9455697449158966 79
1780238162035 0.97010989010989 80
1780238162037 0.9703116926659334 81
1780238162038 0.9603863958035973 82
1780238162040 0.9600693415841043 83
1780238162041 0.9550812537911384 84
1780238162043 0.9751067631555437 85
1780238162044 0.9349905942960545 86
1780238162046 0.9360337493346307 87
1780238162047 0.9596565192200623 88
1780238162049 0.9594549224844476 89
1780238162051 0.9550308450166648 90
1780238162052 0.9545565037028452 91
1780238162054 0.9060147088054065 92
1780238162055 0.9181248467049123 93
1780238162057 0.9498618954382158 94
1780238162058 0.9293502206069004 95
1780238162060 0.8660632287220309 96
1780238162061 0.9493494445933468 97
1780238162063 0.934368951196876 98
1780238162065 0.5992627666311876 99
1780238162066 0.9558990939478743 100
1780238162068 0.974965556480319 101
1780238162069 0.974977617589941 102
1780238162071 0.9648838311405109 103
1780238162072 0.907457190505971 104
1780238162074 0.9346111602722642 105
1780238162075 0.9899968730456535 106
1780238162077 0.9132412588125041 107
1780238162078 0.9390436717961513 108
1780238162080 0.870107852730511 109
1780238162081 0.9547180803791843 110
1780238162083 0.8838389595000635 111
1780238162084 0.9244953235325509 112
1780238162086 0.9449619828182089 113
1780238162087 0.9399593025716261 114
1780238162089 0.9497488327275562 115
1780238162090 0.9801067631555437 116
1780238162092 0.9799686834346655 117
1780238162093 0.9602103993567408 118
1780238162095 0.940613531516299 119
1780238162096 0.9751996160390941 120
1780238162098 0.9555102499839341 121
1780238162099 0.9646878357853967 122
1780238162101 0.9797274612422238 123
1780238162102 0.9749718103890119 124
1780238162104 0.9599135820046646 125
1780238162105 0.9698373513521139 126
1780238162107 0.9699566223250434 127
1780238162109 0.9599593025716262 128
1780238162110 0.9651067631555437 129
1780238162112 0.9750937616085242 130
1780238162113 0.9699785580273386 131
1780238162115 0.9749843652282678 132
1780238162116 0.9555177278861489 133
1780238162118 0.9592824303799914 134
1780238162119 0.8839325037267347 135
1780238162121 0.8721696884670598 136
1780238162122 0.9554103735275185 137
1780238162124 0.9139988546025698 138
1780238162125 0.7559675396517501 139
1780238162127 0.8932669357847199 140
1780238162128 0.9600812537911384 141
1780238162130 0.9350321317060131 142
1780238162132 0.9452495062430281 143
1780238162133 0.9601526176801574 144
1780238162135 0.9698306037137874 145
1780238162136 0.9799937460913071 146
1780238162138 0.9899937460913071 147
1780238162139 0.9849937460913072 148
1780238162141 0.9797274612422238 149
1780238162142 0.9597905315491966 150
1780238162144 0.940015319652302 151
1780238162145 0.9746878357853968 152
1780238162147 0.9798624140087554 153
1780238162148 0.9450749998824453 154
1780238162150 0.9604984724304364 155
1780238162151 0.979855666370429 156
1780238162153 0.9349624046850664 157
1780238162154 0.9602005247640678 158
1780238162156 0.9060332097722803 159
1780238162157 0.9602705332203497 160
1780238162159 0.9452496847990476 161
1780238162160 0.9026508579140158 162
1780238162162 0.9457953435809662 163
1780238162163 0.9290739290546736 164
1780238162165 0.9048187876911282 165
1780238162166 0.9311680683631904 166
1780238162168 0.7642100216925262 167
1780238162169 0.9099367975359065 168
1780238162171 0.8260284222117529 169
1780238162172 0.8674368721650533 170
1780238162174 0.9093185554426275 171
1780238162175 0.8900180864714418 172
1780238162177 0.8314179776695824 173
1780238162178 0.9499944688827275 174
1780238162185 0.9129770960116961 175
1780238162186 0.6015484483446285 176
1780238162188 0.8459193308817369 177
1780238162189 0.8873120738091302 178
1780238162191 0.9501693867547527 179
1780238162192 0.9651928684007677 180
1780238162194 0.9549723041186458 181
1780238162195 0.929910948779952 182
1780238162196 0.9169160243550488 183
1780238162198 0.8833509989278647 184
1780238162199 0.9144298861885509 185
1780238162201 0.920029461703343 186
1780238162202 0.9340154935790366 187
1780238162204 0.9450709324907015 188
1780238162205 0.9692458083921499 189
1780238162207 0.9303525877916122 190
1780238162208 0.9448150006544788 191
1780238162210 0.9291702877306592 192
1780238162211 0.8119036183968863 193
1780238162213 0.9499755650306445 194
1780238162214 0.9351721213380466 195
1780238162216 0.850927212067301 196
1780238162217 0.9132760731720341 197
1780238162219 0.9450995688094533 198
1780238162220 0.9398503528991334 199
1780238162222 0.7493535519469214 200
1780238162223 0.7731550029168252 201
1780238162225 0.9195238671361905 202
1780238162226 0.9163472291786185 203
1780238162228 0.9279545560784708 204
1780238162230 0.9552036517184141 205
1780238162231 0.9343907697090073 206
1780238162233 0.9129570827396915 207
1780238162234 0.9551268585928405 208
1780238162236 0.9049049159928273 209
1780238162237 0.9450513554493016 210
1780238162239 0.9504745410915529 211
1780238162240 0.9454754517954209 212
1780238162242 0.9203435557607573 213
1780238162243 0.9246156740036788 214
1780238162245 0.8852177324716018 215
1780238162246 0.818794586317051 216
1780238162248 0.8632164386149924 217
1780238162249 0.8693063473551279 218
1780238162251 0.9493619524107328 219
1780238162252 0.8173914887746723 220
1780238162254 0.9652313946216386 221
1780238162255 0.9294076481909721 222
1780238162257 0.9496939581599403 223
1780238162258 0.9453448335527328 224
1780238162260 0.9649556818876459 225
1780238162262 0.9497708140762742 226
1780238162263 0.9544423676451916 227
1780238162265 0.9552118175802387 228
1780238162266 0.9502251407129456 229
1780238162268 0.8979487902832851 230
1780238162269 0.9597091462239087 231
1780238162271 0.8335832961422025 232
1780238162272 0.8647868388907357 233
1780238162273 0.9455354517013769 234
1780238162275 0.895735179852827 235
1780238162277 0.9043089706063417 236
1780238162278 0.849068772867904 237
1780238162280 0.9551764025448236 238
1780238162281 0.7547265328171081 239
1780238162283 0.8474424674789092 240
1780238162284 0.8757181189451677 241
1780238162286 0.9344593347032373 242
1780238162287 0.960039600615921 243
1780238162289 0.9451546453985479 244
1780238162290 0.9597180803791844 245
1780238162292 0.9238204427114345 246
1780238162293 0.8843402341299734 247
1780238162295 0.9700547886798894 248
1780238162296 0.9007613937909188 249
1780238162298 0.9141157410445704 250
1780238162299 0.9546695207670817 251
1780238162301 0.8424412507071107 252
1780238162302 0.9158766650908591 253
1780238162304 0.9005217612362758 254
1780238162305 0.9400872331360137 255
1780238162307 0.9594643033474869 256
1780238162308 0.9232838357073362 257
1780238162310 0.9398066017843325 258
1780238162311 0.9753417314392925 259
1780238162313 0.9452099056271072 260
1780238162314 0.9246463745250203 261
1780238162316 0.9548173276029501 262
1780238162317 0.8682090670268495 263
1780238162319 0.9088244660022665 264
1780238162320 0.9204546919501991 265
1780238162322 0.8300954951688014 266
1780238162323 0.9499301725232406 267
1780238162325 0.9209032305002613 268
1780238162326 0.8791668956729041 269
1780238162327 0.929006159588354 270
1780238162329 0.949802414102799 271
1780238162331 0.94436124850759 272
1780238162332 0.9194341024828828 273
1780238162334 0.9101306726568051 274
1780238162335 0.9597878513026139 275
1780238162337 0.9549521082255359 276
1780238162338 0.9395768018411838 277
1780238162339 0.9245287017238235 278
1780238162341 0.9798525394160824 279
1780238162342 0.9260650659617582 280
1780238162344 0.832791249986372 281
1780238162345 0.9253945347825396 282
1780238162347 0.9598097870049089 283
1780238162348 0.969592508475692 284
1780238162350 0.9700547886798894 285
1780238162351 0.9654926652295073 286
1780238162353 0.9651098901098901 287
1780238162355 0.9344899398929611 288
1780238162357 0.9454644756185193 289
1780238162358 0.9445768737039597 290
1780238162360 0.8734129988302003 291
1780238162361 0.9195541697082135 292
1780238162363 0.8978466256322484 293
1780238162364 0.9341121423149665 294
1780238162366 0.8859128309022856 295
1780238162367 0.9297723753294402 296
1780238162369 0.9446663938127353 297
1780238162370 0.748927642769748 298
1780238162372 0.949632397000818 299
1780238162373 0.9513020008214517 300
1780238162375 0.8981265065747825 301
1780238162376 0.959675327968011 302
1780238162378 0.9449522803694819 303
1780238162379 0.8896102347840801 304
1780238162381 0.8734025384951275 305
1780238162382 0.8927373537648577 306
1780238162384 0.9396572668523888 307
1780238162385 0.9553197957369972 308
1780238162387 0.9285962856226393 309
1780238162388 0.5975548271195661 310
1780238162390 0.8651218324239494 311
1780238162391 0.9599624295259724 312
1780238162393 0.9400262907668049 313
