1780635946754 0.0 0
1780635946758 0.095 1
1780635946760 0.15 2
1780635946762 0.225 3
1780635946763 0.245 4
1780635946765 0.19 5
1780635946767 0.27 6
1780635946769 0.16 7
1780635946771 0.26 8
1780635946772 0.24 9
1780635946774 0.185 10
1780635946776 0.34 11
1780635946778 0.225 12
1780635946779 0.33 13
1780635946781 0.32 14
1780635946783 0.275 15
1780635946784 0.215 16
1780635946786 0.265 17
1780635946788 0.28 18
1780635946789 0.25 19
1780635946791 0.3 20
1780635946793 0.325 21
1780635946795 0.325 22
1780635946796 0.31 23
1780635946798 0.285 24
1780635946800 0.295 25
1780635946802 0.365 26
1780635946803 0.25 27
1780635946805 0.305 28
1780635946807 0.27 29
1780635946808 0.315 30
1780635946810 0.255 31
1780635946812 0.3 32
1780635946813 0.305 33
1780635946815 0.285 34
1780635946817 0.29 35
1780635946819 0.335 36
1780635946820 0.35 37
1780635946822 0.325 38
1780635946824 0.315 39
1780635946825 0.355 40
1780635946827 0.3 41
1780635946829 0.295 42
1780635946830 0.36 43
1780635946832 0.34 44
1780635946834 0.3 45
1780635946836 0.28 46
1780635946837 0.38 47
1780635946839 0.355 48
1780635946841 0.355 49
1780635946842 0.31 50
1780635946844 0.385 51
1780635946846 0.355 52
1780635946847 0.305 53
1780635946849 0.295 54
1780635946851 0.28 55
1780635946853 0.28 56
1780635946854 0.34 57
1780635946856 0.275 58
1780635946858 0.305 59
1780635946859 0.295 60
1780635946861 0.255 61
1780635946863 0.39 62
1780635946864 0.355 63
1780635946866 0.36 64
1780635946868 0.395 65
1780635946869 0.295 66
1780635946871 0.345 67
1780635946873 0.33 68
1780635946874 0.27 69
1780635946876 0.285 70
1780635946878 0.31 71
1780635946879 0.31 72
1780635946881 0.31 73
1780635946883 0.31 74
1780635946885 0.305 75
1780635946886 0.35 76
1780635946888 0.34 77
1780635946890 0.31 78
1780635946891 0.325 79
1780635946893 0.25 80
1780635946895 0.315 81
1780635946896 0.34 82
1780635946898 0.285 83
1780635946900 0.28 84
1780635946901 0.295 85
1780635946903 0.3 86
1780635946905 0.3 87
1780635946906 0.355 88
1780635946908 0.315 89
1780635946910 0.345 90
1780635946911 0.335 91
1780635946913 0.345 92
1780635946915 0.345 93
1780635946917 0.375 94
1780635946918 0.275 95
1780635946920 0.26 96
1780635946922 0.325 97
1780635946923 0.3 98
1780635946925 0.3 99
1780635946927 0.33 100
1780635946928 0.325 101
1780635946930 0.34 102
1780635946932 0.295 103
1780635946933 0.29 104
1780635946935 0.34 105
1780635946937 0.285 106
1780635946938 0.375 107
1780635946940 0.31 108
1780635946942 0.335 109
1780635946943 0.355 110
1780635946945 0.355 111
1780635946947 0.32 112
1780635946948 0.295 113
1780635946950 0.3 114
1780635946952 0.305 115
1780635946953 0.275 116
1780635946955 0.325 117
1780635946957 0.34 118
1780635946958 0.27 119
1780635946960 0.245 120
1780635946962 0.315 121
1780635946964 0.325 122
1780635946965 0.345 123
1780635946967 0.365 124
1780635946969 0.265 125
1780635946970 0.29 126
1780635946972 0.29 127
1780635946974 0.335 128
1780635946975 0.36 129
1780635946977 0.265 130
1780635946979 0.33 131
1780635946980 0.345 132
1780635946982 0.32 133
1780635946984 0.34 134
1780635946985 0.335 135
1780635946987 0.365 136
1780635946989 0.3 137
1780635946990 0.33 138
1780635946992 0.365 139
1780635946994 0.33 140
1780635946996 0.355 141
1780635946997 0.325 142
1780635946999 0.31 143
1780635947001 0.305 144
1780635947002 0.275 145
1780635947004 0.285 146
1780635947006 0.29 147
1780635947007 0.295 148
1780635947009 0.335 149
1780635947011 0.155 150
1780635947013 0.175 151
1780635947014 0.22 152
1780635947016 0.17 153
1780635947018 0.245 154
1780635947019 0.205 155
1780635947021 0.185 156
1780635947023 0.185 157
1780635947024 0.19 158
1780635947026 0.215 159
1780635947028 0.18 160
1780635947029 0.185 161
1780635947031 0.215 162
1780635947033 0.175 163
1780635947034 0.225 164
1780635947036 0.245 165
1780635947038 0.19 166
1780635947039 0.23 167
1780635947041 0.195 168
1780635947043 0.215 169
1780635947044 0.18 170
1780635947046 0.215 171
1780635947048 0.21 172
1780635947049 0.18 173
1780635947051 0.2 174
1780635947053 0.215 175
1780635947054 0.23 176
1780635947056 0.185 177
1780635947058 0.22 178
1780635947059 0.17 179
1780635947061 0.21 180
1780635947063 0.19 181
1780635947064 0.285 182
1780635947066 0.215 183
1780635947068 0.21 184
1780635947069 0.205 185
1780635947071 0.23 186
1780635947073 0.19 187
1780635947074 0.18 188
1780635947076 0.195 189
1780635947078 0.18 190
1780635947080 0.255 191
1780635947081 0.19 192
1780635947083 0.22 193
1780635947084 0.215 194
1780635947086 0.235 195
1780635947088 0.18 196
1780635947089 0.215 197
1780635947091 0.18 198
1780635947093 0.19 199
1780635947094 0.2 200
1780635947096 0.215 201
1780635947098 0.21 202
1780635947100 0.18 203
1780635947101 0.205 204
1780635947103 0.23 205
1780635947105 0.25 206
1780635947106 0.19 207
1780635947108 0.23 208
1780635947110 0.205 209
1780635947111 0.155 210
1780635947113 0.225 211
1780635947115 0.245 212
1780635947116 0.21 213
1780635947118 0.23 214
1780635947120 0.24 215
1780635947121 0.23 216
1780635947123 0.24 217
1780635947125 0.155 218
1780635947126 0.215 219
1780635947128 0.205 220
1780635947130 0.2 221
1780635947131 0.165 222
1780635947133 0.29 223
1780635947135 0.235 224
1780635947136 0.18 225
1780635947138 0.22 226
1780635947140 0.17 227
1780635947141 0.24 228
1780635947143 0.265 229
1780635947145 0.19 230
1780635947146 0.19 231
1780635947148 0.16 232
1780635947150 0.19 233
1780635947151 0.225 234
1780635947153 0.18 235
1780635947155 0.24 236
1780635947156 0.195 237
1780635947158 0.225 238
1780635947160 0.275 239
1780635947161 0.215 240
1780635947163 0.22 241
1780635947165 0.185 242
1780635947166 0.22 243
1780635947168 0.175 244
1780635947170 0.135 245
1780635947171 0.235 246
1780635947173 0.155 247
1780635947175 0.2 248
1780635947176 0.265 249
1780635947178 0.25 250
1780635947180 0.23 251
1780635947181 0.21 252
1780635947183 0.22 253
1780635947185 0.195 254
1780635947186 0.215 255
1780635947188 0.245 256
1780635947190 0.205 257
1780635947191 0.205 258
1780635947193 0.22 259
1780635947195 0.205 260
1780635947197 0.2 261
1780635947199 0.225 262
1780635947200 0.245 263
1780635947202 0.235 264
1780635947204 0.225 265
1780635947205 0.155 266
1780635947207 0.185 267
1780635947209 0.27 268
1780635947210 0.235 269
1780635947212 0.205 270
1780635947214 0.17 271
1780635947215 0.27 272
1780635947217 0.245 273
1780635947218 0.235 274
1780635947220 0.18 275
1780635947222 0.235 276
1780635947223 0.215 277
1780635947225 0.235 278
1780635947227 0.26 279
1780635947228 0.22 280
1780635947230 0.23 281
1780635947232 0.205 282
1780635947233 0.2 283
1780635947235 0.25 284
1780635947236 0.22 285
1780635947238 0.225 286
1780635947240 0.19 287
1780635947241 0.24 288
1780635947243 0.215 289
1780635947245 0.225 290
1780635947246 0.215 291
1780635947248 0.205 292
1780635947250 0.26 293
1780635947251 0.18 294
1780635947253 0.21 295
1780635947255 0.195 296
1780635947256 0.23 297
1780635947258 0.255 298
