1780546875858 0.0 0
1780546875861 0.375 1
1780546875863 0.3925 2
1780546875865 0.405 3
1780546875867 0.415 4
1780546875870 0.4 5
1780546875872 0.4025 6
1780546875874 0.4025 7
1780546875877 0.41 8
1780546875879 0.3925 9
1780546875881 0.3825 10
1780546875883 0.385 11
1780546875885 0.9170854271356783 12
1780546875888 0.415 13
1780546875890 0.39 14
1780546875892 0.355 15
1780546875895 0.40703517587939697 16
1780546875897 0.415 17
1780546875899 0.3925 18
1780546875901 0.7341048151104017 19
1780546875904 0.4025 20
1780546875906 0.4125 21
1780546875908 0.4075 22
1780546875911 0.4125 23
1780546875913 0.3875 24
1780546875915 0.7329165455074149 25
1780546875917 0.9221105527638191 26
1780546875919 0.395 27
1780546875922 0.916243654822335 28
1780546875924 0.8894472361809045 29
1780546875926 0.415 30
1780546875929 0.8528214077952297 31
1780546875931 0.6971428571428572 32
1780546875933 0.395 33
1780546875935 0.625886524822695 34
1780546875937 0.3875 35
1780546875940 0.41 36
1780546875942 0.7295285359801489 37
1780546875944 0.9217171717171717 38
1780546875946 0.8844221105527639 39
1780546875949 0.6365979381443299 40
1780546875951 0.648083216456288 41
1780546875953 0.3925 42
1780546875955 0.4125 43
1780546875958 0.6650846726350986 44
1780546875961 0.4025 45
1780546875963 0.5596271295403408 46
1780546875965 0.9035532994923858 47
1780546875968 0.6770044476499579 48
1780546875970 0.6801215277777778 49
1780546875972 0.41 50
1780546875974 0.7448979591836735 51
1780546875977 0.4125 52
1780546875979 0.9166666666666667 53
1780546875981 0.7585910652920962 54
1780546875984 0.6464646464646464 55
1780546875986 0.405 56
1780546875988 0.904040404040404 57
1780546875990 0.7145390070921986 58
1780546875992 0.9217171717171717 59
1780546875995 0.41 60
1780546875997 0.6916282642089093 61
1780546875999 0.3825 62
1780546876002 0.6770518249647106 63
1780546876004 0.4120603015075377 64
1780546876006 0.3975 65
1780546876008 0.4175 66
1780546876011 0.4025 67
1780546876013 0.41 68
1780546876015 0.3825 69
1780546876017 0.8944723618090452 70
1780546876020 0.6905050995628946 71
1780546876022 0.8210526315789474 72
1780546876024 0.6754985754985755 73
1780546876026 0.7763023493360572 74
1780546876029 0.3825 75
1780546876031 0.39 76
1780546876033 0.6720485853947563 77
1780546876035 0.7451481103166496 78
1780546876038 0.5619546247818499 79
1780546876040 0.6399951432734337 80
1780546876042 0.4025 81
1780546876044 0.9093264248704663 82
1780546876047 0.771043771043771 83
1780546876049 0.40703517587939697 84
1780546876051 0.7131578947368421 85
1780546876053 0.9015151515151515 86
1780546876056 0.6536458333333334 87
1780546876058 0.7057291666666667 88
1780546876060 0.4125 89
1780546876062 0.3575 90
1780546876065 0.7255015751948267 91
1780546876067 0.6794360202181431 92
1780546876069 0.8026315789473684 93
1780546876071 0.6627705627705628 94
1780546876074 0.7 95
1780546876076 0.6439393939393939 96
1780546876078 0.3875 97
1780546876080 0.7403375068045727 98
1780546876083 0.7051630434782609 99
1780546876085 0.7772608316371038 100
1780546876087 0.5843596059113301 101
1780546876089 0.8035714285714286 102
1780546876092 0.7395833333333333 103
1780546876094 0.8147130647130647 104
1780546876096 0.7627551020408163 105
1780546876098 0.4025 106
1780546876101 0.9271356783919598 107
1780546876103 0.9149484536082475 108
1780546876105 0.7209474463360473 109
1780546876107 0.3775 110
1780546876110 0.38 111
1780546876112 0.9246231155778895 112
1780546876114 0.4075 113
1780546876116 0.72 114
1780546876118 0.5974997270444372 115
1780546876121 0.4025 116
1780546876123 0.715625 117
1780546876125 0.41 118
1780546876127 0.41 119
1780546876130 0.666951566951567 120
1780546876132 0.4025 121
1780546876134 0.8016304347826086 122
1780546876137 0.9195979899497487 123
1780546876139 0.7333333333333334 124
1780546876141 0.6414141414141414 125
1780546876143 0.8932291666666667 126
1780546876146 0.904040404040404 127
1780546876148 0.6173762945914845 128
1780546876151 0.7102774274905422 129
1780546876153 0.6590909090909092 130
1780546876155 0.9120603015075377 131
1780546876158 0.8058510638297872 132
1780546876160 0.4125 133
1780546876162 0.7160326086956521 134
1780546876164 0.3825 135
1780546876167 0.6138493133102297 136
1780546876169 0.4175 137
1780546876171 0.7563840653728294 138
1780546876174 0.6074327752409945 139
1780546876176 0.4175 140
1780546876178 0.41 141
1780546876180 0.42 142
1780546876182 0.4 143
1780546876185 0.7627772420443588 144
1780546876187 0.3875 145
1780546876189 0.6597347799879445 146
1780546876192 0.7831632653061225 147
1780546876194 0.6515957446808511 148
1780546876196 0.904040404040404 149
1780546876198 0.43548387096774194 150
1780546876200 0.5229591836734694 151
1780546876203 0.58125 152
1780546876205 0.6529651038321559 153
1780546876207 0.2889447236180904 154
1780546876209 0.6232398999868404 155
1780546876212 0.6497741389045737 156
1780546876215 0.7333333333333334 157
1780546876217 0.6992753623188406 158
1780546876219 0.6969246031746033 159
1780546876221 0.7566490854000674 160
1780546876224 0.750660547907106 161
1780546876226 0.7363945578231292 162
1780546876228 0.7112781954887217 163
1780546876230 0.7695035460992907 164
1780546876233 0.75 165
1780546876235 0.728 166
1780546876237 0.7332730560578662 167
1780546876239 0.32 168
1780546876242 0.7137254901960783 169
1780546876244 0.7550986569391478 170
1780546876246 0.7868421052631579 171
1780546876248 0.7940176070428171 172
1780546876251 0.7390930256098796 173
1780546876253 0.7294474892608502 174
1780546876255 0.8222222222222222 175
1780546876257 0.7604514626986537 176
1780546876260 0.7076098059244127 177
1780546876262 0.732740801984291 178
1780546876264 0.7658102766798419 179
1780546876267 0.7788461538461539 180
1780546876269 0.7693607244222193 181
1780546876271 0.7583120204603581 182
1780546876273 0.772005772005772 183
1780546876276 0.771427011682498 184
1780546876278 0.7872103386809268 185
1780546876280 0.7892356399819087 186
1780546876282 0.7469885615953031 187
1780546876284 0.7690746753246753 188
1780546876287 0.7425304713623126 189
1780546876289 0.7675588754020126 190
1780546876291 0.7664884135472371 191
1780546876293 0.8090452261306533 192
1780546876296 0.75 193
1780546876298 0.6951716114019779 194
1780546876301 0.7323826894379042 195
1780546876303 0.79375 196
1780546876305 0.7813382269904009 197
1780546876308 0.8249823570924488 198
1780546876310 0.8357843137254902 199
1780546876312 0.7778146244403913 200
1780546876314 0.7958333333333334 201
1780546876317 0.7796474358974359 202
1780546876319 0.8043871551334238 203
1780546876321 0.7845238095238095 204
1780546876323 0.7787723785166241 205
1780546876326 0.79568136454364 206
1780546876328 0.7597402597402598 207
1780546876330 0.7666256157635468 208
1780546876332 0.7588051448491405 209
1780546876335 0.8033673154155082 210
1780546876337 0.7705182496471062 211
1780546876339 0.8215152986886838 212
1780546876342 0.7667400660594534 213
1780546876344 0.7429763219236903 214
1780546876346 0.8101673101673101 215
1780546876348 0.7721078358761665 216
1780546876351 0.8065472980261028 217
1780546876353 0.747588908981314 218
1780546876355 0.8410087719298246 219
1780546876357 0.8245987553226335 220
1780546876360 0.8093189964157705 221
1780546876362 0.8729071537290716 222
1780546876364 0.7675201346315663 223
1780546876366 0.8152319144874977 224
1780546876368 0.7717171717171717 225
1780546876371 0.72 226
1780546876373 0.8076298701298701 227
1780546876375 0.7447916666666667 228
1780546876377 0.8122733346058408 229
1780546876380 0.7878787878787878 230
1780546876382 0.8243749367344873 231
1780546876384 0.7937105390966488 232
1780546876386 0.7413689281413087 233
1780546876388 0.8066349731293923 234
1780546876391 0.82 235
1780546876393 0.7944008295067397 236
1780546876395 0.7651488819372031 237
1780546876397 0.7745971374236813 238
1780546876400 0.7771915584415584 239
1780546876402 0.8238095238095238 240
1780546876404 0.7934065934065935 241
1780546876406 0.8423323966278603 242
1780546876408 0.823641765704584 243
1780546876411 0.8364448051948052 244
1780546876413 0.8296714474621096 245
1780546876415 0.8455732354141167 246
1780546876417 0.7768043387567793 247
1780546876420 0.7298954201226109 248
1780546876422 0.7931470796639336 249
1780546876424 0.830883088308831 250
1780546876426 0.816213921901528 251
1780546876428 0.8734335839598997 252
1780546876431 0.7659227000544366 253
1780546876433 0.8468621759583626 254
1780546876435 0.822757337742869 255
1780546876437 0.8136363636363637 256
1780546876440 0.8385668276972624 257
1780546876442 0.8819869441044472 258
1780546876444 0.8318551367331856 259
1780546876446 0.7580078388971483 260
1780546876449 0.8523809523809524 261
1780546876451 0.861603900819587 262
1780546876453 0.825 263
1780546876455 0.8500420723644668 264
1780546876457 0.8054965077436987 265
1780546876460 0.7921168467386954 266
1780546876462 0.8077922077922077 267
1780546876464 0.8268272425249169 268
1780546876466 0.791362226003403 269
1780546876469 0.7931623931623932 270
1780546876471 0.7432900432900433 271
1780546876473 0.8139483065953654 272
1780546876475 0.7936698717948718 273
1780546876478 0.6914285714285714 274
1780546876480 0.775 275
1780546876482 0.8418495468937657 276
1780546876484 0.8298059964726632 277
1780546876487 0.7553956834532374 278
1780546876489 0.8340213695968917 279
1780546876491 0.8341470857491609 280
1780546876493 0.8103772541210311 281
1780546876495 0.8032942667089009 282
1780546876498 0.8525252525252525 283
1780546876500 0.8259668508287292 284
1780546876502 0.7857142857142858 285
1780546876504 0.8441558441558441 286
1780546876507 0.8164950664950665 287
1780546876509 0.8421266233766234 288
1780546876511 0.8362336233623362 289
1780546876513 0.7521602513747054 290
1780546876516 0.8266369047619048 291
1780546876518 0.7615874513503951 292
1780546876520 0.8769071248703896 293
1780546876522 0.8337854128993369 294
1780546876525 0.8121693121693121 295
1780546876527 0.8632673769660071 296
1780546876529 0.8523809523809524 297
1780546876532 0.8080272245020519 298
