1780113806536 0.0 0
1780113806538 0.07 1
1780113806540 0.215 2
1780113806541 0.28500000000000003 3
1780113806543 0.40499999999999997 4
1780113806545 0.3949999999999999 5
1780113806547 0.57 6
1780113806548 0.65 7
1780113806550 0.635 8
1780113806552 0.69 9
1780113806553 0.5 10
1780113806555 0.5700000000000001 11
1780113806557 0.7350000000000001 12
1780113806559 0.555 13
1780113806560 0.7649999999999999 14
1780113806562 0.7149999999999999 15
1780113806564 0.8049999999999999 16
1780113806566 0.8099999999999999 17
1780113806567 0.78 18
1780113806569 0.8 19
1780113806571 0.8600000000000001 20
1780113806572 0.8799999999999999 21
1780113806574 0.86 22
1780113806576 0.885 23
1780113806577 0.85 24
1780113806579 0.825 25
1780113806581 0.7500000000000001 26
1780113806583 0.9099999999999999 27
1780113806584 0.7050000000000001 28
1780113806586 0.9 29
1780113806588 0.775 30
1780113806589 0.8550000000000001 31
1780113806591 0.745 32
1780113806593 0.7350000000000001 33
1780113806595 0.85 34
1780113806597 0.82 35
1780113806598 0.875 36
1780113806600 0.905 37
1780113806602 0.845 38
1780113806604 0.755 39
1780113806605 0.8099999999999999 40
1780113806607 0.8 41
1780113806609 0.9099999999999999 42
1780113806611 0.8099999999999999 43
1780113806612 0.925 44
1780113806614 0.785 45
1780113806616 0.8949999999999999 46
1780113806617 0.8700000000000001 47
1780113806619 0.8400000000000001 48
1780113806621 0.9299999999999999 49
1780113806623 0.9299999999999999 50
1780113806624 0.8949999999999999 51
1780113806627 0.845 52
1780113806628 0.645 53
1780113806630 0.8600000000000001 54
1780113806632 0.8450000000000001 55
1780113806633 0.915 56
1780113806635 0.9099999999999999 57
1780113806637 0.9349999999999999 58
1780113806639 0.9049999999999999 59
1780113806640 0.9049999999999999 60
1780113806642 0.8549999999999999 61
1780113806644 0.9199999999999999 62
1780113806645 0.945 63
1780113806647 0.885 64
1780113806649 0.8899999999999999 65
1780113806651 0.85 66
1780113806652 0.7449999999999999 67
1780113806654 0.8549999999999999 68
1780113806656 0.85 69
1780113806657 0.9099999999999999 70
1780113806659 0.9 71
1780113806661 0.89 72
1780113806662 0.875 73
1780113806664 0.8350000000000002 74
1780113806666 0.875 75
1780113806668 0.9349999999999999 76
1780113806670 0.9349999999999999 77
1780113806671 0.9400000000000001 78
1780113806673 0.9199999999999999 79
1780113806675 0.8700000000000001 80
1780113806676 0.905 81
1780113806678 0.8699999999999999 82
1780113806680 0.8850000000000001 83
1780113806682 0.8800000000000001 84
1780113806683 0.8950000000000001 85
1780113806685 0.8400000000000001 86
1780113806687 0.845 87
1780113806688 0.7750000000000001 88
1780113806690 0.925 89
1780113806692 0.9099999999999999 90
1780113806693 0.82 91
1780113806695 0.77 92
1780113806697 0.8299999999999998 93
1780113806698 0.875 94
1780113806700 0.875 95
1780113806702 0.8899999999999999 96
1780113806703 0.8950000000000001 97
1780113806705 0.875 98
1780113806707 0.8800000000000001 99
1780113806708 0.825 100
1780113806710 0.89 101
1780113806712 0.9099999999999999 102
1780113806713 0.9400000000000001 103
1780113806715 0.9099999999999999 104
1780113806717 0.8950000000000001 105
1780113806719 0.925 106
1780113806720 0.9 107
1780113806722 0.945 108
1780113806724 0.9349999999999999 109
1780113806725 0.945 110
1780113806727 0.8899999999999999 111
1780113806729 0.9 112
1780113806730 0.905 113
1780113806732 0.885 114
1780113806734 0.915 115
1780113806735 0.9399999999999998 116
1780113806737 0.9399999999999998 117
1780113806739 0.9149999999999998 118
1780113806740 0.905 119
1780113806742 0.825 120
1780113806744 0.8949999999999999 121
1780113806745 0.915 122
1780113806747 0.95 123
1780113806749 0.915 124
1780113806750 0.9499999999999998 125
1780113806752 0.8550000000000001 126
1780113806754 0.845 127
1780113806755 0.8600000000000001 128
1780113806757 0.8 129
1780113806759 0.9349999999999999 130
1780113806760 0.89 131
1780113806762 0.9200000000000002 132
1780113806764 0.8400000000000001 133
1780113806765 0.9199999999999999 134
1780113806767 0.9349999999999999 135
1780113806769 0.845 136
1780113806770 0.8749999999999998 137
1780113806772 0.89 138
1780113806774 0.8399999999999999 139
1780113806775 0.8950000000000001 140
1780113806777 0.925 141
1780113806779 0.8550000000000001 142
1780113806780 0.8800000000000001 143
1780113806782 0.7749999999999999 144
1780113806784 0.9199999999999999 145
1780113806786 0.9099999999999999 146
1780113806787 0.875 147
1780113806789 0.9 148
1780113806791 0.9400000000000001 149
1780113806792 0.95 150
1780113806794 0.9249999999999998 151
1780113806796 0.905 152
1780113806797 0.93 153
1780113806799 0.89 154
1780113806801 0.875 155
1780113806802 0.945 156
1780113806804 0.9400000000000001 157
1780113806806 0.945 158
1780113806807 0.95 159
1780113806809 0.9099999999999999 160
1780113806811 0.9400000000000001 161
1780113806812 0.95 162
1780113806814 0.95 163
1780113806816 0.9 164
1780113806817 0.96 165
1780113806819 0.8949999999999999 166
1780113806821 0.8699999999999999 167
1780113806822 0.9349999999999999 168
1780113806824 0.945 169
1780113806826 0.9899999999999999 170
1780113806827 0.9 171
1780113806829 0.9299999999999999 172
1780113806831 0.9649999999999999 173
1780113806832 0.985 174
1780113806834 0.95 175
1780113806836 0.9399999999999998 176
1780113806837 0.8949999999999999 177
1780113806839 0.875 178
1780113806841 0.985 179
1780113806842 0.97 180
1780113806844 0.975 181
1780113806846 0.93 182
1780113806847 0.9650000000000001 183
1780113806849 0.945 184
1780113806851 0.9400000000000001 185
1780113806853 0.97 186
1780113806854 0.9500000000000002 187
1780113806856 0.96 188
1780113806858 0.975 189
1780113806859 0.9 190
1780113806861 0.945 191
1780113806863 0.9550000000000001 192
1780113806865 0.9349999999999999 193
1780113806866 0.9049999999999999 194
1780113806868 0.9450000000000001 195
1780113806870 0.9299999999999999 196
1780113806871 0.9399999999999998 197
1780113806873 0.9549999999999998 198
1780113806875 0.9399999999999998 199
1780113806876 0.9450000000000001 200
1780113806878 0.945 201
1780113806880 0.9550000000000001 202
1780113806881 0.9599999999999997 203
1780113806883 0.9799999999999999 204
1780113806885 0.97 205
1780113806887 0.985 206
1780113806889 0.9799999999999999 207
1780113806890 0.99 208
1780113806892 0.9549999999999998 209
1780113806894 0.8949999999999999 210
1780113806895 0.9800000000000001 211
1780113806897 0.9799999999999999 212
1780113806899 0.9549999999999998 213
1780113806900 0.9299999999999999 214
1780113806902 0.9349999999999999 215
1780113806904 0.9650000000000001 216
1780113806905 0.9550000000000001 217
1780113806907 0.97 218
1780113806909 0.9549999999999998 219
1780113806910 0.975 220
1780113806912 0.985 221
1780113806914 0.9649999999999999 222
1780113806915 0.96 223
1780113806917 0.9550000000000001 224
1780113806919 0.93 225
1780113806920 0.96 226
1780113806922 0.9549999999999998 227
1780113806924 0.97 228
1780113806925 0.97 229
1780113806927 0.9800000000000001 230
1780113806929 0.9499999999999998 231
1780113806930 0.9499999999999998 232
1780113806932 0.875 233
1780113806934 0.9149999999999998 234
1780113806935 0.9299999999999999 235
1780113806937 0.9299999999999999 236
1780113806939 0.97 237
1780113806941 0.9800000000000001 238
1780113806942 0.95 239
1780113806944 0.9550000000000001 240
1780113806946 0.975 241
1780113806947 0.9650000000000001 242
1780113806949 0.9649999999999999 243
1780113806951 0.97 244
1780113806952 0.9799999999999999 245
1780113806954 0.9149999999999998 246
1780113806956 0.975 247
1780113806957 0.9949999999999999 248
1780113806959 0.9349999999999999 249
1780113806961 0.985 250
1780113806962 0.9799999999999999 251
1780113806964 0.9550000000000001 252
1780113806966 0.875 253
1780113806967 0.9199999999999999 254
1780113806969 0.975 255
1780113806971 0.9550000000000001 256
1780113806973 0.9349999999999999 257
1780113806974 0.9700000000000001 258
1780113806976 0.97 259
1780113806978 0.9099999999999999 260
1780113806979 0.9650000000000001 261
1780113806981 0.97 262
1780113806983 0.9650000000000001 263
1780113806984 0.9400000000000001 264
1780113806986 0.865 265
1780113806988 0.975 266
1780113806989 0.9399999999999998 267
1780113806991 0.9499999999999998 268
1780113806993 0.9799999999999999 269
1780113806994 0.945 270
1780113806996 0.9399999999999998 271
1780113806998 0.9650000000000001 272
1780113806999 0.925 273
1780113807001 0.9800000000000001 274
1780113807003 0.9749999999999999 275
1780113807004 0.9649999999999999 276
1780113807006 0.96 277
1780113807008 0.9399999999999998 278
1780113807009 0.9649999999999999 279
1780113807011 0.9550000000000001 280
1780113807013 0.9749999999999999 281
1780113807014 0.95 282
1780113807016 0.9549999999999998 283
1780113807018 0.975 284
1780113807019 0.9400000000000001 285
1780113807021 0.9649999999999999 286
1780113807023 0.9800000000000001 287
1780113807024 0.9549999999999998 288
1780113807026 0.9400000000000001 289
1780113807028 0.9499999999999998 290
1780113807029 0.985 291
1780113807031 0.915 292
1780113807033 0.96 293
1780113807034 0.925 294
1780113807036 0.9649999999999999 295
1780113807038 0.97 296
1780113807039 0.96 297
1780113807041 0.9199999999999999 298
1780113807043 0.9549999999999998 299
1780113807044 0.9350000000000002 300
1780113807046 0.975 301
1780113807048 0.96 302
1780113807049 0.96 303
1780113807051 0.97 304
1780113807053 0.945 305
1780113807054 0.9199999999999999 306
1780113807056 0.96 307
1780113807058 0.93 308
1780113807059 0.875 309
1780113807061 0.9649999999999999 310
1780113807063 0.9400000000000001 311
1780113807064 0.96 312
1780113807066 0.975 313
