1780546876507 0.0 0
1780546876509 0.11500000000000002 1
1780546876511 0.13 2
1780546876512 0.16999999999999998 3
1780546876514 0.155 4
1780546876516 0.14500000000000002 5
1780546876517 0.145 6
1780546876519 0.18 7
1780546876521 0.185 8
1780546876522 0.19 9
1780546876524 0.2 10
1780546876526 0.185 11
1780546876527 0.21999999999999997 12
1780546876529 0.2 13
1780546876530 0.185 14
1780546876532 0.225 15
1780546876534 0.22999999999999998 16
1780546876536 0.18 17
1780546876537 0.255 18
1780546876539 0.26 19
1780546876541 0.25 20
1780546876542 0.21000000000000002 21
1780546876544 0.225 22
1780546876546 0.23000000000000004 23
1780546876547 0.195 24
1780546876549 0.21999999999999997 25
1780546876550 0.22999999999999998 26
1780546876552 0.275 27
1780546876554 0.30500000000000005 28
1780546876555 0.21999999999999997 29
1780546876557 0.24499999999999997 30
1780546876559 0.31999999999999995 31
1780546876560 0.23000000000000004 32
1780546876562 0.265 33
1780546876563 0.205 34
1780546876565 0.2 35
1780546876567 0.23500000000000001 36
1780546876568 0.21500000000000002 37
1780546876570 0.255 38
1780546876572 0.3 39
1780546876573 0.24 40
1780546876575 0.3 41
1780546876577 0.30500000000000005 42
1780546876578 0.26499999999999996 43
1780546876580 0.275 44
1780546876582 0.27 45
1780546876583 0.265 46
1780546876585 0.275 47
1780546876587 0.23500000000000001 48
1780546876588 0.275 49
1780546876590 0.3 50
1780546876592 0.29000000000000004 51
1780546876593 0.29500000000000004 52
1780546876595 0.29500000000000004 53
1780546876597 0.285 54
1780546876599 0.16 55
1780546876600 0.29 56
1780546876602 0.26000000000000006 57
1780546876604 0.29500000000000004 58
1780546876605 0.27999999999999997 59
1780546876607 0.30999999999999994 60
1780546876609 0.285 61
1780546876610 0.31999999999999995 62
1780546876612 0.265 63
1780546876613 0.22999999999999998 64
1780546876615 0.24499999999999997 65
1780546876617 0.18 66
1780546876618 0.34500000000000003 67
1780546876620 0.335 68
1780546876622 0.25 69
1780546876623 0.22999999999999998 70
1780546876625 0.26 71
1780546876627 0.35 72
1780546876628 0.27 73
1780546876630 0.27999999999999997 74
1780546876632 0.33 75
1780546876633 0.26999999999999996 76
1780546876635 0.25 77
1780546876636 0.31 78
1780546876638 0.36500000000000005 79
1780546876640 0.345 80
1780546876641 0.24499999999999997 81
1780546876643 0.31999999999999995 82
1780546876645 0.18 83
1780546876646 0.33499999999999996 84
1780546876648 0.29000000000000004 85
1780546876650 0.26499999999999996 86
1780546876651 0.265 87
1780546876653 0.25 88
1780546876654 0.25 89
1780546876656 0.255 90
1780546876658 0.32 91
1780546876659 0.28500000000000003 92
1780546876661 0.325 93
1780546876663 0.29500000000000004 94
1780546876664 0.31 95
1780546876666 0.265 96
1780546876668 0.275 97
1780546876669 0.30499999999999994 98
1780546876671 0.285 99
1780546876672 0.3350000000000001 100
1780546876674 0.2799999999999999 101
1780546876676 0.35000000000000003 102
1780546876677 0.29000000000000004 103
1780546876679 0.28500000000000003 104
1780546876681 0.35 105
1780546876682 0.28500000000000003 106
1780546876684 0.28500000000000003 107
1780546876686 0.25 108
1780546876687 0.265 109
1780546876689 0.345 110
1780546876691 0.24500000000000002 111
1780546876692 0.34500000000000003 112
1780546876694 0.28500000000000003 113
1780546876696 0.28500000000000003 114
1780546876697 0.215 115
1780546876699 0.335 116
1780546876701 0.37 117
1780546876702 0.27999999999999997 118
1780546876704 0.27 119
1780546876706 0.31500000000000006 120
1780546876707 0.31 121
1780546876709 0.34 122
1780546876710 0.29500000000000004 123
1780546876712 0.28500000000000003 124
1780546876714 0.29 125
1780546876715 0.34 126
1780546876717 0.3 127
1780546876719 0.315 128
1780546876720 0.29999999999999993 129
1780546876722 0.35 130
1780546876724 0.325 131
1780546876725 0.285 132
1780546876727 0.34 133
1780546876729 0.38 134
1780546876730 0.36 135
1780546876732 0.33499999999999996 136
1780546876734 0.28500000000000003 137
1780546876735 0.315 138
1780546876737 0.305 139
1780546876738 0.26999999999999996 140
1780546876740 0.195 141
1780546876742 0.35500000000000004 142
1780546876743 0.315 143
1780546876745 0.22000000000000003 144
1780546876747 0.26499999999999996 145
1780546876748 0.29500000000000004 146
1780546876750 0.325 147
1780546876752 0.26999999999999996 148
1780546876753 0.24500000000000002 149
1780546876755 0.2 150
1780546876757 0.34500000000000003 151
1780546876758 0.37499999999999994 152
1780546876760 0.305 153
1780546876761 0.34500000000000003 154
1780546876763 0.335 155
1780546876765 0.355 156
1780546876766 0.355 157
1780546876768 0.32999999999999996 158
1780546876770 0.275 159
1780546876771 0.28 160
1780546876773 0.265 161
1780546876774 0.35 162
1780546876776 0.32 163
1780546876778 0.225 164
1780546876779 0.28500000000000003 165
1780546876781 0.38 166
1780546876783 0.35500000000000004 167
1780546876784 0.34500000000000003 168
1780546876786 0.36000000000000004 169
1780546876787 0.295 170
1780546876789 0.35 171
1780546876791 0.355 172
1780546876792 0.39 173
1780546876794 0.31999999999999995 174
1780546876796 0.33499999999999996 175
1780546876797 0.32999999999999996 176
1780546876799 0.21999999999999997 177
1780546876800 0.185 178
1780546876802 0.36500000000000005 179
1780546876804 0.28500000000000003 180
1780546876805 0.4 181
1780546876807 0.335 182
1780546876809 0.34 183
1780546876810 0.33 184
1780546876812 0.265 185
1780546876814 0.355 186
1780546876815 0.29500000000000004 187
1780546876817 0.35 188
1780546876818 0.29000000000000004 189
1780546876820 0.29000000000000004 190
1780546876822 0.295 191
1780546876823 0.39 192
1780546876825 0.385 193
1780546876827 0.30999999999999994 194
1780546876828 0.31000000000000005 195
1780546876830 0.295 196
1780546876831 0.31999999999999995 197
1780546876833 0.34500000000000003 198
1780546876835 0.32 199
1780546876836 0.325 200
1780546876838 0.28500000000000003 201
1780546876839 0.41000000000000003 202
1780546876841 0.41000000000000003 203
1780546876843 0.385 204
1780546876844 0.3550000000000001 205
1780546876846 0.3 206
1780546876848 0.33 207
1780546876850 0.35 208
1780546876851 0.325 209
1780546876853 0.26 210
1780546876854 0.285 211
1780546876856 0.40499999999999997 212
1780546876858 0.41500000000000004 213
1780546876859 0.385 214
1780546876861 0.4600000000000001 215
1780546876862 0.36 216
1780546876864 0.37 217
1780546876866 0.31 218
1780546876867 0.355 219
1780546876869 0.31999999999999995 220
1780546876871 0.35 221
1780546876872 0.285 222
1780546876874 0.31499999999999995 223
1780546876875 0.4 224
1780546876877 0.37499999999999994 225
1780546876879 0.375 226
1780546876880 0.38 227
1780546876882 0.38000000000000006 228
1780546876884 0.315 229
1780546876885 0.4699999999999999 230
1780546876887 0.29500000000000004 231
1780546876888 0.35 232
1780546876890 0.375 233
1780546876892 0.41 234
1780546876893 0.37 235
1780546876895 0.375 236
1780546876896 0.36 237
1780546876898 0.335 238
1780546876900 0.385 239
1780546876901 0.355 240
1780546876903 0.4149999999999999 241
1780546876905 0.41000000000000003 242
1780546876906 0.39 243
1780546876908 0.365 244
1780546876909 0.4149999999999999 245
1780546876911 0.37 246
1780546876913 0.39 247
1780546876914 0.32999999999999996 248
1780546876916 0.35500000000000004 249
1780546876917 0.32000000000000006 250
1780546876919 0.38 251
1780546876921 0.395 252
1780546876922 0.38 253
1780546876924 0.365 254
1780546876925 0.34 255
1780546876927 0.355 256
1780546876929 0.305 257
1780546876930 0.29999999999999993 258
1780546876932 0.335 259
1780546876934 0.24499999999999997 260
1780546876935 0.275 261
1780546876937 0.38 262
1780546876938 0.345 263
1780546876940 0.39 264
1780546876942 0.365 265
1780546876943 0.325 266
1780546876945 0.425 267
1780546876946 0.2 268
1780546876948 0.20000000000000004 269
1780546876950 0.34500000000000003 270
1780546876951 0.41000000000000003 271
1780546876953 0.365 272
1780546876955 0.375 273
1780546876956 0.37 274
1780546876958 0.35500000000000004 275
1780546876959 0.255 276
1780546876961 0.395 277
1780546876963 0.395 278
1780546876964 0.39 279
1780546876966 0.47000000000000003 280
1780546876968 0.38 281
1780546876969 0.37 282
1780546876971 0.325 283
1780546876972 0.4 284
1780546876974 0.27 285
1780546876976 0.29999999999999993 286
1780546876977 0.39499999999999996 287
1780546876979 0.34500000000000003 288
1780546876980 0.29500000000000004 289
1780546876982 0.33499999999999996 290
1780546876984 0.305 291
1780546876985 0.39 292
1780546876987 0.37 293
1780546876988 0.36 294
1780546876990 0.335 295
1780546876992 0.37 296
1780546876993 0.38 297
1780546876995 0.38 298
