1780136250255 0.0 0
1780136250259 0.1 1
1780136250261 0.15 2
1780136250264 0.215 3
1780136250266 0.3 4
1780136250268 0.365 5
1780136250271 0.385 6
1780136250273 0.46 7
1780136250276 0.46 8
1780136250278 0.485 9
1780136250280 0.56 10
1780136250282 0.595 11
1780136250284 0.595 12
1780136250287 0.65 13
1780136250289 0.61 14
1780136250291 0.7 15
1780136250293 0.715 16
1780136250295 0.585 17
1780136250298 0.675 18
1780136250300 0.74 19
1780136250302 0.725 20
1780136250304 0.735 21
1780136250306 0.805 22
1780136250309 0.78 23
1780136250311 0.755 24
1780136250313 0.81 25
1780136250315 0.795 26
1780136250318 0.72 27
1780136250320 0.83 28
1780136250322 0.785 29
1780136250324 0.755 30
1780136250326 0.765 31
1780136250329 0.8 32
1780136250331 0.805 33
1780136250333 0.8 34
1780136250335 0.755 35
1780136250337 0.72 36
1780136250340 0.775 37
1780136250342 0.76 38
1780136250344 0.79 39
1780136250347 0.785 40
1780136250349 0.845 41
1780136250351 0.8 42
1780136250353 0.775 43
1780136250355 0.82 44
1780136250358 0.855 45
1780136250360 0.855 46
1780136250362 0.765 47
1780136250364 0.785 48
1780136250367 0.81 49
1780136250369 0.825 50
1780136250371 0.805 51
1780136250373 0.805 52
1780136250375 0.79 53
1780136250377 0.77 54
1780136250380 0.785 55
1780136250382 0.765 56
1780136250384 0.835 57
1780136250386 0.845 58
1780136250389 0.805 59
1780136250391 0.8 60
1780136250393 0.815 61
1780136250395 0.81 62
1780136250397 0.76 63
1780136250399 0.85 64
1780136250402 0.82 65
1780136250404 0.825 66
1780136250406 0.83 67
1780136250408 0.8 68
1780136250411 0.87 69
1780136250413 0.8 70
1780136250415 0.81 71
1780136250417 0.85 72
1780136250419 0.89 73
1780136250422 0.815 74
1780136250424 0.835 75
1780136250426 0.85 76
1780136250428 0.82 77
1780136250430 0.825 78
1780136250433 0.855 79
1780136250435 0.88 80
1780136250437 0.81 81
1780136250439 0.795 82
1780136250441 0.81 83
1780136250444 0.83 84
1780136250446 0.875 85
1780136250448 0.84 86
1780136250451 0.795 87
1780136250453 0.78 88
1780136250455 0.845 89
1780136250457 0.855 90
1780136250459 0.855 91
1780136250462 0.885 92
1780136250464 0.875 93
1780136250466 0.845 94
1780136250468 0.88 95
1780136250470 0.8 96
1780136250472 0.86 97
1780136250475 0.83 98
1780136250477 0.87 99
1780136250479 0.815 100
1780136250481 0.83 101
1780136250484 0.865 102
1780136250486 0.85 103
1780136250488 0.84 104
1780136250490 0.86 105
1780136250492 0.785 106
1780136250495 0.84 107
1780136250497 0.84 108
1780136250499 0.845 109
1780136250501 0.87 110
1780136250504 0.815 111
1780136250506 0.875 112
1780136250508 0.825 113
1780136250510 0.85 114
1780136250512 0.81 115
1780136250515 0.89 116
1780136250517 0.875 117
1780136250519 0.855 118
1780136250522 0.885 119
1780136250524 0.86 120
1780136250526 0.885 121
1780136250528 0.875 122
1780136250531 0.855 123
1780136250533 0.87 124
1780136250535 0.795 125
1780136250537 0.87 126
1780136250540 0.845 127
1780136250542 0.875 128
1780136250544 0.875 129
1780136250547 0.84 130
1780136250549 0.865 131
1780136250551 0.875 132
1780136250553 0.865 133
1780136250555 0.885 134
1780136250557 0.895 135
1780136250560 0.855 136
1780136250562 0.845 137
1780136250564 0.835 138
1780136250566 0.86 139
1780136250568 0.84 140
1780136250571 0.845 141
1780136250573 0.845 142
1780136250575 0.88 143
1780136250577 0.845 144
1780136250579 0.905 145
1780136250582 0.87 146
1780136250584 0.895 147
1780136250586 0.89 148
1780136250588 0.885 149
1780136250591 0.875 150
1780136250593 0.83 151
1780136250595 0.865 152
1780136250597 0.865 153
1780136250599 0.865 154
1780136250602 0.855 155
1780136250604 0.89 156
1780136250606 0.875 157
1780136250608 0.9 158
1780136250611 0.895 159
1780136250613 0.88 160
1780136250615 0.905 161
1780136250617 0.91 162
1780136250619 0.92 163
1780136250622 0.9 164
1780136250624 0.905 165
1780136250626 0.915 166
1780136250628 0.915 167
1780136250631 0.915 168
1780136250633 0.915 169
1780136250635 0.915 170
1780136250637 0.94 171
1780136250640 0.885 172
1780136250642 0.895 173
1780136250644 0.9 174
1780136250646 0.92 175
1780136250648 0.89 176
1780136250650 0.9 177
1780136250653 0.895 178
1780136250655 0.93 179
1780136250657 0.925 180
1780136250659 0.915 181
1780136250661 0.895 182
1780136250664 0.925 183
1780136250666 0.9 184
1780136250668 0.905 185
1780136250670 0.93 186
1780136250672 0.89 187
1780136250675 0.845 188
1780136250677 0.875 189
1780136250679 0.91 190
1780136250681 0.92 191
1780136250683 0.915 192
1780136250686 0.88 193
1780136250688 0.865 194
1780136250690 0.915 195
1780136250692 0.91 196
1780136250694 0.95 197
1780136250696 0.93 198
1780136250699 0.95 199
1780136250701 0.95 200
1780136250703 0.94 201
1780136250706 0.91 202
1780136250708 0.94 203
1780136250710 0.92 204
1780136250712 0.92 205
1780136250715 0.9 206
1780136250717 0.945 207
1780136250719 0.945 208
1780136250721 0.935 209
1780136250723 0.925 210
1780136250726 0.92 211
1780136250728 0.885 212
1780136250730 0.925 213
1780136250732 0.865 214
1780136250734 0.895 215
1780136250737 0.915 216
1780136250739 0.925 217
1780136250741 0.89 218
1780136250743 0.965 219
1780136250746 0.94 220
1780136250748 0.925 221
1780136250750 0.945 222
1780136250752 0.93 223
1780136250754 0.91 224
1780136250757 0.93 225
1780136250759 0.93 226
1780136250761 0.935 227
1780136250763 0.92 228
1780136250765 0.95 229
1780136250768 0.92 230
1780136250770 0.96 231
1780136250772 0.915 232
1780136250774 0.945 233
1780136250776 0.945 234
1780136250779 0.905 235
1780136250781 0.905 236
1780136250783 0.94 237
1780136250785 0.95 238
1780136250788 0.94 239
1780136250790 0.95 240
1780136250792 0.92 241
1780136250794 0.96 242
1780136250796 0.935 243
1780136250799 0.94 244
1780136250801 0.96 245
1780136250803 0.93 246
1780136250806 0.93 247
1780136250808 0.92 248
1780136250810 0.95 249
1780136250812 0.955 250
1780136250815 0.905 251
1780136250817 0.915 252
1780136250819 0.925 253
1780136250821 0.935 254
1780136250823 0.93 255
1780136250825 0.915 256
1780136250828 0.9 257
1780136250830 0.95 258
1780136250832 0.935 259
1780136250834 0.93 260
1780136250836 0.89 261
1780136250839 0.97 262
1780136250841 0.95 263
1780136250843 0.93 264
1780136250845 0.955 265
1780136250847 0.93 266
1780136250850 0.93 267
1780136250852 0.95 268
1780136250854 0.95 269
1780136250856 0.945 270
1780136250859 0.935 271
1780136250861 0.955 272
1780136250863 0.94 273
1780136250866 0.935 274
1780136250868 0.92 275
1780136250870 0.94 276
1780136250872 0.95 277
1780136250874 0.92 278
1780136250877 0.89 279
1780136250879 0.855 280
1780136250881 0.935 281
1780136250883 0.93 282
1780136250885 0.855 283
1780136250888 0.92 284
1780136250890 0.97 285
1780136250892 0.96 286
1780136250895 0.96 287
1780136250897 0.95 288
1780136250899 0.95 289
1780136250901 0.915 290
1780136250903 0.94 291
1780136250906 0.945 292
1780136250908 0.9 293
1780136250910 0.96 294
1780136250912 0.93 295
1780136250914 0.935 296
1780136250916 0.945 297
1780136250918 0.945 298
1780136250921 0.925 299
1780136250923 0.94 300
1780136250925 0.96 301
1780136250927 0.96 302
1780136250929 0.905 303
1780136250931 0.94 304
1780136250933 0.925 305
1780136250936 0.925 306
1780136250938 0.92 307
1780136250940 0.955 308
1780136250942 0.94 309
1780136250945 0.955 310
1780136250947 0.905 311
1780136250949 0.96 312
1780136250951 0.925 313
