1780237033625 0.0 0
1780237033627 0.048098901098901095 1
1780237033629 0.08183954534570106 2
1780237033630 0.07107584468198279 3
1780237033632 0.07529281050938688 4
1780237033634 0.1114572744576557 5
1780237033637 0.12218019667978304 6
1780237033639 0.13215261830268843 7
1780237033640 0.13915468884628704 8
1780237033642 0.16986094978115823 9
1780237033643 0.25003848052628536 10
1780237033645 0.27351506265347353 11
1780237033647 0.26382687493690865 12
1780237033648 0.30706825958739997 13
1780237033650 0.2763648001176178 14
1780237033652 0.3439035675433818 15
1780237033654 0.34340060991399357 16
1780237033656 0.348356684981685 17
1780237033657 0.42267656437821355 18
1780237033659 0.40563716612229206 19
1780237033660 0.41390836291422195 20
1780237033662 0.4243675051101695 21
1780237033664 0.4625390969645059 22
1780237033666 0.43526920962215077 23
1780237033667 0.42477866934577124 24
1780237033669 0.5094357845834097 25
1780237033670 0.49373955993599283 26
1780237033672 0.44868438786096243 27
1780237033673 0.530275637552584 28
1780237033675 0.47350844298815903 29
1780237033677 0.5083696778866769 30
1780237033678 0.5157068968914997 31
1780237033680 0.49050243917425745 32
1780237033682 0.5119127181664453 33
1780237033683 0.5279674321039336 34
1780237033685 0.5180995670995671 35
1780237033687 0.5308487518891382 36
1780237033689 0.5421824699176515 37
1780237033691 0.6016009321028503 38
1780237033693 0.5417502887844515 39
1780237033695 0.47501435002519343 40
1780237033697 0.5099635316446103 41
1780237033698 0.5443058511271538 42
1780237033700 0.5750387296567675 43
1780237033703 0.5656841877576066 44
1780237033705 0.6200481692321052 45
1780237033707 0.5807918068188103 46
1780237033709 0.5501686378526289 47
1780237033710 0.535431642742046 48
1780237033712 0.5339102439809486 49
1780237033713 0.5205680932459402 50
1780237033715 0.5771641235700404 51
1780237033717 0.533402719403056 52
1780237033718 0.5340602514032717 53
1780237033720 0.5666304351864837 54
1780237033721 0.5470590289044903 55
1780237033723 0.576269120555681 56
1780237033724 0.5810023385251349 57
1780237033726 0.6271760746035837 58
1780237033728 0.5886586017739199 59
1780237033729 0.5927910257191937 60
1780237033731 0.6077263427008759 61
1780237033732 0.49058471214572785 62
1780237033734 0.5099306294297982 63
1780237033735 0.5984455241515617 64
1780237033737 0.5904277883958363 65
1780237033738 0.6000902004255664 66
1780237033740 0.5765176041734975 67
1780237033741 0.5578237167658313 68
1780237033743 0.6124439718907398 69
1780237033744 0.5757961106584182 70
1780237033746 0.5732153332785943 71
1780237033748 0.6131424531641827 72
1780237033750 0.5454195333912106 73
1780237033753 0.5717886730933699 74
1780237033755 0.6173422589238411 75
1780237033758 0.5865494517993413 76
1780237033759 0.6162707012849298 77
1780237033761 0.5747565054413936 78
1780237033762 0.6629564044510634 79
1780237033764 0.592720698604211 80
1780237033765 0.6172539149193028 81
1780237033767 0.5461011474169368 82
1780237033769 0.5940186050864272 83
1780237033770 0.5938057473398525 84
1780237033772 0.6040367727990881 85
1780237033773 0.608692348842923 86
1780237033775 0.5603304352043847 87
1780237033776 0.5501931402467093 88
1780237033778 0.6268635764772049 89
1780237033779 0.6324026930935907 90
1780237033781 0.6120698194999061 91
1780237033783 0.6037066378926844 92
1780237033784 0.5635758240209721 93
1780237033786 0.6375857147843954 94
1780237033787 0.647764919257737 95
1780237033789 0.5683106713275412 96
1780237033791 0.5948571258035675 97
1780237033792 0.6468741687007251 98
1780237033794 0.587674702555535 99
1780237033796 0.5557039948251471 100
1780237033798 0.5934193274193275 101
1780237033800 0.601598902390805 102
1780237033801 0.6336247494765685 103
1780237033803 0.5964911563846605 104
1780237033804 0.6648279281292425 105
1780237033806 0.5846111057415405 106
1780237033808 0.6441103242230108 107
1780237033811 0.6796536163823398 108
1780237033813 0.6235803331633425 109
1780237033815 0.6399609283286951 110
1780237033816 0.5373042499186234 111
1780237033818 0.5820428128912093 112
1780237033820 0.6057809282061584 113
1780237033823 0.5932561523805899 114
1780237033825 0.6169304010824539 115
1780237033827 0.6290998637202143 116
1780237033829 0.5976948841438123 117
1780237033830 0.5908501967613902 118
1780237033832 0.6828753604441211 119
1780237033833 0.6386717155522067 120
1780237033835 0.5965431183878454 121
1780237033837 0.6632673959815718 122
1780237033838 0.6390865717346553 123
1780237033840 0.6726283708423756 124
1780237033841 0.6583013937807067 125
1780237033843 0.6393130788870289 126
1780237033845 0.6129640331915388 127
1780237033846 0.6318222185780585 128
1780237033848 0.6602225477420954 129
1780237033849 0.6099930291232717 130
1780237033851 0.6457602784855476 131
1780237033852 0.6331511056164336 132
1780237033855 0.5942321841925415 133
1780237033857 0.6208376227305059 134
1780237033859 0.6510046545197191 135
1780237033860 0.6255466304878399 136
1780237033862 0.6414159836528258 137
1780237033863 0.6073729585619829 138
1780237033865 0.6678857150211253 139
1780237033866 0.6462326893482115 140
1780237033868 0.5852920704802352 141
1780237033869 0.7131779421831623 142
1780237033871 0.7115225858418077 143
1780237033873 0.6668310173264912 144
1780237033874 0.6405422526831823 145
1780237033876 0.6161920859252792 146
1780237033877 0.6622996829728948 147
1780237033879 0.6976534687216887 148
1780237033880 0.659343181092115 149
1780237033882 0.6454906664072249 150
1780237033883 0.6669919381098535 151
1780237033885 0.7221563933782448 152
1780237033887 0.7225340994189283 153
1780237033888 0.6780373170489813 154
1780237033890 0.6011157590537645 155
1780237033892 0.6632366472907639 156
1780237033893 0.7418303480903513 157
1780237033895 0.7639943020351291 158
1780237033897 0.6809241017014047 159
1780237033899 0.7395239804679223 160
1780237033902 0.7291636857279984 161
1780237033903 0.7081373733739716 162
1780237033905 0.7026476623192683 163
1780237033907 0.7374571521297315 164
1780237033909 0.6668522775841302 165
1780237033911 0.7769107225849655 166
1780237033913 0.7567190577028398 167
1780237033915 0.7773798711478322 168
1780237033917 0.6651663894070827 169
1780237033918 0.7944792332922586 170
1780237033920 0.7861053988795806 171
1780237033921 0.6780404963446841 172
1780237033923 0.7868063186878518 173
1780237033925 0.8102137007151129 174
1780237033926 0.7480461381798037 175
1780237033928 0.7137434437197245 176
1780237033929 0.7454986331094463 177
1780237033931 0.8065667457130872 178
1780237033932 0.7800671092583802 179
1780237033934 0.7977519314212088 180
1780237033936 0.8151056356993456 181
1780237033937 0.804018997925691 182
1780237033939 0.7639136935055193 183
1780237033940 0.7790979295253049 184
1780237033942 0.784961211607553 185
1780237033943 0.8088908993260973 186
1780237033945 0.7382233547841115 187
1780237033946 0.7474319250686666 188
1780237033948 0.7713727184810946 189
1780237033949 0.7576143910188274 190
1780237033951 0.8112947036419256 191
1780237033952 0.8180964920063944 192
1780237033954 0.7721384084072181 193
1780237033955 0.748689066992833 194
1780237033957 0.7927587310298932 195
1780237033958 0.7611763310681999 196
1780237033960 0.7982034271198358 197
1780237033961 0.7863474819515659 198
1780237033963 0.8311642963935795 199
1780237033964 0.7993263560572321 200
1780237033966 0.7802093199919288 201
1780237033968 0.765656097608362 202
1780237033969 0.8338031233380072 203
1780237033971 0.8117408444955074 204
1780237033972 0.7842077552355122 205
1780237033974 0.8040151772823355 206
1780237033975 0.8132240568575122 207
1780237033977 0.848537423188586 208
1780237033978 0.8025149041048356 209
1780237033980 0.862423124142772 210
1780237033981 0.7629784240150094 211
1780237033983 0.7770705638029483 212
1780237033984 0.7867294190917202 213
1780237033986 0.7591046067852603 214
1780237033987 0.7777714732644676 215
1780237033989 0.8589605131710396 216
1780237033990 0.7734418599242514 217
1780237033992 0.758336698304608 218
1780237033993 0.8672883428082402 219
1780237033995 0.8406263901867985 220
1780237033996 0.7854590063732234 221
1780237033998 0.8494691608106244 222
1780237033999 0.8471534949441926 223
1780237034001 0.7800032508167677 224
1780237034003 0.8165021221786919 225
1780237034004 0.8352586794178579 226
1780237034006 0.7957283550181684 227
1780237034007 0.8108869276790804 228
1780237034009 0.8437636578028256 229
1780237034010 0.8479515032593634 230
1780237034012 0.8434767861896203 231
1780237034013 0.7771683992970966 232
1780237034015 0.7957034574681634 233
1780237034016 0.8119231611651168 234
1780237034018 0.7868547064888529 235
1780237034019 0.8416716998489993 236
1780237034021 0.8585797816623334 237
1780237034022 0.8395396899134784 238
1780237034024 0.8320155937594198 239
1780237034025 0.8653231233861363 240
1780237034036 0.8482873573817462 241
1780237034038 0.8557959509716385 242
1780237034039 0.8150852170897187 243
1780237034041 0.8453371054350246 244
1780237034042 0.864396797041213 245
1780237034044 0.8316994996873046 246
1780237034045 0.839425792436062 247
1780237034047 0.8442724152980295 248
1780237034049 0.8998372494713959 249
1780237034050 0.8803009774575884 250
1780237034052 0.8173078660766333 251
1780237034053 0.8167970709991185 252
1780237034055 0.8438133871487606 253
1780237034056 0.7902775615819094 254
1780237034058 0.8640923603568019 255
1780237034059 0.7899666959665924 256
1780237034061 0.8022464443629399 257
1780237034062 0.8463145920131006 258
1780237034064 0.8278927750427405 259
1780237034065 0.8419878838468506 260
1780237034067 0.8429894883119328 261
1780237034068 0.8690188883720167 262
1780237034070 0.8297782257650679 263
1780237034072 0.8700849150849151 264
1780237034073 0.8334141655503972 265
1780237034075 0.8494626445488056 266
1780237034076 0.8208645705308684 267
1780237034078 0.9003950934246185 268
1780237034079 0.8476108354715921 269
1780237034081 0.8345692685544016 270
1780237034082 0.8743039959513077 271
1780237034084 0.8622220635001792 272
1780237034085 0.8793437755440842 273
1780237034087 0.8600144300144301 274
1780237034089 0.8463962053251555 275
1780237034090 0.8439416443110014 276
1780237034092 0.894043700558463 277
1780237034093 0.8551514642592949 278
1780237034095 0.8623428783355045 279
1780237034097 0.800145381082532 280
1780237034098 0.814799402411726 281
1780237034100 0.8378349698087287 282
1780237034101 0.884321625822208 283
1780237034103 0.8065283895071129 284
1780237034104 0.8486214389329383 285
1780237034106 0.811353863944466 286
1780237034107 0.845408476133765 287
1780237034109 0.8296836534061389 288
1780237034110 0.8876442387276194 289
1780237034112 0.8194231014032788 290
1780237034114 0.9082193189680428 291
1780237034115 0.8947892556044031 292
1780237034117 0.8609336918403727 293
1780237034118 0.8754579914506178 294
1780237034120 0.8346562970503921 295
1780237034121 0.8545474318118137 296
1780237034123 0.8559439518908935 297
1780237034124 0.8936825039905912 298
1780237034126 0.8692526966724655 299
1780237034127 0.8724471633490352 300
1780237034129 0.8782541656033311 301
1780237034130 0.8617986486174682 302
1780237034132 0.8796805278691716 303
1780237034134 0.8761988304093566 304
1780237034135 0.8896313412002878 305
1780237034137 0.8499352979070567 306
1780237034138 0.8679433776545986 307
1780237034140 0.849779654035947 308
1780237034141 0.85876590561896 309
1780237034143 0.8742816939158402 310
1780237034144 0.8671128087415498 311
1780237034146 0.8693418780048148 312
1780237034147 0.84846330224379 313
