1780554251684 0.0 0
1780554251687 0.4970238095238066 1
1780554251689 0.499999999999997 2
1780554251692 0.499999999999997 3
1780554251694 0.6821867819975576 4
1780554251697 0.4999999999999969 5
1780554251699 0.5579914086801905 6
1780554251701 0.49999999999999695 7
1780554251704 0.49999999999999684 8
1780554251706 0.4999999999999968 9
1780554251709 0.6339801510887202 10
1780554251711 0.49999999999999667 11
1780554251714 0.5481764612199351 12
1780554251716 0.5249999999999962 13
1780554251718 0.5652173913043432 14
1780554251721 0.6182181092360667 15
1780554251723 0.5563592525617796 16
1780554251726 0.5333333333333293 17
1780554251728 0.5810810810810758 18
1780554251730 0.6905156690432666 19
1780554251733 0.6994519330469469 20
1780554251735 0.5411055988660481 21
1780554251738 0.5853658536585313 22
1780554251740 0.5293619424054168 23
1780554251742 0.618222516995512 24
1780554251745 0.6204266034661469 25
1780554251747 0.5877192982456086 26
1780554251750 0.6138285524788498 27
1780554251752 0.5301075268817165 28
1780554251755 0.7172043010752573 29
1780554251757 0.5420054200541876 30
1780554251759 0.5232558139534846 31
1780554251762 0.5683982683982634 32
1780554251764 0.6725520137430708 33
1780554251767 0.5433269145311763 34
1780554251769 0.5468749999999956 35
1780554251771 0.49999999999999706 36
1780554251774 0.67187499999999 37
1780554251776 0.717511371020129 38
1780554251779 0.6532549728752188 39
1780554251781 0.6507921359037899 40
1780554251784 0.5454545454545392 41
1780554251786 0.6892998306041704 42
1780554251788 0.5256410256410219 43
1780554251791 0.5363872644574358 44
1780554251793 0.5791734557843228 45
1780554251796 0.5527389277389224 46
1780554251798 0.6641048824593023 47
1780554251800 0.636655011655005 48
1780554251803 0.6885940146809619 49
1780554251805 0.7542194092826898 50
1780554251808 0.49999999999999695 51
1780554251810 0.49999999999999717 52
1780554251813 0.5433269145311763 53
1780554251815 0.5437499999999956 54
1780554251817 0.5239595423644465 55
1780554251820 0.5232558139534846 56
1780554251822 0.6303921568627351 57
1780554251825 0.5692007797270835 58
1780554251827 0.6437499999999932 59
1780554251830 0.5355691056910528 60
1780554251832 0.5121951219512161 61
1780554251834 0.5104166666666632 62
1780554251837 0.7093879429360225 63
1780554251839 0.5554678247137737 64
1780554251842 0.5818568391211847 65
1780554251844 0.6405985319028721 66
1780554251847 0.499999999999997 67
1780554251849 0.5333333333333293 68
1780554251851 0.582672785426222 69
1780554251854 0.6133333333333275 70
1780554251856 0.6130753304666283 71
1780554251859 0.681233062330614 72
1780554251861 0.5365853658536546 73
1780554251864 0.564500082904986 74
1780554251866 0.6151295961422483 75
1780554251868 0.6727272727272642 76
1780554251880 0.6082565556342951 77
1780554251883 0.7927631578947263 78
1780554251885 0.49999999999999695 79
1780554251887 0.5892857142857082 80
1780554251890 0.5819783197831921 81
1780554251892 0.5866538290623559 82
1780554251895 0.6629851204172319 83
1780554251897 0.5635198135198086 84
1780554251900 0.6502976190476113 85
1780554251902 0.5433875677930704 86
1780554251904 0.596969696969691 87
1780554251907 0.6436218472146519 88
1780554251909 0.6122482131253999 89
1780554251912 0.5828460038986301 90
1780554251914 0.7056059882146732 91
1780554251916 0.7187499999999901 92
1780554251919 0.5941176470588173 93
1780554251921 0.5675324675324622 94
1780554251924 0.5294117647058785 95
1780554251926 0.5714285714285664 96
1780554251929 0.6727272727272642 97
1780554251931 0.6307588075880672 98
1780554251933 0.5263157894736805 99
1780554251936 0.6249999999999899 100
1780554251938 0.6596439994437419 101
1780554251941 0.661235372537393 102
1780554251943 0.5978260869565164 103
1780554251945 0.5688111424307691 104
1780554251948 0.6223921006529636 105
1780554251950 0.6258958432871408 106
1780554251953 0.685714285714275 107
1780554251955 0.5138888888888854 108
1780554251958 0.49999999999999695 109
1780554251960 0.746633593196304 110
1780554251962 0.537499999999996 111
1780554251965 0.6078431372548952 112
1780554251967 0.5559210526315744 113
1780554251970 0.6546775336640593 114
1780554251972 0.5470588235294072 115
1780554251975 0.6032167136461553 116
1780554251977 0.62439160061187 117
1780554251979 0.4999999999999969 118
1780554251982 0.7082573370916838 119
1780554251984 0.6956845238095137 120
1780554251987 0.5322503583373108 121
1780554251989 0.7580824972129192 122
1780554251991 0.6093749999999941 123
1780554251994 0.5562499999999954 124
1780554251997 0.6039426523297428 125
1780554251999 0.49999999999999695 126
1780554252001 0.6218749999999935 127
1780554252004 0.6066114434729195 128
1780554252006 0.7442827442827348 129
1780554252009 0.5777777777777728 130
1780554252011 0.5952380952380898 131
1780554252014 0.568117313150421 132
1780554252016 0.7468749999999895 133
1780554252018 0.5555555555555509 134
1780554252021 0.537499999999996 135
1780554252023 0.5884596252694356 136
1780554252026 0.5851025222282646 137
1780554252028 0.499999999999997 138
1780554252031 0.6511357983750545 139
1780554252033 0.7709551656919972 140
1780554252035 0.6562724014336843 141
1780554252038 0.5877192982456086 142
1780554252040 0.5119047619047584 143
1780554252043 0.5121951219512161 144
1780554252045 0.5705627705627652 145
1780554252048 0.5980392156862693 146
1780554252055 0.5283018867924489 147
1780554252057 0.5263997165131075 148
1780554252060 0.5839305621914261 149
1780554252062 0.4463495005663628 150
1780554252064 0.695161453588413 151
1780554252067 0.7252461555481717 152
1780554252069 0.6586850649350583 153
1780554252072 0.4906542056074721 154
1780554252074 0.7082174853259114 155
1780554252076 0.758585858585851 156
1780554252079 0.7264610389610316 157
1780554252081 0.6435006435006376 158
1780554252084 0.6804647785039877 159
1780554252086 0.5468749999999948 160
1780554252088 0.6353632800723483 161
1780554252091 0.7027597569766171 162
1780554252093 0.6497326203208494 163
1780554252096 0.5775409329626146 164
1780554252098 0.5977011494252819 165
1780554252100 0.6011904761904707 166
1780554252103 0.7495755517826751 167
1780554252105 0.679549114331716 168
1780554252108 0.7810270324590416 169
1780554252110 0.6859083191850515 170
1780554252113 0.765398925175685 171
1780554252115 0.5746867167919745 172
1780554252117 0.7875615763546719 173
1780554252120 0.717341876808591 174
1780554252122 0.7747672350664214 175
1780554252125 0.6949627871858401 176
1780554252127 0.7984098755099821 177
1780554252130 0.809597363814223 178
1780554252132 0.5946691176470504 179
1780554252134 0.7020833333333266 180
1780554252137 0.4999999999999962 181
1780554252139 0.6202046035805557 182
1780554252142 0.7096844633693551 183
1780554252144 0.7687499999999924 184
1780554252146 0.7406655844155772 185
1780554252149 0.7532169117646969 186
1780554252151 0.7716503679806354 187
1780554252154 0.7529827895681473 188
1780554252156 0.5297619047619001 189
1780554252159 0.6314338235294031 190
1780554252161 0.7668308702791387 191
1780554252163 0.6071176529892068 192
1780554252166 0.7379150903740987 193
1780554252168 0.665138115514788 194
1780554252171 0.6176965111391285 195
1780554252173 0.7483470654053428 196
1780554252175 0.7484178856727794 197
1780554252178 0.8067846607669538 198
1780554252180 0.7614942528735558 199
1780554252183 0.7962662337662259 200
1780554252185 0.5415438366633867 201
1780554252187 0.7839209122293047 202
1780554252190 0.6739176124421948 203
1780554252192 0.8273809523809438 204
1780554252195 0.8017241379310264 205
1780554252197 0.7426666666666593 206
1780554252200 0.643251273344646 207
1780554252202 0.7813333333333248 208
1780554252204 0.678904923599313 209
1780554252207 0.7534526854219875 210
1780554252209 0.8233374133006851 211
1780554252212 0.8136363636363556 212
1780554252214 0.6676312525837048 213
1780554252216 0.8718493774673464 214
1780554252219 0.7293333333333261 215
1780554252221 0.8562499999999913 216
1780554252224 0.6879999999999935 217
1780554252227 0.5308641975308597 218
1780554252229 0.6260188760188703 219
1780554252232 0.7950487012986933 220
1780554252234 0.6734499045322013 221
1780554252236 0.7434895833333259 222
1780554252239 0.8080929487179407 223
1780554252241 0.703559027777771 224
1780554252244 0.8395833333333245 225
1780554252246 0.6467768257853876 226
1780554252248 0.7961175461175382 227
1780554252251 0.7171592775040981 228
1780554252253 0.8153650254668842 229
1780554252256 0.7782608695652098 230
1780554252258 0.8100454733360809 231
1780554252261 0.8272569444444358 232
1780554252263 0.8223938223938139 233
1780554252265 0.8008021390374248 234
1780554252268 0.6302521008403289 235
1780554252270 0.8152585119798148 236
1780554252273 0.6629720853858722 237
1780554252275 0.7707739415056403 238
1780554252278 0.7863148578382475 239
1780554252280 0.869318181818173 240
1780554252282 0.8173234811165764 241
1780554252285 0.8240514075887311 242
1780554252287 0.8527108127352167 243
1780554252290 0.7349710100701784 244
1780554252292 0.8294202450828871 245
1780554252294 0.864813242784371 246
1780554252297 0.8312076121064801 247
1780554252299 0.7081128747795336 248
1780554252302 0.8340473276213707 249
1780554252304 0.873975098694191 250
1780554252306 0.8066666666666569 251
1780554252309 0.8654513888888797 252
1780554252311 0.63984467694962 253
1780554252314 0.8246753246753165 254
1780554252316 0.7775718257645886 255
1780554252319 0.6734400656814377 256
1780554252321 0.8145780051150813 257
1780554252324 0.8113327674023687 258
1780554252326 0.7041666666666598 259
1780554252328 0.7505254308532924 260
1780554252331 0.8529722310210026 261
1780554252333 0.7135416666666597 262
1780554252336 0.6998034719947508 263
1780554252338 0.888109042823712 264
1780554252341 0.8458538587848844 265
1780554252343 0.7356125356125265 266
1780554252345 0.650119306982046 267
1780554252348 0.8427109974424465 268
1780554252350 0.6280381944444388 269
1780554252353 0.7399999999999929 270
1780554252355 0.7311905746176026 271
1780554252358 0.864093785662404 272
1780554252360 0.8217286914765825 273
1780554252362 0.61440677966101 274
1780554252365 0.7643968053804043 275
1780554252367 0.8172743055555466 276
1780554252370 0.8432689158204953 277
1780554252372 0.8644278606965079 278
1780554252374 0.7789040228064532 279
1780554252377 0.8719493358047488 280
1780554252379 0.9114583333333235 281
1780554252382 0.7597623089982946 282
1780554252384 0.5670731707317023 283
1780554252386 0.8344892812105837 284
1780554252389 0.734167438986709 285
1780554252391 0.8084151620736906 286
1780554252394 0.7625811688311614 287
1780554252396 0.7621951219512122 288
1780554252399 0.7804551539491218 289
1780554252401 0.775430853299698 290
1780554252404 0.826373626373617 291
1780554252406 0.7365978818648251 292
1780554252408 0.7732285183971972 293
1780554252411 0.8514081546868341 294
1780554252413 0.7213541666666581 295
1780554252416 0.8676758315312445 296
1780554252418 0.7426358943212803 297
1780554252421 0.8007305194805115 298
