1773291229605 0.0 0
1773291229621 0.5 1
1773291229639 0.5 2
1773291229656 0.5 3
1773291229676 0.5 4
1773291229703 0.5 5
1773291229717 0.5 6
1773291229739 0.5 7
1773291229754 0.5 8
1773291229769 0.5 9
1773291229783 0.5 10
1773291229797 0.5 11
1773291229813 0.5 12
1773291229827 0.5 13
1773291229842 0.5 14
1773291229857 0.5 15
1773291229872 0.5 16
1773291229899 0.5 17
1773291229914 0.5 18
1773291229930 0.5 19
1773291229944 0.5 20
1773291229959 0.5 21
1773291229988 0.5 22
1773291230006 0.5 23
1773291230020 0.5 24
1773291230038 0.5 25
1773291230053 0.5 26
1773291230068 0.5 27
1773291230087 0.5 28
1773291230103 0.5 29
1773291230119 0.5 30
1773291230134 0.5 31
1773291230149 0.5 32
1773291230167 0.5 33
1773291230186 0.5 34
1773291230204 0.5 35
1773291230223 0.5 36
1773291230248 0.5 37
1773291230268 0.5 38
1773291230287 0.5 39
1773291230311 0.5 40
1773291230336 0.5 41
1773291230358 0.5 42
1773291230377 0.5 43
1773291230397 0.5 44
1773291230416 0.5 45
1773291230434 0.5 46
1773291230457 0.5 47
1773291230475 0.5 48
1773291230493 0.5 49
1773291230512 0.5 50
1773291230532 0.5 51
1773291230560 0.5 52
1773291230582 0.5 53
1773291230604 0.5 54
1773291230624 0.5 55
1773291230643 0.5 56
1773291230669 0.5 57
1773291230688 0.5 58
1773291230716 0.5 59
1773291230741 0.5 60
1773291230760 0.5 61
1773291230781 0.5 62
1773291230804 0.5 63
1773291230823 0.5 64
1773291230843 0.5 65
1773291230873 0.5 66
1773291230918 0.5 67
1773291230939 0.5 68
1773291230959 0.5 69
1773291230976 0.5 70
1773291230993 0.5 71
1773291231015 0.5 72
1773291231036 0.5 73
1773291231056 0.5 74
1773291231081 0.5 75
1773291231102 0.5 76
1773291231121 0.5 77
1773291231145 0.5 78
1773291231173 0.5 79
1773291231198 0.5 80
1773291231220 0.5 81
1773291231259 0.5 82
1773291231285 0.5 83
1773291231308 0.5 84
1773291231327 0.5 85
1773291231366 0.5 86
1773291231387 0.5 87
1773291231406 0.5 88
1773291231425 0.5 89
1773291231443 0.5 90
1773291231460 0.5 91
1773291231486 0.5 92
1773291231516 0.5 93
1773291231546 0.5 94
1773291231566 0.5 95
1773291231584 0.5 96
1773291231603 0.5 97
1773291231639 0.5 98
1773291231658 0.5 99
1773291231676 0.5 100
1773291231695 0.5 101
1773291231713 0.5 102
1773291231731 0.5 103
1773291231750 0.5 104
1773291231774 0.5 105
1773291231797 0.5 106
1773291231815 0.5 107
1773291231838 0.5 108
1773291231856 0.5 109
1773291231873 0.5 110
1773291231897 0.5 111
1773291231916 0.5 112
1773291231949 0.5 113
1773291231969 0.5 114
1773291231987 0.5 115
1773291232007 0.5 116
1773291232028 0.5 117
1773291232047 0.5 118
1773291232065 0.5 119
1773291232084 0.5 120
1773291232103 0.5 121
1773291232122 0.5 122
1773291232140 0.5 123
1773291232158 0.5 124
1773291232175 0.5 125
1773291232192 0.5 126
1773291232210 0.5 127
1773291232242 0.5 128
1773291232264 0.5 129
1773291232284 0.5 130
1773291232304 0.5 131
1773291232322 0.5 132
1773291232340 0.5 133
1773291232358 0.5 134
1773291232377 0.5 135
1773291232396 0.5 136
1773291232414 0.5 137
1773291232433 0.5 138
1773291232450 0.5 139
1773291232470 0.5 140
1773291232498 0.5 141
1773291232522 0.5 142
1773291232553 0.5 143
1773291232581 0.5 144
1773291232603 0.5 145
1773291232623 0.5 146
1773291232642 0.5 147
1773291232662 0.5 148
1773291232682 0.5 149
1773291232703 0.5 150
1773291232732 0.5 151
1773291232755 0.5 152
1773291232774 0.5 153
1773291232791 0.5 154
1773291232821 0.5 155
1773291232840 0.5 156
1773291232870 0.5 157
1773291232897 0.5 158
1773291232932 0.5 159
1773291232952 0.5 160
1773291232971 0.5 161
1773291232998 0.5 162
1773291233017 0.5 163
1773291233037 0.5 164
1773291233058 0.5 165
1773291233078 0.5 166
1773291233105 0.5 167
1773291233125 0.5 168
1773291233144 0.5 169
1773291233164 0.5 170
1773291233184 0.5 171
1773291233203 0.5 172
1773291233223 0.5 173
1773291233261 0.5 174
1773291233284 0.5 175
1773291233304 0.5 176
1773291233328 0.5 177
1773291233349 0.5 178
1773291233368 0.5 179
1773291233388 0.5 180
1773291233407 0.5 181
1773291233425 0.5 182
1773291233447 0.5 183
1773291233465 0.5 184
1773291233482 0.5 185
1773291233499 0.5 186
1773291233516 0.5 187
1773291233534 0.5 188
1773291233565 0.5 189
1773291233584 0.5 190
1773291233601 0.5 191
1773291233619 0.5 192
1773291233636 0.5 193
1773291233654 0.5 194
1773291233672 0.5 195
1773291233690 0.5 196
1773291233708 0.5 197
1773291233728 0.5 198
