1780527738646 0.0 0
1780527738648 0.3125 1
1780527738650 0.7214673913043479 2
1780527738651 0.7652223706814277 3
1780527738653 0.3125 4
1780527738655 0.7416666666666667 5
1780527738656 0.6128205128205129 6
1780527738658 0.7464765378875808 7
1780527738660 0.7900271370420624 8
1780527738661 0.8049999999999999 9
1780527738663 0.7514025245441796 10
1780527738665 0.7597912692178207 11
1780527738666 0.8596410492406812 12
1780527738668 0.7416879795396419 13
1780527738670 0.7900219298245614 14
1780527738671 0.7679646728221599 15
1780527738673 0.7466666666666667 16
1780527738675 0.7983630952380952 17
1780527738676 0.8226721889860409 18
1780527738678 0.7866127583108715 19
1780527738679 0.7666666666666666 20
1780527738681 0.8048190341768324 21
1780527738683 0.7979166666666666 22
1780527738684 0.8348484848484848 23
1780527738686 0.8045112781954887 24
1780527738688 0.8455732354141167 25
1780527738689 0.8006220506220506 26
1780527738691 0.79375 27
1780527738693 0.797037539574853 28
1780527738694 0.7817789578493196 29
1780527738696 0.7774774774774775 30
1780527738698 0.8237222976028946 31
1780527738699 0.7830752100415022 32
1780527738701 0.7757033248081842 33
1780527738703 0.8406840684068406 34
1780527738704 0.8279684178560582 35
1780527738706 0.8096214000647179 36
1780527738708 0.7252666033153838 37
1780527738709 0.827962577962578 38
1780527738711 0.7929546366920914 39
1780527738712 0.8741711874623267 40
1780527738714 0.8097186700767264 41
1780527738716 0.8578347578347578 42
1780527738717 0.8271144278606966 43
1780527738719 0.8055555555555556 44
1780527738721 0.7073412698412699 45
1780527738722 0.8145833333333333 46
1780527738724 0.8658536585365854 47
1780527738726 0.8428071259396561 48
1780527738728 0.9069034185197478 49
1780527738729 0.8801447308909995 50
1780527738731 0.7787422207664592 51
1780527738733 0.864972114972115 52
1780527738734 0.862406015037594 53
1780527738736 0.8477762931857225 54
1780527738737 0.798835077122209 55
1780527738739 0.8437278525868179 56
1780527738741 0.8048172757475083 57
1780527738742 0.8909302560987954 58
1780527738744 0.8284862433308924 59
1780527738746 0.8527108127352253 60
1780527738747 0.7982702197288453 61
1780527738749 0.8395222802087515 62
1780527738751 0.86 63
1780527738752 0.8297306874557051 64
1780527738754 0.7468354430379747 65
1780527738755 0.8480273752012883 66
1780527738757 0.8332862789384529 67
1780527738759 0.8279631760644419 68
1780527738760 0.8780902812531278 69
1780527738762 0.8527677694071405 70
1780527738764 0.8242753623188406 71
1780527738765 0.7858455882352942 72
1780527738767 0.8399646330680813 73
1780527738769 0.8600661430343117 74
1780527738770 0.7241379310344828 75
1780527738772 0.8268474644621434 76
1780527738774 0.803030303030303 77
1780527738775 0.7401960784313726 78
1780527738777 0.8165064102564102 79
1780527738779 0.8196208913087316 80
1780527738780 0.8903508771929824 81
1780527738782 0.8935228091854598 82
1780527738784 0.8602419691280767 83
1780527738785 0.8359375 84
1780527738787 0.8724559023066485 85
1780527738789 0.8318965517241379 86
1780527738790 0.7560270009643202 87
1780527738792 0.8633333333333333 88
1780527738793 0.8822463768115942 89
1780527738795 0.8100010122482033 90
1780527738797 0.8219287715086034 91
1780527738798 0.8785514205682272 92
1780527738800 0.8608695652173913 93
1780527738802 0.8291666666666666 94
1780527738804 0.897844962862224 95
1780527738805 0.8438325684883883 96
1780527738807 0.8403178459358234 97
1780527738808 0.8055555555555556 98
1780527738810 0.8939393939393939 99
1780527738812 0.8853333333333333 100
1780527738813 0.8301282051282051 101
1780527738816 0.7393395028125567 102
1780527738817 0.8819541841982235 103
1780527738819 0.8466666666666667 104
1780527738821 0.7730496453900709 105
1780527738822 0.8253713368125251 106
1780527738824 0.8790675084992715 107
1780527738826 0.864972114972115 108
1780527738827 0.8238323832383239 109
1780527738829 0.8336798336798337 110
1780527738831 0.838456901748041 111
1780527738832 0.8480651519867206 112
1780527738834 0.8619107217355026 113
1780527738836 0.8631571834031626 114
1780527738837 0.8174603174603174 115
1780527738839 0.8883701628799667 116
1780527738841 0.8959119836047891 117
1780527738842 0.8835904628330995 118
1780527738844 0.8871527777777778 119
1780527738845 0.8373305526590198 120
1780527738847 0.7232704402515724 121
1780527738849 0.8689839572192514 122
1780527738850 0.8336925882938153 123
1780527738852 0.8333333333333333 124
1780527738854 0.8833333333333333 125
1780527738855 0.8460346034603461 126
1780527738857 0.8000211170942878 127
1780527738859 0.8212435233160622 128
1780527738860 0.839801510887276 129
1780527738862 0.8538323420491527 130
1780527738863 0.891141378946257 131
1780527738865 0.7794777641778865 132
1780527738867 0.7954682053131386 133
1780527738868 0.825563909774436 134
1780527738870 0.8824926196893852 135
1780527738872 0.8582153582153582 136
1780527738873 0.758618574408048 137
1780527738875 0.9103330014382123 138
1780527738877 0.8557380479129616 139
1780527738878 0.8356436914388397 140
1780527738880 0.7757352941176471 141
1780527738882 0.7936033133916245 142
1780527738883 0.9008736921583431 143
1780527738885 0.8656998738965952 144
1780527738886 0.8274043317248345 145
1780527738888 0.9041925974451359 146
1780527738890 0.8926282051282051 147
1780527738891 0.8520833333333333 148
1780527738893 0.8773624749234505 149
1780527738895 0.48324097851060954 150
1780527738896 0.3975 151
1780527738898 0.8844221105527639 152
1780527738900 0.5040036032429186 153
1780527738901 0.3925 154
1780527738903 0.405 155
1780527738904 0.395 156
1780527738906 0.3825 157
1780527738908 0.6468016566958122 158
1780527738909 0.385 159
1780527738911 0.39 160
1780527738913 0.5979858464888406 161
1780527738914 0.5368807155059793 162
1780527738916 0.5978860294117647 163
1780527738917 0.4075 164
1780527738919 0.7076023391812865 165
1780527738921 0.5321969696969697 166
1780527738922 0.6984892317582772 167
1780527738924 0.8857868020304569 168
1780527738926 0.8939393939393939 169
1780527738929 0.8826530612244898 170
1780527738931 0.7176434676434676 171
1780527738932 0.675 172
1780527738934 0.7736842105263158 173
1780527738936 0.8911917098445596 174
1780527738937 0.6138107416879796 175
1780527738939 0.6051282051282052 176
1780527738940 0.7806122448979591 177
1780527738942 0.8756345177664975 178
1780527738944 0.6345108695652174 179
1780527738945 0.5555555555555556 180
1780527738947 0.3875 181
1780527738949 0.5875527426160337 182
1780527738950 0.8032646048109966 183
1780527738952 0.7233856893542757 184
1780527738954 0.7012214721954355 185
1780527738955 0.3625 186
1780527738957 0.661038961038961 187
1780527738959 0.8307692307692308 188
1780527738960 0.7612879348630643 189
1780527738962 0.6906028368794326 190
1780527738964 0.3625 191
1780527738965 0.6354166666666666 192
1780527738967 0.7445008460236886 193
1780527738969 0.6358347876672483 194
1780527738970 0.898477157360406 195
1780527738972 0.7729591836734694 196
1780527738974 0.3975 197
1780527738975 0.6752761533463287 198
1780527738977 0.3875 199
1780527738979 0.5903263403263403 200
1780527738980 0.6726804123711341 201
1780527738982 0.7571912013536379 202
1780527738984 0.9453125 203
1780527738985 0.8 204
1780527738987 0.8954081632653061 205
1780527738989 0.6581632653061225 206
1780527738990 0.8844221105527639 207
1780527738992 0.7381735911147675 208
1780527738994 0.7267343485617597 209
1780527738995 0.585 210
1780527738997 0.8869346733668342 211
1780527738999 0.7569124423963134 212
1780527739000 0.8191438191438192 213
1780527739002 0.8368421052631579 214
1780527739004 0.907035175879397 215
1780527739005 0.6953601953601953 216
1780527739007 0.9036458333333333 217
1780527739009 0.7984693877551021 218
1780527739010 0.7049019607843137 219
1780527739012 0.7 220
1780527739014 0.6658163265306123 221
1780527739015 0.9045226130653266 222
1780527739017 0.8229166666666667 223
1780527739019 0.6652860868231324 224
1780527739020 0.6052155562255049 225
1780527739022 0.8361111111111111 226
1780527739024 0.6300316598824062 227
1780527739025 0.6476190476190476 228
1780527739027 0.7364130434782609 229
1780527739029 0.6486011623192324 230
1780527739030 0.6402900782954691 231
1780527739032 0.890990990990991 232
1780527739034 0.6026220614828209 233
1780527739035 0.7455673758865249 234
1780527739037 0.9230769230769231 235
1780527739039 0.6898656898656899 236
1780527739040 0.7657894736842106 237
1780527739042 0.9088541666666667 238
1780527739044 0.703125 239
1780527739045 0.7286184210526316 240
1780527739047 0.8631578947368421 241
1780527739049 0.7343485617597292 242
1780527739050 0.7468468468468468 243
1780527739052 0.727027027027027 244
1780527739054 0.8102564102564103 245
1780527739055 0.8724489795918368 246
1780527739057 0.8619791666666667 247
1780527739059 0.8888888888888888 248
1780527739060 0.6953601953601953 249
1780527739062 0.7831632653061225 250
1780527739064 0.7302405498281787 251
1780527739065 0.7984693877551021 252
1780527739067 0.6137312699582412 253
1780527739068 0.918421052631579 254
1780527739070 0.7522522522522522 255
1780527739072 0.76036866359447 256
1780527739073 0.7963963963963964 257
1780527739075 0.8129726585223968 258
1780527739077 0.7552083333333333 259
1780527739078 0.9123711340206185 260
1780527739080 0.7512458471760797 261
1780527739082 0.904040404040404 262
1780527739083 0.934010152284264 263
1780527739085 0.6583333333333333 264
1780527739087 0.7946480511925538 265
1780527739088 0.6140974153022345 266
1780527739090 0.6568686564164405 267
1780527739092 0.3925 268
1780527739093 0.6903409090909092 269
1780527739095 0.8359375 270
1780527739097 0.658069270449521 271
1780527739098 0.9065656565656566 272
1780527739100 0.9067357512953368 273
1780527739102 0.6923076923076923 274
1780527739103 0.8213058419243986 275
1780527739105 0.8359375 276
1780527739106 0.8954081632653061 277
1780527739108 0.8 278
1780527739110 0.5651438240270727 279
1780527739111 0.8430792005921539 280
1780527739113 0.9195979899497487 281
1780527739115 0.8964646464646464 282
1780527739116 0.9179894179894179 283
1780527739118 0.8205128205128205 284
1780527739120 0.6483491632745364 285
1780527739121 0.4125 286
1780527739124 0.9067357512953368 287
1780527739125 0.6841853798375538 288
1780527739127 0.7990990990990992 289
1780527739129 0.8077370564281559 290
1780527739130 0.7772046180299681 291
1780527739132 0.7329165455074149 292
1780527739134 0.6601391538547862 293
1780527739135 0.7328178694158076 294
1780527739137 0.9141414141414141 295
1780527739139 0.6186666666666667 296
1780527739140 0.5854483925549915 297
1780527739142 0.8045428516892537 298
