1773306275556 0.0 0
1773306275573 0.5461538461538462 1
1773306275586 0.8645833333333333 2
1773306275615 0.7697852606109488 3
1773306275631 0.8330739703288723 4
1773306275647 0.8128906710697017 5
1773306275662 0.8127099988413857 6
1773306275679 0.8625063419583967 7
1773306275695 0.9320175438596491 8
1773306275713 0.8916666666666666 9
1773306275729 0.9117647058823529 10
1773306275758 0.8749868018160701 11
1773306275771 0.9197530864197531 12
1773306275784 0.851828499369483 13
1773306275797 0.9287221217600965 14
1773306275810 0.9550989345509893 15
1773306275823 0.9004599599009318 16
1773306275838 0.8980099502487562 17
1773306275854 0.9566629023150762 18
1773306275882 0.9053490369279843 19
1773306275897 0.9662162162162162 20
1773306275912 0.8763736263736264 21
1773306275926 0.917423345176997 22
1773306275940 0.9363707776904948 23
1773306275954 0.937889812889813 24
1773306275969 0.8829365079365079 25
1773306275983 0.9183114035087719 26
1773306276009 0.9040752351097179 27
1773306276025 0.9404761904761905 28
1773306276041 0.904862085086489 29
1773306276057 0.9331490985656008 30
1773306276072 0.8603896103896104 31
1773306276088 0.9034090909090908 32
1773306276103 0.8832773878547452 33
1773306276132 0.9089813140446052 34
1773306276147 0.8845238095238095 35
1773306276163 0.9548387096774194 36
1773306276178 0.9000471753744546 37
1773306276198 0.9214931121315361 38
1773306276214 0.8867028493894166 39
1773306276231 0.9459325396825397 40
1773306276247 0.9622342831298055 41
1773306276270 0.93125 42
1773306276286 0.9561403508771931 43
1773306276301 0.9562016930437982 44
1773306276316 0.8936865526352384 45
1773306276330 0.8907236522583779 46
1773306276347 0.9316519060454371 47
1773306276361 0.9235724424063763 48
1773306276386 0.8890374331550802 49
1773306276402 0.9192890442890442 50
1773306276419 0.9408693540553666 51
1773306276436 0.9229474696477942 52
1773306276452 0.9333333333333333 53
1773306276470 0.9186711250134829 54
1773306276485 0.9532224532224531 55
1773306276502 0.9058159722222222 56
1773306276535 0.9736842105263157 57
1773306276557 0.8976157082748948 58
1773306276574 0.9205302918086209 59
1773306276590 0.9354287062153556 60
1773306276607 0.9516742770167428 61
1773306276622 0.9452092893895148 62
1773306276639 0.9407484407484408 63
1773306276658 0.9573333333333334 64
1773306276686 0.9446465696465697 65
1773306276703 0.9356125356125357 66
1773306276720 0.9267848470131131 67
1773306276736 0.9159340659340659 68
1773306276753 0.937437769664786 69
1773306276771 0.9548854604955587 70
1773306276788 0.8869272803699033 71
1773306276817 0.8947762791693428 72
1773306276832 0.7956521739130435 73
1773306276847 0.9027027027027027 74
1773306276862 0.90539914262542 75
1773306276878 0.9303728070175439 76
1773306276893 0.882858435097241 77
1773306276910 0.93455098934551 78
1773306276928 0.9410307819318315 79
1773306276956 0.9471507352941176 80
1773306276973 0.944047619047619 81
1773306276988 0.9678184281842819 82
1773306277004 0.9171189507010402 83
1773306277021 0.9306066176470589 84
1773306277037 0.9633228840125392 85
1773306277053 0.9493685552079713 86
1773306277068 0.958523592085236 87
1773306277102 0.9473393074455139 88
1773306277116 0.8976157082748948 89
1773306277131 0.9472934472934473 90
1773306277146 0.9457465277777778 91
1773306277162 0.9142857142857143 92
1773306277176 0.9186900056465275 93
1773306277190 0.9524310425432445 94
1773306277205 0.9542319749216301 95
1773306277227 0.9227430555555556 96
1773306277240 0.9631564088085827 97
1773306277257 0.9540842212075089 98
1773306277275 0.904043945769051 99
1773306277289 0.9561680427391938 100
1773306277306 0.9259142496847415 101
1773306277321 0.9207837480466403 102
1773306277336 0.94 103
1773306277363 0.942833123160992 104
1773306277385 0.9492275032433071 105
1773306277405 0.9547619047619047 106
1773306277420 0.9070666175929334 107
1773306277436 0.9516742770167428 108
1773306277453 0.935031185031185 109
1773306277470 0.9131944444444444 110
1773306277499 0.94858934169279 111
1773306277518 0.9098901098901099 112
1773306277534 0.9305381727158948 113
1773306277553 0.8548759983186213 114
1773306277568 0.8766233766233766 115
1773306277583 0.8465843099989441 116
1773306277599 0.9161290322580645 117
1773306277614 0.7905348047538201 118
1773306277641 0.8942857142857144 119
1773306277657 0.8853333333333333 120
1773306277672 0.9299999999999999 121
1773306277687 0.9145833333333333 122
1773306277703 0.9272701988596856 123
1773306277721 0.9267618099347272 124
1773306277740 0.9282744282744283 125
1773306277771 0.9416666666666667 126
1773306277788 0.9166666666666667 127
1773306277807 0.9547715965626413 128
1773306277824 0.967095677513356 129
1773306277842 0.9472349061390157 130
1773306277860 0.9209911173445535 131
1773306277877 0.9492275032433071 132
1773306277894 0.9667359667359667 133
1773306277926 0.9035204991087344 134
1773306277942 0.9279202279202279 135
1773306277958 0.9576403326403327 136
1773306277977 0.9549910873440286 137
1773306277997 0.9524617996604414 138
1773306278015 0.9433030737378563 139
1773306278031 0.958523592085236 140
1773306278048 0.9108607982199972 141
1773306278071 0.9554633970429138 142
1773306278090 0.9564496684749849 143
1773306278107 0.9093170511080959 144
1773306278123 0.9594291779691001 145
1773306278140 0.8896551724137931 146
1773306278153 0.9393939393939394 147
1773306278167 0.8879149135109865 148
1773306278195 0.923570752804433 149
1773306278209 0.8864767073722297 150
1773306278224 0.9560644308210122 151
1773306278238 0.911486158329286 152
1773306278251 0.9470983024082116 153
1773306278264 0.9548854604955587 154
1773306278280 0.9130483943916781 155
1773306278297 0.941400304414003 156
1773306278332 0.9524310425432445 157
1773306278347 0.9598746081504702 158
1773306278361 0.9154381412902465 159
1773306278377 0.961038961038961 160
1773306278393 0.9262477718360071 161
1773306278409 0.9329717702683911 162
1773306278425 0.9229474696477942 163
1773306278440 0.9629936939926983 164
1773306278468 0.9691780821917808 165
1773306278486 0.8994755244755245 166
1773306278504 0.9438102486047691 167
1773306278522 0.9340081867463215 168
1773306278539 0.9407433380084151 169
1773306278554 0.9532224532224531 170
1773306278571 0.9603918740233202 171
1773306278599 0.9412681912681913 172
1773306278614 0.9369402527297264 173
1773306278631 0.9350532665896547 174
1773306278646 0.15954415954415954 175
1773306278663 0.28 176
1773306278679 0.33238636363636365 177
1773306278695 0.24 178
1773306278710 0.3643617021276596 179
1773306278739 0.7698412698412698 180
1773306278754 0.7148200093501635 181
1773306278767 0.72 182
1773306278781 0.6599999999999999 183
1773306278795 0.7513089005235603 184
1773306278810 0.7055555555555555 185
1773306278824 0.758765778401122 186
1773306278839 0.7546666666666666 187
1773306278861 0.7424937220220549 188
1773306278877 0.7791116446578632 189
1773306278894 0.7 190
1773306278909 0.7895833333333333 191
1773306278925 0.7568396515764937 192
1773306278943 0.746456442108616 193
1773306278960 0.7835497835497836 194
1773306278992 0.7673661766356189 195
1773306279015 0.7676086491115393 196
1773306279035 0.7745098039215687 197
1773306279056 0.7631788501353718 198
1773306279074 0.7858375579764858 199
1773306279093 0.7815809586199367 200
1773306279110 0.7583333333333333 201
1773306279140 0.8153003650846332 202
1773306279157 0.794459890845433 203
1773306279172 0.793569745258669 204
1773306279193 0.7822906430833061 205
1773306279209 0.7725432462274567 206
1773306279227 0.7797619047619048 207
1773306279246 0.7956521739130435 208
1773306279266 0.808695652173913 209
1773306279296 0.7763876016888065 210
1773306279310 0.7816163502438012 211
1773306279325 0.7812782634911064 212
1773306279341 0.7979166666666666 213
1773306279356 0.7876838235294117 214
1773306279371 0.8155680224403927 215
1773306279389 0.8064516129032258 216
1773306279406 0.7678571428571428 217
1773306279434 0.7426635083563626 218
1773306279449 0.75 219
1773306279464 0.8119568995481403 220
1773306279481 0.7933044837119847 221
1773306279497 0.8328282828282828 222
1773306279514 0.7960616619153205 223
1773306279533 0.778005115089514 224
1773306279552 0.8256456637523867 225
1773306279583 0.81 226
1773306279603 0.8485708280790247 227
1773306279620 0.8520531400966183 228
1773306279637 0.7992788461538461 229
1773306279655 0.8252709755118426 230
1773306279673 0.8200000000000001 231
1773306279691 0.8036858974358975 232
1773306279710 0.8498217468805704 233
1773306279733 0.824668807707748 234
1773306279746 0.8282051282051281 235
1773306279761 0.7906746031746033 236
1773306279774 0.7971491228070176 237
1773306279787 0.7682332192136114 238
1773306279800 0.8464436407474382 239
1773306279814 0.8209718670076727 240
1773306279829 0.8474813935929242 241
1773306279853 0.7909007352941176 242
1773306279868 0.8764880952380952 243
1773306279884 0.7900641025641025 244
1773306279899 0.8505942275042444 245
1773306279914 0.8362166615178663 246
1773306279929 0.8246176105828855 247
1773306279945 0.8238095238095238 248
1773306279970 0.840983272133823 249
1773306279985 0.8466666666666667 250
1773306279998 0.8717171717171717 251
1773306280012 0.8000331895121142 252
1773306280025 0.7939064078105712 253
1773306280037 0.8749869233183387 254
1773306280051 0.8882934005884826 255
1773306280066 0.8333333333333333 256
1773306280091 0.8102431085342284 257
1773306280106 0.8514887436456063 258
1773306280119 0.8311922922521076 259
1773306280132 0.8046304630463046 260
1773306280147 0.7873772649053548 261
1773306280160 0.8877046648130986 262
1773306280173 0.8626860943934114 263
1773306280188 0.8644430844553244 264
1773306280211 0.8601318129511455 265
1773306280224 0.8540391676866586 266
1773306280236 0.844150641025641 267
1773306280249 0.8619791666666667 268
1773306280275 0.8102716468590832 269
1773306280289 0.8377757352941176 270
1773306280303 0.8129032258064517 271
1773306280318 0.8390349047420387 272
1773306280338 0.7872242647058824 273
1773306280353 0.8591658369288638 274
1773306280367 0.7885154061624651 275
1773306280382 0.8344251555846709 276
1773306280396 0.835712116610993 277
1773306280409 0.8468196457326892 278
1773306280424 0.864228667507356 279
1773306280437 0.8483375959079285 280
1773306280461 0.8727422003284072 281
1773306280475 0.8148502873273515 282
1773306280488 0.8342334233423343 283
1773306280501 0.835946136066727 284
1773306280514 0.899338569656883 285
1773306280530 0.8522544283413849 286
1773306280549 0.8472706155632985 287
1773306280567 0.8489166956320241 288
1773306280598 0.8348074641354762 289
1773306280614 0.8241098241098241 290
1773306280628 0.8466666666666667 291
1773306280644 0.8103085553997195 292
1773306280657 0.8092919822094002 293
1773306280671 0.8433333333333333 294
1773306280685 0.872 295
1773306280701 0.8391356542617047 296
1773306280725 0.7783557731538148 297
1773306280742 0.8212437968535529 298
1773306280760 0.8571858691288639 299
1773306280775 0.8157467532467533 300
1773306280790 0.8558132438205676 301
1773306280806 0.8759983186212694 302
1773306280822 0.81 303
1773306280850 0.830398517145505 304
1773306280867 0.8506265664160402 305
1773306280880 0.8703590682534839 306
1773306280894 0.8426051560379919 307
1773306280906 0.8378212974296206 308
1773306280919 0.789779681762546 309
1773306280933 0.7946630483943917 310
1773306280948 0.8 311
1773306280977 0.8587097535086685 312
1773306280993 0.8747362074163401 313
1773306281009 0.8453333333333333 314
1773306281022 0.8513405362144858 315
1773306281037 0.86010101010101 316
1773306281052 0.790956749672346 317
1773306281069 0.7940821256038648 318
1773306281087 0.8835568101623148 319
1773306281114 0.8608374384236454 320
1773306281131 0.8429383116883117 321
1773306281146 0.8038108680310515 322
1773306281161 0.855 323
1773306281176 0.8416234360695758 324
1773306281188 0.8093557818328461 325
1773306281203 0.8703461076536739 326
1773306281216 0.8628278564968345 327
1773306281245 0.8692158343220795 328
1773306281261 0.8631313131313132 329
1773306281274 0.8253333333333333 330
1773306281284 0.8560076930863447 331
1773306281299 0.8769100169779287 332
1773306281315 0.8180033071517157 333
1773306281329 0.8604744269842859 334
1773306281344 0.8454345434543454 335
1773306281374 0.8531639928698752 336
1773306281393 0.8683340223232741 337
1773306281409 0.8377757352941176 338
1773306281426 0.7954781704781705 339
1773306281443 0.8488095238095238 340
1773306281460 0.8280072354537232 341
1773306281477 0.8639291465378421 342
1773306281494 0.871748152647029 343
1773306281521 0.8546264855687606 344
1773306281536 0.8688600556070436 345
1773306281552 0.8615244457941087 346
1773306281565 0.8391706924315621 347
1773306281578 0.841674389867161 348
