1780128605723 0.0 0
1780128605725 0.08316452381122827 1
1780128605727 0.22108128497514684 2
1780128605729 0.2875144372939796 3
1780128605731 0.37015857282607845 4
1780128605733 0.38187272252489646 5
1780128605735 0.3823932740251526 6
1780128605737 0.4452680744664083 7
1780128605739 0.36841211504827065 8
1780128605741 0.441762971167436 9
1780128605742 0.41249569271308406 10
1780128605744 0.40739066941715835 11
1780128605746 0.4191746001159416 12
1780128605748 0.4039806479340015 13
1780128605750 0.36092980703697614 14
1780128605752 0.6230016269688481 15
1780128605754 0.5356926691030164 16
1780128605756 0.5328617920549695 17
1780128605758 0.5539173262364867 18
1780128605760 0.5900194949774782 19
1780128605762 0.5807775967124882 20
1780128605764 0.6134536884393241 21
1780128605766 0.5411543100903813 22
1780128605768 0.5021223299432559 23
1780128605770 0.5732184807499154 24
1780128605772 0.5380685336350362 25
1780128605774 0.6552374392618294 26
1780128605775 0.5580436889040026 27
1780128605777 0.6468260031737604 28
1780128605779 0.6297930719191644 29
1780128605781 0.5727995633194843 30
1780128605783 0.6608769533697361 31
1780128605785 0.4939072437812338 32
1780128605787 0.6442178364819366 33
1780128605789 0.7099283260132789 34
1780128605791 0.6577618547927901 35
1780128605793 0.6218941736185398 36
1780128605795 0.5961074951182403 37
1780128605797 0.6931334953261261 38
1780128605799 0.6601078881130208 39
1780128605801 0.6363282645480158 40
1780128605803 0.6882487515403424 41
1780128605805 0.7033346720337115 42
1780128605807 0.625087861282327 43
1780128605809 0.7887877740766059 44
1780128605811 0.7466004808945519 45
1780128605813 0.7927956754583331 46
1780128605814 0.6679846178396016 47
1780128605816 0.7055803736846797 48
1780128605818 0.736140379427594 49
1780128605820 0.7473765081929035 50
1780128605822 0.7545937950937952 51
1780128605824 0.7055566954389622 52
1780128605826 0.6827211533717903 53
1780128605828 0.7343171945365334 54
1780128605830 0.7656468388392167 55
1780128605832 0.7495732808550516 56
1780128605834 0.7414863462897966 57
1780128605836 0.7209830140747245 58
1780128605838 0.6903751142644949 59
1780128605840 0.6965743593232309 60
1780128605842 0.7197700662720181 61
1780128605844 0.7627366791350487 62
1780128605846 0.8264659251589344 63
1780128605848 0.7880907910402178 64
1780128605850 0.786721960532714 65
1780128605852 0.7983046036713362 66
1780128605854 0.8077658658019586 67
1780128605856 0.7690808709229762 68
1780128605857 0.7956146021161501 69
1780128605859 0.7785612509910618 70
1780128605861 0.8318967360839767 71
1780128605864 0.7947775817596922 72
1780128605866 0.7415818546921012 73
1780128605868 0.8029108263335283 74
1780128605871 0.850499938261003 75
1780128605874 0.7477189523410454 76
1780128605876 0.7915378524369867 77
1780128605878 0.7553314045832755 78
1780128605880 0.7743320684130437 79
1780128605882 0.8522884805534648 80
1780128605884 0.7633920468353679 81
1780128605886 0.8474071169306889 82
1780128605888 0.7727529091016299 83
1780128605890 0.8051109106718399 84
1780128605892 0.7895738871387967 85
1780128605894 0.804420217547988 86
1780128605896 0.8123534081361787 87
1780128605898 0.7786219315869125 88
1780128605900 0.8641215387727016 89
1780128605902 0.8275533972783006 90
1780128605904 0.8255927782226644 91
1780128605906 0.8154729490776003 92
1780128605908 0.8278537127190049 93
1780128605910 0.8023097194588791 94
1780128605912 0.7539772591819609 95
1780128605914 0.8003032477242765 96
1780128605916 0.784093344875272 97
1780128605918 0.821505234632445 98
1780128605920 0.7219636709415569 99
1780128605922 0.8100385797804451 100
1780128605924 0.7959746873242677 101
1780128605926 0.8754233706672732 102
1780128605928 0.802783068711571 103
1780128605930 0.8274004101792976 104
1780128605932 0.8627134135753206 105
1780128605934 0.8434126969814265 106
1780128605935 0.7922937066636428 107
1780128605937 0.8497906253365144 108
1780128605939 0.8187673048814558 109
1780128605941 0.8639339722941177 110
1780128605943 0.8449013230817572 111
1780128605945 0.8536666200410551 112
1780128605947 0.8537036617076621 113
1780128605949 0.8843433333856356 114
1780128605951 0.7932634102898689 115
1780128605953 0.8487477427593706 116
1780128605955 0.7956263689368713 117
1780128605957 0.8724564459930313 118
1780128605959 0.7968711304895515 119
1780128605961 0.8139406392126534 120
1780128605963 0.678825894717342 121
1780128605965 0.9196014985304487 122
1780128605967 0.8801888722708497 123
1780128605969 0.8843573832405669 124
1780128605971 0.8490554532706597 125
1780128605973 0.8761704897822092 126
1780128605975 0.9138406522873789 127
1780128605976 0.8855299140560507 128
1780128605978 0.8401335365433644 129
1780128605980 0.8100862043180488 130
1780128605982 0.8834686943714619 131
1780128605984 0.8231038676674107 132
1780128605986 0.8716908482298245 133
1780128605988 0.8546292192787852 134
1780128605990 0.8933193085504266 135
1780128605992 0.8806712887200693 136
1780128605994 0.761380332208891 137
1780128605996 0.8155748491301639 138
1780128605998 0.8702618734443194 139
1780128606000 0.684795314166706 140
1780128606002 0.858832291866892 141
1780128606004 0.8947460135627148 142
1780128606006 0.8760638879036788 143
1780128606008 0.8913995019747158 144
1780128606010 0.8749293662993354 145
1780128606012 0.8772745444887112 146
1780128606014 0.742520044176684 147
1780128606016 0.8892672911850749 148
1780128606018 0.8927995631081835 149
1780128606020 0.8082218199934337 150
1780128606022 0.8917115684220948 151
1780128606024 0.8910514232951424 152
1780128606026 0.9095473535249268 153
1780128606028 0.841742086672616 154
1780128606030 0.8488809404746126 155
1780128606032 0.8812669212629028 156
1780128606034 0.9093614976541806 157
1780128606036 0.9004462335432211 158
1780128606038 0.9353530855805687 159
1780128606040 0.9099255022797429 160
1780128606042 0.9195936052608069 161
1780128606044 0.9096132650846507 162
1780128606046 0.9405700969776858 163
1780128606048 0.8740375395739415 164
1780128606050 0.8933563676374974 165
1780128606052 0.9553256029379265 166
1780128606054 0.9305673499383385 167
1780128606056 0.9439722035357466 168
1780128606058 0.9352274993738409 169
1780128606060 0.9189909799694898 170
1780128606062 0.9550245911079717 171
1780128606064 0.8947251850261075 172
1780128606066 0.8991454266807747 173
1780128606068 0.9499593025716262 174
1780128606070 0.909692007116851 175
1780128606072 0.8680643611131416 176
1780128606074 0.9076893242283589 177
1780128606076 0.9339524715647951 178
1780128606078 0.9650937616085242 179
1780128606080 0.9748337306681337 180
1780128606082 0.9047152513483784 181
1780128606084 0.9018081617627439 182
1780128606086 0.9599686834346655 183
1780128606088 0.919244790586254 184
1780128606090 0.9354292391391237 185
1780128606092 0.9297990125846353 186
1780128606094 0.91888815015354 187
1780128606096 0.8610335833210175 188
1780128606098 0.9200221943225795 189
1780128606100 0.9249921555492204 190
1780128606102 0.9121536593487812 191
1780128606104 0.8919376359847938 192
1780128606106 0.934404411829256 193
1780128606108 0.9201850394904996 194
1780128606110 0.8926123294846395 195
1780128606112 0.9094828982804026 196
1780128606114 0.6721730026053081 197
1780128606116 0.9552086906258921 198
1780128606118 0.9445804473660699 199
1780128606120 0.9208816556859665 200
1780128606122 0.8848401778889585 201
1780128606124 0.9249720121456395 202
1780128606126 0.9656797853309481 203
1780128606127 0.8834228659504056 204
1780128606129 0.9500485347711966 205
1780128606131 0.9065738881615785 206
1780128606133 0.9645748187211602 207
1780128606135 0.9493460604436216 208
1780128606137 0.935522538730438 209
1780128606139 0.9343482295921322 210
1780128606141 0.896696545679194 211
1780128606143 0.9299270772813181 212
1780128606145 0.8944742097884107 213
1780128606147 0.8744682764047008 214
1780128606149 0.8713638535782993 215
1780128606151 0.933536076326774 216
1780128606153 0.9602345215759849 217
1780128606155 0.9547248280175109 218
1780128606157 0.9899937460913071 219
1780128606158 0.9703765212109243 220
1780128606160 0.9298643987553905 221
1780128606162 0.9606275129959341 222
1780128606164 0.9307792150796003 223
1780128606166 0.9498618954382156 224
1780128606168 0.9394278518668763 225
1780128606170 0.9343677515628735 226
1780128606172 0.9396768892211769 227
1780128606174 0.9346272106156575 228
1780128606176 0.9346776807559862 229
1780128606178 0.914785486017835 230
1780128606180 0.9358629923777549 231
1780128606182 0.914711669519115 232
1780128606184 0.9340600187826805 233
1780128606186 0.9499874921826142 234
1780128606188 0.9440033009352652 235
1780128606190 0.9400945886289349 236
1780128606192 0.8952381268504139 237
1780128606194 0.9399099687931523 238
1780128606196 0.9451387752071396 239
1780128606198 0.9698097870049092 240
1780128606200 0.928793466569984 241
1780128606202 0.960338604484946 242
1780128606204 0.9444955950719154 243
1780128606206 0.9301889833968826 244
1780128606208 0.9648008528496334 245
1780128606209 0.944648284038528 246
1780128606211 0.8600023806679449 247
1780128606213 0.9399525549332994 248
1780128606215 0.9704408382315359 249
1780128606217 0.9329441394589022 250
1780128606219 0.9356423382515209 251
1780128606221 0.9696847088310502 252
1780128606223 0.9549503684163504 253
1780128606225 0.940607373656154 254
1780128606227 0.9552602326970181 255
1780128606229 0.9496719531379352 256
1780128606231 0.940099990676311 257
1780128606233 0.970167805744126 258
1780128606235 0.9492910103885714 259
1780128606237 0.960334537093202 260
1780128606239 0.949947241462004 261
1780128606240 0.9799906191369605 262
1780128606242 0.9697274612422238 263
1780128606244 0.9406028050623091 264
1780128606246 0.9553306418454044 265
1780128606248 0.9452044446781288 266
1780128606250 0.9041332497760152 267
1780128606252 0.9599008683668504 268
1780128606254 0.9799718103890118 269
1780128606256 0.9649259310234921 270
1780128606258 0.9452384755507424 271
1780128606260 0.7798421988990263 272
1780128606262 0.8721214304558336 273
1780128606264 0.9503546195693253 274
1780128606266 0.9398771305240542 275
1780128606267 0.9347453701625718 276
1780128606269 0.9600988005160019 277
1780128606271 0.9250847840546855 278
1780128606273 0.9405291977926842 279
1780128606275 0.9253036672356313 280
1780128606277 0.9075274842678107 281
1780128606279 0.930356627530255 282
1780128606281 0.9749937460913071 283
1780128606283 0.9500862926986162 284
1780128606285 0.9056881256688702 285
1780128606287 0.958870276065398 286
1780128606289 0.9548187211601846 287
1780128606291 0.9346289821372664 288
1780128606293 0.9800848274532485 289
1780128606295 0.9306717350597401 290
1780128606297 0.777857029315038 291
1780128606299 0.9346013272136506 292
1780128606301 0.9404992994508474 293
1780128606303 0.9448122886954723 294
1780128606305 0.9453733942565778 295
1780128606307 0.9445485669028078 296
1780128606308 0.9552086906258921 297
1780128606310 0.9798655409631019 298
1780128606312 0.9396685803296844 299
1780128606314 0.8712845114366793 300
1780128606316 0.9751067631555437 301
1780128606318 0.9699498746867169 302
1780128606320 0.9443840220706805 303
1780128606322 0.9749744906355946 304
1780128606324 0.96042470973017 305
1780128606326 0.9598129139592555 306
1780128606328 0.9749655564803191 307
1780128606330 0.9552282676672921 308
1780128606332 0.9220915288439182 309
1780128606333 0.9091192960512602 310
1780128606335 0.9145894871170268 311
1780128606337 0.9699120207514987 312
1780128606339 0.9465845294376145 313
