1780555697492 0.0 0
1780555697495 0.815 1
1780555697498 0.79 2
1780555697501 0.76 3
1780555697503 0.86 4
1780555697506 0.805 5
1780555697509 0.825 6
1780555697511 0.77 7
1780555697514 0.83 8
1780555697516 0.84 9
1780555697519 0.84 10
1780555697521 0.825 11
1780555697524 0.74 12
1780555697527 0.62 13
1780555697529 0.78 14
1780555697532 0.805 15
1780555697534 0.87 16
1780555697537 0.805 17
1780555697539 0.655 18
1780555697542 0.79 19
1780555697544 0.805 20
1780555697547 0.84 21
1780555697550 0.815 22
1780555697552 0.855 23
1780555697555 0.845 24
1780555697557 0.82 25
1780555697560 0.885 26
1780555697562 0.875 27
1780555697565 0.795 28
1780555697567 0.795 29
1780555697570 0.81 30
1780555697572 0.79 31
1780555697575 0.765 32
1780555697577 0.725 33
1780555697580 0.815 34
1780555697582 0.825 35
1780555697585 0.82 36
1780555697587 0.795 37
1780555697590 0.775 38
1780555697592 0.84 39
1780555697595 0.795 40
1780555697597 0.81 41
1780555697600 0.84 42
1780555697602 0.82 43
1780555697605 0.86 44
1780555697607 0.83 45
1780555697610 0.785 46
1780555697612 0.78 47
1780555697615 0.85 48
1780555697617 0.855 49
1780555697620 0.84 50
1780555697622 0.83 51
1780555697625 0.505 52
1780555697627 0.805 53
1780555697630 0.66 54
1780555697632 0.795 55
1780555697635 0.815 56
1780555697637 0.8 57
1780555697640 0.815 58
1780555697642 0.735 59
1780555697645 0.75 60
1780555697647 0.775 61
1780555697650 0.555 62
1780555697652 0.78 63
1780555697655 0.735 64
1780555697657 0.845 65
1780555697660 0.665 66
1780555697662 0.815 67
1780555697665 0.78 68
1780555697667 0.845 69
1780555697670 0.815 70
1780555697672 0.755 71
1780555697675 0.58 72
1780555697677 0.68 73
1780555697680 0.825 74
1780555697682 0.775 75
1780555697684 0.79 76
1780555697687 0.775 77
1780555697690 0.88 78
1780555697692 0.88 79
1780555697695 0.78 80
1780555697697 0.845 81
1780555697700 0.83 82
1780555697702 0.77 83
1780555697705 0.83 84
1780555697707 0.74 85
1780555697710 0.825 86
1780555697712 0.84 87
1780555697714 0.785 88
1780555697717 0.635 89
1780555697719 0.805 90
1780555697722 0.77 91
1780555697724 0.835 92
1780555697727 0.805 93
1780555697729 0.79 94
1780555697732 0.85 95
1780555697735 0.825 96
1780555697737 0.89 97
1780555697739 0.79 98
1780555697742 0.83 99
1780555697744 0.845 100
1780555697747 0.855 101
1780555697749 0.8 102
1780555697752 0.855 103
1780555697754 0.845 104
1780555697757 0.81 105
1780555697759 0.84 106
1780555697762 0.815 107
1780555697764 0.84 108
1780555697767 0.835 109
1780555697769 0.83 110
1780555697772 0.89 111
1780555697774 0.835 112
1780555697777 0.83 113
1780555697779 0.85 114
1780555697782 0.8 115
1780555697784 0.82 116
1780555697787 0.83 117
1780555697789 0.815 118
1780555697792 0.85 119
1780555697794 0.815 120
1780555697797 0.825 121
1780555697799 0.765 122
1780555697802 0.825 123
1780555697804 0.845 124
1780555697807 0.82 125
1780555697809 0.535 126
1780555697812 0.84 127
1780555697814 0.78 128
1780555697817 0.855 129
1780555697819 0.82 130
1780555697822 0.59 131
1780555697825 0.875 132
1780555697827 0.82 133
1780555697830 0.805 134
1780555697832 0.8 135
1780555697835 0.875 136
1780555697837 0.755 137
1780555697840 0.735 138
1780555697842 0.81 139
1780555697845 0.79 140
1780555697847 0.795 141
1780555697850 0.81 142
1780555697852 0.8 143
1780555697855 0.815 144
1780555697857 0.8 145
1780555697859 0.79 146
1780555697862 0.825 147
1780555697864 0.825 148
1780555697867 0.725 149
1780555697869 0.78 150
1780555697872 0.795 151
1780555697875 0.72 152
1780555697877 0.645 153
1780555697880 0.775 154
1780555697882 0.72 155
1780555697885 0.775 156
1780555697887 0.82 157
1780555697890 0.81 158
1780555697892 0.79 159
1780555697895 0.755 160
1780555697897 0.82 161
1780555697900 0.79 162
1780555697902 0.74 163
1780555697905 0.8 164
1780555697907 0.78 165
1780555697910 0.85 166
1780555697912 0.81 167
1780555697915 0.83 168
1780555697917 0.8 169
1780555697920 0.85 170
1780555697922 0.86 171
1780555697925 0.815 172
1780555697927 0.8 173
1780555697930 0.82 174
1780555697932 0.795 175
1780555697935 0.78 176
1780555697937 0.775 177
1780555697940 0.84 178
1780555697942 0.83 179
1780555697945 0.765 180
1780555697947 0.8 181
1780555697950 0.795 182
1780555697952 0.795 183
1780555697954 0.675 184
1780555697957 0.84 185
1780555697959 0.765 186
1780555697962 0.78 187
1780555697964 0.765 188
1780555697967 0.795 189
1780555697969 0.81 190
1780555697972 0.79 191
1780555697974 0.795 192
1780555697977 0.82 193
1780555697979 0.77 194
1780555697981 0.79 195
1780555697984 0.77 196
1780555697986 0.735 197
1780555697989 0.8 198
1780555697991 0.78 199
1780555697994 0.76 200
1780555697996 0.81 201
1780555697999 0.795 202
1780555698001 0.81 203
1780555698003 0.835 204
1780555698006 0.81 205
1780555698008 0.77 206
1780555698011 0.83 207
1780555698013 0.85 208
1780555698016 0.83 209
1780555698018 0.765 210
1780555698021 0.565 211
1780555698023 0.77 212
1780555698026 0.825 213
1780555698028 0.78 214
1780555698031 0.78 215
1780555698033 0.8 216
1780555698036 0.815 217
1780555698038 0.735 218
1780555698040 0.77 219
1780555698043 0.845 220
1780555698045 0.76 221
1780555698048 0.82 222
1780555698050 0.81 223
1780555698053 0.84 224
1780555698055 0.81 225
1780555698058 0.54 226
1780555698060 0.81 227
1780555698062 0.195 228
1780555698065 0.84 229
1780555698067 0.79 230
1780555698070 0.83 231
1780555698072 0.855 232
1780555698075 0.815 233
1780555698077 0.81 234
1780555698080 0.825 235
1780555698082 0.745 236
1780555698085 0.81 237
1780555698087 0.765 238
1780555698090 0.815 239
1780555698092 0.805 240
1780555698094 0.86 241
1780555698097 0.815 242
1780555698099 0.715 243
1780555698102 0.785 244
1780555698104 0.83 245
1780555698107 0.87 246
1780555698109 0.785 247
1780555698112 0.765 248
1780555698114 0.79 249
1780555698117 0.875 250
1780555698119 0.775 251
1780555698122 0.77 252
1780555698124 0.78 253
1780555698127 0.785 254
1780555698129 0.775 255
1780555698131 0.79 256
1780555698134 0.79 257
1780555698136 0.78 258
1780555698139 0.725 259
1780555698141 0.71 260
1780555698144 0.78 261
1780555698146 0.68 262
1780555698149 0.79 263
1780555698151 0.77 264
1780555698154 0.825 265
1780555698156 0.82 266
1780555698158 0.85 267
1780555698161 0.865 268
1780555698163 0.775 269
1780555698166 0.71 270
1780555698168 0.76 271
1780555698171 0.825 272
1780555698173 0.83 273
1780555698176 0.795 274
1780555698178 0.84 275
1780555698181 0.84 276
1780555698183 0.825 277
1780555698186 0.82 278
1780555698188 0.8 279
1780555698191 0.805 280
1780555698193 0.79 281
1780555698196 0.75 282
1780555698198 0.445 283
1780555698201 0.705 284
1780555698203 0.78 285
1780555698206 0.805 286
1780555698208 0.765 287
1780555698211 0.785 288
1780555698213 0.79 289
1780555698215 0.805 290
1780555698218 0.805 291
1780555698220 0.86 292
1780555698223 0.8 293
1780555698225 0.775 294
1780555698228 0.805 295
1780555698230 0.78 296
1780555698233 0.77 297
1780555698235 0.78 298
