1780239581198 0.0 0
1780239581200 0.03883677491924915 1
1780239581201 0.3986394944451211 2
1780239581203 0.47862555111515104 3
1780239581204 0.6055118066278383 4
1780239581206 0.7643094207379922 5
1780239581208 0.8125040310039436 6
1780239581209 0.8367652484764994 7
1780239581211 0.8293166785098522 8
1780239581212 0.9258589741485161 9
1780239581214 0.8696490363747597 10
1780239581215 0.8237859453491636 11
1780239581217 0.820575253364155 12
1780239581219 0.9201126549229365 13
1780239581220 0.9299385038267625 14
1780239581222 0.9341114982578397 15
1780239581223 0.8953593598329362 16
1780239581225 0.9499066755677795 17
1780239581226 0.9189526036752655 18
1780239581228 0.8721119801607606 19
1780239581229 0.9298122193757623 20
1780239581231 0.9503665021229282 21
1780239581233 0.9347227918280551 22
1780239581234 0.9546475850647866 23
1780239581236 0.9395338734170571 24
1780239581237 0.969953495370697 25
1780239581239 0.9314784805207829 26
1780239581241 0.953186051155922 27
1780239581242 0.9396980198520634 28
1780239581244 0.9444101888004328 29
1780239581246 0.9749776175899412 30
1780239581247 0.9403819573189963 31
1780239581259 0.9648404783064602 32
1780239581260 0.6675725349409559 33
1780239581262 0.944887451824491 34
1780239581264 0.7586437865482256 35
1780239581265 0.964748878373979 36
1780239581267 0.9600478822430043 37
1780239581269 0.9448118419877085 38
1780239581270 0.9748306037137873 39
1780239581272 0.9198803351733466 40
1780239581273 0.906035977115957 41
1780239581275 0.8770637086728608 42
1780239581277 0.950089701088298 43
1780239581278 0.9145260408460096 44
1780239581280 0.9299212700803888 45
1780239581281 0.9654547485035291 46
1780239581283 0.8735111210760305 47
1780239581285 0.9402799631113524 48
1780239581286 0.9444711849434662 49
1780239581288 0.9749655564803191 50
1780239581289 0.9341277754499833 51
1780239581291 0.9649534953706969 52
1780239581293 0.9355999221146846 53
1780239581294 0.9799718103890118 54
1780239581296 0.892308371411838 55
1780239581297 0.94983328396037 56
1780239581299 0.8790296431059275 57
1780239581300 0.9445012701623743 58
1780239581302 0.9553702673022315 59
1780239581304 0.9700579156342359 60
1780239581305 0.940380679527021 61
1780239581307 0.9548995129341129 62
1780239581309 0.9034444763942929 63
1780239581310 0.8790363478598773 64
1780239581312 0.9210809408852454 65
1780239581313 0.9252046572948446 66
1780239581315 0.960128180287299 67
1780239581316 0.773804330646436 68
1780239581318 0.9649785580273385 69
1780239581320 0.9443433395872421 70
1780239581321 0.9505417785905591 71
1780239581323 0.7934543359503012 72
1780239581324 0.9747055255399285 73
1780239581326 0.9601063164477799 74
1780239581327 0.9502353145356996 75
1780239581329 0.9595925084756921 76
1780239581330 0.9493057517447763 77
1780239581332 0.940060879780407 78
1780239581334 0.9555512568895793 79
1780239581335 0.9255793329477541 80
1780239581337 0.8666001957891213 81
1780239581338 0.9444762224260389 82
1780239581340 0.9107738519250852 83
1780239581341 0.949840823133506 84
1780239581343 0.9272822119297415 85
1780239581345 0.9191671237999268 86
1780239581346 0.9649754310729921 87
1780239581348 0.9267724087758932 88
1780239581349 0.979855666370429 89
1780239581351 0.9552349434428427 90
1780239581352 0.9703467703467703 91
1780239581354 0.9448553743974228 92
1780239581356 0.9206674020959735 93
1780239581357 0.9551258009652791 94
1780239581359 0.9141003042387602 95
1780239581360 0.9553456854140497 96
1780239581362 0.8734320462176688 97
1780239581363 0.9645705727733969 98
1780239581365 0.9454011160590792 99
1780239581367 0.9503314101388556 100
1780239581368 0.71652144474185 101
1780239581370 0.9304622955136435 102
1780239581371 0.9399101176957403 103
1780239581373 0.8590614473958504 104
1780239581374 0.9700597647966068 105
1780239581376 0.961024773856163 106
1780239581378 0.9746878357853965 107
1780239581379 0.9699812382739215 108
1780239581381 0.9848587933247753 109
1780239581382 0.9749906191369606 110
1780239581384 0.959831097443421 111
1780239581385 0.8933890022434914 112
1780239581387 0.9011718780589127 113
1780239581389 0.9552507840350035 114
1780239581390 0.8682599269476883 115
1780239581392 0.9600723196358626 116
1780239581393 0.9901098901098901 117
1780239581395 0.929202924446827 118
1780239581396 0.9061747736914139 119
1780239581398 0.9455298797706106 120
1780239581399 0.9651067631555437 121
1780239581401 0.906389488106244 122
1780239581403 0.9356006601008554 123
1780239581404 0.920935610230693 124
1780239581406 0.9547076418885835 125
1780239581408 0.9548927652957865 126
1780239581409 0.9603564727954973 127
1780239581411 0.9559017265596896 128
1780239581412 0.9599364581443572 129
1780239581414 0.9162327356207406 130
1780239581415 0.9609172948004783 131
1780239581417 0.9552631330538308 132
1780239581419 0.9551897414464211 133
1780239581420 0.9397665582325402 134
1780239581422 0.9263071064662253 135
1780239581423 0.9600297260232477 136
1780239581425 0.9602897569636383 137
1780239581426 0.9753309481216457 138
1780239581428 0.8747627849109568 139
1780239581435 0.9546930177225427 140
1780239581436 0.9748337306681337 141
1780239581438 0.9501848429704655 142
1780239581439 0.9502721547458389 143
1780239581441 0.9501704859907086 144
1780239581442 0.9699655564803189 145
1780239581444 0.8389409181845222 146
1780239581446 0.969865540963102 147
1780239581447 0.9591609560979952 148
1780239581449 0.940134449505438 149
1780239581450 0.9493521073219782 150
1780239581452 0.9601973978097214 151
1780239581453 0.979993746091307 152
1780239581455 0.9597755022837866 153
1780239581457 0.9702166532654338 154
1780239581458 0.9498963859797666 155
1780239581460 0.9849906191369605 156
1780239581461 0.9154074606460607 157
1780239581463 0.9749785580273386 158
1780239581464 0.9801067631555437 159
1780239581466 0.9696659000831016 160
1780239581468 0.959855666370429 161
1780239581469 0.9139627790576546 162
1780239581471 0.9103977705937233 163
1780239581472 0.9395321886785301 164
1780239581474 0.9159677019609965 165
1780239581475 0.7836521720617744 166
1780239581477 0.9342162766530621 167
1780239581479 0.9192991564828313 168
1780239581480 0.9397050788321648 169
1780239581482 0.9111265587388822 170
1780239581483 0.7526221814199754 171
1780239581485 0.9398937057331839 172
1780239581486 0.9448668276524502 173
1780239581488 0.9302892707064723 174
1780239581490 0.8357625338267942 175
1780239581491 0.8958579375267437 176
1780239581493 0.6276570114568834 177
1780239581494 0.9503754362782038 178
1780239581496 0.9253737180736614 179
1780239581498 0.924366123674317 180
1780239581499 0.9440985843424867 181
1780239581501 0.8059612827114921 182
1780239581502 0.9203878520566583 183
1780239581504 0.9313093104332555 184
1780239581505 0.9352757754298191 185
1780239581507 0.905249099985942 186
1780239581509 0.8906208361957489 187
1780239581510 0.9400982093129151 188
1780239581512 0.9404819374831614 189
1780239581513 0.9702287143750559 190
1780239581515 0.9115238926893061 191
1780239581516 0.9446701415828503 192
1780239581518 0.9445151953546734 193
1780239581520 0.9698364109147166 194
1780239581521 0.9447050788321649 195
1780239581523 0.8844386065290746 196
1780239581524 0.8710997555359311 197
1780239581526 0.9281253164179993 198
1780239581527 0.8658595838094001 199
1780239581529 0.9449747196973813 200
1780239581531 0.9299646229144394 201
1780239581532 0.7787374147900463 202
1780239581534 0.8975655305919148 203
1780239581536 0.91445909212142 204
1780239581537 0.9495034883917469 205
1780239581539 0.970081700498902 206
1780239581540 0.9346696093973463 207
1780239581542 0.8740829540829541 208
1780239581543 0.9056216132339368 209
1780239581545 0.9045316949488965 210
1780239581547 0.9648373513521138 211
1780239581548 0.959793658503543 212
1780239581550 0.9498274767594408 213
1780239581551 0.9597249347107544 214
1780239581553 0.9545779208346005 215
1780239581554 0.9748525394160825 216
1780239581556 0.9699088937971524 217
1780239581558 0.9242455285509887 218
1780239581559 0.9649077748037357 219
1780239581561 0.9596784549223575 220
1780239581562 0.9600389480877286 221
1780239581564 0.9307803514414555 222
1780239581566 0.9147892556044033 223
1780239581567 0.9546913089916942 224
1780239581569 0.9294505494505494 225
1780239581570 0.9240260120747925 226
1780239581572 0.9394406748578763 227
1780239581574 0.9337172986132594 228
1780239581575 0.9597556260123057 229
1780239581577 0.9262165809534231 230
1780239581578 0.9235853435064341 231
1780239581580 0.944807453010277 232
1780239581581 0.945613531516299 233
1780239581583 0.8591276373621763 234
1780239581585 0.9544549224844475 235
1780239581586 0.9599534953706967 236
1780239581588 0.964524693407877 237
1780239581589 0.9172868634633339 238
1780239581591 0.9601063164477799 239
1780239581592 0.9651709326984725 240
1780239581594 0.9501741066746888 241
1780239581595 0.9449185581213824 242
1780239581597 0.9124887971376244 243
1780239581599 0.8583155468464383 244
1780239581600 0.9557309246598749 245
1780239581602 0.9456292262513131 246
1780239581603 0.9551767398994017 247
1780239581606 0.9454245155785592 248
1780239581608 0.6035456501655566 249
1780239581609 0.6600505411529741 250
1780239581611 0.9545893815213458 251
1780239581612 0.9247820361070802 252
1780239581614 0.9402470045524648 253
1780239581615 0.9545867482966328 254
1780239581617 0.9011566960880462 255
1780239581619 0.9344798281897126 256
1780239581620 0.9160667756303187 257
1780239581622 0.9700516617255431 258
1780239581623 0.9210423180395054 259
1780239581625 0.9119750278737524 260
1780239581626 0.8979575102989097 261
1780239581628 0.8880687963637447 262
1780239581630 0.8240134011520954 263
1780239581631 0.9496533922657158 264
1780239581633 0.9497373358348968 265
1780239581634 0.9195981587252448 266
1780239581636 0.9647243342878774 267
1780239581637 0.9649404938236774 268
1780239581639 0.7929842492428305 269
1780239581641 0.9799906191369608 270
1780239581642 0.9645565037028451 271
1780239581644 0.954432046344755 272
1780239581645 0.9496058548497572 273
1780239581647 0.8814727850478814 274
1780239581648 0.9452215200289654 275
1780239581650 0.9398507430535672 276
1780239581651 0.9545591839494278 277
1780239581653 0.9798556663704288 278
1780239581655 0.9698066600505625 279
1780239581656 0.970096441855107 280
1780239581658 0.9205706574127628 281
1780239581659 0.9448522474430765 282
1780239581661 0.9454994128678338 283
1780239581662 0.9494574855408662 284
1780239581664 0.9649534953706969 285
1780239581665 0.9354791685279491 286
1780239581667 0.9448122886954723 287
1780239581668 0.9491859573887815 288
1780239581670 0.9304538080661316 289
1780239581672 0.9246794127281932 290
1780239581673 0.8784446261009758 291
1780239581675 0.9557517413687531 292
1780239581676 0.9352470045524648 293
1780239581678 0.9750817004989021 294
1780239581680 0.9106072629564286 295
1780239581681 0.939847572196738 296
1780239581683 0.9544834569224815 297
1780239581684 0.938924455022016 298
1780239581686 0.9553942450261523 299
1780239581687 0.8491690591690592 300
1780239581689 0.9343152127670142 301
1780239581691 0.9649776175899409 302
1780239581692 0.9748525394160824 303
1780239581694 0.8173985922841551 304
1780239581695 0.959849412461736 305
1780239581697 0.8294434021501151 306
1780239581699 0.9201633732121536 307
1780239581700 0.9414198258069287 308
1780239581702 0.9553354775305996 309
1780239581703 0.9141468430300266 310
1780239581705 0.9747274612422236 311
1780239581706 0.9299210245529318 312
1780239581708 0.8974418777325754 313
