1780141264450 0.0 0
1780141264453 0.085 1
1780141264456 0.11 2
1780141264458 0.245 3
1780141264460 0.375 4
1780141264463 0.36 5
1780141264465 0.395 6
1780141264468 0.515 7
1780141264470 0.46 8
1780141264472 0.545 9
1780141264475 0.51 10
1780141264477 0.61 11
1780141264480 0.54 12
1780141264482 0.56 13
1780141264484 0.605 14
1780141264487 0.5 15
1780141264489 0.55 16
1780141264491 0.545 17
1780141264494 0.565 18
1780141264496 0.64 19
1780141264499 0.545 20
1780141264501 0.625 21
1780141264504 0.595 22
1780141264506 0.555 23
1780141264508 0.695 24
1780141264511 0.635 25
1780141264513 0.635 26
1780141264515 0.67 27
1780141264518 0.71 28
1780141264520 0.68 29
1780141264522 0.67 30
1780141264525 0.66 31
1780141264527 0.675 32
1780141264529 0.665 33
1780141264532 0.635 34
1780141264534 0.68 35
1780141264537 0.67 36
1780141264539 0.6 37
1780141264541 0.695 38
1780141264544 0.575 39
1780141264546 0.63 40
1780141264548 0.635 41
1780141264551 0.65 42
1780141264553 0.63 43
1780141264556 0.66 44
1780141264558 0.725 45
1780141264560 0.72 46
1780141264563 0.645 47
1780141264565 0.685 48
1780141264567 0.705 49
1780141264570 0.71 50
1780141264572 0.725 51
1780141264574 0.695 52
1780141264577 0.68 53
1780141264579 0.68 54
1780141264581 0.73 55
1780141264584 0.655 56
1780141264586 0.73 57
1780141264588 0.72 58
1780141264591 0.735 59
1780141264593 0.765 60
1780141264595 0.775 61
1780141264598 0.705 62
1780141264600 0.69 63
1780141264602 0.76 64
1780141264605 0.765 65
1780141264607 0.77 66
1780141264609 0.78 67
1780141264612 0.73 68
1780141264614 0.79 69
1780141264616 0.77 70
1780141264619 0.705 71
1780141264621 0.8 72
1780141264624 0.795 73
1780141264626 0.78 74
1780141264628 0.79 75
1780141264631 0.755 76
1780141264633 0.78 77
1780141264635 0.77 78
1780141264638 0.78 79
1780141264640 0.795 80
1780141264642 0.785 81
1780141264645 0.56 82
1780141264647 0.81 83
1780141264649 0.79 84
1780141264652 0.81 85
1780141264654 0.775 86
1780141264656 0.775 87
1780141264659 0.685 88
1780141264661 0.795 89
1780141264663 0.82 90
1780141264666 0.78 91
1780141264668 0.815 92
1780141264670 0.805 93
1780141264673 0.77 94
1780141264675 0.775 95
1780141264677 0.76 96
1780141264680 0.845 97
1780141264682 0.78 98
1780141264684 0.835 99
1780141264687 0.755 100
1780141264689 0.785 101
1780141264691 0.79 102
1780141264693 0.79 103
1780141264696 0.79 104
1780141264698 0.825 105
1780141264700 0.765 106
1780141264703 0.8 107
1780141264705 0.825 108
1780141264707 0.82 109
1780141264710 0.815 110
1780141264712 0.85 111
1780141264714 0.8 112
1780141264717 0.785 113
1780141264719 0.83 114
1780141264721 0.83 115
1780141264724 0.855 116
1780141264726 0.825 117
1780141264729 0.845 118
1780141264731 0.83 119
1780141264733 0.825 120
1780141264736 0.85 121
1780141264738 0.78 122
1780141264740 0.825 123
1780141264743 0.815 124
1780141264745 0.8 125
1780141264747 0.855 126
1780141264750 0.78 127
1780141264752 0.805 128
1780141264754 0.805 129
1780141264757 0.86 130
1780141264759 0.77 131
1780141264761 0.775 132
1780141264764 0.81 133
1780141264766 0.865 134
1780141264768 0.835 135
1780141264771 0.82 136
1780141264773 0.79 137
1780141264775 0.83 138
1780141264778 0.88 139
1780141264780 0.815 140
1780141264782 0.765 141
1780141264785 0.84 142
1780141264787 0.86 143
1780141264789 0.855 144
1780141264792 0.875 145
1780141264794 0.825 146
1780141264796 0.855 147
1780141264799 0.875 148
1780141264801 0.795 149
1780141264803 0.88 150
1780141264806 0.82 151
1780141264808 0.86 152
1780141264810 0.88 153
1780141264813 0.85 154
1780141264815 0.87 155
1780141264817 0.83 156
1780141264819 0.87 157
1780141264822 0.88 158
1780141264824 0.895 159
1780141264826 0.895 160
1780141264829 0.9 161
1780141264831 0.895 162
1780141264833 0.905 163
1780141264836 0.85 164
1780141264838 0.895 165
1780141264840 0.91 166
1780141264843 0.89 167
1780141264845 0.885 168
1780141264847 0.9 169
1780141264850 0.88 170
1780141264852 0.91 171
1780141264854 0.895 172
1780141264857 0.855 173
1780141264859 0.91 174
1780141264861 0.885 175
1780141264864 0.905 176
1780141264866 0.915 177
1780141264868 0.94 178
1780141264870 0.93 179
1780141264873 0.95 180
1780141264875 0.95 181
1780141264877 0.9 182
1780141264880 0.9 183
1780141264882 0.925 184
1780141264884 0.93 185
1780141264887 0.92 186
1780141264889 0.91 187
1780141264891 0.88 188
1780141264894 0.9 189
1780141264896 0.91 190
1780141264898 0.91 191
1780141264901 0.935 192
1780141264903 0.92 193
1780141264905 0.885 194
1780141264908 0.9 195
1780141264910 0.895 196
1780141264913 0.91 197
1780141264915 0.935 198
1780141264917 0.92 199
1780141264919 0.93 200
1780141264922 0.88 201
1780141264924 0.895 202
1780141264926 0.92 203
1780141264929 0.93 204
1780141264931 0.895 205
1780141264933 0.895 206
1780141264936 0.915 207
1780141264938 0.935 208
1780141264940 0.935 209
1780141264943 0.925 210
1780141264945 0.89 211
1780141264947 0.91 212
1780141264950 0.905 213
1780141264952 0.87 214
1780141264954 0.88 215
1780141264957 0.935 216
1780141264959 0.89 217
1780141264961 0.9 218
1780141264963 0.965 219
1780141264966 0.96 220
1780141264968 0.925 221
1780141264970 0.955 222
1780141264973 0.93 223
1780141264975 0.925 224
1780141264977 0.92 225
1780141264979 0.885 226
1780141264982 0.93 227
1780141264984 0.92 228
1780141264986 0.915 229
1780141264989 0.9 230
1780141264991 0.95 231
1780141264993 0.9 232
1780141264995 0.935 233
1780141264998 0.925 234
1780141265000 0.91 235
1780141265002 0.925 236
1780141265005 0.905 237
1780141265007 0.94 238
1780141265009 0.92 239
1780141265012 0.95 240
1780141265014 0.925 241
1780141265016 0.94 242
1780141265018 0.94 243
1780141265021 0.935 244
1780141265023 0.965 245
1780141265025 0.945 246
1780141265028 0.935 247
1780141265030 0.92 248
1780141265032 0.95 249
1780141265034 0.95 250
1780141265037 0.9 251
1780141265039 0.885 252
1780141265041 0.915 253
1780141265044 0.94 254
1780141265046 0.94 255
1780141265048 0.935 256
1780141265051 0.89 257
1780141265053 0.95 258
1780141265055 0.915 259
1780141265058 0.94 260
1780141265060 0.95 261
1780141265062 0.965 262
1780141265065 0.92 263
1780141265067 0.92 264
1780141265069 0.935 265
1780141265071 0.94 266
1780141265074 0.94 267
1780141265076 0.95 268
1780141265078 0.945 269
1780141265081 0.94 270
1780141265083 0.94 271
1780141265085 0.935 272
1780141265088 0.95 273
1780141265090 0.885 274
1780141265092 0.935 275
1780141265094 0.94 276
1780141265097 0.94 277
1780141265099 0.945 278
1780141265101 0.945 279
1780141265104 0.925 280
1780141265106 0.93 281
1780141265108 0.9 282
1780141265111 0.935 283
1780141265113 0.93 284
1780141265115 0.965 285
1780141265118 0.94 286
1780141265120 0.965 287
1780141265122 0.95 288
1780141265125 0.95 289
1780141265127 0.91 290
1780141265129 0.92 291
1780141265132 0.955 292
1780141265134 0.955 293
1780141265136 0.92 294
1780141265138 0.935 295
1780141265141 0.92 296
1780141265143 0.94 297
1780141265145 0.955 298
1780141265148 0.925 299
1780141265150 0.92 300
1780141265152 0.975 301
1780141265155 0.96 302
1780141265157 0.96 303
1780141265159 0.935 304
1780141265162 0.955 305
1780141265164 0.905 306
1780141265166 0.915 307
1780141265169 0.94 308
1780141265171 0.935 309
1780141265173 0.925 310
1780141265176 0.925 311
1780141265178 0.925 312
1780141265181 0.94 313
