1780129984213 0.0 0
1780129984216 0.12918306499701848 1
1780129984218 0.22889249639249637 2
1780129984220 0.2697402597402597 3
1780129984223 0.4201401013126035 4
1780129984225 0.33966547192353647 5
1780129984227 0.5048197135287299 6
1780129984230 0.5909098348460051 7
1780129984232 0.4349904226208574 8
1780129984235 0.5524211249340241 9
1780129984237 0.5950721893553108 10
1780129984239 0.6105376595082478 11
1780129984242 0.6071106726129027 12
1780129984244 0.5932465312465313 13
1780129984247 0.5796337539272323 14
1780129984250 0.6280632016472218 15
1780129984252 0.6127645230586406 16
1780129984254 0.5787404969146739 17
1780129984257 0.6012243728022592 18
1780129984259 0.5979347041847042 19
1780129984262 0.6915733086027204 20
1780129984264 0.6961530136530136 21
1780129984266 0.6912166718674155 22
1780129984269 0.6438317005031495 23
1780129984271 0.6958129126270421 24
1780129984273 0.6897068602215661 25
1780129984276 0.5797730617120519 26
1780129984278 0.69543453622401 27
1780129984281 0.5841002856792331 28
1780129984283 0.6242613391510451 29
1780129984285 0.6366263298317245 30
1780129984288 0.7242185788068142 31
1780129984290 0.6459033068591893 32
1780129984292 0.7182491422795235 33
1780129984295 0.7082075658546246 34
1780129984297 0.6619703512861408 35
1780129984299 0.7322284869151876 36
1780129984302 0.7218374056006052 37
1780129984304 0.6796994729016952 38
1780129984306 0.6915945824515805 39
1780129984309 0.7488747448913687 40
1780129984311 0.7270347707847709 41
1780129984313 0.6731774427426601 42
1780129984316 0.7536575892311187 43
1780129984318 0.7664978734715577 44
1780129984320 0.7200850056281091 45
1780129984323 0.7070139720263946 46
1780129984325 0.7376824957035955 47
1780129984327 0.7023699943847002 48
1780129984330 0.7838897220355532 49
1780129984332 0.7116726475279107 50
1780129984335 0.7498934676434676 51
1780129984337 0.7344752981837896 52
1780129984339 0.7272923326355821 53
1780129984342 0.7166970308702438 54
1780129984344 0.7417331093305606 55
1780129984346 0.7721794871794871 56
1780129984349 0.7897535142653987 57
1780129984351 0.8024061133225219 58
1780129984353 0.7512558104663368 59
1780129984356 0.7790253829442015 60
1780129984358 0.7497478708082423 61
1780129984360 0.7978942548679391 62
1780129984363 0.7364204362465232 63
1780129984365 0.7774911321646751 64
1780129984367 0.7982094554511847 65
1780129984370 0.768350718693968 66
1780129984372 0.7050256941126507 67
1780129984374 0.7755764885699096 68
1780129984377 0.7795244200244199 69
1780129984379 0.7753722409341604 70
1780129984381 0.7670135599167857 71
1780129984384 0.8163592366712571 72
1780129984386 0.7876104952763991 73
1780129984388 0.7226969345814848 74
1780129984391 0.7798284428819819 75
1780129984393 0.7878626094706658 76
1780129984395 0.8383961497600018 77
1780129984398 0.8199508708525738 78
1780129984400 0.7964211425343475 79
1780129984402 0.7983009701856452 80
1780129984405 0.7990557201581565 81
1780129984407 0.7818984962406015 82
1780129984409 0.8049205288175877 83
1780129984412 0.8474104058099213 84
1780129984414 0.8165993340127814 85
1780129984417 0.8219757932412731 86
1780129984419 0.8025455062599107 87
1780129984421 0.7959297774733902 88
1780129984424 0.8117810831426393 89
1780129984426 0.8292738791423 90
1780129984428 0.7961295822676897 91
1780129984431 0.7841446963569726 92
1780129984433 0.8511038961038961 93
1780129984435 0.8086075696487596 94
1780129984438 0.8036259167351846 95
1780129984440 0.8262412235416676 96
1780129984442 0.7611895377031657 97
1780129984445 0.7846682121124312 98
1780129984447 0.8168225537570389 99
1780129984449 0.8201104209799862 100
1780129984452 0.8427838827838828 101
1780129984454 0.8652937736498109 102
1780129984456 0.8805268853953064 103
1780129984459 0.807365003417635 104
1780129984461 0.8379650072150072 105
1780129984464 0.8588948337673605 106
1780129984466 0.8338949548636482 107
1780129984468 0.8464399525383508 108
1780129984471 0.8383059702396085 109
1780129984473 0.8614065656565657 110
1780129984475 0.8624489623237773 111
1780129984478 0.8336520845307357 112
1780129984480 0.8226802411052392 113
1780129984482 0.822705854820649 114
1780129984485 0.8716576162628794 115
1780129984487 0.8799435304562346 116
1780129984489 0.8363292321713374 117
1780129984492 0.8431907542469366 118
1780129984494 0.8180663188234867 119
1780129984496 0.8542319078945813 120
1780129984499 0.7817585192585194 121
1780129984501 0.827491165697048 122
1780129984504 0.8975995062056443 123
1780129984506 0.8584279818646827 124
1780129984508 0.8515027658660717 125
1780129984511 0.8506055632247582 126
1780129984513 0.8924089497459062 127
1780129984515 0.8620249472786826 128
1780129984518 0.8384559595629388 129
1780129984520 0.8167101760246922 130
1780129984522 0.8345352799611112 131
1780129984525 0.8550242614208153 132
1780129984527 0.8014605558228848 133
1780129984529 0.8607660455486542 134
1780129984532 0.8398076589695582 135
1780129984534 0.844474658636558 136
1780129984537 0.8472965810157896 137
1780129984539 0.8309431753317202 138
1780129984541 0.8447849728269368 139
1780129984544 0.8985245723003159 140
1780129984546 0.850358749437697 141
1780129984548 0.8364915517489047 142
1780129984551 0.8562684786833392 143
1780129984553 0.8477550338976171 144
1780129984556 0.8773256373256373 145
1780129984558 0.8375046154566024 146
1780129984560 0.9022902524854335 147
1780129984563 0.878117353660832 148
1780129984565 0.8599964539244725 149
1780129984567 0.9019169663288658 150
1780129984570 0.8404944178628388 151
1780129984572 0.8379124394597539 152
1780129984575 0.8704618719063799 153
1780129984577 0.8827405051089261 154
1780129984579 0.8835718046044132 155
1780129984582 0.925582673260692 156
1780129984584 0.9002420948616601 157
1780129984586 0.8830546913260162 158
1780129984589 0.88730810914191 159
1780129984591 0.9138582251082251 160
1780129984593 0.8988616633811141 161
1780129984596 0.9085064935064935 162
1780129984598 0.8981681476418318 163
1780129984601 0.8884896480331262 164
1780129984603 0.9288823342942335 165
1780129984605 0.8915232153467448 166
1780129984608 0.915909572883257 167
1780129984610 0.9163600288600289 168
1780129984613 0.9117069188121819 169
1780129984615 0.9324266474266475 170
1780129984617 0.886937758234198 171
1780129984620 0.8726073556073557 172
1780129984622 0.940952380952381 173
1780129984625 0.9459633933318143 174
1780129984627 0.9081060606060605 175
1780129984629 0.8698009060083363 176
1780129984632 0.9208564230074527 177
1780129984634 0.8981364442951879 178
1780129984636 0.9416233766233765 179
1780129984639 0.955833902939166 180
1780129984641 0.9253061502667774 181
1780129984643 0.8943254206196727 182
1780129984646 0.8927076213260424 183
1780129984648 0.9032970014161965 184
1780129984651 0.9360584432094731 185
1780129984653 0.947622844991266 186
1780129984655 0.927591395532572 187
1780129984658 0.9311006238244091 188
1780129984660 0.9262730896741195 189
1780129984662 0.937113997113997 190
1780129984665 0.9304087491455914 191
1780129984667 0.9305809979494188 192
1780129984670 0.9233834792658321 193
1780129984672 0.9223332223332223 194
1780129984674 0.9121210882938573 195
1780129984677 0.9180767651888342 196
1780129984679 0.9086334133702556 197
1780129984681 0.9138645466347715 198
1780129984684 0.930407837776259 199
1780129984686 0.910413628768892 200
1780129984689 0.934423888132328 201
1780129984691 0.9168429705978502 202
1780129984693 0.9321352899156101 203
1780129984696 0.9170224089635853 204
1780129984698 0.9385370288466264 205
1780129984700 0.9143210590579012 206
1780129984703 0.9701587301587301 207
1780129984705 0.9385445245291791 208
1780129984707 0.9163937511763599 209
1780129984710 0.9274945887445887 210
1780129984712 0.9476695526695528 211
1780129984715 0.9567897015265435 212
1780129984717 0.93379802389023 213
1780129984719 0.9389089026915114 214
1780129984722 0.9468415021510996 215
1780129984724 0.9213166149893839 216
1780129984727 0.9387543133195309 217
1780129984729 0.941612743981165 218
1780129984731 0.9004556846662111 219
1780129984734 0.9526379808216193 220
1780129984736 0.936598313966735 221
1780129984738 0.9254630152456238 222
1780129984741 0.9032483877678386 223
1780129984743 0.9356692533472719 224
1780129984746 0.9259848484848485 225
1780129984748 0.9004041426409849 226
1780129984750 0.9256709956709959 227
1780129984753 0.939109966567272 228
1780129984755 0.9363110092521856 229
1780129984757 0.9525074048758257 230
1780129984760 0.943673693456302 231
1780129984762 0.9094235588972431 232
1780129984765 0.9429601672164601 233
1780129984767 0.9042678666362877 234
1780129984769 0.9348814229249012 235
1780129984772 0.8927801135016102 236
1780129984774 0.9471899445583656 237
1780129984777 0.945050505050505 238
1780129984779 0.9313890787574998 239
1780129984782 0.9437741091860083 240
1780129984784 0.9520061517429939 241
1780129984787 0.9321191868560289 242
1780129984789 0.9417171717171717 243
1780129984791 0.9711221234905446 244
1780129984794 0.9508495670995671 245
1780129984796 0.8881096319139796 246
1780129984799 0.9241527732374415 247
1780129984801 0.9759523809523809 248
1780129984804 0.9526457447967746 249
1780129984806 0.9282004738654356 250
1780129984808 0.9431614279440366 251
1780129984811 0.9258575039474218 252
1780129984813 0.923740770846034 253
1780129984816 0.9151786328566514 254
1780129984818 0.9392174492174492 255
1780129984820 0.9321257689678741 256
1780129984823 0.9230243428069516 257
1780129984825 0.9561111111111111 258
1780129984828 0.9711904761904762 259
1780129984830 0.8955845724323984 260
1780129984833 0.9509744057112478 261
1780129984835 0.9509357880868178 262
1780129984837 0.9257978279030912 263
1780129984840 0.8889448258326977 264
1780129984842 0.9234315862119067 265
1780129984845 0.9494568491936913 266
1780129984847 0.9197443377878158 267
1780129984850 0.9052326523379156 268
1780129984852 0.9023283252695018 269
1780129984854 0.9328295376121464 270
1780129984857 0.9227402993650132 271
1780129984859 0.9435297730492238 272
1780129984861 0.9633418031244118 273
1780129984864 0.9713852813852814 274
1780129984866 0.9619845067213488 275
1780129984869 0.9323962079110821 276
1780129984871 0.9363880216118068 277
1780129984873 0.9275272667835598 278
1780129984876 0.9632034632034632 279
1780129984878 0.9407812143996355 280
1780129984881 0.9713852813852814 281
1780129984883 0.92779676463887 282
1780129984885 0.9307671957671957 283
1780129984888 0.9675324675324675 284
1780129984890 0.9376661350345561 285
1780129984892 0.9433600305110602 286
1780129984895 0.9512808536492747 287
1780129984897 0.9461403508771931 288
1780129984900 0.9418219461697721 289
1780129984902 0.944563492063492 290
1780129984904 0.9322807893860526 291
1780129984907 0.9202083679321531 292
1780129984909 0.9337229437229437 293
1780129984912 0.9416886914255335 294
1780129984914 0.9479403053087264 295
1780129984916 0.9470061517429939 296
1780129984919 0.9257753376598877 297
1780129984921 0.9305491000227842 298
1780129984923 0.9435610766045549 299
1780129984926 0.961190476190476 300
1780129984928 0.952620682140133 301
1780129984931 0.9274296743175461 302
1780129984933 0.9281235697940502 303
1780129984936 0.9426695526695527 304
1780129984938 0.9246099428607168 305
1780129984940 0.9229266347687399 306
1780129984943 0.9257433356117566 307
1780129984945 0.9100319799926073 308
1780129984948 0.932016615154487 309
1780129984950 0.9458589655958077 310
1780129984952 0.9516017316017316 311
1780129984955 0.9382000455684667 312
1780129984957 0.928811158330609 313
