1780120338367 0.0 0
1780120338370 0.034854629015212954 1
1780120338371 0.17003800547278808 2
1780120338373 0.3213962426462426 3
1780120338375 0.6050256805341551 4
1780120338376 0.5301991064491064 5
1780120338378 0.45785201640464795 6
1780120338380 0.5068083767887461 7
1780120338382 0.560426974152445 8
1780120338383 0.5783616003820607 9
1780120338385 0.6200597804430027 10
1780120338387 0.6618926963883828 11
1780120338388 0.5610921658986175 12
1780120338390 0.6604699248120302 13
1780120338392 0.5671092436974788 14
1780120338393 0.6002793545127642 15
1780120338395 0.7130947940947941 16
1780120338397 0.669169539610716 17
1780120338398 0.7788694241683023 18
1780120338400 0.7329014887551473 19
1780120338402 0.7006145460925424 20
1780120338404 0.6704078601137425 21
1780120338405 0.6986807296017823 22
1780120338407 0.7116565095865481 23
1780120338409 0.7239631202131201 24
1780120338411 0.7397708495202442 25
1780120338412 0.7071762073623776 26
1780120338414 0.6572987559061945 27
1780120338416 0.7030321067821067 28
1780120338418 0.7612048409107233 29
1780120338419 0.747053752535497 30
1780120338421 0.7196837716410843 31
1780120338423 0.7846562959720854 32
1780120338425 0.74424624828515 33
1780120338426 0.7871936613147061 34
1780120338428 0.8212519936204146 35
1780120338430 0.7679299719887955 36
1780120338431 0.7613456644854104 37
1780120338433 0.7693258691550912 38
1780120338435 0.822774873402939 39
1780120338437 0.7807100658144301 40
1780120338438 0.7516791044776119 41
1780120338440 0.7742727272727272 42
1780120338442 0.7533901204159824 43
1780120338443 0.816159771600948 44
1780120338445 0.7725315967955034 45
1780120338447 0.8322243752119913 46
1780120338449 0.6235972768077659 47
1780120338450 0.8346013071895426 48
1780120338452 0.8146832611832613 49
1780120338454 0.8038657787158584 50
1780120338455 0.7795786772566958 51
1780120338457 0.8278486184363489 52
1780120338459 0.8332781521952496 53
1780120338461 0.8487419278348071 54
1780120338462 0.6476920754366406 55
1780120338464 0.8394075386978613 56
1780120338466 0.8279093776138111 57
1780120338468 0.8698927028438493 58
1780120338469 0.8196463551927948 59
1780120338471 0.8267969165337586 60
1780120338473 0.8389484827913962 61
1780120338475 0.8358785369220152 62
1780120338476 0.8235768506232903 63
1780120338478 0.8660902255639098 64
1780120338480 0.8756832298136645 65
1780120338482 0.8707050715022853 66
1780120338483 0.8546323529411766 67
1780120338485 0.8424538619275461 68
1780120338487 0.8746908765655906 69
1780120338488 0.8187365025755119 70
1780120338491 0.8913477030488309 71
1780120338493 0.8929227406007592 72
1780120338494 0.8842795362532204 73
1780120338496 0.8627302436125964 74
1780120338498 0.8838283208020051 75
1780120338499 0.903597060833903 76
1780120338501 0.8613179860570968 77
1780120338503 0.8545212384470696 78
1780120338504 0.8675348615279965 79
1780120338506 0.8600932812814372 80
1780120338508 0.8767817851156445 81
1780120338510 0.851625357861056 82
1780120338511 0.8882628883557675 83
1780120338513 0.9079274891774892 84
1780120338515 0.9398751820262119 85
1780120338516 0.8698015873015873 86
1780120338518 0.874795751633987 87
1780120338520 0.8527174889094393 88
1780120338522 0.9145777528285268 89
1780120338524 0.9051924731129537 90
1780120338525 0.8698774954627948 91
1780120338527 0.915853423633744 92
1780120338529 0.8919703243616286 93
1780120338530 0.8860449060220226 94
1780120338532 0.8904604493971501 95
1780120338534 0.8787079124579125 96
1780120338536 0.8852234134022158 97
1780120338537 0.8599510669256262 98
1780120338539 0.891038961038961 99
1780120338541 0.9047893772893773 100
1780120338542 0.897212655554025 101
1780120338544 0.893339144963859 102
1780120338546 0.9037479393671344 103
1780120338548 0.8819676877914864 104
1780120338549 0.9135582533408622 105
1780120338551 0.8717066536759631 106
1780120338553 0.8921782661782661 107
1780120338555 0.8742281161129594 108
1780120338556 0.8815064102564103 109
1780120338558 0.9303571428571429 110
1780120338560 0.8943506493506493 111
1780120338561 0.8492286885624895 112
1780120338563 0.9210282907629456 113
1780120338565 0.8775500041753912 114
1780120338567 0.8716326444129647 115
1780120338568 0.9433229813664596 116
1780120338570 0.9219781667607755 117
1780120338572 0.9327277432712215 118
1780120338573 0.8991202364886576 119
1780120338575 0.8381148301288966 120
1780120338577 0.9285081280275789 121
1780120338579 0.909162328899171 122
1780120338580 0.9251848329651533 123
1780120338582 0.85674744219857 124
1780120338584 0.8871078222565636 125
1780120338585 0.8960644034328246 126
1780120338587 0.9226646325959826 127
1780120338589 0.8765227540291478 128
1780120338590 0.8896482873851296 129
1780120338592 0.8962845242992301 130
1780120338594 0.9281642512077294 131
1780120338596 0.8912848625524887 132
1780120338597 0.925952380952381 133
1780120338599 0.8353060297139244 134
1780120338601 0.9037087497088843 135
1780120338602 0.9044235169864459 136
1780120338604 0.8895381066302119 137
1780120338606 0.8220348897134612 138
1780120338607 0.8837390185493901 139
1780120338609 0.8874823422191843 140
1780120338611 0.8693802241789857 141
1780120338613 0.8436547058112842 142
1780120338614 0.8863637051872347 143
1780120338616 0.9257787963670318 144
1780120338618 0.9052993874504172 145
1780120338619 0.882536264904686 146
1780120338621 0.911685273790537 147
1780120338623 0.9299250852346829 148
1780120338625 0.8836555023923445 149
1780120338626 0.9257812143996353 150
1780120338628 0.8549498746867169 151
1780120338630 0.8997805355563976 152
1780120338631 0.8726750867811239 153
1780120338633 0.911417748917749 154
1780120338635 0.913434265010352 155
1780120338637 0.9126810689310689 156
1780120338638 0.9293971501644135 157
1780120338640 0.9568364092048303 158
1780120338642 0.9365095710290218 159
1780120338644 0.9255437122217307 160
1780120338645 0.9552795031055901 161
1780120338647 0.9320723823819799 162
1780120338649 0.9627272727272727 163
1780120338651 0.9238472787700477 164
1780120338652 0.9039948634956374 165
1780120338654 0.9359039309503705 166
1780120338656 0.9235109512912718 167
1780120338657 0.9394701675136459 168
1780120338659 0.9453717627401839 169
1780120338661 0.9578656126482213 170
1780120338662 0.9419377990430622 171
1780120338664 0.904792512891424 172
1780120338666 0.9340225563909774 173
1780120338667 0.9163823388887329 174
1780120338669 0.9366181758744687 175
1780120338671 0.9269897142686213 176
1780120338672 0.9426555023923445 177
1780120338674 0.9523809523809526 178
1780120338676 0.9724327122153209 179
1780120338678 0.9709523809523809 180
1780120338679 0.9582034632034631 181
1780120338681 0.9528154873349381 182
1780120338683 0.9432683982683983 183
1780120338684 0.935343884589409 184
1780120338686 0.955502928444105 185
1780120338688 0.9661471861471862 186
1780120338690 0.9102806248357467 187
1780120338691 0.921082251082251 188
1780120338693 0.9416991341991341 189
1780120338695 0.7889018242343051 190
1780120338696 0.9391455912508544 191
1780120338698 0.9558441558441558 192
1780120338700 0.907340246752146 193
1780120338701 0.932374204742626 194
1780120338703 0.91470010252905 195
1780120338705 0.894371777384876 196
1780120338706 0.9463612836438923 197
1780120338708 0.9280374322904035 198
1780120338710 0.9480200501253133 199
1780120338712 0.9393984962406015 200
1780120338713 0.9319449264186106 201
1780120338715 0.9264938862307283 202
1780120338717 0.9374816849816849 203
1780120338718 0.9071324143692564 204
1780120338720 0.9214285714285715 205
1780120338722 0.9528321678321678 206
1780120338724 0.9761904761904763 207
1780120338725 0.9664051432930151 208
1780120338727 0.9329403053087264 209
1780120338729 0.9582034632034633 210
1780120338731 0.9486111111111111 211
1780120338732 0.9422115895800106 212
1780120338734 0.9452886002886004 213
1780120338736 0.9191893095911133 214
1780120338737 0.9383867276887872 215
1780120338739 0.9569085592769803 216
1780120338741 0.956763391855598 217
1780120338742 0.9666233766233765 218
1780120338744 0.9770562770562771 219
1780120338746 0.977432712215321 220
1780120338747 0.9561221234905444 221
1780120338749 0.9854761904761904 222
1780120338751 0.9614285714285714 223
1780120338752 0.9437315510999721 224
1780120338754 0.9759090909090908 225
1780120338756 0.9587496409006707 226
1780120338757 0.9758840282524492 227
1780120338759 0.9478154873349383 228
1780120338761 0.9627489177489178 229
1780120338762 0.9675324675324676 230
1780120338764 0.9657142857142856 231
1780120338766 0.9763852813852815 232
1780120338768 0.9616284695696461 233
1780120338770 0.9356525227645915 234
1780120338771 0.9380930752441051 235
1780120338773 0.9663385737069948 236
1780120338775 0.956976911976912 237
1780120338776 0.9661654135338346 238
1780120338778 0.9305638312081141 239
1780120338780 0.955952380952381 240
1780120338782 0.9576024547534845 241
1780120338783 0.9532832080200502 242
1780120338785 0.9668614718614718 243
1780120338787 0.9210897435897436 244
1780120338788 0.9804511278195489 245
1780120338790 0.977432712215321 246
1780120338792 0.953987736138766 247
1780120338794 0.9575230896741195 248
1780120338795 0.9618398268398268 249
1780120338797 0.9305654761904762 250
1780120338799 0.9330848861283643 251
1780120338801 0.9035181463889904 252
1780120338802 0.9622476646160857 253
1780120338804 0.9550700280112044 254
1780120338806 0.9566139987650285 255
1780120338807 0.9115079365079366 256
1780120338809 0.8967065217391305 257
1780120338811 0.9722943722943723 258
1780120338813 0.9375042679161671 259
1780120338814 0.9321047646111584 260
1780120338816 0.947846889952153 261
1780120338818 0.9333116883116883 262
1780120338820 0.932369493251846 263
1780120338821 0.9757142857142856 264
1780120338823 0.9683082706766916 265
1780120338825 0.9756459330143541 266
1780120338826 0.9624594501832353 267
1780120338828 0.951861471861472 268
1780120338830 0.9807142857142856 269
1780120338831 0.9583229813664597 270
1780120338833 0.9685463659147869 271
1780120338835 0.9681037078863165 272
1780120338836 0.9635714285714286 273
1780120338838 0.957099567099567 274
1780120338840 0.9625108225108224 275
1780120338841 0.9301078006960359 276
1780120338843 0.9799749373433585 277
1780120338845 0.9556641604010025 278
1780120338846 0.9668398268398268 279
1780120338848 0.9291558441558442 280
1780120338850 0.9605279503105588 281
1780120338851 0.957432712215321 282
1780120338853 0.9715007215007215 283
1780120338855 0.9663602187286398 284
1780120338856 0.9757142857142856 285
1780120338858 0.9281206804891016 286
1780120338860 0.9262137557332064 287
1780120338862 0.9566432385311104 288
1780120338863 0.9569047619047619 289
1780120338865 0.9613385737069947 290
1780120338867 0.9669314590824888 291
1780120338868 0.975689223057644 292
1780120338870 0.9617680565048985 293
1780120338872 0.9661471861471862 294
1780120338873 0.9577862475688562 295
1780120338875 0.9598221343873519 296
1780120338877 0.9572943722943723 297
1780120338879 0.9813636363636362 298
1780120338880 0.9519047619047619 299
1780120338882 0.9646867167919799 300
1780120338884 0.9857142857142858 301
1780120338885 0.9807142857142856 302
1780120338887 0.9663602187286399 303
1780120338889 0.9672943722943723 304
1780120338890 0.9771946169772256 305
1780120338892 0.9763852813852815 306
1780120338894 0.9618614718614718 307
1780120338895 0.9572476646160857 308
1780120338897 0.9556349206349205 309
1780120338899 0.9763852813852812 310
1780120338901 0.9724327122153209 311
1780120338902 0.9668614718614718 312
1780120338904 0.9685714285714285 313
