1780527958878 0.0 0
1780527958880 0.9011111111111061 1
1780527958881 0.9033333333333283 2
1780527958883 0.9088888888888839 3
1780527958885 0.9049999999999949 4
1780527958886 0.9027777777777727 5
1780527958888 0.916111111111106 6
1780527958889 0.9133333333333281 7
1780527958891 0.9161111111111062 8
1780527958892 0.9127777777777728 9
1780527958894 0.9094444444444394 10
1780527958895 0.912222222222217 11
1780527958897 0.9155555555555506 12
1780527958899 0.9005555555555504 13
1780527958900 0.9222222222222172 14
1780527958902 0.926111111111106 15
1780527958903 0.917222222222217 16
1780527958905 0.9177777777777727 17
1780527958906 0.9155555555555506 18
1780527958908 0.9233333333333282 19
1780527958909 0.9155555555555503 20
1780527958911 0.9238888888888838 21
1780527958912 0.9116666666666615 22
1780527958914 0.9211111111111062 23
1780527958915 0.899999999999995 24
1780527958917 0.9088888888888838 25
1780527958919 0.9183333333333282 26
1780527958920 0.9199999999999948 27
1780527958922 0.9177777777777726 28
1780527958923 0.9188888888888836 29
1780527958925 0.9266666666666616 30
1780527958926 0.9233333333333281 31
1780527958928 0.9216666666666615 32
1780527958929 0.9233333333333282 33
1780527958931 0.9255555555555505 34
1780527958932 0.9083333333333282 35
1780527958934 0.913888888888884 36
1780527958936 0.9194444444444393 37
1780527958937 0.9149999999999949 38
1780527958939 0.9199999999999949 39
1780527958940 0.917222222222217 40
1780527958942 0.9088888888888839 41
1780527958943 0.9255555555555505 42
1780527958945 0.9199999999999948 43
1780527958946 0.9211111111111059 44
1780527958948 0.9238888888888838 45
1780527958949 0.917222222222217 46
1780527958951 0.917222222222217 47
1780527958953 0.9233333333333281 48
1780527958954 0.9216666666666615 49
1780527958956 0.9166666666666616 50
1780527958957 0.9116666666666615 51
1780527958959 0.9194444444444393 52
1780527958960 0.9188888888888836 53
1780527958962 0.9211111111111059 54
1780527958963 0.9155555555555506 55
1780527958965 0.9227777777777726 56
1780527958966 0.917222222222217 57
1780527958968 0.9166666666666616 58
1780527958969 0.9266666666666616 59
1780527958971 0.9244444444444392 60
1780527958973 0.9144444444444393 61
1780527958974 0.9211111111111061 62
1780527958976 0.9127777777777727 63
1780527958977 0.9149999999999949 64
1780527958979 0.9255555555555505 65
1780527958980 0.9205555555555505 66
1780527958982 0.9283333333333283 67
1780527958983 0.9283333333333281 68
1780527958985 0.917222222222217 69
1780527958986 0.9133333333333283 70
1780527958988 0.922222222222217 71
1780527958989 0.9305555555555504 72
1780527958991 0.9222222222222172 73
1780527958992 0.9138888888888838 74
1780527958994 0.9227777777777728 75
1780527958996 0.9327777777777726 76
1780527958997 0.9088888888888839 77
1780527958999 0.926111111111106 78
1780527959000 0.9272222222222171 79
1780527959002 0.9283333333333281 80
1780527959004 0.9183333333333283 81
1780527959005 0.9238888888888839 82
1780527959007 0.9111111111111061 83
1780527959008 0.9244444444444394 84
1780527959010 0.9211111111111059 85
1780527959011 0.9272222222222171 86
1780527959013 0.9166666666666614 87
1780527959014 0.9261111111111061 88
1780527959016 0.9272222222222173 89
1780527959017 0.9194444444444395 90
1780527959019 0.917222222222217 91
1780527959021 0.9188888888888839 92
1780527959022 0.918333333333328 93
1780527959024 0.9144444444444394 94
1780527959025 0.9266666666666616 95
1780527959027 0.932222222222217 96
1780527959028 0.9222222222222172 97
1780527959030 0.926111111111106 98
1780527959031 0.9238888888888838 99
1780527959033 0.926111111111106 100
1780527959034 0.9216666666666615 101
1780527959036 0.9316666666666615 102
1780527959038 0.9199999999999948 103
1780527959039 0.9249999999999948 104
1780527959041 0.9316666666666616 105
1780527959042 0.9183333333333282 106
1780527959044 0.9283333333333281 107
1780527959045 0.9227777777777726 108
1780527959047 0.9199999999999949 109
1780527959048 0.9249999999999948 110
1780527959050 0.9272222222222171 111
1780527959051 0.9238888888888838 112
1780527959053 0.9205555555555506 113
1780527959054 0.9216666666666615 114
1780527959056 0.9255555555555504 115
1780527959057 0.9316666666666615 116
1780527959059 0.9266666666666616 117
1780527959061 0.9188888888888836 118
1780527959062 0.9127777777777725 119
1780527959064 0.9361111111111059 120
1780527959065 0.931111111111106 121
1780527959067 0.9272222222222171 122
1780527959068 0.9277777777777727 123
1780527959070 0.9272222222222171 124
1780527959071 0.9211111111111061 125
1780527959073 0.9249999999999948 126
1780527959074 0.926111111111106 127
1780527959076 0.926111111111106 128
1780527959077 0.9249999999999948 129
1780527959079 0.9211111111111061 130
1780527959081 0.9294444444444393 131
1780527959082 0.9272222222222173 132
1780527959084 0.9111111111111061 133
1780527959085 0.932222222222217 134
1780527959087 0.9294444444444393 135
1780527959088 0.9316666666666616 136
1780527959090 0.9216666666666615 137
1780527959091 0.9183333333333282 138
1780527959093 0.9155555555555506 139
1780527959094 0.926111111111106 140
1780527959096 0.9122222222222172 141
1780527959098 0.9277777777777727 142
1780527959099 0.9227777777777726 143
1780527959101 0.9288888888888837 144
1780527959103 0.9216666666666615 145
1780527959104 0.9299999999999949 146
1780527959106 0.9327777777777726 147
1780527959107 0.9266666666666616 148
1780527959109 0.926111111111106 149
1780527959110 0.916111111111106 150
1780527959112 0.9244444444444392 151
1780527959113 0.9338888888888837 152
1780527959115 0.9255555555555505 153
1780527959116 0.9288888888888838 154
1780527959118 0.9272222222222168 155
1780527959120 0.9311111111111059 156
1780527959121 0.9227777777777726 157
1780527959123 0.9272222222222171 158
1780527959124 0.917222222222217 159
1780527959126 0.9122222222222172 160
1780527959127 0.9288888888888837 161
1780527959129 0.926111111111106 162
1780527959130 0.9244444444444394 163
1780527959132 0.914999999999995 164
1780527959133 0.9255555555555505 165
1780527959135 0.9211111111111061 166
1780527959136 0.931111111111106 167
1780527959138 0.9238888888888838 168
1780527959140 0.9233333333333282 169
1780527959141 0.909999999999995 170
1780527959143 0.9077777777777726 171
1780527959144 0.9205555555555505 172
1780527959146 0.9294444444444393 173
1780527959147 0.9238888888888838 174
1780527959149 0.917222222222217 175
1780527959150 0.9133333333333281 176
1780527959152 0.9283333333333281 177
1780527959153 0.9255555555555505 178
1780527959155 0.922222222222217 179
1780527959156 0.9111111111111061 180
1780527959158 0.916111111111106 181
1780527959160 0.9216666666666615 182
1780527959161 0.9238888888888838 183
1780527959163 0.9216666666666617 184
1780527959164 0.9244444444444392 185
1780527959166 0.9288888888888837 186
1780527959167 0.924999999999995 187
1780527959169 0.9199999999999949 188
1780527959170 0.9183333333333282 189
1780527959172 0.9077777777777726 190
1780527959173 0.9255555555555504 191
1780527959175 0.9266666666666616 192
1780527959176 0.9283333333333281 193
1780527959178 0.9272222222222173 194
1780527959180 0.9222222222222172 195
1780527959181 0.9199999999999949 196
1780527959183 0.9277777777777727 197
1780527959184 0.9283333333333283 198
1780527959186 0.9261111111111058 199
1780527959187 0.9188888888888836 200
1780527959189 0.9249999999999948 201
1780527959190 0.9288888888888837 202
1780527959192 0.9294444444444393 203
1780527959193 0.9272222222222173 204
1780527959195 0.9255555555555505 205
1780527959196 0.9149999999999949 206
1780527959198 0.9083333333333282 207
1780527959199 0.926111111111106 208
1780527959201 0.9238888888888838 209
1780527959203 0.9144444444444394 210
1780527959204 0.9199999999999948 211
1780527959206 0.9305555555555504 212
1780527959208 0.9205555555555505 213
1780527959209 0.9244444444444392 214
1780527959211 0.9288888888888837 215
1780527959212 0.9183333333333283 216
1780527959214 0.9244444444444392 217
1780527959215 0.9255555555555505 218
1780527959217 0.9244444444444394 219
1780527959218 0.9205555555555505 220
1780527959220 0.9233333333333281 221
1780527959221 0.9255555555555504 222
1780527959223 0.9211111111111062 223
1780527959225 0.9177777777777727 224
1780527959226 0.9244444444444392 225
1780527959228 0.926111111111106 226
1780527959229 0.9349999999999948 227
1780527959231 0.9305555555555504 228
1780527959232 0.9205555555555506 229
1780527959234 0.9138888888888838 230
1780527959235 0.9188888888888836 231
1780527959237 0.9288888888888838 232
1780527959238 0.9211111111111061 233
1780527959240 0.9288888888888838 234
1780527959241 0.926111111111106 235
1780527959243 0.9305555555555504 236
1780527959245 0.9277777777777727 237
1780527959246 0.9249999999999948 238
1780527959248 0.9227777777777726 239
1780527959249 0.9249999999999948 240
1780527959251 0.9211111111111059 241
1780527959252 0.9305555555555503 242
1780527959254 0.9238888888888838 243
1780527959255 0.9199999999999949 244
1780527959257 0.9283333333333281 245
1780527959258 0.9388888888888836 246
1780527959260 0.933333333333328 247
1780527959261 0.9355555555555505 248
1780527959263 0.9244444444444394 249
1780527959265 0.9266666666666616 250
1780527959266 0.9322222222222172 251
1780527959268 0.9255555555555504 252
1780527959269 0.9199999999999949 253
1780527959271 0.9305555555555504 254
1780527959272 0.9288888888888838 255
1780527959274 0.9183333333333283 256
1780527959275 0.9255555555555505 257
1780527959277 0.9305555555555504 258
1780527959278 0.9255555555555505 259
1780527959280 0.9283333333333281 260
1780527959281 0.9244444444444394 261
1780527959283 0.931111111111106 262
1780527959285 0.9277777777777725 263
1780527959286 0.9272222222222171 264
1780527959288 0.9211111111111059 265
1780527959289 0.9166666666666616 266
1780527959291 0.9222222222222172 267
1780527959292 0.9199999999999948 268
1780527959294 0.926111111111106 269
1780527959296 0.9249999999999948 270
1780527959297 0.9238888888888838 271
1780527959299 0.9261111111111061 272
1780527959300 0.9266666666666616 273
1780527959302 0.9272222222222171 274
1780527959304 0.9333333333333282 275
1780527959305 0.916111111111106 276
1780527959307 0.9199999999999948 277
1780527959308 0.931111111111106 278
1780527959310 0.9266666666666614 279
1780527959311 0.9388888888888836 280
1780527959313 0.9299999999999949 281
1780527959314 0.9261111111111061 282
1780527959316 0.9277777777777729 283
1780527959317 0.9211111111111059 284
1780527959319 0.9222222222222172 285
1780527959320 0.9255555555555504 286
1780527959322 0.9211111111111061 287
1780527959324 0.9216666666666615 288
1780527959325 0.9105555555555505 289
1780527959327 0.9299999999999947 290
1780527959328 0.9377777777777727 291
1780527959330 0.9255555555555505 292
1780527959331 0.9249999999999948 293
1780527959333 0.9238888888888839 294
1780527959334 0.9277777777777727 295
1780527959336 0.9277777777777727 296
1780527959337 0.9272222222222171 297
1780527959339 0.9299999999999949 298
