1780120612945 0.0 0
1780120612947 0.03260179434092477 1
1780120612949 0.4151175213675214 2
1780120612951 0.6298372436607731 3
1780120612953 0.6009126984126983 4
1780120612956 0.832108636977058 5
1780120612958 0.6475590519895901 6
1780120612960 0.7875413052191218 7
1780120612962 0.7691004159239453 8
1780120612964 0.8645879544596691 9
1780120612966 0.7971887262347789 10
1780120612968 0.8227958152958154 11
1780120612970 0.7990329467870303 12
1780120612972 0.845798207640313 13
1780120612974 0.894158558160106 14
1780120612976 0.856167069095503 15
1780120612978 0.836283263102812 16
1780120612980 0.9205518604202816 17
1780120612982 0.9070587208490434 18
1780120612984 0.8926515151515151 19
1780120612987 0.8606641604010024 20
1780120612989 0.9359487734487733 21
1780120612991 0.8731092436974789 22
1780120612993 0.9056398192450825 23
1780120612995 0.9533948507632717 24
1780120612997 0.9484133588252582 25
1780120612999 0.8935173160173161 26
1780120613001 0.8382749766573296 27
1780120613003 0.9079322638146167 28
1780120613005 0.899465656609242 29
1780120613007 0.8648251442559889 30
1780120613010 0.9053449651553367 31
1780120613012 0.8819607823321745 32
1780120613014 0.9149411820063994 33
1780120613016 0.8673772734900412 34
1780120613018 0.8858022842310767 35
1780120613020 0.8207282913165266 36
1780120613022 0.8808787589840641 37
1780120613024 0.9083377283789182 38
1780120613026 0.8718944099378882 39
1780120613028 0.8869153275345226 40
1780120613030 0.8821206700325692 41
1780120613032 0.9026457447967745 42
1780120613034 0.9086703418625616 43
1780120613036 0.8680507830662629 44
1780120613038 0.84798556998557 45
1780120613040 0.8565371762740185 46
1780120613042 0.884918467799593 47
1780120613044 0.9376114718614719 48
1780120613046 0.8337194055944057 49
1780120613049 0.9211726285410495 50
1780120613051 0.9101280870159589 51
1780120613053 0.8976828099660917 52
1780120613055 0.8804639804639806 53
1780120613057 0.9479152426520848 54
1780120613059 0.8965256965256965 55
1780120613061 0.9021904761904762 56
1780120613063 0.9000488537218662 57
1780120613065 0.897204131652661 58
1780120613067 0.8905798194545925 59
1780120613069 0.8980187268219721 60
1780120613071 0.8782663419555178 61
1780120613073 0.8188575573907724 62
1780120613075 0.9047003203195155 63
1780120613077 0.8920134543818754 64
1780120613079 0.8884299887419083 65
1780120613081 0.903342352092352 66
1780120613083 0.9312000962000961 67
1780120613085 0.8873016487296674 68
1780120613087 0.8679271708683475 69
1780120613089 0.9271338975457969 70
1780120613097 0.9411004784688997 71
1780120613099 0.9241672362724994 72
1780120613101 0.8995133702498597 73
1780120613103 0.8914756588440799 74
1780120613105 0.9080340557275542 75
1780120613107 0.8992258386608233 76
1780120613109 0.9079059055839241 77
1780120613111 0.9242665788317963 78
1780120613113 0.9333452164894996 79
1780120613115 0.9031940385036359 80
1780120613117 0.8953362008835153 81
1780120613119 0.8901120759196619 82
1780120613121 0.9416594516594516 83
1780120613123 0.927622911032522 84
1780120613125 0.8755698617426306 85
1780120613127 0.8807144894757218 86
1780120613129 0.9295150920780211 87
1780120613132 0.9130539026538227 88
1780120613134 0.9575074048758259 89
1780120613136 0.927878787878788 90
1780120613137 0.8910281297649718 91
1780120613139 0.8970791506395221 92
1780120613141 0.8952846951137436 93
1780120613143 0.8730429292929293 94
1780120613146 0.9221062331388419 95
1780120613148 0.9259722836503022 96
1780120613150 0.8649791758808787 97
1780120613152 0.8875599043445129 98
1780120613154 0.9204511278195489 99
1780120613156 0.9500414078674947 100
1780120613158 0.9382191480017568 101
1780120613160 0.8894756071765091 102
1780120613162 0.8622614440513047 103
1780120613164 0.904302100286755 104
1780120613166 0.9342421787226687 105
1780120613168 0.9393124522536287 106
1780120613170 0.8748607928019693 107
1780120613172 0.9312014885699096 108
1780120613175 0.9566233766233765 109
1780120613177 0.9481062504746713 110
1780120613179 0.933994708994709 111
1780120613181 0.8993906671144524 112
1780120613183 0.9300716625322899 113
1780120613185 0.9517897015265436 114
1780120613187 0.9557142857142857 115
1780120613189 0.9677272727272725 116
1780120613191 0.9283363395863395 117
1780120613193 0.9112121212121211 118
1780120613195 0.9280598234717228 119
1780120613197 0.957046899197929 120
1780120613199 0.8951430334241376 121
1780120613201 0.9088385737069947 122
1780120613203 0.9411972444480184 123
1780120613205 0.8901127819548872 124
1780120613207 0.910594132389798 125
1780120613209 0.9034878822550446 126
1780120613211 0.8776088084729972 127
1780120613214 0.9042424242424243 128
1780120613216 0.9315516062884484 129
1780120613218 0.9059166856535278 130
1780120613220 0.9397886019396318 131
1780120613222 0.9307228669499835 132
1780120613224 0.9369769119769119 133
1780120613226 0.9496176046176045 134
1780120613228 0.8967143722477549 135
1780120613230 0.9331614279440366 136
1780120613232 0.9451195181629963 137
1780120613234 0.9432900432900432 138
1780120613236 0.9113957855869621 139
1780120613238 0.8884316770186335 140
1780120613241 0.9113017186701399 141
1780120613243 0.9543641712978097 142
1780120613245 0.9085238944062473 143
1780120613247 0.9328935976304399 144
1780120613249 0.8981965403018035 145
1780120613251 0.938078645229675 146
1780120613253 0.8876515151515152 147
1780120613255 0.969151138716356 148
1780120613257 0.9149369801314882 149
1780120613259 0.9285230896741196 150
1780120613261 0.9525757575757575 151
1780120613263 0.934727787978562 152
1780120613265 0.9496031746031746 153
1780120613267 0.9284072247580122 154
1780120613269 0.9359909655561829 155
1780120613271 0.9068794515934104 156
1780120613273 0.9095888060168246 157
1780120613276 0.9534415584415583 158
1780120613278 0.9165367965367966 159
1780120613280 0.9671695543205839 160
1780120613282 0.9574857598541808 161
1780120613284 0.9526457447967746 162
1780120613286 0.9731037078863167 163
1780120613288 0.9317429938482571 164
1780120613290 0.9118478963673471 165
1780120613292 0.959047619047619 166
1780120613294 0.9570528594212805 167
1780120613296 0.9610427584111794 168
1780120613298 0.965187969924812 169
1780120613300 0.9529168189014736 170
1780120613302 0.9542606516290727 171
1780120613304 0.9661904761904762 172
1780120613306 0.9642292490118576 173
1780120613308 0.9475108225108226 174
1780120613311 0.9375757575757577 175
1780120613313 0.9676708074534162 176
1780120613315 0.9713852813852812 177
1780120613317 0.951598313966735 178
1780120613319 0.9724327122153209 179
1780120613321 0.9494910663756164 180
1780120613323 0.9277195922357212 181
1780120613325 0.9576457447967746 182
1780120613327 0.9455958077010708 183
1780120613329 0.961598313966735 184
1780120613331 0.964047619047619 185
1780120613332 0.9576457447967746 186
1780120613334 0.9097651155323788 187
1780120613336 0.9582289055973267 188
1780120613339 0.9330653937100714 189
1780120613341 0.9672943722943723 190
1780120613343 0.9581469979296067 191
1780120613345 0.9392320722755505 192
1780120613347 0.948915391928096 193
1780120613349 0.9683333333333334 194
1780120613351 0.9621933621933623 195
1780120613353 0.960645933014354 196
1780120613355 0.9861471861471861 197
1780120613357 0.9596273291925466 198
1780120613359 0.9513852813852814 199
1780120613361 0.9052791461412152 200
1780120613363 0.9709523809523809 201
1780120613365 0.9857142857142858 202
1780120613367 0.9429063964258473 203
1780120613369 0.9661904761904762 204
1780120613371 0.9453645477329686 205
1780120613373 0.9713852813852814 206
1780120613375 0.9614285714285714 207
1780120613377 0.96657666894509 208
1780120613379 0.9718614718614719 209
1780120613381 0.9476457447967744 210
1780120613383 0.9761471861471861 211
1780120613385 0.9712626262626263 212
1780120613387 0.9520528594212806 213
1780120613389 0.9471177944862154 214
1780120613391 0.9770562770562771 215
1780120613393 0.9752130325814535 216
1780120613395 0.9711904761904762 217
1780120613397 0.9706892230576442 218
1780120613399 0.9194041252864782 219
1780120613401 0.9341163514847726 220
1780120613403 0.9771946169772256 221
1780120613405 0.9763852813852812 222
1780120613407 0.9412323422191843 223
1780120613409 0.96147565884408 224
1780120613411 0.965952380952381 225
1780120613413 0.9722943722943723 226
1780120613415 0.957987012987013 227
1780120613417 0.9757142857142858 228
1780120613419 0.927728945772424 229
1780120613421 0.9761471861471861 230
1780120613423 0.9354260651629073 231
1780120613425 0.9296536796536797 232
1780120613427 0.9600700280112043 233
1780120613429 0.9533201581027667 234
1780120613431 0.9153124426920961 235
1780120613433 0.9676708074534162 236
1780120613435 0.9813852813852815 237
1780120613437 0.9769565217391305 238
1780120613439 0.9709523809523809 239
1780120613441 0.9720562770562771 240
1780120613443 0.9465608465608465 241
1780120613445 0.9534676612479815 242
1780120613447 0.9645502645502646 243
1780120613449 0.961598313966735 244
1780120613451 0.9418878392562602 245
1780120613453 0.9649749373433585 246
1780120613456 0.9605519480519481 247
1780120613458 0.9618147641831852 248
1780120613460 0.9669314590824888 249
1780120613462 0.967056277056277 250
1780120613464 0.9904761904761905 251
1780120613466 0.902924872831616 252
1780120613468 0.9248392968587476 253
1780120613470 0.8910696845205799 254
1780120613472 0.9618614718614719 255
1780120613474 0.9373644003055768 256
1780120613476 0.962056277056277 257
1780120613478 0.9724327122153207 258
1780120613480 0.967077922077922 259
1780120613482 0.9561904761904761 260
1780120613484 0.9574076495586793 261
1780120613486 0.9552647924158221 262
1780120613488 0.9726086956521739 263
1780120613490 0.9624327122153208 264
1780120613492 0.9707142857142855 265
1780120613493 0.9345670995670995 266
1780120613495 0.9615821678321679 267
1780120613497 0.9423491420859843 268
1780120613499 0.9540225563909773 269
1780120613501 0.9510305958132044 270
1780120613503 0.9499178981937602 271
1780120613505 0.9708840282524493 272
1780120613507 0.9658840282524492 273
1780120613509 0.9532832080200502 274
1780120613511 0.9440993788819876 275
1780120613513 0.946993746993747 276
1780120613516 0.9630570002080299 277
1780120613518 0.9857142857142858 278
1780120613520 0.9675293305728088 279
1780120613522 0.9069270673389667 280
1780120613524 0.9771946169772256 281
1780120613526 0.9711904761904762 282
1780120613528 0.9724327122153209 283
1780120613530 0.9323455377574371 284
1780120613532 0.894701122725513 285
1780120613534 0.9576457447967744 286
1780120613536 0.9573376623376623 287
1780120613538 0.962670807453416 288
1780120613540 0.9389767237593324 289
1780120613542 0.9632034632034632 290
1780120613544 0.9581037078863165 291
1780120613546 0.9461550615669608 292
1780120613548 0.9707142857142855 293
1780120613550 0.9802380952380952 294
1780120613552 0.9811471861471862 295
1780120613555 0.967077922077922 296
1780120613558 0.9763852813852815 297
1780120613560 0.9724327122153209 298
1780120613562 0.9668181818181816 299
1780120613564 0.9470095693779905 300
1780120613566 0.962077922077922 301
1780120613568 0.9520277967646388 302
1780120613570 0.9654761904761905 303
1780120613572 0.9670995670995671 304
1780120613574 0.9785714285714286 305
1780120613576 0.9869565217391305 306
1780120613578 0.9592857142857143 307
1780120613581 0.9642036124794746 308
1780120613583 0.9666233766233766 309
1780120613585 0.9813852813852814 310
1780120613587 0.9857142857142858 311
1780120613589 0.9770562770562771 312
1780120613591 0.9561904761904761 313
