1780135883156 0.0 0
1780135883159 0.1 1
1780135883161 0.16499999999999998 2
1780135883164 0.13999999999999999 3
1780135883167 0.22999999999999998 4
1780135883169 0.30999999999999994 5
1780135883172 0.32 6
1780135883174 0.4149999999999999 7
1780135883177 0.45999999999999996 8
1780135883179 0.45999999999999996 9
1780135883182 0.5200000000000001 10
1780135883184 0.5700000000000001 11
1780135883187 0.51 12
1780135883189 0.5850000000000002 13
1780135883192 0.635 14
1780135883195 0.575 15
1780135883197 0.605 16
1780135883200 0.64 17
1780135883202 0.66 18
1780135883205 0.6100000000000001 19
1780135883207 0.7 20
1780135883210 0.7500000000000001 21
1780135883212 0.6950000000000001 22
1780135883215 0.675 23
1780135883217 0.745 24
1780135883220 0.75 25
1780135883222 0.725 26
1780135883225 0.7699999999999999 27
1780135883227 0.72 28
1780135883230 0.74 29
1780135883233 0.765 30
1780135883235 0.73 31
1780135883238 0.7150000000000001 32
1780135883240 0.7649999999999999 33
1780135883243 0.76 34
1780135883245 0.745 35
1780135883248 0.715 36
1780135883250 0.79 37
1780135883253 0.735 38
1780135883256 0.72 39
1780135883258 0.7899999999999999 40
1780135883261 0.6900000000000001 41
1780135883263 0.78 42
1780135883266 0.715 43
1780135883268 0.75 44
1780135883271 0.745 45
1780135883273 0.7899999999999999 46
1780135883276 0.745 47
1780135883278 0.7350000000000001 48
1780135883281 0.72 49
1780135883283 0.825 50
1780135883286 0.7649999999999999 51
1780135883288 0.78 52
1780135883291 0.79 53
1780135883294 0.7899999999999998 54
1780135883296 0.6849999999999999 55
1780135883299 0.77 56
1780135883301 0.78 57
1780135883304 0.7550000000000001 58
1780135883306 0.775 59
1780135883309 0.8049999999999999 60
1780135883311 0.705 61
1780135883314 0.74 62
1780135883316 0.78 63
1780135883319 0.77 64
1780135883321 0.7850000000000001 65
1780135883324 0.7949999999999999 66
1780135883327 0.765 67
1780135883329 0.7350000000000001 68
1780135883332 0.745 69
1780135883334 0.8 70
1780135883337 0.7750000000000001 71
1780135883339 0.7950000000000002 72
1780135883342 0.8150000000000001 73
1780135883344 0.8150000000000001 74
1780135883347 0.8150000000000001 75
1780135883349 0.8099999999999999 76
1780135883352 0.805 77
1780135883355 0.7449999999999999 78
1780135883357 0.8150000000000001 79
1780135883360 0.7649999999999999 80
1780135883362 0.79 81
1780135883365 0.775 82
1780135883367 0.82 83
1780135883370 0.7699999999999999 84
1780135883372 0.76 85
1780135883375 0.7899999999999999 86
1780135883377 0.825 87
1780135883380 0.825 88
1780135883382 0.8150000000000001 89
1780135883385 0.7649999999999999 90
1780135883388 0.7999999999999999 91
1780135883390 0.79 92
1780135883393 0.7949999999999999 93
1780135883395 0.77 94
1780135883398 0.7999999999999999 95
1780135883400 0.7499999999999999 96
1780135883403 0.765 97
1780135883405 0.8 98
1780135883408 0.8450000000000001 99
1780135883410 0.8099999999999999 100
1780135883413 0.775 101
1780135883415 0.795 102
1780135883418 0.7849999999999999 103
1780135883420 0.845 104
1780135883423 0.8099999999999999 105
1780135883425 0.8550000000000001 106
1780135883428 0.7849999999999999 107
1780135883430 0.8549999999999999 108
1780135883433 0.8200000000000001 109
1780135883435 0.8149999999999998 110
1780135883438 0.8399999999999999 111
1780135883440 0.8100000000000002 112
1780135883443 0.825 113
1780135883445 0.8200000000000001 114
1780135883448 0.85 115
1780135883451 0.8200000000000001 116
1780135883453 0.86 117
1780135883456 0.82 118
1780135883458 0.7849999999999999 119
1780135883461 0.78 120
1780135883463 0.85 121
1780135883466 0.86 122
1780135883468 0.8400000000000001 123
1780135883471 0.835 124
1780135883473 0.8450000000000001 125
1780135883476 0.8149999999999998 126
1780135883478 0.8200000000000001 127
1780135883481 0.85 128
1780135883483 0.7999999999999999 129
1780135883486 0.775 130
1780135883488 0.85 131
1780135883491 0.85 132
1780135883493 0.7949999999999999 133
1780135883496 0.795 134
1780135883498 0.825 135
1780135883501 0.8699999999999999 136
1780135883503 0.89 137
1780135883506 0.8450000000000001 138
1780135883508 0.8099999999999999 139
1780135883511 0.8399999999999999 140
1780135883513 0.805 141
1780135883516 0.8099999999999999 142
1780135883518 0.845 143
1780135883521 0.85 144
1780135883524 0.8400000000000001 145
1780135883526 0.845 146
1780135883529 0.835 147
1780135883531 0.8299999999999998 148
1780135883534 0.85 149
1780135883536 0.8550000000000001 150
1780135883539 0.8699999999999999 151
1780135883541 0.875 152
1780135883544 0.9049999999999999 153
1780135883546 0.905 154
1780135883549 0.825 155
1780135883552 0.835 156
1780135883554 0.8099999999999999 157
1780135883557 0.875 158
1780135883559 0.915 159
1780135883562 0.8949999999999999 160
1780135883564 0.865 161
1780135883567 0.89 162
1780135883569 0.9199999999999999 163
1780135883572 0.875 164
1780135883574 0.885 165
1780135883577 0.925 166
1780135883579 0.8799999999999999 167
1780135883582 0.8799999999999999 168
1780135883585 0.9099999999999999 169
1780135883587 0.9049999999999999 170
1780135883590 0.8949999999999999 171
1780135883592 0.8949999999999999 172
1780135883595 0.9200000000000002 173
1780135883597 0.8699999999999999 174
1780135883600 0.9049999999999999 175
1780135883602 0.905 176
1780135883605 0.93 177
1780135883607 0.8949999999999999 178
1780135883610 0.9199999999999999 179
1780135883612 0.9149999999999998 180
1780135883615 0.89 181
1780135883621 0.9100000000000001 182
1780135883628 0.8699999999999999 183
1780135883631 0.915 184
1780135883634 0.9400000000000001 185
1780135883636 0.89 186
1780135883639 0.8800000000000001 187
1780135883642 0.945 188
1780135883644 0.9099999999999999 189
1780135883647 0.89 190
1780135883649 0.925 191
1780135883652 0.915 192
1780135883654 0.9149999999999998 193
1780135883657 0.945 194
1780135883659 0.9 195
1780135883662 0.8899999999999999 196
1780135883664 0.9400000000000001 197
1780135883667 0.8800000000000001 198
1780135883669 0.8899999999999999 199
1780135883672 0.93 200
1780135883674 0.9149999999999998 201
1780135883677 0.905 202
1780135883679 0.8699999999999999 203
1780135883682 0.885 204
1780135883684 0.915 205
1780135883687 0.8949999999999999 206
1780135883690 0.925 207
1780135883692 0.9100000000000001 208
1780135883695 0.915 209
1780135883697 0.8800000000000001 210
1780135883700 0.905 211
1780135883702 0.885 212
1780135883705 0.9100000000000001 213
1780135883707 0.925 214
1780135883710 0.9 215
1780135883713 0.9199999999999999 216
1780135883715 0.9200000000000002 217
1780135883718 0.925 218
1780135883720 0.915 219
1780135883723 0.8799999999999999 220
1780135883725 0.93 221
1780135883728 0.9 222
1780135883731 0.89 223
1780135883733 0.885 224
1780135883736 0.9049999999999999 225
1780135883738 0.9349999999999999 226
1780135883741 0.9199999999999999 227
1780135883743 0.9100000000000001 228
1780135883746 0.9 229
1780135883749 0.905 230
1780135883751 0.9099999999999999 231
1780135883754 0.9399999999999998 232
1780135883757 0.8799999999999999 233
1780135883759 0.915 234
1780135883762 0.905 235
1780135883764 0.9099999999999999 236
1780135883767 0.9399999999999998 237
1780135883769 0.9099999999999999 238
1780135883772 0.9299999999999999 239
1780135883774 0.945 240
1780135883777 0.9199999999999999 241
1780135883779 0.9450000000000001 242
1780135883782 0.9399999999999998 243
1780135883784 0.9099999999999999 244
1780135883787 0.9450000000000001 245
1780135883790 0.9400000000000001 246
1780135883792 0.9199999999999999 247
1780135883795 0.905 248
1780135883797 0.9349999999999999 249
1780135883800 0.9349999999999999 250
1780135883802 0.945 251
1780135883805 0.925 252
1780135883813 0.9349999999999999 253
1780135883815 0.925 254
1780135883818 0.89 255
1780135883820 0.9250000000000002 256
1780135883823 0.9049999999999999 257
1780135883826 0.9349999999999999 258
1780135883828 0.9199999999999999 259
1780135883831 0.905 260
1780135883833 0.925 261
1780135883836 0.905 262
1780135883838 0.95 263
1780135883841 0.9199999999999999 264
1780135883844 0.9450000000000001 265
1780135883846 0.8949999999999999 266
1780135883849 0.9399999999999998 267
1780135883851 0.925 268
1780135883854 0.9399999999999998 269
1780135883857 0.9550000000000001 270
1780135883859 0.9199999999999999 271
1780135883862 0.95 272
1780135883864 0.95 273
1780135883867 0.925 274
1780135883869 0.9199999999999999 275
1780135883872 0.945 276
1780135883874 0.9549999999999998 277
1780135883877 0.96 278
1780135883880 0.925 279
1780135883882 0.9399999999999998 280
1780135883885 0.945 281
1780135883887 0.9349999999999999 282
1780135883890 0.9199999999999999 283
1780135883892 0.905 284
1780135883895 0.9399999999999998 285
1780135883897 0.9349999999999998 286
1780135883900 0.8800000000000001 287
1780135883902 0.9249999999999998 288
1780135883905 0.915 289
1780135883908 0.9199999999999999 290
1780135883910 0.9099999999999999 291
1780135883913 0.925 292
1780135883915 0.9299999999999999 293
1780135883918 0.945 294
1780135883920 0.95 295
1780135883923 0.96 296
1780135883925 0.9499999999999998 297
1780135883928 0.9350000000000002 298
1780135883931 0.9400000000000001 299
1780135883933 0.89 300
1780135883936 0.9100000000000001 301
1780135883938 0.945 302
1780135883941 0.96 303
1780135883943 0.9349999999999999 304
1780135883946 0.95 305
1780135883948 0.9349999999999999 306
1780135883951 0.93 307
1780135883954 0.9349999999999999 308
1780135883956 0.9199999999999999 309
1780135883959 0.9450000000000001 310
1780135883961 0.9299999999999999 311
1780135883964 0.9550000000000001 312
1780135883967 0.9349999999999999 313
