1780130378079 0.0 0
1780130378081 0.028508384819064432 1
1780130378083 0.18421605755094722 2
1780130378086 0.30821928445560987 3
1780130378088 0.3796655757912561 4
1780130378090 0.3219732781813903 5
1780130378092 0.49495790057397604 6
1780130378094 0.5834782451749961 7
1780130378096 0.6069095172715978 8
1780130378098 0.6684687772467476 9
1780130378100 0.6031878825514173 10
1780130378102 0.6734366700356457 11
1780130378104 0.8073051613199238 12
1780130378106 0.8012163150643683 13
1780130378108 0.7114001750149759 14
1780130378110 0.8272091616203401 15
1780130378112 0.8052601070560224 16
1780130378114 0.7094822004499425 17
1780130378116 0.8506413858551275 18
1780130378118 0.8203125127538564 19
1780130378120 0.8388734424145969 20
1780130378122 0.8273998817022074 21
1780130378124 0.8280539858976221 22
1780130378126 0.8727374606813065 23
1780130378128 0.9097248280175109 24
1780130378130 0.8713667139195318 25
1780130378132 0.7662612187672837 26
1780130378134 0.8026830189137634 27
1780130378136 0.8989498010394765 28
1780130378138 0.7999846800362989 29
1780130378140 0.795228067238196 30
1780130378142 0.8698483021948794 31
1780130378144 0.5942190741379383 32
1780130378146 0.7485583662550087 33
1780130378148 0.8619885156130016 34
1780130378150 0.6623768882991923 35
1780130378153 0.867693402924521 36
1780130378155 0.8280518922291936 37
1780130378157 0.8942314307288782 38
1780130378159 0.9175506847293873 39
1780130378161 0.7174572231953426 40
1780130378163 0.758428757324514 41
1780130378165 0.8180392568138654 42
1780130378167 0.8248438690648442 43
1780130378169 0.8848372380293344 44
1780130378171 0.9005588896828346 45
1780130378173 0.8392850715747084 46
1780130378175 0.8034806034806035 47
1780130378177 0.8236089624728906 48
1780130378179 0.9193161884452087 49
1780130378182 0.8647330808253395 50
1780130378184 0.8374721411269205 51
1780130378186 0.8633058116824813 52
1780130378187 0.8903582288742153 53
1780130378189 0.8661679646146911 54
1780130378191 0.8075019022387444 55
1780130378193 0.8785283161101102 56
1780130378195 0.8413353887574493 57
1780130378197 0.841340409235146 58
1780130378199 0.8700185467458967 59
1780130378201 0.8745609775731877 60
1780130378203 0.8153721622142674 61
1780130378205 0.9005084379474624 62
1780130378207 0.7002489600527266 63
1780130378209 0.827898721345448 64
1780130378211 0.8759295741018687 65
1780130378213 0.7948809043823968 66
1780130378215 0.8516268234689287 67
1780130378217 0.835823817979308 68
1780130378220 0.891791169268773 69
1780130378222 0.8492047141704804 70
1780130378224 0.8551162777478567 71
1780130378226 0.7804180810619793 72
1780130378228 0.8479770032855682 73
1780130378231 0.910559286215088 74
1780130378233 0.8426741385620267 75
1780130378235 0.8776330770233208 76
1780130378237 0.8544212474942526 77
1780130378239 0.8991553149562822 78
1780130378241 0.8816811463337766 79
1780130378243 0.8645626582725428 80
1780130378245 0.9047076824983803 81
1780130378247 0.8333917198971574 82
1780130378249 0.9201831501831503 83
1780130378251 0.8847250422838329 84
1780130378253 0.9491260356407981 85
1780130378255 0.893306837780522 86
1780130378257 0.920097772446938 87
1780130378259 0.8554850793764356 88
1780130378261 0.9039004407462137 89
1780130378263 0.8865195666786855 90
1780130378265 0.9104501498157583 91
1780130378268 0.8789841142379471 92
1780130378270 0.9024157969983099 93
1780130378272 0.9354713874491182 94
1780130378274 0.9007867374592113 95
1780130378276 0.8934764430226709 96
1780130378278 0.8981762612250417 97
1780130378280 0.8632118510025487 98
1780130378282 0.8062768810137231 99
1780130378284 0.8838568112423026 100
1780130378286 0.8092669525596357 101
1780130378288 0.8898444537918222 102
1780130378290 0.9049520043400092 103
1780130378292 0.8399416391394972 104
1780130378293 0.9069420282738634 105
1780130378296 0.904246483101306 106
1780130378298 0.8802811232882582 107
1780130378299 0.8617509006440146 108
1780130378301 0.9162960692747927 109
1780130378303 0.8854278458397452 110
1780130378305 0.9301798321168713 111
1780130378307 0.9353022800904702 112
1780130378310 0.9004460729685377 113
1780130378312 0.9156990949553878 114
1780130378314 0.9045955771638086 115
1780130378316 0.945003595843074 116
1780130378318 0.9051402036745501 117
1780130378320 0.9004633147636998 118
1780130378322 0.881623740019665 119
1780130378324 0.8847784936401828 120
1780130378326 0.9599691771642991 121
1780130378328 0.9350795791209858 122
1780130378330 0.8303478798912322 123
1780130378332 0.8766180432322704 124
1780130378334 0.9060222779489397 125
1780130378336 0.8542222102090523 126
1780130378338 0.891714917347327 127
1780130378340 0.889977109432583 128
1780130378342 0.9446652748193184 129
1780130378344 0.7555926416182047 130
1780130378346 0.929119881819825 131
1780130378348 0.878229017429543 132
1780130378350 0.8755217766523471 133
1780130378352 0.9097659628845751 134
1780130378354 0.91067478313814 135
1780130378356 0.892539197593616 136
1780130378358 0.8948445994957623 137
1780130378360 0.8735427895139212 138
1780130378362 0.9196285417246995 139
1780130378364 0.8429238345128891 140
1780130378366 0.9305987537873976 141
1780130378368 0.9237550906013754 142
1780130378371 0.8958688124854122 143
1780130378373 0.9149754310729922 144
1780130378374 0.8457506709047145 145
1780130378376 0.9024061317780372 146
1780130378378 0.8781294807798228 147
1780130378380 0.9211594235054482 148
1780130378382 0.8870672350658003 149
1780130378385 0.8996194071226163 150
1780130378387 0.8788555137838598 151
1780130378389 0.9300254701795139 152
1780130378391 0.9552577310064547 153
1780130378393 0.8808987808773209 154
1780130378395 0.9399907599907598 155
1780130378397 0.9049274344685875 156
1780130378399 0.9296756742199619 157
1780130378401 0.959953495370697 158
1780130378403 0.9176246594250446 159
1780130378405 0.9195443421374101 160
1780130378407 0.8528669582168403 161
1780130378409 0.929949260530656 162
1780130378411 0.9600776331071581 163
1780130378413 0.9444467475506076 164
1780130378415 0.9404714141372065 165
1780130378417 0.923130743510351 166
1780130378420 0.9603229226913438 167
1780130378422 0.9396363550393761 168
1780130378424 0.934771276093484 169
1780130378426 0.9445688799860814 170
1780130378428 0.8577650322387165 171
1780130378430 0.9443115292922739 172
1780130378432 0.9429215378284479 173
1780130378434 0.9501426051202149 174
1780130378436 0.9345638721569403 175
1780130378438 0.9285331390952789 176
1780130378440 0.9346602493114121 177
1780130378442 0.9263949884145722 178
1780130378444 0.9650724685384506 179
1780130378447 0.9607140785454679 180
1780130378449 0.9455585279076937 181
1780130378451 0.925474060958725 182
1780130378453 0.9362863338955165 183
1780130378455 0.9545732530199796 184
1780130378457 0.9318589239242268 185
1780130378459 0.9596878357853967 186
1780130378461 0.944997595837074 187
1780130378463 0.919302824546727 188
1780130378465 0.9303983952943561 189
1780130378467 0.9398314422704669 190
1780130378469 0.9456381474651769 191
1780130378471 0.955053095892574 192
1780130378473 0.9543588254563865 193
1780130378475 0.9344739516690737 194
1780130378477 0.9493877326804157 195
1780130378479 0.9300068004923665 196
1780130378481 0.9749686834346655 197
1780130378483 0.9700686989518825 198
1780130378485 0.9015351621114824 199
1780130378487 0.9450302197528815 200
1780130378489 0.974849412461736 201
1780130378491 0.9153643724696356 202
1780130378493 0.9563576467748482 203
1780130378495 0.9218141175696111 204
1780130378497 0.9749776175899412 205
1780130378499 0.9046544080017289 206
1780130378501 0.9497036838500253 207
1780130378503 0.9698185426041652 208
1780130378505 0.9499239503269715 209
1780130378507 0.9499192304070354 210
1780130378509 0.9651745533824526 211
1780130378511 0.940865033454967 212
1780130378513 0.9192365401969189 213
1780130378516 0.9441964590924199 214
1780130378518 0.8874820180532632 215
1780130378520 0.9359115346214191 216
1780130378522 0.9503996470735284 217
1780130378524 0.9410517364689379 218
1780130378526 0.9849937460913072 219
1780130378528 0.9699754310729922 220
1780130378530 0.960081700498902 221
1780130378532 0.9849906191369605 222
1780130378534 0.9492238726898548 223
1780130378536 0.9699718103890118 224
1780130378538 0.9549629232556063 225
1780130378540 0.9451269652860841 226
1780130378542 0.9695565037028452 227
1780130378544 0.9335323687709689 228
1780130378546 0.941671514193979 229
1780130378549 0.9749816849816849 230
1780130378550 0.9750848274532485 231
1780130378553 0.9604126486205476 232
1780130378555 0.9447165209732008 233
1780130378557 0.9600785735445555 234
1780130378559 0.9298054269106901 235
1780130378561 0.9271564621372068 236
1780130378563 0.9496299300471316 237
1780130378565 0.9596847088310503 238
1780130378567 0.9751036362011971 239
1780130378569 0.9703448583936387 240
1780130378571 0.9170318383467247 241
1780130378573 0.9699686834346654 242
1780130378575 0.9490764121059373 243
1780130378577 0.9603448583936389 244
1780130378579 0.9696627731287553 245
1780130378581 0.9752166532654337 246
1780130378583 0.9275328995515814 247
1780130378585 0.944793658503543 248
1780130378587 0.9754578754578755 249
1780130378589 0.9749906191369606 250
1780130378591 0.9497307419116836 251
1780130378593 0.9752337532825338 252
1780130378595 0.9554745287672116 253
1780130378597 0.9595741934573769 254
1780130378600 0.9597697901869917 255
1780130378602 0.9551485502884136 256
1780130378604 0.9306047170154403 257
1780130378606 0.9595314410462036 258
1780130378608 0.8843835921086338 259
1780130378610 0.9392394315936723 260
1780130378612 0.9499284327140552 261
1780130378614 0.907897345646892 262
1780130378616 0.970081700498902 263
1780130378618 0.9651678057441261 264
1780130378620 0.9699906191369605 265
1780130378622 0.9552727973780606 266
1780130378624 0.918848728653033 267
1780130378627 0.9080200784248594 268
1780130378629 0.979971810389012 269
1780130378630 0.9699057668428059 270
1780130378632 0.9552891044354459 271
1780130378635 0.9500829534499713 272
1780130378636 0.939758752966652 273
1780130378638 0.8803104021196196 274
1780130378640 0.9746878357853968 275
1780130378642 0.920392264275448 276
1780130378644 0.9653765212109242 277
1780130378646 0.9453951854635498 278
1780130378648 0.9650995688094535 279
1780130378650 0.940021285597606 280
1780130378652 0.9332956434606363 281
1780130378655 0.9399196771147992 282
1780130378656 0.8503585418750642 283
1780130378658 0.9646627731287551 284
1780130378661 0.9751036362011973 285
1780130378663 0.9698556663704287 286
1780130378665 0.9551947175631386 287
1780130378667 0.9598066600505625 288
1780130378669 0.845344612483748 289
1780130378672 0.925528760926707 290
1780130378674 0.9596784549223575 291
1780130378676 0.9545778141413571 292
1780130378678 0.918436174922243 293
1780130378680 0.9600615363182161 294
1780130378682 0.9546175462914276 295
1780130378684 0.9234950053090426 296
1780130378686 0.9543395700006739 297
1780130378688 0.9606342606342606 298
1780130378690 0.929244339488242 299
1780130378692 0.9697055255399286 300
1780130378694 0.9797274612422239 301
1780130378696 0.9647082057865115 302
1780130378698 0.9595565037028451 303
1780130378700 0.9647885038308062 304
1780130378702 0.9750848274532485 305
1780130378704 0.9753278211672993 306
1780130378706 0.9697175866495507 307
1780130378708 0.9648404783064602 308
1780130378710 0.9649686834346654 309
1780130378712 0.9550646632725623 310
1780130378714 0.9351373979037649 311
1780130378716 0.9548007945834034 312
1780130378718 0.9498946144581575 313
