1780133708815 0.0 0
1780133708817 0.08036404586404586 1
1780133708819 0.12629444135965048 2
1780133708821 0.31330181764562026 3
1780133708823 0.4467184026911532 4
1780133708825 0.522784714875886 5
1780133708827 0.4926260914421988 6
1780133708829 0.32753310367432575 7
1780133708831 0.45746888322230783 8
1780133708833 0.3522670666362755 9
1780133708835 0.4145204582792328 10
1780133708837 0.4509940479048031 11
1780133708839 0.3481783242170466 12
1780133708841 0.5651430008595215 13
1780133708843 0.4869580143178947 14
1780133708845 0.5952426531357512 15
1780133708847 0.5380057673798918 16
1780133708849 0.5814319491175423 17
1780133708851 0.4970371551984455 18
1780133708853 0.5273892788312596 19
1780133708855 0.610297797353885 20
1780133708857 0.584980428876275 21
1780133708860 0.6658085204767705 22
1780133708862 0.6406626072415547 23
1780133708864 0.6571426180803235 24
1780133708866 0.6180062633131389 25
1780133708868 0.6092998362834204 26
1780133708870 0.5367813443866076 27
1780133708872 0.6503298900200837 28
1780133708874 0.6413790108839997 29
1780133708876 0.6479826801929014 30
1780133708878 0.6498768312948805 31
1780133708880 0.577993758571156 32
1780133708882 0.6700575105866399 33
1780133708884 0.655307388074416 34
1780133708886 0.5956031938285801 35
1780133708888 0.7169108355511733 36
1780133708890 0.7143389928689384 37
1780133708892 0.7412932064933732 38
1780133708894 0.6854187338084479 39
1780133708897 0.6495046885090099 40
1780133708899 0.6404136507007898 41
1780133708901 0.5856232949440496 42
1780133708903 0.7412867629832358 43
1780133708905 0.7673773693706781 44
1780133708907 0.8084656873410031 45
1780133708909 0.7581593662329407 46
1780133708911 0.7560827831880463 47
1780133708913 0.7227959358858693 48
1780133708915 0.7703645427610772 49
1780133708917 0.6138060760222894 50
1780133708919 0.7488218038589194 51
1780133708921 0.7330854096024375 52
1780133708923 0.7386533714198938 53
1780133708925 0.7946439370162921 54
1780133708927 0.7581211039061488 55
1780133708929 0.78749862526362 56
1780133708932 0.7823344183854485 57
1780133708934 0.8199663064099937 58
1780133708936 0.7833049132439378 59
1780133708938 0.7963062612646158 60
1780133708940 0.8440639240914528 61
1780133708942 0.8193299110854413 62
1780133708944 0.7983617425797306 63
1780133708946 0.8660221268616051 64
1780133708948 0.7872147563478833 65
1780133708950 0.8599678985725496 66
1780133708952 0.8149303904289557 67
1780133708954 0.6941581951019338 68
1780133708956 0.8108970273506084 69
1780133708958 0.7919886643849778 70
1780133708960 0.7924965025683991 71
1780133708962 0.8545101311742617 72
1780133708964 0.8543680581655625 73
1780133708966 0.8018092022103576 74
1780133708968 0.8177912831683691 75
1780133708970 0.8183434831714835 76
1780133708973 0.8070093781996359 77
1780133708975 0.7088243229916148 78
1780133708977 0.8255744199865098 79
1780133708979 0.8985727768962087 80
1780133708981 0.8393643937523987 81
1780133708983 0.812061215830316 82
1780133708985 0.7185904870387627 83
1780133708987 0.7424043330257252 84
1780133708989 0.8296003456727528 85
1780133708991 0.8278562400505411 86
1780133708993 0.8216049530411633 87
1780133708995 0.8056780827833461 88
1780133708997 0.7652925934754461 89
1780133708999 0.8522231541211214 90
1780133709001 0.8861559431855799 91
1780133709003 0.9248121752784858 92
1780133709005 0.9065179897891783 93
1780133709007 0.8318457245833975 94
1780133709009 0.8200805700147805 95
1780133709011 0.8552257202257202 96
1780133709013 0.8961924505263233 97
1780133709016 0.7763155288139789 98
1780133709018 0.7543829148707197 99
1780133709020 0.8355494676255384 100
1780133709022 0.8587583007393735 101
1780133709024 0.822074566973869 102
1780133709026 0.8373260217448306 103
1780133709028 0.8724340936550986 104
1780133709030 0.8626432410045691 105
1780133709032 0.8837040537554017 106
1780133709034 0.8264336452761002 107
1780133709036 0.8464215376731422 108
1780133709038 0.7890182512166276 109
1780133709040 0.8618449915154638 110
1780133709042 0.8418602957534098 111
1780133709044 0.8516620689145797 112
1780133709046 0.8768867129062968 113
1780133709048 0.8597059844527569 114
1780133709050 0.8545518596727604 115
1780133709052 0.7911384539093518 116
1780133709054 0.806108237087388 117
1780133709056 0.880773908111739 118
1780133709058 0.5663274494623913 119
1780133709060 0.8092040255190598 120
1780133709062 0.8016874926641313 121
1780133709065 0.9152226622229905 122
1780133709067 0.8669499741450961 123
1780133709069 0.899343276099702 124
1780133709071 0.8065125557972079 125
1780133709073 0.8724838002725928 126
1780133709075 0.8830813081078193 127
1780133709077 0.8502472178453611 128
1780133709079 0.8632107422062493 129
1780133709081 0.8639860670093229 130
1780133709083 0.8464389242713048 131
1780133709085 0.8474325778118864 132
1780133709087 0.8586970333481961 133
1780133709089 0.8547883412977753 134
1780133709100 0.9244491796930822 135
1780133709103 0.8859078542087356 136
1780133709105 0.8568038652993722 137
1780133709107 0.8635514655508982 138
1780133709109 0.9009737532372396 139
1780133709111 0.8995718119612741 140
1780133709113 0.8579288520536992 141
1780133709115 0.8888064103311033 142
1780133709117 0.8368505795646819 143
1780133709119 0.8139541067023595 144
1780133709122 0.8860107659798062 145
1780133709124 0.8948498459974115 146
1780133709126 0.895441388960653 147
1780133709128 0.8940580811440888 148
1780133709130 0.8779215500678916 149
1780133709132 0.9000349256960296 150
1780133709134 0.7824026303250373 151
1780133709136 0.8360548929272028 152
1780133709138 0.9105279653822806 153
1780133709140 0.8706499646783408 154
1780133709142 0.8884465042859825 155
1780133709144 0.8646705161750322 156
1780133709146 0.8801748064607858 157
1780133709149 0.9142140683604099 158
1780133709151 0.9049293165981227 159
1780133709153 0.8572552430056876 160
1780133709155 0.9167657254055529 161
1780133709157 0.9296415850587867 162
1780133709159 0.9502577310064548 163
1780133709161 0.9140100956192476 164
1780133709163 0.9013001526461467 165
1780133709165 0.9453487376979034 166
1780133709167 0.9094132682107725 167
1780133709169 0.9412129846736643 168
1780133709171 0.9347592466962859 169
1780133709173 0.9432909651490947 170
1780133709175 0.96458044736607 171
1780133709178 0.9449935891399306 172
1780133709180 0.9233339896754531 173
1780133709182 0.8988253731977904 174
1780133709184 0.915122372141956 175
1780133709186 0.9151248158542842 176
1780133709188 0.9304077501445922 177
1780133709190 0.9460460608563424 178
1780133709192 0.9703796481652706 179
1780133709194 0.9699686834346654 180
1780133709196 0.9341862644248646 181
1780133709198 0.9350694919115972 182
1780133709200 0.9304593073881369 183
1780133709202 0.9141784741460043 184
1780133709204 0.9599333311900109 185
1780133709206 0.9548004061418697 186
1780133709208 0.8156966196966197 187
1780133709211 0.9199383486289776 188
1780133709213 0.9251628370998762 189
1780133709215 0.9355756775810811 190
1780133709217 0.9100170072220598 191
1780133709219 0.935711490648143 192
1780133709221 0.9548008528496335 193
1780133709223 0.9139139182877427 194
1780133709225 0.940195723139569 195
1780133709227 0.9089688717595695 196
1780133709229 0.9597666632326453 197
1780133709231 0.9501597803138241 198
1780133709233 0.8914959211898885 199
1780133709236 0.9354155305695743 200
1780133709238 0.9649776175899412 201
1780133709240 0.9308080473228099 202
1780133709242 0.9513968814233926 203
1780133709244 0.9395352205287422 204
1780133709246 0.9025868853725081 205
1780133709248 0.9555020931144167 206
1780133709250 0.9751036362011971 207
1780133709252 0.949019429436631 208
1780133709254 0.9500328529775943 209
1780133709256 0.9342986319196657 210
1780133709258 0.9552581906753922 211
1780133709261 0.9404574287501116 212
1780133709263 0.9246420713159524 213
1780133709265 0.9062349501600426 214
1780133709267 0.9085728318602125 215
1780133709269 0.8384192680245312 216
1780133709271 0.9649816849816849 217
1780133709273 0.9653448583936388 218
1780133709275 0.9949968730456537 219
1780133709277 0.9648431585530428 220
1780133709279 0.9602255874207092 221
1780133709281 0.9653895227579439 222
1780133709283 0.9504568533159153 223
1780133709290 0.9450972688755176 224
1780133709292 0.9496717072840308 225
1780133709294 0.9549026398884595 226
1780133709297 0.9553318568466194 227
1780133709299 0.7668575868575869 228
1780133709301 0.9362096912096913 229
1780133709303 0.9598124672514917 230
1780133709305 0.9452185652185652 231
1780133709307 0.8439341568195686 232
1780133709309 0.9549571160546769 233
1780133709311 0.936040972292577 234
1780133709313 0.939256169241989 235
1780133709315 0.9598274767594409 236
1780133709317 0.9497028923152158 237
1780133709319 0.9597060192695622 238
1780133709322 0.9550843807454846 239
1780133709324 0.9602965046019648 240
1780133709326 0.9498399597359206 241
1780133709328 0.9085415043759074 242
1780133709330 0.945161551835433 243
1780133709332 0.9500633854805869 244
1780133709334 0.9698472259447868 245
1780133709336 0.9600884481372287 246
1780133709338 0.9046383876171109 247
1780133709340 0.96521258587369 248
1780133709342 0.9495621225059683 249
1780133709344 0.9499843652282676 250
1780133709346 0.9553884378252231 251
1780133709348 0.9599344184710039 252
1780133709350 0.9602313946216385 253
1780133709353 0.959708652494275 254
1780133709355 0.9497971006315037 255
1780133709357 0.9179147681586706 256
1780133709359 0.9403482265998312 257
1780133709361 0.9696878357853966 258
1780133709363 0.9399117144752575 259
1780133709365 0.9602305213280824 260
1780133709367 0.9497994657044722 261
1780133709369 0.9699655564803189 262
1780133709371 0.9494288022002444 263
1780133709373 0.9139921166898292 264
1780133709375 0.9700875076998312 265
1780133709377 0.9492749868873103 266
1780133709379 0.9650988005160019 267
1780133709381 0.9799686834346655 268
1780133709383 0.9183126521781297 269
1780133709386 0.9650875076998311 270
1780133709388 0.9500564790978858 271
1780133709390 0.9700516617255429 272
1780133709392 0.8341293849460818 273
1780133709394 0.9504436589096409 274
1780133709396 0.945025609240315 275
1780133709398 0.9455147346610762 276
1780133709400 0.9310309371284982 277
1780133709402 0.9597739410306207 278
1780133709405 0.9550153898205963 279
1780133709407 0.9011213248312092 280
1780133709409 0.8427087671719388 281
1780133709411 0.9393578769702005 282
1780133709413 0.9557770285626512 283
1780133709415 0.9252542807389448 284
1780133709417 0.9650995688094532 285
1780133709419 0.9699968730456536 286
1780133709421 0.9350105656716696 287
1780133709424 0.9650973822925042 288
1780133709426 0.984993746091307 289
1780133709428 0.9552790414449668 290
1780133709430 0.9851067631555436 291
1780133709432 0.9749744906355946 292
1780133709434 0.9396803927149928 293
1780133709437 0.945689015888826 294
1780133709439 0.9451268585928407 295
1780133709441 0.9555677233584211 296
1780133709443 0.9698404783064604 297
1780133709445 0.9748587933247752 298
1780133709447 0.9447842776405035 299
1780133709449 0.9596909627397432 300
1780133709451 0.969865540963102 301
1780133709453 0.9546533922657158 302
1780133709455 0.9696878357853969 303
1780133709458 0.9269972208804045 304
1780133709460 0.9701036362011971 305
1780133709462 0.9551584248810865 306
1780133709464 0.9749937460913071 307
1780133709466 0.9649234565973377 308
1780133709468 0.9053556168703792 309
1780133709470 0.9501667065081699 310
1780133709473 0.9122931850788077 311
1780133709475 0.9751067631555437 312
1780133709478 0.9002790624085284 313
