1780243824686 0.0 0
1780243824688 0.145 1
1780243824690 0.37 2
1780243824692 0.6100000000000001 3
1780243824694 0.74 4
1780243824696 0.78 5
1780243824697 0.785 6
1780243824699 0.89 7
1780243824701 0.8350000000000002 8
1780243824703 0.86 9
1780243824704 0.89 10
1780243824706 0.89 11
1780243824708 0.8300000000000001 12
1780243824709 0.925 13
1780243824711 0.9550000000000001 14
1780243824713 0.9199999999999999 15
1780243824715 0.9349999999999999 16
1780243824716 0.9399999999999998 17
1780243824718 0.9650000000000001 18
1780243824720 0.9549999999999998 19
1780243824721 0.9299999999999999 20
1780243824723 0.9499999999999998 21
1780243824725 0.9349999999999999 22
1780243824726 0.9299999999999999 23
1780243824728 0.9549999999999998 24
1780243824730 0.9649999999999999 25
1780243824732 0.8799999999999999 26
1780243824733 0.9800000000000001 27
1780243824735 0.9550000000000001 28
1780243824737 0.95 29
1780243824738 0.975 30
1780243824740 0.9549999999999998 31
1780243824742 0.9549999999999998 32
1780243824743 0.9549999999999998 33
1780243824745 0.945 34
1780243824747 0.925 35
1780243824749 0.79 36
1780243824750 0.9599999999999997 37
1780243824752 0.9649999999999999 38
1780243824754 0.79 39
1780243824755 0.9349999999999999 40
1780243824757 0.85 41
1780243824759 0.975 42
1780243824761 0.9550000000000001 43
1780243824762 0.9450000000000001 44
1780243824764 0.97 45
1780243824766 0.97 46
1780243824768 0.865 47
1780243824769 0.9199999999999999 48
1780243824771 0.9 49
1780243824773 0.9799999999999999 50
1780243824775 0.95 51
1780243824776 0.9349999999999999 52
1780243824778 0.9749999999999999 53
1780243824780 0.9800000000000001 54
1780243824781 0.9349999999999999 55
1780243824783 0.9550000000000001 56
1780243824785 0.905 57
1780243824787 0.5700000000000001 58
1780243824788 0.9349999999999999 59
1780243824790 0.97 60
1780243824792 0.9349999999999999 61
1780243824794 0.9549999999999998 62
1780243824795 0.93 63
1780243824797 0.89 64
1780243824799 0.945 65
1780243824800 0.97 66
1780243824802 0.9649999999999999 67
1780243824804 0.9499999999999998 68
1780243824806 0.96 69
1780243824807 0.945 70
1780243824809 0.96 71
1780243824811 0.96 72
1780243824812 0.985 73
1780243824814 0.96 74
1780243824816 0.875 75
1780243824818 0.9700000000000001 76
1780243824819 0.96 77
1780243824821 0.95 78
1780243824823 0.985 79
1780243824824 0.9399999999999998 80
1780243824826 0.9399999999999998 81
1780243824828 0.9099999999999999 82
1780243824829 0.96 83
1780243824831 0.97 84
1780243824833 0.7150000000000001 85
1780243824834 0.9649999999999999 86
1780243824836 0.9799999999999999 87
1780243824838 0.97 88
1780243824839 0.975 89
1780243824841 0.8550000000000001 90
1780243824843 0.96 91
1780243824845 0.9649999999999999 92
1780243824846 0.945 93
1780243824848 0.825 94
1780243824850 0.9549999999999998 95
1780243824852 0.9149999999999998 96
1780243824853 0.9200000000000002 97
1780243824855 0.9450000000000001 98
1780243824857 0.9349999999999999 99
1780243824858 0.96 100
1780243824860 0.9650000000000001 101
1780243824862 0.9349999999999999 102
1780243824864 0.9600000000000002 103
1780243824865 0.96 104
1780243824867 0.985 105
1780243824869 0.9349999999999998 106
1780243824870 0.985 107
1780243824872 0.9049999999999999 108
1780243824874 0.925 109
1780243824876 0.9649999999999999 110
1780243824877 0.9599999999999997 111
1780243824879 0.97 112
1780243824881 0.975 113
1780243824882 0.97 114
1780243824884 0.97 115
1780243824886 0.97 116
1780243824888 0.9949999999999999 117
1780243824889 0.96 118
1780243824891 0.9649999999999999 119
1780243824893 0.9799999999999999 120
1780243824894 0.975 121
1780243824896 0.96 122
1780243824898 0.9400000000000001 123
1780243824900 0.875 124
1780243824901 0.9650000000000001 125
1780243824903 0.95 126
1780243824905 0.9799999999999999 127
1780243824906 0.97 128
1780243824908 0.93 129
1780243824910 0.9399999999999998 130
1780243824912 0.9949999999999999 131
1780243824913 0.9499999999999998 132
1780243824915 0.96 133
1780243824917 0.885 134
1780243824918 0.96 135
1780243824920 0.96 136
1780243824922 0.845 137
1780243824923 0.9649999999999999 138
1780243824925 0.9099999999999999 139
1780243824927 0.95 140
1780243824928 0.9749999999999999 141
1780243824931 0.9649999999999999 142
1780243824932 0.905 143
1780243824934 0.9700000000000001 144
1780243824936 0.9400000000000001 145
1780243824937 0.9799999999999999 146
1780243824939 0.97 147
1780243824941 0.97 148
1780243824942 0.9349999999999999 149
1780243824944 0.9650000000000001 150
1780243824946 0.9399999999999998 151
1780243824948 0.99 152
1780243824949 0.9650000000000001 153
1780243824951 0.89 154
1780243824953 0.8150000000000001 155
1780243824954 0.9400000000000001 156
1780243824956 0.8699999999999999 157
1780243824958 0.8800000000000001 158
1780243824960 0.9099999999999999 159
1780243824961 0.9349999999999998 160
1780243824963 0.9650000000000001 161
1780243824965 0.915 162
1780243824967 0.97 163
1780243824968 0.9350000000000002 164
1780243824970 0.765 165
1780243824972 0.7399999999999999 166
1780243824973 0.825 167
1780243824975 0.835 168
1780243824977 0.9499999999999998 169
1780243824978 0.9199999999999999 170
1780243824980 0.9149999999999998 171
1780243824982 0.775 172
1780243824984 0.85 173
1780243824985 0.95 174
1780243824987 0.915 175
1780243824989 0.875 176
1780243824990 0.95 177
1780243824992 0.8800000000000001 178
1780243824994 0.875 179
1780243824996 0.8800000000000001 180
1780243824997 0.8149999999999998 181
1780243825007 0.8649999999999999 182
1780243825009 0.945 183
1780243825011 0.9349999999999999 184
1780243825013 0.9399999999999998 185
1780243825015 0.9649999999999999 186
1780243825016 0.95 187
1780243825018 0.905 188
1780243825020 0.975 189
1780243825021 0.915 190
1780243825023 0.9099999999999999 191
1780243825025 0.9450000000000001 192
1780243825026 0.93 193
1780243825028 0.975 194
1780243825030 0.95 195
1780243825032 0.8300000000000001 196
1780243825034 0.95 197
1780243825035 0.905 198
1780243825037 0.9400000000000001 199
1780243825039 0.8799999999999999 200
1780243825041 0.9399999999999998 201
1780243825042 0.96 202
1780243825044 0.93 203
1780243825046 0.9450000000000001 204
1780243825047 0.95 205
1780243825049 0.9649999999999999 206
1780243825051 0.95 207
1780243825053 0.735 208
1780243825054 0.9800000000000001 209
1780243825056 0.945 210
1780243825058 0.96 211
1780243825059 0.905 212
1780243825061 0.9399999999999998 213
1780243825063 0.95 214
1780243825065 0.945 215
1780243825066 0.86 216
1780243825068 0.9649999999999999 217
1780243825070 0.97 218
1780243825072 0.8400000000000001 219
1780243825073 0.95 220
1780243825075 0.97 221
1780243825077 0.9649999999999999 222
1780243825078 0.9399999999999998 223
1780243825080 0.97 224
1780243825082 0.9400000000000001 225
1780243825084 0.9800000000000001 226
1780243825085 0.9400000000000001 227
1780243825087 0.9550000000000001 228
1780243825089 0.85 229
1780243825090 0.945 230
1780243825092 0.925 231
1780243825094 0.8150000000000001 232
1780243825096 0.885 233
1780243825097 0.8700000000000001 234
1780243825099 0.9299999999999999 235
1780243825101 0.9199999999999999 236
1780243825102 0.925 237
1780243825104 0.95 238
1780243825106 0.9650000000000001 239
1780243825108 0.9749999999999999 240
1780243825109 0.9400000000000001 241
1780243825111 0.8450000000000001 242
1780243825113 0.8949999999999999 243
1780243825115 0.885 244
1780243825116 0.9550000000000001 245
1780243825118 0.9549999999999998 246
1780243825120 0.945 247
1780243825121 0.96 248
1780243825123 0.945 249
1780243825125 0.9399999999999998 250
1780243825127 0.8400000000000001 251
1780243825128 0.93 252
1780243825130 0.9450000000000001 253
1780243825132 0.875 254
1780243825134 0.7100000000000001 255
1780243825136 0.9299999999999999 256
1780243825137 0.9349999999999999 257
1780243825139 0.975 258
1780243825141 0.9749999999999999 259
1780243825143 0.925 260
1780243825144 0.93 261
1780243825146 0.9400000000000001 262
1780243825148 0.8949999999999999 263
1780243825150 0.9399999999999998 264
1780243825151 0.975 265
1780243825153 0.9100000000000001 266
1780243825155 0.9349999999999999 267
1780243825156 0.89 268
1780243825158 0.8450000000000001 269
1780243825160 0.9049999999999999 270
1780243825161 0.9399999999999998 271
1780243825165 0.9200000000000002 272
1780243825167 0.9099999999999998 273
1780243825169 0.9399999999999998 274
1780243825172 0.915 275
1780243825173 0.915 276
1780243825176 0.9599999999999997 277
1780243825178 0.97 278
1780243825187 0.96 279
1780243825190 0.945 280
1780243825192 0.9299999999999999 281
1780243825194 0.9400000000000001 282
1780243825196 0.795 283
1780243825197 0.915 284
1780243825199 0.945 285
1780243825201 0.86 286
1780243825203 0.9349999999999999 287
1780243825204 0.945 288
1780243825206 0.9400000000000001 289
1780243825208 0.8949999999999999 290
1780243825210 0.8949999999999999 291
1780243825211 0.96 292
1780243825213 0.9499999999999998 293
1780243825215 0.9649999999999999 294
1780243825216 0.9400000000000001 295
1780243825218 0.8299999999999998 296
1780243825221 0.925 297
1780243825222 0.975 298
1780243825224 0.9550000000000001 299
1780243825226 0.8799999999999999 300
1780243825228 0.9099999999999999 301
1780243825230 0.9400000000000001 302
1780243825231 0.96 303
1780243825233 0.9650000000000001 304
1780243825235 0.9800000000000001 305
1780243825237 0.95 306
1780243825239 0.9549999999999998 307
1780243825240 0.9349999999999999 308
1780243825242 0.9099999999999999 309
1780243825244 0.96 310
1780243825246 0.9400000000000001 311
1780243825247 0.9700000000000001 312
1780243825249 0.9799999999999999 313
