1780130217599 0.0 0
1780130217603 0.105 1
1780130217606 0.235 2
1780130217608 0.3 3
1780130217611 0.45 4
1780130217613 0.455 5
1780130217616 0.58 6
1780130217618 0.69 7
1780130217621 0.505 8
1780130217623 0.65 9
1780130217625 0.655 10
1780130217628 0.7 11
1780130217630 0.72 12
1780130217633 0.615 13
1780130217635 0.715 14
1780130217638 0.73 15
1780130217640 0.805 16
1780130217642 0.72 17
1780130217645 0.62 18
1780130217647 0.81 19
1780130217650 0.64 20
1780130217652 0.705 21
1780130217655 0.69 22
1780130217657 0.76 23
1780130217659 0.57 24
1780130217662 0.725 25
1780130217664 0.78 26
1780130217667 0.775 27
1780130217669 0.82 28
1780130217671 0.71 29
1780130217674 0.805 30
1780130217676 0.705 31
1780130217678 0.505 32
1780130217681 0.83 33
1780130217683 0.78 34
1780130217686 0.78 35
1780130217688 0.83 36
1780130217691 0.835 37
1780130217693 0.73 38
1780130217695 0.8 39
1780130217698 0.865 40
1780130217700 0.8 41
1780130217703 0.795 42
1780130217705 0.82 43
1780130217707 0.835 44
1780130217710 0.81 45
1780130217712 0.845 46
1780130217715 0.835 47
1780130217717 0.77 48
1780130217719 0.86 49
1780130217722 0.825 50
1780130217724 0.815 51
1780130217727 0.815 52
1780130217729 0.825 53
1780130217731 0.645 54
1780130217734 0.775 55
1780130217736 0.865 56
1780130217738 0.825 57
1780130217741 0.87 58
1780130217743 0.81 59
1780130217746 0.835 60
1780130217748 0.76 61
1780130217750 0.825 62
1780130217753 0.89 63
1780130217755 0.85 64
1780130217757 0.67 65
1780130217760 0.73 66
1780130217762 0.775 67
1780130217765 0.82 68
1780130217767 0.86 69
1780130217769 0.675 70
1780130217772 0.71 71
1780130217774 0.78 72
1780130217777 0.87 73
1780130217779 0.8 74
1780130217781 0.875 75
1780130217784 0.925 76
1780130217786 0.88 77
1780130217789 0.785 78
1780130217791 0.865 79
1780130217793 0.82 80
1780130217796 0.865 81
1780130217798 0.78 82
1780130217801 0.89 83
1780130217803 0.86 84
1780130217805 0.87 85
1780130217808 0.83 86
1780130217810 0.84 87
1780130217812 0.795 88
1780130217815 0.905 89
1780130217817 0.92 90
1780130217820 0.835 91
1780130217822 0.86 92
1780130217824 0.915 93
1780130217827 0.845 94
1780130217829 0.815 95
1780130217831 0.885 96
1780130217834 0.88 97
1780130217836 0.855 98
1780130217839 0.9 99
1780130217841 0.815 100
1780130217843 0.86 101
1780130217846 0.855 102
1780130217848 0.92 103
1780130217850 0.91 104
1780130217853 0.85 105
1780130217855 0.91 106
1780130217858 0.805 107
1780130217860 0.825 108
1780130217862 0.87 109
1780130217865 0.895 110
1780130217867 0.915 111
1780130217869 0.915 112
1780130217872 0.87 113
1780130217874 0.89 114
1780130217876 0.815 115
1780130217879 0.865 116
1780130217881 0.915 117
1780130217884 0.93 118
1780130217886 0.89 119
1780130217888 0.915 120
1780130217891 0.89 121
1780130217893 0.905 122
1780130217895 0.915 123
1780130217898 0.875 124
1780130217900 0.72 125
1780130217903 0.895 126
1780130217905 0.885 127
1780130217907 0.88 128
1780130217910 0.885 129
1780130217912 0.645 130
1780130217914 0.82 131
1780130217917 0.825 132
1780130217919 0.775 133
1780130217921 0.85 134
1780130217924 0.93 135
1780130217926 0.89 136
1780130217928 0.9 137
1780130217931 0.9 138
1780130217933 0.895 139
1780130217936 0.845 140
1780130217938 0.91 141
1780130217940 0.91 142
1780130217943 0.91 143
1780130217945 0.905 144
1780130217947 0.89 145
1780130217950 0.93 146
1780130217952 0.895 147
1780130217955 0.93 148
1780130217957 0.905 149
1780130217959 0.825 150
1780130217962 0.65 151
1780130217964 0.93 152
1780130217966 0.895 153
1780130217969 0.77 154
1780130217971 0.87 155
1780130217974 0.935 156
1780130217976 0.925 157
1780130217978 0.95 158
1780130217981 0.925 159
1780130217983 0.925 160
1780130217985 0.93 161
1780130217988 0.905 162
1780130217990 0.94 163
1780130217992 0.915 164
1780130217995 0.935 165
1780130217997 0.89 166
1780130218000 0.95 167
1780130218002 0.94 168
1780130218004 0.96 169
1780130218007 0.96 170
1780130218009 0.925 171
1780130218011 0.89 172
1780130218014 0.945 173
1780130218016 0.97 174
1780130218019 0.94 175
1780130218021 0.925 176
1780130218023 0.945 177
1780130218026 0.945 178
1780130218028 0.985 179
1780130218031 0.955 180
1780130218033 0.955 181
1780130218035 0.93 182
1780130218038 0.96 183
1780130218040 0.96 184
1780130218042 0.865 185
1780130218045 0.96 186
1780130218047 0.965 187
1780130218049 0.93 188
1780130218052 0.935 189
1780130218054 0.93 190
1780130218057 0.95 191
1780130218059 0.95 192
1780130218061 0.96 193
1780130218064 0.95 194
1780130218066 0.875 195
1780130218068 0.84 196
1780130218071 0.955 197
1780130218073 0.935 198
1780130218075 0.865 199
1780130218078 0.945 200
1780130218080 0.94 201
1780130218082 0.905 202
1780130218085 0.965 203
1780130218087 0.91 204
1780130218089 0.965 205
1780130218092 0.97 206
1780130218094 0.965 207
1780130218097 0.975 208
1780130218099 0.925 209
1780130218101 0.975 210
1780130218104 0.98 211
1780130218106 0.965 212
1780130218108 0.955 213
1780130218111 0.94 214
1780130218113 0.935 215
1780130218116 0.955 216
1780130218118 0.945 217
1780130218120 0.99 218
1780130218123 0.95 219
1780130218125 0.965 220
1780130218127 0.955 221
1780130218130 0.965 222
1780130218132 0.955 223
1780130218135 0.92 224
1780130218137 0.875 225
1780130218139 0.94 226
1780130218142 0.87 227
1780130218144 0.945 228
1780130218147 0.905 229
1780130218149 0.95 230
1780130218151 0.955 231
1780130218154 0.945 232
1780130218156 0.96 233
1780130218159 0.925 234
1780130218161 0.955 235
1780130218163 0.94 236
1780130218166 0.975 237
1780130218168 0.96 238
1780130218170 0.95 239
1780130218173 0.915 240
1780130218175 0.95 241
1780130218178 0.945 242
1780130218180 0.975 243
1780130218182 0.98 244
1780130218185 0.98 245
1780130218187 0.965 246
1780130218189 0.96 247
1780130218192 0.99 248
1780130218194 0.925 249
1780130218197 0.91 250
1780130218199 0.97 251
1780130218201 0.965 252
1780130218204 0.975 253
1780130218206 0.89 254
1780130218208 0.965 255
1780130218211 0.96 256
1780130218213 0.945 257
1780130218215 0.95 258
1780130218218 0.975 259
1780130218220 0.935 260
1780130218223 0.96 261
1780130218225 0.97 262
1780130218227 0.96 263
1780130218230 0.935 264
1780130218232 0.955 265
1780130218234 0.925 266
1780130218237 0.94 267
1780130218239 0.95 268
1780130218241 0.96 269
1780130218244 0.955 270
1780130218246 0.93 271
1780130218249 0.965 272
1780130218251 0.92 273
1780130218253 0.965 274
1780130218256 0.88 275
1780130218258 0.965 276
1780130218261 0.945 277
1780130218263 0.945 278
1780130218265 0.95 279
1780130218268 0.935 280
1780130218270 0.935 281
1780130218273 0.95 282
1780130218275 0.96 283
1780130218277 0.965 284
1780130218280 0.965 285
1780130218282 0.97 286
1780130218284 0.925 287
1780130218287 0.97 288
1780130218289 0.96 289
1780130218292 0.965 290
1780130218294 0.99 291
1780130218296 0.96 292
1780130218299 0.95 293
1780130218301 0.965 294
1780130218304 0.955 295
1780130218306 0.95 296
1780130218308 0.96 297
1780130218311 0.96 298
1780130218313 0.955 299
1780130218316 0.97 300
1780130218318 0.955 301
1780130218320 0.96 302
1780130218323 0.955 303
1780130218325 0.91 304
1780130218327 0.945 305
1780130218330 0.95 306
1780130218332 0.895 307
1780130218334 0.955 308
1780130218337 0.955 309
1780130218339 0.875 310
1780130218342 0.96 311
1780130218344 0.95 312
1780130218346 0.97 313
