1780239498286 0.0 0
1780239498289 0.095 1
1780239498290 0.435 2
1780239498292 0.575 3
1780239498294 0.68 4
1780239498296 0.77 5
1780239498297 0.83 6
1780239498299 0.73 7
1780239498301 0.865 8
1780239498302 0.885 9
1780239498304 0.905 10
1780239498305 0.895 11
1780239498307 0.84 12
1780239498309 0.88 13
1780239498310 0.92 14
1780239498312 0.935 15
1780239498314 0.91 16
1780239498315 0.935 17
1780239498317 0.8 18
1780239498318 0.905 19
1780239498320 0.925 20
1780239498322 0.95 21
1780239498323 0.93 22
1780239498325 0.95 23
1780239498326 0.96 24
1780239498328 0.94 25
1780239498330 0.94 26
1780239498331 0.955 27
1780239498333 0.94 28
1780239498334 0.91 29
1780239498336 0.965 30
1780239498337 0.965 31
1780239498339 0.94 32
1780239498341 0.725 33
1780239498342 0.83 34
1780239498344 0.95 35
1780239498345 0.965 36
1780239498347 0.97 37
1780239498349 0.935 38
1780239498350 0.92 39
1780239498352 0.94 40
1780239498353 0.865 41
1780239498355 0.965 42
1780239498356 0.925 43
1780239498358 0.94 44
1780239498360 0.945 45
1780239498361 0.865 46
1780239498363 0.94 47
1780239498364 0.925 48
1780239498366 0.955 49
1780239498367 0.965 50
1780239498369 0.93 51
1780239498371 0.845 52
1780239498372 0.88 53
1780239498374 0.905 54
1780239498375 0.88 55
1780239498377 0.865 56
1780239498378 0.945 57
1780239498380 0.835 58
1780239498382 0.965 59
1780239498383 0.96 60
1780239498385 0.865 61
1780239498386 0.955 62
1780239498388 0.9 63
1780239498389 0.9 64
1780239498391 0.96 65
1780239498393 0.975 66
1780239498394 0.85 67
1780239498396 0.91 68
1780239498397 0.97 69
1780239498399 0.965 70
1780239498400 0.98 71
1780239498402 0.965 72
1780239498404 0.97 73
1780239498405 0.97 74
1780239498407 0.95 75
1780239498408 0.745 76
1780239498410 0.955 77
1780239498411 0.94 78
1780239498413 0.99 79
1780239498414 0.97 80
1780239498416 0.94 81
1780239498418 0.91 82
1780239498419 0.96 83
1780239498421 0.945 84
1780239498422 0.94 85
1780239498424 0.95 86
1780239498425 0.885 87
1780239498427 0.955 88
1780239498429 0.865 89
1780239498430 0.955 90
1780239498432 0.975 91
1780239498433 0.93 92
1780239498435 0.67 93
1780239498436 0.96 94
1780239498438 0.975 95
1780239498439 0.97 96
1780239498441 0.935 97
1780239498443 0.85 98
1780239498444 0.975 99
1780239498446 0.95 100
1780239498447 0.96 101
1780239498449 0.94 102
1780239498450 0.905 103
1780239498452 0.42 104
1780239498453 0.96 105
1780239498455 0.955 106
1780239498457 0.975 107
1780239498458 0.93 108
1780239498460 0.96 109
1780239498461 0.98 110
1780239498463 0.955 111
1780239498464 0.97 112
1780239498466 0.95 113
1780239498468 0.965 114
1780239498469 0.975 115
1780239498471 0.975 116
1780239498472 0.99 117
1780239498474 0.94 118
1780239498475 0.905 119
1780239498477 0.92 120
1780239498479 0.965 121
1780239498480 0.96 122
1780239498482 0.925 123
1780239498483 0.96 124
1780239498485 0.885 125
1780239498486 0.955 126
1780239498488 0.965 127
1780239498490 0.96 128
1780239498491 0.86 129
1780239498493 0.925 130
1780239498494 0.99 131
1780239498496 0.945 132
1780239498497 0.965 133
1780239498499 0.965 134
1780239498501 0.95 135
1780239498502 0.965 136
1780239498504 0.985 137
1780239498505 0.965 138
1780239498507 0.95 139
1780239498508 0.935 140
1780239498510 0.955 141
1780239498512 0.96 142
1780239498513 0.97 143
1780239498515 0.975 144
1780239498516 0.96 145
1780239498518 0.96 146
1780239498519 0.98 147
1780239498521 0.98 148
1780239498522 0.94 149
1780239498524 0.975 150
1780239498526 0.96 151
1780239498527 0.99 152
1780239498529 0.98 153
1780239498530 0.945 154
1780239498532 0.965 155
1780239498533 0.975 156
1780239498535 0.915 157
1780239498536 0.7 158
1780239498538 0.965 159
1780239498540 0.92 160
1780239498541 0.77 161
1780239498543 0.825 162
1780239498544 0.91 163
1780239498546 0.91 164
1780239498547 0.89 165
1780239498549 0.765 166
1780239498550 0.915 167
1780239498552 0.83 168
1780239498554 0.945 169
1780239498555 0.815 170
1780239498557 0.935 171
1780239498558 0.905 172
1780239498560 0.585 173
1780239498561 0.905 174
1780239498563 0.935 175
1780239498564 0.865 176
1780239498566 0.93 177
1780239498568 0.94 178
1780239498569 0.9 179
1780239498571 0.86 180
1780239498572 0.945 181
1780239498574 0.95 182
1780239498575 0.83 183
1780239498577 0.93 184
1780239498579 0.955 185
1780239498580 0.845 186
1780239498582 0.82 187
1780239498583 0.85 188
1780239498585 0.96 189
1780239498586 0.93 190
1780239498588 0.84 191
1780239498590 0.935 192
1780239498591 0.85 193
1780239498593 0.955 194
1780239498594 0.93 195
1780239498596 0.945 196
1780239498597 0.965 197
1780239498599 0.94 198
1780239498600 0.95 199
1780239498602 0.945 200
1780239498604 0.53 201
1780239498605 0.89 202
1780239498607 0.925 203
1780239498608 0.865 204
1780239498610 0.95 205
1780239498611 0.92 206
1780239498613 0.9 207
1780239498615 0.96 208
1780239498616 0.96 209
1780239498618 0.915 210
1780239498619 0.96 211
1780239498621 0.96 212
1780239498622 0.94 213
1780239498624 0.895 214
1780239498625 0.965 215
1780239498627 0.735 216
1780239498629 0.955 217
1780239498630 0.96 218
1780239498632 0.965 219
1780239498633 0.91 220
1780239498635 0.94 221
1780239498636 0.94 222
1780239498638 0.94 223
1780239498639 0.94 224
1780239498641 0.755 225
1780239498643 0.955 226
1780239498644 0.94 227
1780239498646 0.945 228
1780239498647 0.94 229
1780239498649 0.945 230
1780239498650 0.935 231
1780239498652 0.87 232
1780239498654 0.935 233
1780239498655 0.92 234
1780239498657 0.905 235
1780239498658 0.93 236
1780239498660 0.975 237
1780239498661 0.95 238
1780239498663 0.885 239
1780239498665 0.86 240
1780239498666 0.875 241
1780239498668 0.905 242
1780239498669 0.905 243
1780239498671 0.905 244
1780239498672 0.915 245
1780239498674 0.925 246
1780239498676 0.835 247
1780239498677 0.73 248
1780239498679 0.94 249
1780239498680 0.905 250
1780239498682 0.955 251
1780239498683 0.955 252
1780239498685 0.89 253
1780239498687 0.885 254
1780239498688 0.945 255
1780239498690 0.96 256
1780239498691 0.94 257
1780239498693 0.97 258
1780239498694 0.94 259
1780239498696 0.94 260
1780239498697 0.945 261
1780239498699 0.895 262
1780239498701 0.955 263
1780239498702 0.935 264
1780239498704 0.955 265
1780239498705 0.795 266
1780239498707 0.92 267
1780239498708 0.965 268
1780239498710 0.94 269
1780239498711 0.92 270
1780239498713 0.93 271
1780239498714 0.955 272
1780239498716 0.955 273
1780239498718 0.885 274
1780239498719 0.895 275
1780239498721 0.98 276
1780239498722 0.955 277
1780239498724 0.98 278
1780239498725 0.82 279
1780239498727 0.93 280
1780239498728 0.965 281
1780239498730 0.96 282
1780239498732 0.925 283
1780239498733 0.9 284
1780239498735 0.87 285
1780239498736 0.955 286
1780239498738 0.915 287
1780239498739 0.915 288
1780239498741 0.805 289
1780239498743 0.925 290
1780239498744 0.945 291
1780239498746 0.95 292
1780239498747 0.945 293
1780239498749 0.965 294
1780239498750 0.955 295
1780239498752 0.965 296
1780239498753 0.95 297
1780239498755 0.935 298
1780239498756 0.955 299
1780239498758 0.955 300
1780239498760 0.895 301
1780239498761 0.94 302
1780239498763 0.955 303
1780239498764 0.945 304
1780239498766 0.975 305
1780239498767 0.96 306
1780239498769 0.945 307
1780239498770 0.955 308
1780239498772 0.965 309
1780239498774 0.95 310
1780239498775 0.95 311
1780239498777 0.965 312
1780239498778 0.975 313
