1780124967101 0.0 0
1780124967103 0.025510803802938638 1
1780124967105 0.11112352225550044 2
1780124967108 0.16954067115207566 3
1780124967110 0.27894641435531387 4
1780124967112 0.2962907244874188 5
1780124967114 0.3358038544430223 6
1780124967116 0.37366428299910576 7
1780124967120 0.2909594383503714 8
1780124967122 0.32128548224410775 9
1780124967124 0.35952492785035484 10
1780124967126 0.3511530840131246 11
1780124967129 0.4023250483586616 12
1780124967131 0.4308490654427287 13
1780124967133 0.4404535227417178 14
1780124967135 0.43938711824681426 15
1780124967137 0.4074170277453827 16
1780124967140 0.43000895529927785 17
1780124967142 0.41272611631496653 18
1780124967144 0.41281123068573605 19
1780124967146 0.39948554194552194 20
1780124967149 0.551933947298765 21
1780124967151 0.5155549473852918 22
1780124967153 0.5005775821830316 23
1780124967155 0.5209252920587361 24
1780124967157 0.628164031611423 25
1780124967159 0.5336010303996925 26
1780124967162 0.51827701736885 27
1780124967164 0.5185293952045871 28
1780124967166 0.5485578155737383 29
1780124967168 0.5303142778163804 30
1780124967171 0.592743061505416 31
1780124967173 0.5404973920200365 32
1780124967175 0.5421078553130364 33
1780124967177 0.56293358063594 34
1780124967179 0.555918001827225 35
1780124967181 0.5370152556155279 36
1780124967184 0.5626345455613748 37
1780124967186 0.6783372055093366 38
1780124967188 0.5825772459521443 39
1780124967190 0.577467033468619 40
1780124967192 0.6179606922680735 41
1780124967194 0.5952338464838465 42
1780124967197 0.5982936053493544 43
1780124967199 0.6051639419809983 44
1780124967201 0.5736165488234423 45
1780124967203 0.6521078161969271 46
1780124967205 0.6698621381787717 47
1780124967207 0.6565685734758684 48
1780124967210 0.6967658443818792 49
1780124967212 0.7230841576016674 50
1780124967214 0.6399454555487994 51
1780124967216 0.7116568745818324 52
1780124967218 0.6686689464348983 53
1780124967220 0.6258429804882895 54
1780124967223 0.6654049604524648 55
1780124967225 0.711860913914188 56
1780124967227 0.7390244156771166 57
1780124967230 0.7182143369640066 58
1780124967232 0.7396620263534867 59
1780124967234 0.739545922298773 60
1780124967236 0.6985024986120892 61
1780124967238 0.7272546117036658 62
1780124967240 0.7007135862630914 63
1780124967242 0.7385831548930413 64
1780124967245 0.7190746349788562 65
1780124967247 0.6250832585853644 66
1780124967249 0.7537424870939109 67
1780124967251 0.765195997412224 68
1780124967253 0.777665020376433 69
1780124967255 0.6940402426990456 70
1780124967258 0.714802075334511 71
1780124967260 0.7812942289350308 72
1780124967262 0.7811553884460325 73
1780124967264 0.7490045093058005 74
1780124967266 0.7413416949617206 75
1780124967268 0.774357218710626 76
1780124967271 0.7866584166870817 77
1780124967273 0.7884459073536421 78
1780124967275 0.7649744954683979 79
1780124967277 0.7468168728792353 80
1780124967279 0.7626993228445387 81
1780124967282 0.7668919231879425 82
1780124967284 0.8008073560601172 83
1780124967286 0.7921030992641466 84
1780124967288 0.7958714440215983 85
1780124967290 0.7673681140002324 86
1780124967292 0.7989395604395605 87
1780124967295 0.8137383727256473 88
1780124967297 0.7715099802599802 89
1780124967299 0.8070803542862366 90
1780124967301 0.7615336590750352 91
1780124967303 0.7991308146761751 92
1780124967306 0.8214733612954888 93
1780124967308 0.8178513022251905 94
1780124967310 0.781540221170592 95
1780124967312 0.847955623751516 96
1780124967314 0.7762857788587704 97
1780124967316 0.7897495105379785 98
1780124967319 0.7886464105040659 99
1780124967321 0.7942709533370638 100
1780124967323 0.7854965407693835 101
1780124967325 0.8208732046772557 102
1780124967328 0.8067703917703918 103
1780124967330 0.7747370391488039 104
1780124967332 0.8000741637145774 105
1780124967334 0.835072881225684 106
1780124967336 0.8080898218631362 107
1780124967338 0.7944765771073665 108
1780124967341 0.7999864949864951 109
1780124967343 0.7754952580394947 110
1780124967345 0.849596417835514 111
1780124967347 0.8429423230405565 112
1780124967349 0.8003592827229478 113
1780124967351 0.7897332461784979 114
1780124967354 0.8573595533814877 115
1780124967356 0.8604675882226109 116
1780124967358 0.8670699179712965 117
1780124967360 0.7969728830383888 118
1780124967362 0.827640409187274 119
1780124967364 0.8471609263275033 120
1780124967367 0.8092783555728932 121
1780124967369 0.8233051165871951 122
1780124967371 0.797483328193372 123
1780124967373 0.8278461773993764 124
1780124967375 0.8055462586205575 125
1780124967377 0.8357877401351725 126
1780124967380 0.8785862427325842 127
1780124967382 0.8530327266682323 128
1780124967384 0.8405431090509999 129
1780124967386 0.8517532330071029 130
1780124967388 0.8122550317319253 131
1780124967391 0.9035831918758749 132
1780124967393 0.7988182905747165 133
1780124967395 0.8066322033427298 134
1780124967397 0.8851972645761641 135
1780124967399 0.8394488482750118 136
1780124967401 0.8803935172605248 137
1780124967404 0.8290346128945109 138
1780124967406 0.8418499254300384 139
1780124967408 0.8807790067442379 140
1780124967410 0.8596887900652417 141
1780124967412 0.8786338202138124 142
1780124967415 0.8566061431451777 143
1780124967417 0.8893013018237665 144
1780124967419 0.8607699079480398 145
1780124967421 0.8546764288227703 146
1780124967423 0.8802632733120538 147
1780124967426 0.8648879156100697 148
1780124967428 0.830635411580757 149
1780124967430 0.8457649330776424 150
1780124967432 0.8501588794437538 151
1780124967434 0.8944178774524776 152
1780124967437 0.8722958778557883 153
1780124967439 0.8034665637398831 154
1780124967441 0.8324064239853713 155
1780124967443 0.90020613950339 156
1780124967445 0.8153631310961194 157
1780124967448 0.9029103216295591 158
1780124967450 0.8818856323062458 159
1780124967452 0.9151134245871088 160
1780124967454 0.9099258656480199 161
1780124967456 0.9257763819208128 162
1780124967458 0.895904921980093 163
1780124967461 0.843197405339836 164
1780124967463 0.950560810760621 165
1780124967465 0.8856103247045718 166
1780124967467 0.8984510682585137 167
1780124967469 0.9144782675128678 168
1780124967472 0.904057376238318 169
1780124967474 0.9391533600612026 170
1780124967476 0.8448677069196139 171
1780124967478 0.8140657325865824 172
1780124967481 0.9300100238597718 173
1780124967483 0.9499284327140554 174
1780124967485 0.9230840701893331 175
1780124967487 0.893842351001798 176
1780124967489 0.9303889315548568 177
1780124967491 0.9188645711096974 178
1780124967494 0.9394972344830542 179
1780124967496 0.9599135820046649 180
1780124967498 0.9554574287501116 181
1780124967500 0.89374863048804 182
1780124967502 0.8885461062909789 183
1780124967505 0.9105613481285151 184
1780124967507 0.9297210653024607 185
1780124967509 0.9014831822997588 186
1780124967511 0.9112627709840254 187
1780124967513 0.9094141780342039 188
1780124967516 0.9292880892546534 189
1780124967518 0.9199254546622967 190
1780124967520 0.8964499892168831 191
1780124967522 0.9295955200127215 192
1780124967524 0.8944692662921161 193
1780124967526 0.906667872890783 194
1780124967529 0.9000512645249488 195
1780124967531 0.8958887767178775 196
1780124967533 0.9253674895821954 197
1780124967535 0.9051085950036603 198
1780124967537 0.9299566693469133 199
1780124967540 0.9255586933493911 200
1780124967542 0.9401767398994018 201
1780124967544 0.9154305432161658 202
1780124967546 0.9004439766016923 203
1780124967548 0.9649874921826141 204
1780124967551 0.9551767398994014 205
1780124967553 0.8914889614889615 206
1780124967555 0.9333598052630749 207
1780124967557 0.960328729892273 208
1780124967559 0.9201019086585867 209
1780124967561 0.9065971382659445 210
1780124967564 0.9401266145861185 211
1780124967566 0.9450682522441187 212
1780124967568 0.9160008993826437 213
1780124967570 0.9205734593517082 214
1780124967572 0.8943906932838075 215
1780124967574 0.9143252583483052 216
1780124967577 0.9354760290929199 217
1780124967579 0.9490302679185266 218
1780124967581 0.9299174924450323 219
1780124967583 0.9246677244045666 220
1780124967585 0.9503193490292337 221
1780124967587 0.9252773895777746 222
1780124967590 0.9087380187380187 223
1780124967592 0.9008808136664364 224
1780124967594 0.9302219418958233 225
1780124967596 0.9261475323991369 226
1780124967598 0.9293584240760107 227
1780124967601 0.9349963180450984 228
1780124967603 0.9454135004818648 229
1780124967605 0.930068772219802 230
1780124967607 0.9449216850757287 231
1780124967609 0.9395439958854593 232
1780124967611 0.9026745786033711 233
1780124967614 0.8945979095786543 234
1780124967616 0.9253571212598886 235
1780124967618 0.8956266271070582 236
1780124967620 0.8865243434406797 237
1780124967622 0.9453770149405578 238
1780124967625 0.9192844685706735 239
1780124967627 0.9494954629614449 240
1780124967629 0.9389994531316143 241
1780124967631 0.9396093111098933 242
1780124967633 0.9546961446768891 243
1780124967636 0.8992708845153924 244
1780124967638 0.9453983612327643 245
1780124967640 0.8806803548125159 246
1780124967642 0.9503054387572403 247
1780124967644 0.9605224501543577 248
1780124967646 0.9062170506910796 249
1780124967649 0.9398833844327472 250
1780124967651 0.9549364581443573 251
1780124967654 0.920628855178218 252
1780124967656 0.94463845810444 253
1780124967658 0.8861617319589457 254
1780124967660 0.9147481203244407 255
1780124967662 0.9448436052608068 256
1780124967665 0.8772944049414637 257
1780124967667 0.9061043461043463 258
1780124967669 0.9450112730376634 259
1780124967671 0.9142373126840393 260
1780124967673 0.9074564882959665 261
1780124967676 0.9450961672912893 262
1780124967678 0.9294260445851632 263
1780124967680 0.8727595160676789 264
1780124967682 0.930032835032835 265
1780124967684 0.9348230176137153 266
1780124967687 0.9399269283787302 267
1780124967689 0.8931051682737113 268
1780124967691 0.9506738860910877 269
1780124967693 0.9302213548725178 270
1780124967695 0.9202019900094356 271
1780124967697 0.9339081838940035 272
1780124967700 0.9398148517518908 273
1780124967702 0.9546602987026012 274
1780124967704 0.9299798787773831 275
1780124967706 0.9205269527220746 276
1780124967708 0.9099674608069389 277
1780124967710 0.9195959722082957 278
1780124967713 0.9650584093638697 279
1780124967715 0.924505774996416 280
1780124967717 0.9504431656022844 281
1780124967719 0.9221436094927752 282
1780124967721 0.929973944038235 283
1780124967723 0.9498074530102774 284
1780124967726 0.9286962814727987 285
1780124967728 0.9602947958711161 286
1780124967730 0.9501911439010284 287
1780124967732 0.935019802039386 288
1780124967734 0.9064873076500983 289
1780124967736 0.9352201605324275 290
1780124967739 0.9503067941899775 291
1780124967741 0.9152475759770444 292
1780124967743 0.8837430117864902 293
1780124967745 0.9292403720310697 294
1780124967747 0.9312606956487004 295
1780124967749 0.9749655564803191 296
1780124967752 0.949296026054691 297
1780124967754 0.9204698359330118 298
1780124967756 0.9303217179340415 299
1780124967758 0.9349404938236775 300
1780124967760 0.9703796481652708 301
1780124967763 0.9394901326980319 302
1780124967765 0.9297461130387961 303
1780124967767 0.9452376236894254 304
1780124967769 0.9294162943828587 305
1780124967771 0.9337086775180268 306
1780124967773 0.9115119897822825 307
1780124967776 0.9497122731782552 308
1780124967778 0.9138326436245652 309
1780124967780 0.9272337821297428 310
1780124967782 0.940065891407355 311
1780124967784 0.9599713636812481 312
1780124967786 0.9599404938236773 313
