1780525847732 0.0 0
1780525847734 0.11499999999999999 1
1780525847736 0.14500000000000002 2
1780525847738 0.195 3
1780525847739 0.175 4
1780525847741 0.215 5
1780525847743 0.165 6
1780525847744 0.2 7
1780525847746 0.195 8
1780525847748 0.15499999999999997 9
1780525847749 0.225 10
1780525847751 0.11000000000000001 11
1780525847753 0.16 12
1780525847754 0.24500000000000002 13
1780525847756 0.24499999999999997 14
1780525847757 0.22999999999999998 15
1780525847759 0.18 16
1780525847761 0.16 17
1780525847762 0.24 18
1780525847764 0.255 19
1780525847766 0.27 20
1780525847767 0.24 21
1780525847769 0.20500000000000002 22
1780525847771 0.21000000000000002 23
1780525847773 0.22500000000000003 24
1780525847774 0.23000000000000004 25
1780525847776 0.29000000000000004 26
1780525847778 0.155 27
1780525847780 0.22999999999999998 28
1780525847781 0.215 29
1780525847783 0.26 30
1780525847785 0.165 31
1780525847786 0.215 32
1780525847788 0.24 33
1780525847791 0.225 34
1780525847793 0.15999999999999998 35
1780525847795 0.25 36
1780525847797 0.24499999999999997 37
1780525847799 0.32500000000000007 38
1780525847801 0.275 39
1780525847802 0.35 40
1780525847804 0.26999999999999996 41
1780525847806 0.24 42
1780525847808 0.275 43
1780525847809 0.29 44
1780525847811 0.34500000000000003 45
1780525847813 0.28500000000000003 46
1780525847815 0.225 47
1780525847817 0.27999999999999997 48
1780525847818 0.28 49
1780525847820 0.275 50
1780525847822 0.31 51
1780525847824 0.34 52
1780525847827 0.26999999999999996 53
1780525847829 0.285 54
1780525847831 0.265 55
1780525847833 0.22999999999999998 56
1780525847835 0.33 57
1780525847836 0.31 58
1780525847838 0.22000000000000003 59
1780525847840 0.27999999999999997 60
1780525847842 0.26 61
1780525847843 0.365 62
1780525847845 0.29 63
1780525847847 0.22500000000000003 64
1780525847848 0.33000000000000007 65
1780525847850 0.29000000000000004 66
1780525847852 0.31999999999999995 67
1780525847853 0.27999999999999997 68
1780525847855 0.365 69
1780525847857 0.29500000000000004 70
1780525847860 0.255 71
1780525847862 0.255 72
1780525847864 0.31500000000000006 73
1780525847866 0.365 74
1780525847867 0.25 75
1780525847869 0.27 76
1780525847871 0.29 77
1780525847872 0.30999999999999994 78
1780525847874 0.275 79
1780525847876 0.175 80
1780525847877 0.34 81
1780525847879 0.29 82
1780525847881 0.345 83
1780525847883 0.28500000000000003 84
1780525847884 0.30000000000000004 85
1780525847886 0.34 86
1780525847888 0.24500000000000002 87
1780525847890 0.3350000000000001 88
1780525847891 0.335 89
1780525847893 0.34500000000000003 90
1780525847895 0.30000000000000004 91
1780525847896 0.26 92
1780525847898 0.32 93
1780525847900 0.30500000000000005 94
1780525847902 0.3 95
1780525847905 0.24 96
1780525847907 0.3 97
1780525847909 0.27999999999999997 98
1780525847910 0.25999999999999995 99
1780525847912 0.26 100
1780525847914 0.31 101
1780525847915 0.36 102
1780525847917 0.305 103
1780525847919 0.335 104
1780525847920 0.35000000000000003 105
1780525847922 0.33999999999999997 106
1780525847924 0.35500000000000004 107
1780525847926 0.395 108
1780525847928 0.29500000000000004 109
1780525847930 0.29 110
1780525847933 0.36 111
1780525847934 0.29 112
1780525847936 0.2899999999999999 113
1780525847938 0.29 114
1780525847939 0.27 115
1780525847941 0.32 116
1780525847943 0.28500000000000003 117
1780525847945 0.35 118
1780525847947 0.31 119
1780525847948 0.32 120
1780525847950 0.37 121
1780525847952 0.30000000000000004 122
1780525847953 0.27999999999999997 123
1780525847955 0.28500000000000003 124
1780525847957 0.325 125
1780525847958 0.305 126
1780525847960 0.38 127
1780525847962 0.35000000000000003 128
1780525847963 0.33999999999999997 129
1780525847965 0.305 130
1780525847966 0.31500000000000006 131
1780525847968 0.385 132
1780525847970 0.34500000000000003 133
1780525847971 0.32999999999999996 134
1780525847973 0.31999999999999995 135
1780525847975 0.35000000000000003 136
1780525847976 0.37 137
1780525847978 0.15 138
1780525847980 0.25999999999999995 139
1780525847981 0.34 140
1780525847983 0.335 141
1780525847985 0.355 142
1780525847986 0.3 143
1780525847988 0.3 144
1780525847989 0.27999999999999997 145
1780525847991 0.32 146
1780525847993 0.35 147
1780525847994 0.31500000000000006 148
1780525847996 0.3 149
1780525847998 0.3 150
1780525847999 0.375 151
1780525848001 0.30999999999999994 152
1780525848003 0.31500000000000006 153
1780525848004 0.35 154
1780525848006 0.30000000000000004 155
1780525848008 0.37 156
1780525848009 0.275 157
1780525848011 0.32 158
1780525848013 0.33 159
1780525848014 0.4 160
1780525848016 0.32499999999999996 161
1780525848018 0.445 162
1780525848019 0.38 163
1780525848021 0.3 164
1780525848023 0.39499999999999996 165
1780525848024 0.3 166
1780525848026 0.425 167
1780525848028 0.35500000000000004 168
1780525848029 0.38 169
1780525848031 0.33999999999999997 170
1780525848032 0.315 171
1780525848034 0.41 172
1780525848036 0.31999999999999995 173
1780525848038 0.35 174
1780525848039 0.43500000000000005 175
1780525848041 0.31999999999999995 176
1780525848042 0.35 177
1780525848044 0.39 178
1780525848046 0.29 179
1780525848047 0.39 180
1780525848049 0.30500000000000005 181
1780525848051 0.36 182
1780525848052 0.31 183
1780525848054 0.41000000000000003 184
1780525848056 0.33 185
1780525848057 0.36 186
1780525848059 0.40499999999999997 187
1780525848061 0.38 188
1780525848062 0.305 189
1780525848064 0.42000000000000004 190
1780525848065 0.335 191
1780525848067 0.365 192
1780525848069 0.3950000000000001 193
1780525848070 0.335 194
1780525848072 0.2899999999999999 195
1780525848074 0.39 196
1780525848084 0.41500000000000004 197
1780525848086 0.355 198
1780525848087 0.35500000000000004 199
1780525848089 0.4 200
1780525848091 0.35500000000000004 201
1780525848092 0.40499999999999997 202
1780525848094 0.365 203
1780525848096 0.30500000000000005 204
1780525848097 0.315 205
1780525848099 0.45 206
1780525848101 0.4050000000000001 207
1780525848102 0.35 208
1780525848104 0.345 209
1780525848106 0.325 210
1780525848107 0.45499999999999996 211
1780525848109 0.43 212
1780525848110 0.4999999999999999 213
1780525848112 0.40499999999999997 214
1780525848114 0.4149999999999999 215
1780525848115 0.4 216
1780525848117 0.33 217
1780525848119 0.295 218
1780525848120 0.35000000000000003 219
1780525848122 0.37 220
1780525848124 0.35500000000000004 221
1780525848125 0.35 222
1780525848127 0.34500000000000003 223
1780525848128 0.425 224
1780525848130 0.425 225
1780525848132 0.31 226
1780525848133 0.33499999999999996 227
1780525848135 0.36 228
1780525848137 0.34 229
1780525848138 0.43999999999999995 230
1780525848140 0.37499999999999994 231
1780525848142 0.31500000000000006 232
1780525848143 0.43500000000000005 233
1780525848145 0.34 234
1780525848146 0.43999999999999995 235
1780525848148 0.32499999999999996 236
1780525848152 0.39 237
1780525848154 0.27 238
1780525848155 0.39 239
1780525848157 0.4 240
1780525848159 0.42000000000000004 241
1780525848160 0.31500000000000006 242
1780525848162 0.36500000000000005 243
1780525848164 0.39 244
1780525848165 0.365 245
1780525848167 0.36 246
1780525848169 0.38 247
1780525848170 0.38 248
1780525848172 0.4 249
1780525848174 0.45 250
1780525848175 0.39 251
1780525848177 0.38 252
1780525848178 0.4 253
1780525848180 0.41 254
1780525848182 0.33 255
1780525848184 0.38 256
1780525848185 0.40499999999999997 257
1780525848187 0.425 258
1780525848189 0.32999999999999996 259
1780525848190 0.38 260
1780525848192 0.37500000000000006 261
1780525848193 0.36500000000000005 262
1780525848195 0.37 263
1780525848197 0.38 264
1780525848198 0.31500000000000006 265
1780525848200 0.38 266
1780525848202 0.40499999999999997 267
1780525848203 0.39 268
1780525848205 0.35 269
1780525848207 0.45499999999999996 270
1780525848208 0.43999999999999995 271
1780525848210 0.41 272
1780525848212 0.425 273
1780525848213 0.35 274
1780525848215 0.45499999999999996 275
1780525848216 0.41999999999999993 276
1780525848218 0.36500000000000005 277
1780525848220 0.385 278
1780525848221 0.40499999999999997 279
1780525848223 0.38999999999999996 280
1780525848225 0.43000000000000005 281
1780525848226 0.395 282
1780525848228 0.355 283
1780525848229 0.4 284
1780525848231 0.35000000000000003 285
1780525848233 0.335 286
1780525848234 0.36500000000000005 287
1780525848236 0.41 288
1780525848238 0.395 289
1780525848239 0.39 290
1780525848241 0.39 291
1780525848243 0.35 292
1780525848244 0.45999999999999996 293
1780525848246 0.43499999999999994 294
1780525848247 0.295 295
1780525848249 0.39 296
1780525848251 0.42000000000000004 297
1780525848252 0.465 298
