1780237130730 0.0 0
1780237130733 0.125 1
1780237130734 0.115 2
1780237130736 0.14 3
1780237130738 0.15 4
1780237130739 0.2 5
1780237130741 0.21 6
1780237130743 0.265 7
1780237130744 0.32 8
1780237130746 0.285 9
1780237130747 0.33 10
1780237130749 0.41 11
1780237130751 0.4 12
1780237130752 0.435 13
1780237130754 0.44 14
1780237130755 0.45 15
1780237130757 0.455 16
1780237130759 0.425 17
1780237130760 0.53 18
1780237130762 0.48 19
1780237130763 0.56 20
1780237130765 0.53 21
1780237130766 0.585 22
1780237130768 0.565 23
1780237130770 0.61 24
1780237130771 0.55 25
1780237130773 0.57 26
1780237130774 0.605 27
1780237130776 0.61 28
1780237130777 0.64 29
1780237130779 0.68 30
1780237130781 0.615 31
1780237130782 0.66 32
1780237130784 0.625 33
1780237130785 0.625 34
1780237130787 0.61 35
1780237130788 0.68 36
1780237130790 0.655 37
1780237130791 0.65 38
1780237130793 0.625 39
1780237130795 0.645 40
1780237130796 0.67 41
1780237130798 0.675 42
1780237130799 0.615 43
1780237130801 0.7 44
1780237130802 0.69 45
1780237130804 0.7 46
1780237130806 0.63 47
1780237130807 0.665 48
1780237130809 0.69 49
1780237130810 0.695 50
1780237130812 0.715 51
1780237130813 0.695 52
1780237130815 0.68 53
1780237130817 0.685 54
1780237130818 0.69 55
1780237130820 0.685 56
1780237130821 0.7 57
1780237130823 0.68 58
1780237130824 0.675 59
1780237130826 0.705 60
1780237130827 0.72 61
1780237130829 0.7 62
1780237130830 0.7 63
1780237130832 0.705 64
1780237130833 0.7 65
1780237130835 0.72 66
1780237130837 0.675 67
1780237130838 0.71 68
1780237130840 0.745 69
1780237130841 0.645 70
1780237130843 0.69 71
1780237130844 0.72 72
1780237130846 0.745 73
1780237130847 0.66 74
1780237130849 0.705 75
1780237130850 0.695 76
1780237130852 0.72 77
1780237130853 0.7 78
1780237130855 0.725 79
1780237130857 0.77 80
1780237130858 0.755 81
1780237130860 0.665 82
1780237130861 0.74 83
1780237130863 0.735 84
1780237130864 0.735 85
1780237130866 0.74 86
1780237130867 0.75 87
1780237130869 0.705 88
1780237130871 0.715 89
1780237130872 0.775 90
1780237130874 0.72 91
1780237130875 0.775 92
1780237130877 0.74 93
1780237130878 0.695 94
1780237130880 0.715 95
1780237130881 0.775 96
1780237130883 0.72 97
1780237130884 0.71 98
1780237130886 0.74 99
1780237130888 0.745 100
1780237130889 0.705 101
1780237130891 0.69 102
1780237130892 0.74 103
1780237130894 0.745 104
1780237130895 0.77 105
1780237130897 0.735 106
1780237130898 0.705 107
1780237130900 0.74 108
1780237130901 0.725 109
1780237130903 0.72 110
1780237130905 0.755 111
1780237130906 0.715 112
1780237130908 0.73 113
1780237130909 0.755 114
1780237130911 0.74 115
1780237130912 0.79 116
1780237130914 0.735 117
1780237130916 0.76 118
1780237130917 0.75 119
1780237130919 0.75 120
1780237130920 0.73 121
1780237130922 0.805 122
1780237130923 0.775 123
1780237130925 0.745 124
1780237130926 0.735 125
1780237130928 0.755 126
1780237130930 0.765 127
1780237130931 0.755 128
1780237130933 0.76 129
1780237130934 0.75 130
1780237130936 0.775 131
1780237130937 0.78 132
1780237130939 0.77 133
1780237130940 0.73 134
1780237130942 0.755 135
1780237130943 0.77 136
1780237130945 0.755 137
1780237130946 0.755 138
1780237130948 0.765 139
1780237130949 0.78 140
1780237130951 0.78 141
1780237130953 0.78 142
1780237130954 0.805 143
1780237130956 0.79 144
1780237130957 0.805 145
1780237130959 0.755 146
1780237130960 0.79 147
1780237130962 0.795 148
1780237130963 0.77 149
1780237130965 0.835 150
1780237130966 0.775 151
1780237130968 0.785 152
1780237130969 0.775 153
1780237130971 0.805 154
1780237130972 0.77 155
1780237130974 0.815 156
1780237130976 0.83 157
1780237130977 0.79 158
1780237130979 0.835 159
1780237130980 0.795 160
1780237130982 0.805 161
1780237130983 0.795 162
1780237130985 0.81 163
1780237130986 0.805 164
1780237130988 0.805 165
1780237130989 0.84 166
1780237130991 0.8 167
1780237130992 0.81 168
1780237130994 0.86 169
1780237130995 0.84 170
1780237130997 0.865 171
1780237130999 0.825 172
1780237131000 0.825 173
1780237131002 0.86 174
1780237131003 0.8 175
1780237131005 0.835 176
1780237131006 0.875 177
1780237131008 0.87 178
1780237131009 0.845 179
1780237131011 0.89 180
1780237131012 0.845 181
1780237131014 0.82 182
1780237131016 0.88 183
1780237131017 0.815 184
1780237131019 0.86 185
1780237131020 0.865 186
1780237131022 0.845 187
1780237131023 0.8 188
1780237131025 0.86 189
1780237131026 0.855 190
1780237131028 0.845 191
1780237131030 0.89 192
1780237131031 0.83 193
1780237131033 0.815 194
1780237131034 0.85 195
1780237131036 0.8 196
1780237131037 0.885 197
1780237131039 0.855 198
1780237131041 0.835 199
1780237131042 0.875 200
1780237131044 0.865 201
1780237131045 0.86 202
1780237131047 0.88 203
1780237131048 0.875 204
1780237131050 0.875 205
1780237131051 0.885 206
1780237131053 0.87 207
1780237131054 0.88 208
1780237131056 0.87 209
1780237131057 0.87 210
1780237131059 0.865 211
1780237131060 0.845 212
1780237131062 0.875 213
1780237131064 0.83 214
1780237131065 0.82 215
1780237131067 0.895 216
1780237131068 0.875 217
1780237131070 0.83 218
1780237131071 0.915 219
1780237131073 0.915 220
1780237131074 0.87 221
1780237131076 0.875 222
1780237131077 0.88 223
1780237131079 0.885 224
1780237131081 0.895 225
1780237131082 0.885 226
1780237131084 0.895 227
1780237131085 0.865 228
1780237131087 0.875 229
1780237131088 0.87 230
1780237131090 0.925 231
1780237131091 0.845 232
1780237131093 0.895 233
1780237131094 0.865 234
1780237131096 0.865 235
1780237131097 0.88 236
1780237131099 0.86 237
1780237131101 0.88 238
1780237131102 0.885 239
1780237131104 0.925 240
1780237131105 0.84 241
1780237131107 0.895 242
1780237131108 0.87 243
1780237131110 0.89 244
1780237131111 0.945 245
1780237131113 0.895 246
1780237131114 0.885 247
1780237131116 0.895 248
1780237131117 0.925 249
1780237131119 0.875 250
1780237131121 0.855 251
1780237131122 0.88 252
1780237131124 0.875 253
1780237131125 0.885 254
1780237131127 0.9 255
1780237131128 0.865 256
1780237131130 0.86 257
1780237131131 0.9 258
1780237131133 0.865 259
1780237131134 0.9 260
1780237131136 0.865 261
1780237131137 0.92 262
1780237131139 0.885 263
1780237131141 0.88 264
1780237131142 0.91 265
1780237131144 0.895 266
1780237131145 0.895 267
1780237131147 0.925 268
1780237131148 0.915 269
1780237131150 0.86 270
1780237131151 0.92 271
1780237131153 0.875 272
1780237131155 0.92 273
1780237131156 0.905 274
1780237131158 0.89 275
1780237131159 0.885 276
1780237131161 0.94 277
1780237131162 0.92 278
1780237131164 0.86 279
1780237131165 0.86 280
1780237131167 0.875 281
1780237131169 0.85 282
1780237131170 0.935 283
1780237131172 0.86 284
1780237131175 0.905 285
1780237131177 0.89 286
1780237131179 0.85 287
1780237131180 0.925 288
1780237131183 0.93 289
1780237131185 0.865 290
1780237131186 0.93 291
1780237131188 0.905 292
1780237131190 0.91 293
1780237131191 0.915 294
1780237131193 0.89 295
1780237131194 0.915 296
1780237131196 0.89 297
1780237131197 0.895 298
1780237131199 0.895 299
1780237131200 0.925 300
1780237131202 0.92 301
1780237131203 0.88 302
1780237131205 0.91 303
1780237131206 0.895 304
1780237131208 0.91 305
1780237131209 0.88 306
1780237131211 0.885 307
1780237131212 0.92 308
1780237131214 0.89 309
1780237131215 0.91 310
1780237131217 0.9 311
1780237131219 0.92 312
1780237131220 0.885 313
