1780131775972 0.0 0
1780131775975 0.9005555555555507 1
1780131775977 0.9049999999999949 2
1780131775979 0.9133333333333283 3
1780131775981 0.917222222222217 4
1780131775983 0.9233333333333281 5
1780131775985 0.9227777777777726 6
1780131775987 0.9244444444444394 7
1780131775989 0.917222222222217 8
1780131775991 0.9205555555555505 9
1780131775993 0.924999999999995 10
1780131775996 0.9272222222222173 11
1780131775998 0.9233333333333281 12
1780131776000 0.9299999999999949 13
1780131776002 0.9299999999999949 14
1780131776004 0.9272222222222171 15
1780131776006 0.9266666666666616 16
1780131776008 0.9266666666666616 17
1780131776010 0.9305555555555504 18
1780131776012 0.9377777777777725 19
1780131776014 0.9344444444444392 20
1780131776016 0.9299999999999949 21
1780131776018 0.9299999999999949 22
1780131776020 0.9361111111111059 23
1780131776022 0.9344444444444392 24
1780131776024 0.9377777777777725 25
1780131776027 0.9294444444444393 26
1780131776029 0.9394444444444392 27
1780131776031 0.9372222222222171 28
1780131776033 0.9366666666666614 29
1780131776035 0.9411111111111058 30
1780131776037 0.9416666666666614 31
1780131776039 0.9383333333333281 32
1780131776041 0.942222222222217 33
1780131776043 0.9427777777777726 34
1780131776046 0.9438888888888837 35
1780131776048 0.9499999999999946 36
1780131776050 0.9388888888888836 37
1780131776052 0.9449999999999947 38
1780131776054 0.947222222222217 39
1780131776056 0.9399999999999947 40
1780131776058 0.9477777777777725 41
1780131776060 0.9444444444444393 42
1780131776063 0.9427777777777724 43
1780131776065 0.9499999999999946 44
1780131776067 0.9483333333333281 45
1780131776069 0.9527777777777724 46
1780131776071 0.947222222222217 47
1780131776073 0.9444444444444391 48
1780131776075 0.9522222222222169 49
1780131776077 0.9527777777777725 50
1780131776079 0.9511111111111058 51
1780131776081 0.9461111111111059 52
1780131776084 0.949444444444439 53
1780131776086 0.9538888888888837 54
1780131776088 0.953333333333328 55
1780131776090 0.9499999999999946 56
1780131776092 0.949444444444439 57
1780131776094 0.9538888888888837 58
1780131776096 0.9522222222222171 59
1780131776099 0.9611111111111057 60
1780131776101 0.959444444444439 61
1780131776103 0.9588888888888836 62
1780131776105 0.9505555555555503 63
1780131776107 0.9566666666666613 64
1780131776109 0.9549999999999947 65
1780131776111 0.9605555555555503 66
1780131776113 0.9549999999999947 67
1780131776115 0.9549999999999947 68
1780131776117 0.9561111111111058 69
1780131776119 0.9549999999999947 70
1780131776121 0.9555555555555502 71
1780131776124 0.9599999999999949 72
1780131776126 0.9572222222222168 73
1780131776128 0.9499999999999946 74
1780131776130 0.9616666666666613 75
1780131776132 0.9633333333333279 76
1780131776134 0.9605555555555503 77
1780131776137 0.9555555555555502 78
1780131776139 0.9655555555555502 79
1780131776142 0.9638888888888836 80
1780131776144 0.9622222222222169 81
1780131776146 0.9588888888888836 82
1780131776148 0.9616666666666612 83
1780131776150 0.9605555555555501 84
1780131776152 0.9594444444444392 85
1780131776154 0.9627777777777725 86
1780131776156 0.9661111111111058 87
1780131776159 0.957222222222217 88
1780131776161 0.9677777777777724 89
1780131776163 0.9705555555555503 90
1780131776165 0.9699999999999946 91
1780131776167 0.9649999999999945 92
1780131776169 0.9716666666666611 93
1780131776171 0.9594444444444392 94
1780131776173 0.9699999999999944 95
1780131776175 0.9666666666666612 96
1780131776177 0.9638888888888836 97
1780131776179 0.9683333333333278 98
1780131776181 0.9655555555555502 99
1780131776184 0.9633333333333278 100
1780131776186 0.9672222222222168 101
1780131776188 0.9644444444444391 102
1780131776190 0.9649999999999945 103
1780131776192 0.9672222222222168 104
1780131776194 0.9716666666666611 105
1780131776196 0.9649999999999945 106
1780131776198 0.9683333333333278 107
1780131776200 0.9666666666666612 108
1780131776202 0.9622222222222166 109
1780131776204 0.9655555555555502 110
1780131776206 0.9727777777777723 111
1780131776208 0.9644444444444389 112
1780131776211 0.9738888888888834 113
1780131776213 0.968333333333328 114
1780131776215 0.969444444444439 115
1780131776217 0.9738888888888834 116
1780131776219 0.9727777777777723 117
1780131776221 0.968333333333328 118
1780131776223 0.9738888888888834 119
1780131776225 0.9727777777777724 120
1780131776227 0.9761111111111056 121
1780131776230 0.9733333333333279 122
1780131776232 0.9666666666666611 123
1780131776234 0.9727777777777723 124
1780131776236 0.9699999999999946 125
1780131776238 0.9738888888888834 126
1780131776240 0.9761111111111056 127
1780131776242 0.9711111111111055 128
1780131776244 0.9733333333333277 129
1780131776246 0.97555555555555 130
1780131776248 0.974444444444439 131
1780131776250 0.9705555555555501 132
1780131776252 0.9727777777777723 133
1780131776255 0.9749999999999945 134
1780131776257 0.9733333333333279 135
1780131776259 0.9722222222222168 136
1780131776261 0.9688888888888835 137
1780131776263 0.9661111111111056 138
1780131776265 0.9777777777777723 139
1780131776267 0.9699999999999946 140
1780131776269 0.9738888888888834 141
1780131776271 0.9794444444444389 142
1780131776273 0.97555555555555 143
1780131776275 0.9794444444444389 144
1780131776277 0.9788888888888835 145
1780131776279 0.9727777777777723 146
1780131776282 0.9733333333333279 147
1780131776284 0.9838888888888834 148
1780131776286 0.9738888888888834 149
1780131776288 0.9816666666666611 150
1780131776290 0.974444444444439 151
1780131776292 0.9761111111111056 152
1780131776294 0.9772222222222167 153
1780131776296 0.9788888888888835 154
1780131776298 0.9722222222222167 155
1780131776300 0.9799999999999945 156
1780131776302 0.9794444444444389 157
1780131776304 0.9794444444444389 158
1780131776306 0.9805555555555501 159
1780131776309 0.9805555555555501 160
1780131776311 0.9799999999999945 161
1780131776313 0.9816666666666614 162
1780131776315 0.9844444444444388 163
1780131776317 0.9799999999999945 164
1780131776319 0.9788888888888833 165
1780131776321 0.9822222222222168 166
1780131776323 0.98555555555555 167
1780131776325 0.9827777777777722 168
1780131776327 0.986666666666661 169
1780131776329 0.9822222222222168 170
1780131776332 0.9849999999999944 171
1780131776334 0.9783333333333278 172
1780131776336 0.9811111111111057 173
1780131776338 0.9833333333333277 174
1780131776340 0.9822222222222168 175
1780131776342 0.9833333333333278 176
1780131776344 0.9822222222222168 177
1780131776346 0.9883333333333277 178
1780131776348 0.9855555555555501 179
1780131776350 0.99055555555555 180
1780131776352 0.9872222222222167 181
1780131776354 0.9861111111111056 182
1780131776357 0.9883333333333277 183
1780131776359 0.9838888888888834 184
1780131776361 0.9849999999999944 185
1780131776363 0.9872222222222167 186
1780131776365 0.9811111111111057 187
1780131776367 0.9811111111111057 188
1780131776369 0.9849999999999944 189
1780131776371 0.9833333333333278 190
1780131776373 0.9861111111111056 191
1780131776375 0.9877777777777721 192
1780131776377 0.9849999999999944 193
1780131776379 0.9805555555555501 194
1780131776381 0.9877777777777721 195
1780131776383 0.9827777777777722 196
1780131776385 0.9899999999999943 197
1780131776397 0.9861111111111056 198
1780131776400 0.9866666666666613 199
1780131776402 0.9877777777777721 200
1780131776404 0.98555555555555 201
1780131776406 0.9833333333333277 202
1780131776408 0.9899999999999946 203
1780131776411 0.9861111111111056 204
1780131776413 0.9877777777777721 205
1780131776415 0.9844444444444388 206
1780131776417 0.9883333333333277 207
1780131776419 0.9872222222222167 208
1780131776421 0.986666666666661 209
1780131776423 0.9872222222222167 210
1780131776425 0.9883333333333277 211
1780131776427 0.986666666666661 212
1780131776430 0.9872222222222167 213
1780131776432 0.9838888888888834 214
1780131776434 0.9866666666666613 215
1780131776436 0.9883333333333277 216
1780131776438 0.9894444444444389 217
1780131776440 0.9822222222222168 218
1780131776442 0.9927777777777722 219
1780131776444 0.9894444444444389 220
1780131776446 0.9899999999999943 221
1780131776448 0.9916666666666611 222
1780131776450 0.9877777777777721 223
1780131776452 0.9838888888888834 224
1780131776454 0.99055555555555 225
1780131776456 0.9877777777777723 226
1780131776459 0.9911111111111056 227
1780131776461 0.9883333333333277 228
1780131776463 0.9933333333333279 229
1780131776465 0.9872222222222167 230
1780131776467 0.9933333333333276 231
1780131776469 0.9849999999999944 232
1780131776471 0.9877777777777721 233
1780131776474 0.9888888888888833 234
1780131776476 0.9855555555555501 235
1780131776478 0.99055555555555 236
1780131776480 0.9849999999999944 237
1780131776482 0.9899999999999943 238
1780131776484 0.9894444444444389 239
1780131776486 0.9894444444444389 240
1780131776488 0.9861111111111056 241
1780131776490 0.9894444444444389 242
1780131776492 0.9894444444444389 243
1780131776494 0.986666666666661 244
1780131776497 0.9938888888888833 245
1780131776499 0.9872222222222167 246
1780131776501 0.9888888888888833 247
1780131776503 0.99055555555555 248
1780131776505 0.9938888888888833 249
1780131776507 0.99055555555555 250
1780131776509 0.9877777777777723 251
1780131776511 0.9922222222222166 252
1780131776513 0.9933333333333276 253
1780131776515 0.9922222222222168 254
1780131776517 0.9872222222222167 255
1780131776519 0.9894444444444389 256
1780131776521 0.9883333333333277 257
1780131776524 0.9922222222222168 258
1780131776526 0.9872222222222167 259
1780131776528 0.9916666666666611 260
1780131776530 0.9888888888888834 261
1780131776532 0.9922222222222166 262
1780131776534 0.9933333333333276 263
1780131776536 0.9877777777777721 264
1780131776538 0.9894444444444389 265
1780131776540 0.9894444444444389 266
1780131776542 0.9894444444444389 267
1780131776544 0.9922222222222166 268
1780131776546 0.9922222222222166 269
1780131776548 0.9877777777777721 270
1780131776550 0.9922222222222166 271
1780131776552 0.99055555555555 272
1780131776554 0.9927777777777722 273
1780131776556 0.9938888888888833 274
1780131776558 0.99055555555555 275
1780131776561 0.9927777777777722 276
1780131776563 0.9922222222222168 277
1780131776565 0.9916666666666611 278
1780131776567 0.9922222222222166 279
1780131776569 0.9833333333333278 280
1780131776571 0.9883333333333277 281
1780131776573 0.9877777777777723 282
1780131776580 0.9961111111111055 283
1780131776582 0.9916666666666611 284
1780131776584 0.9894444444444389 285
1780131776586 0.9888888888888834 286
1780131776588 0.9899999999999943 287
1780131776590 0.9927777777777722 288
1780131776593 0.9933333333333276 289
1780131776595 0.9899999999999943 290
1780131776597 0.9933333333333279 291
1780131776600 0.9922222222222166 292
1780131776602 0.9911111111111055 293
1780131776604 0.9911111111111056 294
1780131776606 0.9899999999999946 295
1780131776608 0.9916666666666611 296
1780131776610 0.9922222222222166 297
1780131776612 0.9916666666666611 298
1780131776615 0.9927777777777722 299
1780131776617 0.99055555555555 300
1780131776619 0.9944444444444389 301
1780131776621 0.99055555555555 302
1780131776623 0.9911111111111055 303
1780131776625 0.9922222222222166 304
1780131776627 0.9944444444444389 305
1780131776629 0.9888888888888833 306
1780131776631 0.9877777777777721 307
1780131776633 0.9911111111111056 308
1780131776636 0.9922222222222166 309
1780131776638 0.9916666666666611 310
1780131776640 0.9883333333333277 311
1780131776642 0.9916666666666611 312
1780131776644 0.9916666666666611 313
