1780539697117 0.0 0
1780539697120 0.499999999999997 1
1780539697122 0.6147058823529334 2
1780539697124 0.4999999999999967 3
1780539697126 0.6056880462153655 4
1780539697128 0.5483870967741891 5
1780539697130 0.4999999999999967 6
1780539697132 0.5537634408602105 7
1780539697134 0.5116279069767408 8
1780539697136 0.49999999999999695 9
1780539697138 0.4999999999999969 10
1780539697140 0.6829069134458249 11
1780539697142 0.6301627033792175 12
1780539697144 0.559523809523805 13
1780539697146 0.6736779736335256 14
1780539697148 0.5900432900432839 15
1780539697150 0.5750101365049282 16
1780539697152 0.589838542438152 17
1780539697154 0.6942970822281058 18
1780539697156 0.6917074941026933 19
1780539697158 0.5648988692466901 20
1780539697160 0.5609969740404476 21
1780539697162 0.4999999999999969 22
1780539697164 0.5363872644574358 23
1780539697166 0.5138888888888854 24
1780539697168 0.5516802038541122 25
1780539697171 0.5363872644574358 26
1780539697173 0.5362466124661112 27
1780539697175 0.5121951219512161 28
1780539697177 0.5212765957446771 29
1780539697179 0.5203252032520285 30
1780539697181 0.49999999999999695 31
1780539697183 0.6440467753366333 32
1780539697185 0.5249999999999962 33
1780539697187 0.603773584905655 34
1780539697189 0.5108695652173878 35
1780539697191 0.6770609318996337 36
1780539697193 0.6475472418400364 37
1780539697195 0.4999999999999967 38
1780539697197 0.4999999999999968 39
1780539697199 0.5849823592575494 40
1780539697201 0.6475286317058364 41
1780539697203 0.6782698859428145 42
1780539697205 0.49999999999999684 43
1780539697207 0.6378737541528149 44
1780539697209 0.49999999999999695 45
1780539697211 0.5089695452649039 46
1780539697213 0.49999999999999684 47
1780539697215 0.5609969740404476 48
1780539697217 0.5256410256410219 49
1780539697219 0.5256410256410219 50
1780539697221 0.5097149227583976 51
1780539697223 0.6797769740807618 52
1780539697225 0.5526315789473639 53
1780539697227 0.5249999999999962 54
1780539697229 0.5859324236517165 55
1780539697232 0.692133815551529 56
1780539697234 0.6239847109412251 57
1780539697236 0.5217391304347789 58
1780539697238 0.6392543859649051 59
1780539697240 0.6716845878136117 60
1780539697242 0.6885198135198057 61
1780539697244 0.5926573426573372 62
1780539697246 0.6228651964848217 63
1780539697248 0.566666666666662 64
1780539697250 0.6941634886420069 65
1780539697252 0.6174242424242359 66
1780539697254 0.7005096352922346 67
1780539697256 0.5930735930735869 68
1780539697258 0.5738174868609601 69
1780539697260 0.6633393829400996 70
1780539697262 0.5341938099743168 71
1780539697264 0.569930069930065 72
1780539697266 0.5178571428571394 73
1780539697268 0.6196783349101169 74
1780539697270 0.6458781362007102 75
1780539697272 0.6268817204301014 76
1780539697274 0.5348837209302286 77
1780539697276 0.5256410256410219 78
1780539697278 0.5121951219512161 79
1780539697280 0.56251338043245 80
1780539697283 0.5802391878737257 81
1780539697285 0.6452850877192912 82
1780539697287 0.7145737727715106 83
1780539697289 0.6000725821085041 84
1780539697291 0.6255482456140282 85
1780539697293 0.6663713678242289 86
1780539697295 0.6182941531042735 87
1780539697297 0.6655518394648743 88
1780539697299 0.5306122448979553 89
1780539697301 0.6870520783564137 90
1780539697303 0.499999999999997 91
1780539697305 0.7144126796030128 92
1780539697308 0.6256775067750573 93
1780539697310 0.5614325982424093 94
1780539697312 0.5555555555555506 95
1780539697314 0.5200711005776885 96
1780539697316 0.5481764612199351 97
1780539697318 0.551020408163261 98
1780539697320 0.6215375499925876 99
1780539697322 0.5444444444444403 100
1780539697324 0.5531946955997544 101
1780539697326 0.5596086884430391 102
1780539697328 0.5697674418604604 103
1780539697330 0.6000725821085041 104
1780539697332 0.5487804878048738 105
1780539697334 0.6240952756941645 106
1780539697336 0.5425531914893575 107
1780539697338 0.6101973684210464 108
1780539697340 0.5843749999999945 109
1780539697342 0.596969696969691 110
1780539697344 0.6046511627906921 111
1780539697346 0.5238095238095201 112
1780539697348 0.58556547619047 113
1780539697350 0.571200111250169 114
1780539697352 0.5928184281842759 115
1780539697354 0.5357142857142817 116
1780539697356 0.6187499999999936 117
1780539697358 0.5908570337850675 118
1780539697360 0.59127166743365 119
1780539697362 0.5555555555555511 120
1780539697364 0.5357142857142816 121
1780539697366 0.5751488095238042 122
1780539697368 0.49999999999999684 123
1780539697370 0.5777193820672026 124
1780539697372 0.5370370370370328 125
1780539697374 0.499999999999997 126
1780539697376 0.6576792772444877 127
1780539697378 0.6794064002652873 128
1780539697380 0.6332033788174067 129
1780539697382 0.5718786270933458 130
1780539697384 0.568749999999995 131
1780539697386 0.6189024390243838 132
1780539697388 0.5185185185185148 133
1780539697390 0.6235431235431173 134
1780539697392 0.5593749999999953 135
1780539697395 0.5571428571428525 136
1780539697397 0.5780135964184991 137
1780539697399 0.6808300395256832 138
1780539697400 0.49999999999999695 139
1780539697402 0.537499999999996 140
1780539697404 0.5360172437769393 141
1780539697406 0.5697674418604604 142
1780539697408 0.7158410451823516 143
1780539697410 0.564500082904986 144
1780539697413 0.6277878239903494 145
1780539697415 0.5794153104279633 146
1780539697417 0.6999999999999906 147
1780539697419 0.6644062688366408 148
1780539697420 0.5325497287522565 149
1780539697422 0.5154074874983061 150
1780539697424 0.49397590361445487 151
1780539697427 0.49079754601226694 152
1780539697429 0.499999999999997 153
1780539697431 0.4969325153374203 154
1780539697433 0.4999999999999968 155
1780539697435 0.4969135802469105 156
1780539697437 0.49999999999999695 157
1780539697439 0.499999999999997 158
1780539697441 0.4999999999999969 159
1780539697443 0.5217673814165 160
1780539697445 0.4999999999999968 161
1780539697447 0.5139701104613348 162
1780539697449 0.49999999999999684 163
1780539697451 0.49017615176151313 164
1780539697453 0.49999999999999695 165
1780539697455 0.6319628647214756 166
1780539697457 0.49999999999999695 167
1780539697459 0.5138888888888854 168
1780539697461 0.49999999999999706 169
1780539697463 0.49999999999999645 170
1780539697465 0.5272336359292834 171
1780539697467 0.4999999999999969 172
1780539697469 0.5718749999999948 173
1780539697471 0.4999999999999969 174
1780539697473 0.5381253767329675 175
1780539697475 0.4938650306748436 176
1780539697477 0.6489886924669416 177
1780539697479 0.49999999999999695 178
1780539697481 0.499999999999997 179
1780539697483 0.499999999999997 180
1780539697485 0.4999999999999968 181
1780539697487 0.49999999999999667 182
1780539697489 0.4999999999999969 183
1780539697491 0.4968553459119466 184
1780539697493 0.4999999999999969 185
1780539697495 0.49999999999999695 186
1780539697497 0.49999999999999695 187
1780539697499 0.5384615384615343 188
1780539697501 0.49999999999999706 189
1780539697503 0.4999999999999968 190
1780539697505 0.6715241280458548 191
1780539697507 0.4999999999999969 192
1780539697509 0.621874999999992 193
1780539697511 0.49999999999999706 194
1780539697513 0.5491626595921026 195
1780539697515 0.4999999999999967 196
1780539697517 0.49999999999999695 197
1780539697519 0.5938939334122855 198
1780539697521 0.6524006749501352 199
1780539697523 0.49999999999999706 200
1780539697526 0.49999999999999667 201
1780539697528 0.4999999999999969 202
1780539697529 0.4999999999999967 203
1780539697531 0.5217673814165 204
1780539697533 0.49683544303797156 205
1780539697536 0.5099999999999965 206
1780539697538 0.51351351351351 207
1780539697540 0.4934640522875785 208
1780539697542 0.6699584199584125 209
1780539697544 0.5977862716993028 210
1780539697546 0.4999999999999967 211
1780539697548 0.4999999999999969 212
1780539697550 0.5121951219512161 213
1780539697552 0.4999999999999968 214
1780539697554 0.4999999999999968 215
1780539697555 0.5334407117656043 216
1780539697557 0.49999999999999684 217
1780539697559 0.5247289972899691 218
1780539697561 0.4999999999999967 219
1780539697563 0.6500429395166147 220
1780539697565 0.5078853046594948 221
1780539697567 0.49999999999999695 222
1780539697570 0.668430740911174 223
1780539697572 0.49999999999999706 224
1780539697574 0.499999999999997 225
1780539697576 0.4999999999999971 226
1780539697578 0.5143174027021542 227
1780539697580 0.4999999999999971 228
1780539697582 0.4999999999999967 229
1780539697584 0.5527275741999536 230
1780539697595 0.49999999999999695 231
1780539697597 0.560592115355111 232
1780539697599 0.5758327427356427 233
1780539697601 0.4999999999999971 234
1780539697603 0.49999999999999684 235
1780539697605 0.6555555555555472 236
1780539697607 0.6512345679012256 237
1780539697609 0.49999999999999695 238
1780539697611 0.4999999999999971 239
1780539697613 0.49999999999999684 240
1780539697615 0.4999999999999969 241
1780539697618 0.49999999999999695 242
1780539697620 0.5116279069767408 243
1780539697622 0.49999999999999706 244
1780539697624 0.4999999999999969 245
1780539697626 0.49999999999999695 246
1780539697628 0.49999999999999684 247
1780539697630 0.4999999999999968 248
1780539697632 0.5437499999999947 249
1780539697634 0.5124999999999966 250
1780539697636 0.5249999999999962 251
1780539697638 0.5402315076228078 252
1780539697640 0.5228684359119103 253
1780539697642 0.4999999999999969 254
1780539697644 0.4999999999999969 255
1780539697646 0.49696969696969395 256
1780539697648 0.5282738095238056 257
1780539697650 0.4999999999999969 258
1780539697652 0.49999999999999684 259
1780539697654 0.6437499999999919 260
1780539697656 0.4999999999999969 261
1780539697658 0.4999999999999967 262
1780539697660 0.615569557287341 263
1780539697662 0.5857142857142803 264
1780539697664 0.5541125541125494 265
1780539697666 0.49999999999999706 266
1780539697668 0.49999999999999695 267
1780539697670 0.49999999999999684 268
1780539697672 0.5249999999999962 269
1780539697674 0.4999999999999968 270
1780539697676 0.49999999999999695 271
1780539697678 0.5128205128205093 272
1780539697680 0.521245589814385 273
1780539697682 0.49999999999999695 274
1780539697684 0.4999999999999966 275
1780539697686 0.5874020494273601 276
1780539697688 0.5108695652173878 277
1780539697690 0.6524542702987166 278
1780539697692 0.6633333333333244 279
1780539697694 0.5111111111111076 280
1780539697696 0.49999999999999695 281
1780539697698 0.6430107526881642 282
1780539697701 0.5093749999999966 283
1780539697703 0.6703518286747241 284
1780539697705 0.6148473034437816 285
1780539697707 0.5441176470588193 286
1780539697709 0.49999999999999695 287
1780539697711 0.4999999999999967 288
1780539697713 0.5238095238095201 289
1780539697715 0.4999999999999969 290
1780539697717 0.4999999999999967 291
1780539697719 0.6364070711896722 292
1780539697721 0.6341282772922462 293
1780539697723 0.49999999999999667 294
1780539697725 0.6271762560106049 295
1780539697727 0.6307213746111568 296
1780539697729 0.5788125376732908 297
1780539697731 0.4999999999999969 298
