1780547991897 0.0 0
1780547991899 0.018225171055359736 1
1780547991901 0.031145316120489902 2
1780547991903 0.08033795472819863 3
1780547991905 0.052824591360728555 4
1780547991907 0.10340136054421767 5
1780547991909 0.13908262333901328 6
1780547991911 0.2107281257969083 7
1780547991912 0.21441568140904005 8
1780547991914 0.15558859704964673 9
1780547991916 0.21066426918495534 10
1780547991918 0.23523573485338192 11
1780547991920 0.09830966869506423 12
1780547991921 0.184007787512168 13
1780547991923 0.1579145341180001 14
1780547991925 0.23065318929735407 15
1780547991927 0.26588474391105976 16
1780547991929 0.2840761677347043 17
1780547991931 0.2811261773456895 18
1780547991933 0.36255894488653106 19
1780547991934 0.17553984283056828 20
1780547991936 0.3334626244866845 21
1780547991938 0.2383523119392684 22
1780547991940 0.42311143750304103 23
1780547991942 0.27156123514819164 24
1780547991943 0.24170934927451454 25
1780547991945 0.22931846187880672 26
1780547991947 0.3617316017316018 27
1780547991949 0.3242464103962196 28
1780547991951 0.363282111797504 29
1780547991952 0.27459876652293774 30
1780547991954 0.3972979797979798 31
1780547991956 0.2436152882205514 32
1780547991958 0.11085241372851992 33
1780547991959 0.36118292945879155 34
1780547991961 0.32242697033340123 35
1780547991963 0.292412106305937 36
1780547991965 0.36389613316590996 37
1780547991967 0.29631258172721586 38
1780547991968 0.3892171717171717 39
1780547991970 0.2129445535809463 40
1780547991972 0.32622672466422464 41
1780547991973 0.3772733202870189 42
1780547991975 0.4420443404634581 43
1780547991977 0.24035914702581368 44
1780547991979 0.464463776963777 45
1780547991981 0.34074316419584966 46
1780547991982 0.30892276321184947 47
1780547991984 0.2731103235844615 48
1780547991986 0.1899501661129568 49
1780547991988 0.37483147899571045 50
1780547991990 0.34163857687810506 51
1780547991991 0.4975870348139256 52
1780547991993 0.4461450640862406 53
1780547991995 0.3393152822044199 54
1780547991997 0.3233792971935085 55
1780547991998 0.44582887700534757 56
1780547992000 0.28623043623043626 57
1780547992002 0.3494052292954005 58
1780547992004 0.42121990287743716 59
1780547992005 0.4227786691192984 60
1780547992007 0.36295761385338415 61
1780547992009 0.31838649654439133 62
1780547992011 0.34584727941435256 63
1780547992012 0.3688825324180015 64
1780547992014 0.24092211238645875 65
1780547992016 0.3673664857317086 66
1780547992018 0.3985427911471469 67
1780547992020 0.3410181335692172 68
1780547992021 0.28167719801098734 69
1780547992023 0.34833587465166416 70
1780547992025 0.2899139200366409 71
1780547992027 0.48524891774891776 72
1780547992029 0.27663591852722286 73
1780547992031 0.3681120992534036 74
1780547992033 0.28168725868725863 75
1780547992035 0.36552382705014275 76
1780547992036 0.41685261481254343 77
1780547992038 0.3481525681525682 78
1780547992040 0.3276340537865039 79
1780547992042 0.25435256196033956 80
1780547992043 0.3705349017551771 81
1780547992045 0.27802409218443375 82
1780547992049 0.40907449350997743 83
1780547992051 0.41749262814480204 84
1780547992053 0.40412261114388776 85
1780547992054 0.3763044216369025 86
1780547992056 0.2951920289855073 87
1780547992058 0.38842157842157843 88
1780547992060 0.37063492063492054 89
1780547992061 0.3218700396825397 90
1780547992063 0.39424511508527904 91
1780547992065 0.4583969474292055 92
1780547992066 0.3696586897350904 93
1780547992068 0.3533527763481444 94
1780547992070 0.38068783068783063 95
1780547992072 0.3693951093951094 96
1780547992073 0.4097556196240407 97
1780547992075 0.22642280917280916 98
1780547992077 0.3750933114213408 99
1780547992079 0.3595738456945353 100
1780547992080 0.30254138563270727 101
1780547992082 0.43872079914676265 102
1780547992084 0.36682539682539683 103
1780547992085 0.31849736148646374 104
1780547992087 0.4582674725169654 105
1780547992089 0.37682240682240675 106
1780547992091 0.33970758000169765 107
1780547992092 0.39850434166223636 108
1780547992094 0.2410170153920154 109
1780547992096 0.34501253243772423 110
1780547992098 0.37103628551797657 111
1780547992099 0.48459159677388175 112
1780547992101 0.3585952948909231 113
1780547992103 0.3316034878863826 114
1780547992105 0.25879539815023683 115
1780547992106 0.3946630223995953 116
1780547992108 0.3659754353833301 117
1780547992110 0.4772720113972834 118
1780547992112 0.3123403729300559 119
1780547992113 0.3436521312644908 120
1780547992115 0.37650324602150165 121
1780547992117 0.15229847671708135 122
1780547992119 0.4434487370686135 123
1780547992122 0.43533532658069934 124
1780547992124 0.37245244898470703 125
1780547992125 0.41694839112440796 126
1780547992127 0.31974295618222465 127
1780547992129 0.38236790636790635 128
1780547992131 0.40633405332114086 129
1780547992132 0.4640864888465507 130
1780547992135 0.3311003260660011 131
1780547992137 0.4632789860361018 132
1780547992139 0.408431832395247 133
1780547992141 0.4071685940039803 134
1780547992142 0.3848769909141426 135
1780547992144 0.39361607305139334 136
1780547992146 0.41471648118706944 137
1780547992148 0.37002693385046326 138
1780547992150 0.324794759334233 139
1780547992151 0.3376951259634917 140
1780547992153 0.3708161220481856 141
1780547992155 0.41703548995699835 142
1780547992156 0.41074943121604895 143
1780547992158 0.425526048714728 144
1780547992160 0.35672182349813936 145
1780547992162 0.37306131145833565 146
1780547992163 0.37813824247647776 147
1780547992165 0.31305937118437116 148
1780547992167 0.3978618394184432 149
1780547992169 0.3433869853550705 150
1780547992170 0.4442298169666591 151
1780547992172 0.40582559465623974 152
1780547992174 0.4440433651337525 153
1780547992176 0.4310133219954649 154
1780547992177 0.3763302407974539 155
1780547992179 0.44346491228070173 156
1780547992181 0.33748543303961265 157
1780547992183 0.4463250148544266 158
1780547992184 0.31349789585083704 159
1780547992186 0.29344305694305695 160
1780547992188 0.4144047619047619 161
1780547992190 0.37618032022443787 162
1780547992192 0.4999168878077548 163
1780547992193 0.4444362235215894 164
1780547992195 0.3595797124402639 165
1780547992197 0.2945217862864921 166
1780547992199 0.39624825068264646 167
1780547992201 0.4884654818865345 168
1780547992203 0.5420861999770669 169
1780547992205 0.3608963547409422 170
1780547992206 0.405520313020313 171
1780547992208 0.44033849604501774 172
1780547992210 0.39469762373034323 173
1780547992212 0.42165783777625887 174
1780547992213 0.4102911902911903 175
1780547992215 0.33787419315552303 176
1780547992217 0.3260893488176769 177
1780547992219 0.42094214136556934 178
1780547992220 0.4370988152525568 179
1780547992222 0.3095693779904306 180
1780547992224 0.5035407968631653 181
1780547992226 0.4554628322563105 182
1780547992227 0.46545338404046765 183
1780547992229 0.4341323260073261 184
1780547992231 0.3447428301239403 185
1780547992233 0.39473644902033656 186
1780547992234 0.3640678235163529 187
1780547992236 0.3480128371729342 188
1780547992238 0.39846663141714633 189
1780547992239 0.3882032782032782 190
1780547992241 0.4682502561156984 191
1780547992243 0.4186977363479241 192
1780547992245 0.4422145366710584 193
1780547992246 0.4030581444699092 194
1780547992248 0.30890705062512813 195
1780547992250 0.3109093272696214 196
1780547992252 0.4091176034790335 197
1780547992253 0.39600821907710454 198
1780547992255 0.4673306542798069 199
1780547992257 0.3889194640131671 200
1780547992259 0.3988743796249517 201
1780547992260 0.40874743419635057 202
1780547992262 0.5001505755907378 203
1780547992264 0.40293426565253354 204
1780547992265 0.4620384828349945 205
1780547992267 0.3937739545578997 206
1780547992269 0.4603933382371516 207
1780547992271 0.4926027726458142 208
1780547992273 0.40931085231964043 209
1780547992274 0.3897016178266178 210
1780547992276 0.38574315132751663 211
1780547992278 0.44769027269027273 212
1780547992280 0.4266534391534392 213
1780547992282 0.3589776378962485 214
1780547992283 0.4337334965653044 215
1780547992285 0.3382170169012274 216
1780547992287 0.42957027286439053 217
1780547992289 0.48887158587158586 218
1780547992290 0.45871687136393025 219
1780547992292 0.43441314283150334 220
1780547992294 0.4986813186813187 221
1780547992296 0.37118700597647963 222
1780547992297 0.4337351111236537 223
1780547992299 0.4653978956536501 224
1780547992301 0.4225136305342255 225
1780547992303 0.37659257843674354 226
1780547992304 0.4135965292687261 227
1780547992306 0.4329828096191478 228
1780547992308 0.41118008696956065 229
1780547992310 0.4793412025374605 230
1780547992312 0.4741193639291465 231
1780547992313 0.4233552017298147 232
1780547992315 0.47109347189055206 233
1780547992317 0.45398709283417854 234
1780547992319 0.4213498824911868 235
1780547992320 0.37956446957119994 236
1780547992322 0.4609035087719298 237
1780547992324 0.40537870945479637 238
1780547992325 0.42968507692932245 239
1780547992327 0.46519522445219036 240
1780547992329 0.4811972667855021 241
1780547992330 0.5078504505282253 242
1780547992332 0.4692875487184781 243
1780547992334 0.358014208014208 244
1780547992336 0.4134602224114608 245
1780547992337 0.4820509294626943 246
1780547992339 0.43230598720092167 247
1780547992341 0.4680216548157724 248
1780547992343 0.43470441212922417 249
1780547992344 0.389470717961284 250
1780547992346 0.41822311622596253 251
1780547992348 0.4757176669601707 252
1780547992350 0.4124309273934461 253
1780547992351 0.5550511986403757 254
1780547992353 0.41117656712738115 255
1780547992355 0.46552494074552897 256
1780547992356 0.414293133766818 257
1780547992358 0.38867035742035744 258
1780547992360 0.34485803856420966 259
1780547992362 0.4882621463503817 260
1780547992363 0.3495862972904051 261
1780547992365 0.4821401492085635 262
1780547992367 0.46617050479425615 263
1780547992369 0.44030661222150586 264
1780547992371 0.49814471003712485 265
1780547992372 0.47579214158161526 266
1780547992374 0.5242713252699572 267
1780547992376 0.44559005306287913 268
1780547992377 0.39713473475630223 269
1780547992379 0.5069854083824672 270
1780547992381 0.41869047619047617 271
1780547992383 0.4211875369770107 272
1780547992384 0.4989832154970146 273
1780547992386 0.4089205424442908 274
1780547992388 0.45980299893343374 275
1780547992390 0.45328296703296705 276
1780547992391 0.41287594502488123 277
1780547992393 0.3541486384084871 278
1780547992395 0.4018895724158882 279
1780547992397 0.5642467948717949 280
1780547992398 0.38562183430604485 281
1780547992400 0.40544029898728356 282
1780547992402 0.4779107279918639 283
1780547992404 0.4573614289346555 284
1780547992405 0.39620869551904037 285
1780547992407 0.4253326324368861 286
1780547992409 0.5051308930720696 287
1780547992411 0.3882687451437451 288
1780547992412 0.42286327102503574 289
1780547992414 0.4569060250094733 290
1780547992416 0.35890554664215707 291
1780547992418 0.4624255637192949 292
1780547992419 0.41843833943833947 293
1780547992421 0.3901086232607972 294
1780547992423 0.45142295565569224 295
1780547992425 0.5396560237554027 296
1780547992427 0.44256709956709966 297
1780547992428 0.45884889620183733 298
