1780281722024 0.0 0
1780281722027 0.2870500233754091 1
1780281722029 0.6208195353775374 2
1780281722031 0.716570503087357 3
1780281722032 0.6843608306821314 4
1780281722034 0.6136159560284073 5
1780281722036 0.7173035902444038 6
1780281722038 0.7548467792370231 7
1780281722040 0.7331691297208538 8
1780281722042 0.748143198581378 9
1780281722044 0.7287326388888888 10
1780281722045 0.8399359743897559 11
1780281722047 0.8445297023496076 12
1780281722049 0.8084439957547047 13
1780281722051 0.7348021215830274 14
1780281722053 0.8293857888398234 15
1780281722055 0.8693598633303186 16
1780281722057 0.7756017951856384 17
1780281722058 0.7994987468671679 18
1780281722060 0.8068843132649599 19
1780281722062 0.5714285714285714 20
1780281722064 0.7931330255556397 21
1780281722066 0.8087761674718197 22
1780281722068 0.7844827586206897 23
1780281722070 0.8443423464135975 24
1780281722071 0.757153415690001 25
1780281722073 0.7632897685779759 26
1780281722075 0.8421226859514654 27
1780281722077 0.7965618960431289 28
1780281722079 0.8492613807657522 29
1780281722081 0.6581196581196581 30
1780281722083 0.7721354166666667 31
1780281722084 0.8441231929604023 32
1780281722086 0.78 33
1780281722088 0.7510115157173981 34
1780281722090 0.8185300937594515 35
1780281722092 0.7999199679871949 36
1780281722094 0.5281840637229053 37
1780281722095 0.8446854881134297 38
1780281722097 0.8243075651095495 39
1780281722099 0.8286117552172598 40
1780281722101 0.6710526315789473 41
1780281722103 0.6860096566841435 42
1780281722105 0.7892412685668406 43
1780281722107 0.8297275641025641 44
1780281722108 0.8543847756772364 45
1780281722110 0.8028261583963194 46
1780281722112 0.8056265984654731 47
1780281722114 0.864726070292342 48
1780281722116 0.8270032240308249 49
1780281722118 0.8297872340425532 50
1780281722120 0.8924152770306617 51
1780281722121 0.7998198378540686 52
1780281722123 0.7935080959935534 53
1780281722125 0.7256089668918744 54
1780281722127 0.8249407887962105 55
1780281722129 0.8441231929604023 56
1780281722131 0.7241086587436333 57
1780281722133 0.8342999171499585 58
1780281722135 0.8349628666449951 59
1780281722137 0.8247853620685339 60
1780281722139 0.7011873869623338 61
1780281722141 0.8282828282828283 62
1780281722143 0.8198378540686617 63
1780281722145 0.8490338164251208 64
1780281722147 0.5793714268787583 65
1780281722149 0.7488808821923791 66
1780281722150 0.8372495168345031 67
1780281722152 0.8299319727891157 68
1780281722154 0.830938292476754 69
1780281722156 0.8674010607915137 70
1780281722158 0.7830171204784208 71
1780281722160 0.8740903024350936 72
1780281722162 0.7941302000954031 73
1780281722164 0.7890466531440162 74
1780281722166 0.8486390563428065 75
1780281722168 0.8236331569664903 76
1780281722170 0.6998025016458196 77
1780281722172 0.8087761674718197 78
1780281722173 0.6668198529411764 79
1780281722175 0.776 80
1780281722177 0.8249606161386311 81
1780281722179 0.8649696181640869 82
1780281722181 0.7983870967741935 83
1780281722183 0.8229166666666666 84
1780281722185 0.7688104245481295 85
1780281722187 0.7898276586801177 86
1780281722189 0.8747463613817982 87
1780281722191 0.7837503861600247 88
1780281722193 0.8429226520736743 89
1780281722195 0.8337991992143234 90
1780281722197 0.8139727159983464 91
1780281722198 0.8249606161386311 92
1780281722200 0.7406789976449419 93
1780281722202 0.8599439775910365 94
1780281722204 0.8146246148450612 95
1780281722206 0.7298712753934783 96
1780281722208 0.804172629359042 97
1780281722210 0.7899536361074823 98
1780281722212 0.7687612594444893 99
1780281722214 0.8076728413807066 100
1780281722216 0.5483116105684199 101
1780281722218 0.7708232538005144 102
1780281722220 0.8289049919484701 103
1780281722222 0.7116671815466996 104
1780281722224 0.8372395833333333 105
1780281722226 0.8348968105065666 106
1780281722228 0.8013801532937791 107
1780281722230 0.8848589522164652 108
1780281722232 0.8446854881134297 109
1780281722234 0.8744638560518883 110
1780281722236 0.8096955128205128 111
1780281722238 0.8344993605657113 112
1780281722240 0.694545831068313 113
1780281722242 0.8446854881134297 114
1780281722244 0.8035808717987459 115
1780281722246 0.8698828946051447 116
1780281722248 0.8314563701830997 117
1780281722250 0.8549963749093727 118
1780281722252 0.89 119
1780281722254 0.7666396103896104 120
1780281722256 0.797979797979798 121
1780281722258 0.8291628982011858 122
1780281722260 0.8494580489763148 123
1780281722261 0.8594941790445605 124
1780281722263 0.7740453415681253 125
1780281722265 0.84 126
1780281722267 0.8411844565690719 127
1780281722269 0.8035808717987459 128
1780281722271 0.8645903859174001 129
1780281722273 0.8395989974937343 130
1780281722275 0.879020062506301 131
1780281722276 0.8295739348370927 132
1780281722278 0.8367346938775511 133
1780281722280 0.8334973132521002 134
1780281722282 0.8817815013749326 135
1780281722284 0.8260869565217391 136
1780281722286 0.8340666247642992 137
1780281722288 0.8263888888888888 138
1780281722290 0.8699479791916767 139
1780281722292 0.8699869986998701 140
1780281722293 0.8180825905039113 141
1780281722295 0.8779371376258773 142
1780281722297 0.816905706438816 143
1780281722299 0.8244690187818149 144
1780281722301 0.8599859985998599 145
1780281722303 0.8432720746227155 146
1780281722304 0.7762180856474418 147
1780281722306 0.894681411269089 148
1780281722308 0.8693598633303186 149
1780281722310 0.8976982097186701 150
1780281722312 0.8938294699057104 151
1780281722314 0.8697916666666667 152
1780281722315 0.8549093183239524 153
1780281722317 0.8446854881134297 154
1780281722319 0.8449961249031226 155
1780281722321 0.859873886497848 156
1780281722323 0.8249956248906223 157
1780281722325 0.8545600441335038 158
1780281722326 0.8585858585858586 159
1780281722328 0.8395071315782662 160
1780281722330 0.823726423409131 161
1780281722332 0.8349628666449951 162
1780281722334 0.7002893757751136 163
1780281722336 0.7708333333333333 164
1780281722337 0.8723154319568936 165
1780281722339 0.7651295701871135 166
1780281722341 0.8628571428571429 167
1780281722343 0.87998799879988 168
1780281722345 0.7406789976449419 169
1780281722347 0.8993558776167472 170
1780281722349 0.8441231929604023 171
1780281722350 0.8991833854219176 172
1780281722352 0.8648344221671547 173
1780281722354 0.8013801532937791 174
1780281722356 0.24596914355998822 175
1780281722358 0.4996776273372018 176
1780281722360 0.5866819747416763 177
1780281722361 0.7344839030866246 178
1780281722363 0.7142857142857143 179
1780281722365 0.733951579187412 180
1780281722367 0.71875 181
1780281722369 0.7516695191113796 182
1780281722371 0.7492163009404389 183
1780281722374 0.6318453750575241 184
1780281722376 0.8156682027649769 185
1780281722379 0.8262078554049357 186
1780281722381 0.722943722943723 187
1780281722384 0.8385794995964487 188
1780281722386 0.6979764421624887 189
1780281722389 0.8467606912795482 190
1780281722391 0.8724789422463841 191
1780281722394 0.8858447488584476 192
1780281722396 0.8590556730091614 193
1780281722398 0.7882552230378317 194
1780281722400 0.8187858652974932 195
1780281722402 0.8306233062330624 196
1780281722404 0.8557872573620605 197
1780281722406 0.8787917450799018 198
1780281722408 0.7754414616719404 199
1780281722410 0.7948717948717949 200
1780281722413 0.8797932443803342 201
1780281722415 0.8069498069498069 202
1780281722418 0.8740381719105124 203
1780281722421 0.78125 204
1780281722424 0.7238466536712151 205
1780281722426 0.7749943748593715 206
1780281722429 0.9379960317460317 207
1780281722431 0.7740112994350282 208
1780281722434 0.9314692982456141 209
1780281722435 0.8064940593676226 210
1780281722437 0.8459761262995764 211
1780281722439 0.8895841001104159 212
1780281722441 0.8263888888888888 213
1780281722443 0.8937805730258561 214
1780281722445 0.9127487499580523 215
1780281722447 0.8661818181818182 216
1780281722448 0.7741389045736872 217
1780281722450 0.913978494623656 218
1780281722452 0.9298737727910238 219
1780281722454 0.8609225471042088 220
1780281722456 0.8074359354169753 221
1780281722458 0.8726655348047538 222
1780281722460 0.9019319407668922 223
1780281722462 0.9304831421619744 224
1780281722464 0.8757804583047302 225
1780281722466 0.8928571428571428 226
1780281722467 0.84779299847793 227
1780281722469 0.7395833333333333 228
1780281722471 0.857099111973053 229
1780281722473 0.900658962217292 230
1780281722475 0.890398315595166 231
1780281722477 0.9250093738282714 232
1780281722479 0.9247648902821317 233
1780281722481 0.8820248820248819 234
1780281722483 0.9243636363636364 235
1780281722485 0.8852345142097793 236
1780281722487 0.9354289571776584 237
1780281722489 0.8863602380453961 238
1780281722491 0.6316758747697975 239
1780281722493 0.8877791493659521 240
1780281722495 0.8397435897435898 241
1780281722497 0.9028654686741135 242
1780281722498 0.9321636705621165 243
1780281722500 0.7236227824463118 244
1780281722502 0.90541946467417 245
1780281722504 0.8817267888823181 246
1780281722506 0.9028654686741135 247
1780281722508 0.9062818710548802 248
1780281722510 0.9278399156282091 249
1780281722512 0.9444975486417317 250
1780281722514 0.9122257053291536 251
1780281722516 0.8741680188085699 252
1780281722518 0.9038345955042674 253
1780281722520 0.745182353878006 254
1780281722522 0.8440748440748441 255
1780281722524 0.8973150916613815 256
1780281722526 0.8815633636004737 257
1780281722528 0.8543123543123543 258
1780281722530 0.8561787808385883 259
1780281722532 0.929236938318198 260
1780281722545 0.8985286656519533 261
1780281722547 0.878581835842642 262
1780281722549 0.8688524590163935 263
1780281722551 0.8263888888888888 264
1780281722553 0.9444975486417317 265
1780281722555 0.9466808850973074 266
1780281722557 0.9139044339216531 267
1780281722559 0.9229880631497882 268
1780281722561 0.918158567774936 269
1780281722563 0.9331550802139037 270
1780281722565 0.9572845156369184 271
1780281722567 0.9386578333946755 272
1780281722570 0.8074701578744705 273
1780281722572 0.8808138709952041 274
1780281722574 0.9403953773303753 275
1780281722577 0.8940116587175411 276
1780281722579 0.8021978021978022 277
1780281722581 0.966078697421981 278
1780281722584 0.9174430947045642 279
1780281722586 0.831074877896515 280
1780281722588 0.721964782205746 281
1780281722591 0.9250093738282714 282
1780281722593 0.8707764813196002 283
1780281722595 0.9523809523809523 284
1780281722597 0.9042550195714003 285
1780281722599 0.8877791493659521 286
1780281722601 0.9456374014677902 287
1780281722603 0.9450800915331807 288
1780281722605 0.8755887318937172 289
1780281722607 0.9250093738282714 290
1780281722609 0.8688524590163935 291
1780281722611 0.9088319088319088 292
1780281722613 0.8766447368421053 293
1780281722615 0.9668104878858281 294
1780281722617 0.8921649309004228 295
1780281722619 0.955862416847946 296
1780281722622 0.9214454045561665 297
1780281722624 0.9403953773303753 298
1780281722626 0.9547715965626413 299
1780281722628 0.9386578333946755 300
1780281722630 0.8929909042268593 301
1780281722633 0.9547715965626413 302
1780281722635 0.9410307819318315 303
1780281722637 0.8883928571428572 304
1780281722639 0.9166666666666666 305
1780281722641 0.9456374014677902 306
1780281722643 0.955862416847946 307
1780281722645 0.8918772807136099 308
1780281722648 0.9250093738282714 309
1780281722650 0.8901098901098901 310
1780281722652 0.9378774805867127 311
1780281722655 0.9183695681750157 312
1780281722657 0.9259368982372982 313
1780281722659 0.9395952884324977 314
1780281722661 0.8799999999999999 315
1780281722663 0.9623824451410659 316
1780281722665 0.9444975486417317 317
1780281722667 0.8973150916613815 318
1780281722669 0.9141851883635115 319
1780281722671 0.8797932443803342 320
1780281722673 0.8736213235294117 321
1780281722675 0.9328756674294432 322
1780281722677 0.9236887675735963 323
1780281722679 0.919783951442552 324
1780281722681 0.7992831541218638 325
1780281722683 0.909043659043659 326
1780281722685 0.9195772058823529 327
1780281722687 0.9259368982372982 328
1780281722689 0.8773204196933011 329
1780281722691 0.945054945054945 330
1780281722693 0.9373040752351097 331
1780281722695 0.9208502939846224 332
1780281722698 0.8588368153585545 333
1780281722700 0.9278399156282091 334
1780281722702 0.928804184123333 335
1780281722704 0.9369482976040353 336
1780281722706 0.9378774805867127 337
1780281722708 0.9170680361073011 338
1780281722711 0.8690732254746096 339
1780281722713 0.9028654686741135 340
1780281722721 0.9551116597463809 341
1780281722723 0.8783051222480363 342
1780281722725 0.9034920634920636 343
1780281722727 0.9064808753390068 344
1780281722729 0.9141209667525456 345
1780281722731 0.9503968253968254 346
1780281722733 0.7694613079228464 347
1780281722735 0.9321636705621165 348
