1780126125638 0.0 0
1780126125640 0.899999999999995 1
1780126125642 0.9155555555555506 2
1780126125644 0.9222222222222172 3
1780126125646 0.9361111111111059 4
1780126125648 0.9216666666666615 5
1780126125650 0.9255555555555504 6
1780126125652 0.9344444444444393 7
1780126125654 0.9277777777777725 8
1780126125656 0.9466666666666615 9
1780126125658 0.933333333333328 10
1780126125660 0.9333333333333282 11
1780126125662 0.9461111111111059 12
1780126125664 0.9561111111111058 13
1780126125666 0.9455555555555504 14
1780126125668 0.9249999999999948 15
1780126125670 0.9427777777777724 16
1780126125672 0.9538888888888837 17
1780126125674 0.9399999999999948 18
1780126125676 0.9494444444444392 19
1780126125678 0.9516666666666614 20
1780126125679 0.9644444444444392 21
1780126125681 0.9544444444444391 22
1780126125683 0.9522222222222169 23
1780126125685 0.9677777777777724 24
1780126125687 0.9633333333333279 25
1780126125689 0.9583333333333279 26
1780126125691 0.9711111111111055 27
1780126125693 0.9538888888888837 28
1780126125694 0.9616666666666613 29
1780126125696 0.9705555555555501 30
1780126125698 0.9577777777777724 31
1780126125700 0.9566666666666613 32
1780126125702 0.9661111111111058 33
1780126125704 0.9549999999999947 34
1780126125706 0.9538888888888837 35
1780126125708 0.9727777777777723 36
1780126125710 0.9616666666666613 37
1780126125712 0.9672222222222168 38
1780126125714 0.9516666666666614 39
1780126125716 0.974444444444439 40
1780126125717 0.976666666666661 41
1780126125719 0.9611111111111057 42
1780126125721 0.9638888888888835 43
1780126125723 0.9627777777777723 44
1780126125725 0.9694444444444391 45
1780126125727 0.9688888888888835 46
1780126125729 0.9672222222222168 47
1780126125731 0.9583333333333279 48
1780126125733 0.9822222222222166 49
1780126125735 0.9677777777777724 50
1780126125737 0.9616666666666613 51
1780126125738 0.9549999999999947 52
1780126125740 0.9722222222222168 53
1780126125742 0.9638888888888836 54
1780126125744 0.9705555555555501 55
1780126125746 0.9666666666666615 56
1780126125748 0.97555555555555 57
1780126125750 0.9522222222222169 58
1780126125752 0.9716666666666613 59
1780126125754 0.9711111111111057 60
1780126125756 0.9772222222222167 61
1780126125757 0.9755555555555502 62
1780126125759 0.9749999999999946 63
1780126125761 0.9833333333333277 64
1780126125763 0.969444444444439 65
1780126125765 0.9838888888888834 66
1780126125767 0.9688888888888835 67
1780126125769 0.974444444444439 68
1780126125771 0.974444444444439 69
1780126125773 0.9788888888888835 70
1780126125775 0.9711111111111055 71
1780126125776 0.9777777777777722 72
1780126125778 0.9783333333333278 73
1780126125780 0.9755555555555502 74
1780126125782 0.9838888888888835 75
1780126125784 0.9816666666666614 76
1780126125786 0.9711111111111057 77
1780126125787 0.9672222222222168 78
1780126125789 0.9849999999999944 79
1780126125791 0.9844444444444388 80
1780126125793 0.9816666666666611 81
1780126125795 0.9783333333333278 82
1780126125797 0.9677777777777724 83
1780126125799 0.969444444444439 84
1780126125801 0.9855555555555501 85
1780126125803 0.9805555555555502 86
1780126125805 0.9799999999999944 87
1780126125807 0.9738888888888836 88
1780126125808 0.9661111111111056 89
1780126125810 0.9849999999999944 90
1780126125812 0.9794444444444389 91
1780126125814 0.9733333333333279 92
1780126125816 0.9861111111111056 93
1780126125818 0.976666666666661 94
1780126125820 0.9822222222222168 95
1780126125822 0.9799999999999944 96
1780126125824 0.9888888888888833 97
1780126125826 0.9788888888888835 98
1780126125827 0.9861111111111056 99
1780126125829 0.9772222222222169 100
1780126125831 0.9816666666666611 101
1780126125833 0.9799999999999945 102
1780126125835 0.9755555555555502 103
1780126125837 0.9816666666666611 104
1780126125839 0.9788888888888835 105
1780126125841 0.9672222222222168 106
1780126125843 0.9822222222222166 107
1780126125845 0.9716666666666613 108
1780126125847 0.9794444444444389 109
1780126125849 0.9861111111111056 110
1780126125850 0.9799999999999945 111
1780126125852 0.974444444444439 112
1780126125854 0.9805555555555501 113
1780126125856 0.9861111111111056 114
1780126125858 0.9822222222222166 115
1780126125860 0.9899999999999946 116
1780126125862 0.98555555555555 117
1780126125863 0.9799999999999944 118
1780126125865 0.9849999999999944 119
1780126125867 0.984444444444439 120
1780126125869 0.986666666666661 121
1780126125871 0.9844444444444388 122
1780126125873 0.9772222222222167 123
1780126125875 0.98555555555555 124
1780126125877 0.986666666666661 125
1780126125879 0.9888888888888833 126
1780126125881 0.9733333333333279 127
1780126125883 0.9849999999999944 128
1780126125884 0.9866666666666613 129
1780126125886 0.9827777777777722 130
1780126125888 0.9877777777777721 131
1780126125890 0.9872222222222167 132
1780126125892 0.986666666666661 133
1780126125894 0.9855555555555501 134
1780126125896 0.984444444444439 135
1780126125898 0.986666666666661 136
1780126125899 0.9827777777777722 137
1780126125901 0.9699999999999946 138
1780126125903 0.9799999999999945 139
1780126125905 0.9833333333333278 140
1780126125907 0.9822222222222168 141
1780126125909 0.9822222222222168 142
1780126125911 0.9861111111111056 143
1780126125913 0.9849999999999944 144
1780126125915 0.9822222222222166 145
1780126125917 0.9761111111111056 146
1780126125919 0.9883333333333277 147
1780126125921 0.9883333333333277 148
1780126125922 0.9827777777777722 149
1780126125924 0.9872222222222167 150
1780126125926 0.98555555555555 151
1780126125928 0.9811111111111057 152
1780126125930 0.9933333333333276 153
1780126125932 0.9911111111111055 154
1780126125934 0.9894444444444389 155
1780126125936 0.9888888888888833 156
1780126125938 0.9855555555555501 157
1780126125940 0.9872222222222169 158
1780126125941 0.9922222222222168 159
1780126125943 0.9822222222222166 160
1780126125945 0.9922222222222166 161
1780126125947 0.99055555555555 162
1780126125949 0.99055555555555 163
1780126125951 0.9894444444444389 164
1780126125953 0.9849999999999947 165
1780126125955 0.9916666666666611 166
1780126125956 0.9916666666666611 167
1780126125958 0.9933333333333276 168
1780126125960 0.9944444444444389 169
1780126125962 0.9938888888888833 170
1780126125964 0.9888888888888833 171
1780126125966 0.9911111111111055 172
1780126125968 0.9911111111111056 173
1780126125970 0.9922222222222168 174
1780126125971 0.9899999999999943 175
1780126125973 0.9849999999999944 176
1780126125975 0.9844444444444388 177
1780126125977 0.9933333333333276 178
1780126125979 0.9961111111111055 179
1780126125981 0.9949999999999944 180
1780126125983 0.9855555555555501 181
1780126125985 0.9727777777777724 182
1780126125987 0.9922222222222168 183
1780126125988 0.9911111111111056 184
1780126125990 0.9944444444444388 185
1780126125992 0.9938888888888833 186
1780126125994 0.9922222222222166 187
1780126125996 0.99055555555555 188
1780126125998 0.9799999999999945 189
1780126126000 0.9877777777777723 190
1780126126002 0.9938888888888833 191
1780126126004 0.9927777777777722 192
1780126126006 0.9883333333333277 193
1780126126008 0.99055555555555 194
1780126126010 0.9916666666666611 195
1780126126012 0.9877777777777721 196
1780126126013 0.9955555555555499 197
1780126126015 0.9911111111111056 198
1780126126017 0.9938888888888833 199
1780126126019 0.9877777777777721 200
1780126126021 0.9977777777777723 201
1780126126023 0.9922222222222166 202
1780126126025 0.9955555555555499 203
1780126126027 0.9899999999999946 204
1780126126029 0.9927777777777722 205
1780126126030 0.9933333333333276 206
1780126126032 0.9938888888888833 207
1780126126034 0.9944444444444389 208
1780126126036 0.9888888888888834 209
1780126126038 0.9922222222222168 210
1780126126040 0.9911111111111056 211
1780126126042 0.9916666666666611 212
1780126126043 0.9899999999999943 213
1780126126045 0.9816666666666611 214
1780126126047 0.9933333333333279 215
1780126126049 0.9883333333333277 216
1780126126051 0.99055555555555 217
1780126126053 0.9888888888888834 218
1780126126055 0.9977777777777723 219
1780126126057 0.9938888888888833 220
1780126126059 0.9977777777777721 221
1780126126061 0.9866666666666613 222
1780126126062 0.9949999999999944 223
1780126126064 0.99055555555555 224
1780126126066 0.99055555555555 225
1780126126068 0.9955555555555501 226
1780126126070 0.9899999999999946 227
1780126126072 0.9899999999999946 228
1780126126074 0.9922222222222166 229
1780126126076 0.9955555555555499 230
1780126126077 0.9933333333333279 231
1780126126079 0.9944444444444388 232
1780126126081 0.9949999999999944 233
1780126126083 0.99055555555555 234
1780126126085 0.9922222222222166 235
1780126126087 0.9944444444444388 236
1780126126089 0.9922222222222168 237
1780126126091 0.9922222222222168 238
1780126126093 0.9922222222222168 239
1780126126095 0.9949999999999944 240
1780126126097 0.9922222222222168 241
1780126126099 0.9949999999999944 242
1780126126101 0.9949999999999944 243
1780126126102 0.9916666666666611 244
1780126126104 0.9977777777777721 245
1780126126106 0.9922222222222166 246
1780126126108 0.9883333333333277 247
1780126126110 0.9944444444444389 248
1780126126112 0.9972222222222167 249
1780126126114 0.9883333333333277 250
1780126126116 0.9938888888888833 251
1780126126118 0.9955555555555499 252
1780126126119 0.9877777777777721 253
1780126126121 0.9944444444444389 254
1780126126123 0.9949999999999944 255
1780126126125 0.9849999999999944 256
1780126126127 0.9911111111111055 257
1780126126129 0.9911111111111056 258
1780126126131 0.9855555555555501 259
1780126126132 0.9972222222222167 260
1780126126134 0.9949999999999944 261
1780126126136 0.9966666666666611 262
1780126126138 0.9955555555555499 263
1780126126140 0.9961111111111055 264
1780126126142 0.9972222222222167 265
1780126126144 0.9944444444444389 266
1780126126146 0.9955555555555499 267
1780126126148 0.9916666666666611 268
1780126126149 0.9972222222222167 269
1780126126151 0.9949999999999944 270
1780126126153 0.9961111111111055 271
1780126126155 0.9949999999999944 272
1780126126157 0.9949999999999944 273
1780126126159 0.9955555555555501 274
1780126126161 0.9933333333333279 275
1780126126163 0.9944444444444389 276
1780126126165 0.9933333333333276 277
1780126126166 0.9944444444444389 278
1780126126168 0.9922222222222166 279
1780126126170 0.9916666666666611 280
1780126126172 0.9949999999999944 281
1780126126174 0.9922222222222166 282
1780126126176 0.99055555555555 283
1780126126178 0.9966666666666611 284
1780126126180 0.9977777777777723 285
1780126126182 0.9961111111111055 286
1780126126184 0.9927777777777722 287
1780126126186 0.9911111111111056 288
1780126126188 0.9961111111111055 289
1780126126190 0.9938888888888833 290
1780126126192 0.9933333333333276 291
1780126126194 0.9933333333333279 292
1780126126195 0.9877777777777723 293
1780126126197 0.9961111111111055 294
1780126126199 0.9933333333333279 295
1780126126201 0.9944444444444388 296
1780126126203 0.9938888888888833 297
1780126126205 0.9972222222222167 298
1780126126207 0.9916666666666611 299
1780126126209 0.9922222222222168 300
1780126126211 0.9988888888888832 301
1780126126212 0.9966666666666611 302
1780126126214 0.9955555555555499 303
1780126126216 0.9966666666666611 304
1780126126218 0.9972222222222167 305
1780126126220 0.9938888888888833 306
1780126126222 0.9955555555555499 307
1780126126224 0.9938888888888833 308
1780126126226 0.9955555555555501 309
1780126126228 0.9955555555555499 310
1780126126230 0.9933333333333276 311
1780126126232 0.9927777777777722 312
1780126126234 0.9972222222222167 313
