1780822339998 0.0 0
1780822340001 0.5201832972917251 1
1780822340003 0.6693113620180996 2
1780822340005 0.8004203783404985 3
1780822340007 0.7151515151515082 4
1780822340009 0.784423926134075 5
1780822340011 0.797531619747034 6
1780822340013 0.8081841432224983 7
1780822340015 0.8205205506984141 8
1780822340017 0.7552083333333259 9
1780822340019 0.8275689223057562 10
1780822340021 0.8247324732473165 11
1780822340023 0.866416040100242 12
1780822340025 0.803016499645705 13
1780822340027 0.7545619518096509 14
1780822340029 0.8135104520646603 15
1780822340031 0.7546365914786891 16
1780822340033 0.8477564102564018 17
1780822340035 0.8419367747098756 18
1780822340037 0.8224637681159337 19
1780822340039 0.8543199919346622 20
1780822340041 0.8501253132831996 21
1780822340043 0.8553411717415249 22
1780822340045 0.859649122807009 23
1780822340047 0.8418305901244396 24
1780822340049 0.8744374437443657 25
1780822340051 0.8343397745571575 26
1780822340053 0.8480818414322164 27
1780822340055 0.8553197878090196 28
1780822340057 0.8289262820512738 29
1780822340059 0.8754516258530622 30
1780822340061 0.8639835192442884 31
1780822340063 0.8782534418651304 32
1780822340065 0.8199518265756642 33
1780822340067 0.844138900040136 34
1780822340069 0.8338335334133571 35
1780822340071 0.7942370129870049 36
1780822340074 0.8661301751189304 37
1780822340076 0.8252300920368065 38
1780822340078 0.8526854219948762 39
1780822340080 0.8474235104669803 40
1780822340082 0.8754396543060912 41
1780822340084 0.8279422235784679 42
1780822340086 0.8445512820512737 43
1780822340088 0.8566827697262395 44
1780822340090 0.8506623845844957 45
1780822340092 0.8453525641025557 46
1780822340094 0.8899559823929484 47
1780822340096 0.8803521408563337 48
1780822340098 0.856565656565648 49
1780822340100 0.8527178864257431 50
1780822340102 0.8919931167122088 51
1780822340104 0.8494580489763062 52
1780822340106 0.8299512987012903 53
1780822340108 0.8730429546366834 54
1780822340110 0.8706766917293146 55
1780822340112 0.8845384538453758 56
1780822340114 0.835834333733485 57
1780822340116 0.8469696969696885 58
1780822340117 0.8593106220480268 59
1780822340119 0.8504654188769809 60
1780822340121 0.8359092733841746 61
1780822340123 0.8195819581958115 62
1780822340125 0.846547571256515 63
1780822340127 0.853383458646608 64
1780822340129 0.8501253132831996 65
1780822340131 0.8419887278582847 66
1780822340133 0.874136723050737 67
1780822340135 0.8629227053140011 68
1780822340137 0.8523809523809439 69
1780822340139 0.806766917293225 70
1780822340141 0.834009740259732 71
1780822340143 0.8799999999999912 72
1780822340145 0.8432301643310733 73
1780822340146 0.8699521920455613 74
1780822340148 0.8405081157374651 75
1780822340150 0.8514971267264759 76
1780822340151 0.8974937343358307 77
1780822340153 0.8697916666666581 78
1780822340154 0.8212560386473348 79
1780822340156 0.8954887218045023 80
1780822340157 0.8105263157894655 81
1780822340159 0.8814102564102476 82
1780822340160 0.8029846246608301 83
1780822340162 0.8675007536930874 84
1780822340164 0.8349999999999917 85
1780822340165 0.8469551282051198 86
1780822340167 0.844138900040136 87
1780822340168 0.7849999999999921 88
1780822340170 0.8899559823929484 89
1780822340171 0.8231172497227461 90
1780822340173 0.8599999999999914 91
1780822340174 0.8931159420289766 92
1780822340176 0.8507850785078424 93
1780822340177 0.8751375137513664 94
1780822340179 0.8560076930863362 95
1780822340181 0.8414658735759569 96
1780822340182 0.8276796467282133 97
1780822340184 0.8748499399759817 98
1780822340185 0.833333333333325 99
1780822340187 0.8183365028525591 100
1780822340188 0.8823619163869304 101
1780822340190 0.8915056360708447 102
1780822340191 0.8445884835694821 103
1780822340193 0.8037593984962326 104
1780822340194 0.8919781690865937 105
1780822340196 0.8243107769423477 106
1780822340198 0.8477564102564018 107
1780822340199 0.8649999999999913 108
1780822340201 0.8246324632463164 109
1780822340202 0.8104166666666583 110
1780822340204 0.8432805726383623 111
1780822340205 0.8448379351740611 112
1780822340207 0.8439393939393856 113
1780822340208 0.8624861377154869 114
1780822340210 0.8486215538847033 115
1780822340211 0.8454381752700997 116
1780822340213 0.8446378551420484 117
1780822340215 0.8636089923725325 118
1780822340216 0.8842537014805835 119
1780822340218 0.8476247987117467 120
1780822340219 0.833148502873265 121
1780822340221 0.8431815897899624 122
1780822340222 0.8454381752700997 123
1780822340224 0.852163461538453 124
1780822340225 0.7500750075007425 125
1780822340227 0.8406015037593901 126
1780822340228 0.8064030509835327 127
1780822340230 0.8604744269842772 128
1780822340231 0.8445512820512737 129
1780822340233 0.8896025692492886 130
1780822340235 0.8395989974937259 131
1780822340236 0.8515475350337651 132
1780822340238 0.893262987012978 133
1780822340239 0.8300830083008218 134
1780822340241 0.8808373590982199 135
1780822340242 0.8553411717415249 136
1780822340244 0.847867728601665 137
1780822340245 0.8659851490184024 138
1780822340247 0.8877960658370044 139
1780822340249 0.8299999999999917 140
1780822340250 0.8056282037869986 141
1780822340252 0.855925324675316 142
1780822340253 0.905448717948709 143
1780822340255 0.8836842640626501 144
1780822340257 0.8772987639433135 145
1780822340258 0.8549999999999915 146
1780822340260 0.8679806432099922 147
1780822340261 0.9008107296566821 148
1780822340263 0.8851385138513763 149
1780822340264 0.8717108579493813 150
1780822340266 0.8955381368706573 151
1780822340267 0.8649999999999913 152
1780822340269 0.8822115384615297 153
1780822340270 0.8445344534453361 154
1780822340272 0.8008814102564024 155
1780822340274 0.8145032051281971 156
1780822340275 0.8515031885818316 157
1780822340277 0.8729166666666575 158
1780822340278 0.8505402160864262 159
1780822340280 0.8814102564102476 160
1780822340281 0.8399359743897475 161
1780822340283 0.8751391841279393 162
1780822340284 0.8246688077077396 163
1780822340286 0.8154261704681791 164
1780822340287 0.8729871175523263 165
1780822340289 0.8449999999999915 166
1780822340291 0.905064558102283 167
1780822340292 0.8762077294685903 168
1780822340294 0.7904761904761826 169
1780822340295 0.8649364936493563 170
1780822340297 0.8614096734187593 171
1780822340298 0.8768465480856107 172
1780822340300 0.8213141025640944 173
1780822340301 0.8246298519407681 174
1780822340303 0.19992609016999077 175
1780822340304 0.16520376175548446 176
1780822340306 0.2439117199391149 177
1780822340308 0.25367647058823295 178
1780822340309 0.2695612844866552 179
1780822340311 0.3295828398473448 180
1780822340312 0.33352586317545513 181
1780822340314 0.4041157847127961 182
1780822340315 0.4490346240966412 183
1780822340317 0.43782141187470347 184
1780822340318 0.5727403473835544 185
1780822340320 0.6399286987522215 186
1780822340321 0.7824713778128604 187
1780822340323 0.7608460602784062 188
1780822340325 0.7881944444444364 189
1780822340326 0.8485451930523196 190
1780822340328 0.8790332474542897 191
1780822340329 0.8726190476190374 192
1780822340331 0.8961201501877225 193
1780822340333 0.8955301455301341 194
1780822340335 0.9226273959794189 195
1780822340337 0.9311953784624364 196
1780822340338 0.8892602495543576 197
1780822340340 0.894859526438463 198
1780822340342 0.9093034128097137 199
1780822340344 0.8814028922827295 200
1780822340347 0.927753651796277 201
1780822340349 0.9191176470588132 202
1780822340351 0.9296874999999901 203
1780822340353 0.9220374220374103 204
1780822340355 0.8987460815046914 205
1780822340357 0.9077343421605621 206
1780822340359 0.9114861583292752 207
1780822340361 0.9274725274725175 208
1780822340363 0.9217955957086266 209
1780822340376 0.9165623696286901 210
1780822340378 0.9347426470588129 211
1780822340380 0.8865897783808134 212
1780822340382 0.8785818358426316 213
1780822340384 0.9443665264142014 214
1780822340386 0.9072420634920527 215
1780822340388 0.9503432003431902 216
1780822340390 0.8895511921458525 217
1780822340392 0.9324233004459939 218
1780822340394 0.914610126288948 219
1780822340396 0.9440476190476079 220
1780822340398 0.9573412698412581 221
1780822340400 0.9001782531194198 222
1780822340402 0.8925952638538183 223
1780822340404 0.8858764917158979 224
1780822340406 0.9322486644001831 225
1780822340408 0.920037740299553 226
1780822340410 0.9000115861429627 227
1780822340412 0.9233333333333213 228
1780822340414 0.915899889584089 229
1780822340416 0.9333824070666064 230
1780822340418 0.8975237408342245 231
1780822340419 0.930147058823519 232
1780822340421 0.9349681452097498 233
1780822340423 0.913048394391668 234
1780822340425 0.9377824122349563 235
1780822340427 0.925432445067778 236
1780822340429 0.9227941176470484 237
1780822340431 0.9316528066527947 238
1780822340433 0.9712075088787295 239
1780822340435 0.8634135472370674 240
1780822340437 0.9100313479623714 241
1780822340439 0.909523809523799 242
1780822340441 0.9326788218793722 243
1780822340443 0.8754570114400184 244
1780822340445 0.929467084639487 245
1780822340447 0.9158385474174839 246
1780822340450 0.9326788218793722 247
1780822340452 0.870989304812825 248
1780822340453 0.9177421164852329 249
1780822340455 0.9334437492332115 250
1780822340458 0.8571428571428474 251
1780822340459 0.9192890442890309 252
1780822340462 0.8988970588235194 253
1780822340463 0.9238964992389536 254
1780822340466 0.917367928938746 255
1780822340468 0.9333824070666064 256
1780822340470 0.8770284890010718 257
1780822340472 0.9203568219740612 258
1780822340473 0.909523809523799 259
1780822340475 0.9010496520816029 260
1780822340477 0.9166144200626845 261
1780822340479 0.8966131907308281 262
1780822340481 0.9156739811912114 263
1780822340483 0.9098901098901002 264
1780822340485 0.8809523809523705 265
1780822340487 0.9400283052246619 266
1780822340489 0.9255304770914867 267
1780822340491 0.917423345176985 268
1780822340493 0.8882710328493371 269
1780822340495 0.9207372229760188 270
1780822340497 0.9154761904761798 271
1780822340499 0.9357697911607463 272
1780822340501 0.8656155313657186 273
1780822340503 0.9278759466281895 274
1780822340505 0.9712075088787295 275
1780822340507 0.926250584385216 276
1780822340509 0.9022869022868909 277
1780822340511 0.9283129805517762 278
1780822340513 0.896866096866087 279
1780822340515 0.8776002029426581 280
1780822340517 0.9530111704710909 281
1780822340519 0.9393382352941069 282
1780822340521 0.879999999999989 283
1780822340523 0.9345238095237987 284
1780822340525 0.8851098644226174 285
1780822340527 0.9371201496026073 286
1780822340529 0.9201729780271051 287
1780822340531 0.903571428571418 288
1780822340533 0.9209633649932054 289
1780822340535 0.9236467236467134 290
1780822340537 0.866384289564872 291
1780822340539 0.9202380952380844 292
1780822340541 0.9338557993730292 293
1780822340543 0.9140735888197304 294
1780822340550 0.903571428571418 295
1780822340553 0.9246104772420451 296
1780822340555 0.9430357353461382 297
1780822340557 0.9409132780628908 298
1780822340559 0.8865897783808134 299
1780822340561 0.9134288489557929 300
1780822340563 0.9096860155254214 301
1780822340565 0.9615919360444797 302
1780822340567 0.9504273504273397 303
1780822340569 0.9261962692619521 304
1780822340571 0.9121084618980729 305
1780822340573 0.9499999999999887 306
1780822340575 0.9160324708269798 307
1780822340577 0.8784494930047382 308
1780822340579 0.8789009497964627 309
1780822340581 0.8663817663817569 310
1780822340583 0.9210526315789351 311
1780822340585 0.8871291310315609 312
1780822340587 0.9230983173411084 313
1780822340589 0.9426273820786467 314
1780822340591 0.8562408936376782 315
1780822340593 0.9146372399796945 316
1780822340595 0.9281069807385486 317
1780822340597 0.9101527403414081 318
1780822340599 0.8990012344293471 319
1780822340601 0.9252048030523969 320
1780822340603 0.905333333333324 321
1780822340605 0.8882533317608108 322
1780822340607 0.9483065953654085 323
1780822340609 0.9110243055555458 324
1780822340611 0.9081620387065648 325
1780822340612 0.9287280701754259 326
1780822340614 0.914610126288948 327
1780822340616 0.9232974910394134 328
1780822340618 0.858061092109909 329
1780822340620 0.9442959001782427 330
1780822340622 0.9368789105631098 331
1780822340624 0.9154381412902359 332
1780822340626 0.9156739811912114 333
1780822340628 0.9122507122507022 334
1780822340630 0.9471958389868732 335
1780822340632 0.9261046761046663 336
1780822340635 0.9353146853146719 337
1780822340637 0.9185284118504018 338
1780822340639 0.9132745364088546 339
1780822340641 0.8763786764705785 340
1780822340643 0.9333778966131805 341
1780822340645 0.9092463733930782 342
1780822340646 0.94693148381672 343
1780822340648 0.8620709989385442 344
1780822340650 0.9101527403414081 345
1780822340652 0.9130952380952275 346
1780822340654 0.8938129996524058 347
1780822340656 0.8993443419135395 348
