1780142127206 0.0 0
1780142127209 0.14 1
1780142127212 0.13 2
1780142127214 0.1 3
1780142127217 0.145 4
1780142127220 0.205 5
1780142127222 0.255 6
1780142127225 0.36 7
1780142127228 0.29 8
1780142127231 0.33999999999999997 9
1780142127233 0.375 10
1780142127236 0.41500000000000004 11
1780142127239 0.43999999999999995 12
1780142127242 0.445 13
1780142127245 0.505 14
1780142127247 0.5099999999999999 15
1780142127250 0.5199999999999999 16
1780142127253 0.5700000000000001 17
1780142127255 0.55 18
1780142127258 0.5349999999999999 19
1780142127261 0.56 20
1780142127264 0.6049999999999999 21
1780142127268 0.595 22
1780142127271 0.615 23
1780142127274 0.6300000000000001 24
1780142127277 0.6649999999999999 25
1780142127280 0.635 26
1780142127282 0.6799999999999999 27
1780142127285 0.6599999999999999 28
1780142127288 0.6349999999999999 29
1780142127290 0.675 30
1780142127293 0.6700000000000002 31
1780142127296 0.705 32
1780142127299 0.655 33
1780142127301 0.67 34
1780142127304 0.5900000000000001 35
1780142127307 0.6599999999999999 36
1780142127310 0.6900000000000001 37
1780142127313 0.66 38
1780142127315 0.6900000000000001 39
1780142127318 0.67 40
1780142127321 0.625 41
1780142127324 0.74 42
1780142127326 0.7050000000000001 43
1780142127329 0.7 44
1780142127332 0.7 45
1780142127343 0.705 46
1780142127346 0.6799999999999999 47
1780142127349 0.7100000000000001 48
1780142127352 0.6599999999999999 49
1780142127354 0.7250000000000001 50
1780142127357 0.6900000000000001 51
1780142127360 0.6950000000000001 52
1780142127363 0.69 53
1780142127365 0.725 54
1780142127368 0.665 55
1780142127371 0.73 56
1780142127373 0.7150000000000001 57
1780142127376 0.7200000000000001 58
1780142127379 0.805 59
1780142127382 0.75 60
1780142127384 0.675 61
1780142127387 0.745 62
1780142127390 0.735 63
1780142127392 0.705 64
1780142127395 0.705 65
1780142127398 0.715 66
1780142127401 0.725 67
1780142127403 0.76 68
1780142127406 0.7000000000000001 69
1780142127409 0.72 70
1780142127411 0.6950000000000001 71
1780142127414 0.7250000000000001 72
1780142127417 0.745 73
1780142127420 0.775 74
1780142127422 0.725 75
1780142127425 0.7550000000000001 76
1780142127428 0.73 77
1780142127431 0.72 78
1780142127433 0.76 79
1780142127436 0.7550000000000001 80
1780142127439 0.745 81
1780142127441 0.745 82
1780142127444 0.795 83
1780142127447 0.7699999999999999 84
1780142127450 0.71 85
1780142127453 0.745 86
1780142127455 0.76 87
1780142127458 0.78 88
1780142127461 0.755 89
1780142127463 0.685 90
1780142127466 0.7550000000000001 91
1780142127469 0.7250000000000001 92
1780142127471 0.6950000000000001 93
1780142127474 0.7150000000000001 94
1780142127477 0.73 95
1780142127480 0.7499999999999999 96
1780142127482 0.7050000000000001 97
1780142127485 0.765 98
1780142127488 0.78 99
1780142127490 0.73 100
1780142127493 0.7200000000000001 101
1780142127496 0.7550000000000001 102
1780142127499 0.7150000000000001 103
1780142127501 0.7750000000000001 104
1780142127504 0.7550000000000001 105
1780142127507 0.745 106
1780142127509 0.7899999999999999 107
1780142127512 0.78 108
1780142127520 0.77 109
1780142127522 0.715 110
1780142127525 0.765 111
1780142127528 0.765 112
1780142127531 0.76 113
1780142127533 0.7699999999999999 114
1780142127536 0.805 115
1780142127539 0.755 116
1780142127542 0.835 117
1780142127544 0.78 118
1780142127549 0.7550000000000001 119
1780142127552 0.7949999999999999 120
1780142127555 0.74 121
1780142127558 0.7849999999999999 122
1780142127560 0.765 123
1780142127563 0.795 124
1780142127566 0.8400000000000001 125
1780142127569 0.73 126
1780142127571 0.75 127
1780142127574 0.73 128
1780142127577 0.76 129
1780142127579 0.775 130
1780142127582 0.7949999999999999 131
1780142127585 0.7699999999999999 132
1780142127588 0.795 133
1780142127590 0.7949999999999999 134
1780142127593 0.765 135
1780142127596 0.8150000000000001 136
1780142127599 0.8149999999999998 137
1780142127601 0.8150000000000001 138
1780142127604 0.7350000000000001 139
1780142127607 0.7699999999999999 140
1780142127609 0.7649999999999999 141
1780142127612 0.79 142
1780142127615 0.8 143
1780142127618 0.7849999999999999 144
1780142127620 0.8400000000000001 145
1780142127623 0.7849999999999999 146
1780142127626 0.755 147
1780142127628 0.8049999999999999 148
1780142127631 0.77 149
1780142127634 0.835 150
1780142127637 0.8049999999999999 151
1780142127639 0.8150000000000001 152
1780142127642 0.8550000000000001 153
1780142127645 0.8549999999999999 154
1780142127648 0.7500000000000001 155
1780142127650 0.82 156
1780142127653 0.755 157
1780142127656 0.86 158
1780142127659 0.885 159
1780142127661 0.865 160
1780142127664 0.8550000000000001 161
1780142127667 0.8799999999999999 162
1780142127669 0.8550000000000001 163
1780142127672 0.8350000000000002 164
1780142127675 0.8799999999999999 165
1780142127678 0.835 166
1780142127680 0.885 167
1780142127683 0.875 168
1780142127686 0.86 169
1780142127689 0.8700000000000001 170
1780142127692 0.86 171
1780142127695 0.845 172
1780142127698 0.915 173
1780142127701 0.8600000000000001 174
1780142127703 0.86 175
1780142127706 0.8749999999999998 176
1780142127709 0.905 177
1780142127711 0.875 178
1780142127714 0.89 179
1780142127717 0.905 180
1780142127720 0.9 181
1780142127722 0.86 182
1780142127725 0.8699999999999999 183
1780142127728 0.89 184
1780142127731 0.875 185
1780142127733 0.865 186
1780142127736 0.8350000000000002 187
1780142127739 0.875 188
1780142127742 0.8799999999999999 189
1780142127744 0.875 190
1780142127747 0.8800000000000001 191
1780142127750 0.9200000000000002 192
1780142127752 0.915 193
1780142127755 0.8949999999999999 194
1780142127758 0.9049999999999999 195
1780142127761 0.89 196
1780142127763 0.8949999999999999 197
1780142127766 0.8700000000000001 198
1780142127769 0.865 199
1780142127772 0.8949999999999999 200
1780142127774 0.9149999999999998 201
1780142127777 0.89 202
1780142127780 0.8300000000000001 203
1780142127783 0.875 204
1780142127785 0.9 205
1780142127788 0.89 206
1780142127791 0.905 207
1780142127794 0.875 208
1780142127796 0.8800000000000001 209
1780142127799 0.845 210
1780142127802 0.8899999999999999 211
1780142127805 0.885 212
1780142127807 0.875 213
1780142127810 0.9 214
1780142127813 0.8949999999999999 215
1780142127816 0.8949999999999999 216
1780142127819 0.9 217
1780142127821 0.9049999999999999 218
1780142127824 0.9049999999999999 219
1780142127827 0.865 220
1780142127830 0.925 221
1780142127832 0.915 222
1780142127835 0.8300000000000001 223
1780142127838 0.9049999999999999 224
1780142127841 0.9 225
1780142127843 0.9 226
1780142127846 0.9199999999999999 227
1780142127849 0.8899999999999999 228
1780142127852 0.8400000000000001 229
1780142127854 0.8549999999999999 230
1780142127857 0.9149999999999998 231
1780142127860 0.915 232
1780142127863 0.8549999999999999 233
1780142127866 0.8949999999999999 234
1780142127868 0.875 235
1780142127871 0.875 236
1780142127874 0.8950000000000001 237
1780142127877 0.885 238
1780142127879 0.8950000000000001 239
1780142127882 0.925 240
1780142127885 0.9 241
1780142127888 0.9199999999999999 242
1780142127890 0.885 243
1780142127893 0.8700000000000001 244
1780142127896 0.875 245
1780142127899 0.8800000000000001 246
1780142127901 0.9199999999999999 247
1780142127904 0.875 248
1780142127907 0.9 249
1780142127910 0.9299999999999999 250
1780142127912 0.9149999999999998 251
1780142127915 0.93 252
1780142127918 0.9099999999999999 253
1780142127920 0.8949999999999999 254
1780142127923 0.89 255
1780142127926 0.925 256
1780142127929 0.8799999999999999 257
1780142127932 0.9199999999999999 258
1780142127934 0.885 259
1780142127937 0.8949999999999999 260
1780142127940 0.9 261
1780142127943 0.8799999999999999 262
1780142127945 0.915 263
1780142127948 0.8949999999999999 264
1780142127951 0.9 265
1780142127953 0.8850000000000001 266
1780142127956 0.9549999999999998 267
1780142127959 0.9199999999999999 268
1780142127962 0.905 269
1780142127965 0.945 270
1780142127967 0.925 271
1780142127970 0.9099999999999999 272
1780142127973 0.9349999999999999 273
1780142127975 0.89 274
1780142127978 0.9 275
1780142127981 0.9499999999999998 276
1780142127984 0.9249999999999998 277
1780142127986 0.9550000000000001 278
1780142127989 0.9249999999999998 279
1780142127992 0.9399999999999998 280
1780142127995 0.925 281
1780142127998 0.925 282
1780142128000 0.9 283
1780142128003 0.885 284
1780142128006 0.9200000000000002 285
1780142128008 0.915 286
1780142128011 0.8800000000000001 287
1780142128014 0.9 288
1780142128017 0.8700000000000001 289
1780142128019 0.9099999999999999 290
1780142128022 0.8800000000000001 291
1780142128025 0.945 292
1780142128027 0.9200000000000002 293
1780142128030 0.925 294
1780142128033 0.9399999999999998 295
1780142128036 0.925 296
1780142128039 0.93 297
1780142128042 0.9349999999999999 298
1780142128044 0.925 299
1780142128047 0.8799999999999999 300
1780142128050 0.89 301
1780142128053 0.905 302
1780142128055 0.9349999999999999 303
1780142128058 0.8949999999999999 304
1780142128061 0.945 305
1780142128064 0.9 306
1780142128066 0.9099999999999999 307
1780142128069 0.89 308
1780142128072 0.8950000000000001 309
1780142128074 0.9099999999999998 310
1780142128077 0.915 311
1780142128080 0.915 312
1780142128082 0.93 313
