1773263634613 0.0 0
1773263634644 0.545 1
1773263634656 0.515 2
1773263634667 0.535 3
1773263634677 0.715 4
1773263634687 0.575 5
1773263634697 0.485 6
1773263634707 0.64 7
1773263634717 0.595 8
1773263634728 0.53 9
1773263634738 0.54 10
1773263634748 0.665 11
1773263634758 0.775 12
1773263634768 0.795 13
1773263634778 0.78 14
1773263634788 0.845 15
1773263634812 0.785 16
1773263634825 0.77 17
1773263634836 0.79 18
1773263634856 0.79 19
1773263634868 0.715 20
1773263634887 0.67 21
1773263634897 0.64 22
1773263634907 0.68 23
1773263634919 0.785 24
1773263634929 0.845 25
1773263634941 0.835 26
1773263634955 0.765 27
1773263634965 0.79 28
1773263634975 0.815 29
1773263634985 0.785 30
1773263635008 0.81 31
1773263635019 0.715 32
1773263635029 0.705 33
1773263635043 0.69 34
1773263635057 0.805 35
1773263635069 0.75 36
1773263635081 0.725 37
1773263635093 0.715 38
1773263635105 0.81 39
1773263635117 0.815 40
1773263635128 0.825 41
1773263635139 0.865 42
1773263635150 0.82 43
1773263635161 0.81 44
1773263635173 0.79 45
1773263635198 0.795 46
1773263635210 0.775 47
1773263635222 0.81 48
1773263635234 0.8 49
1773263635246 0.795 50
1773263635259 0.78 51
1773263635271 0.725 52
1773263635283 0.81 53
1773263635296 0.835 54
1773263635308 0.69 55
1773263635319 0.68 56
1773263635331 0.69 57
1773263635341 0.605 58
1773263635353 0.61 59
1773263635363 0.575 60
1773263635389 0.76 61
1773263635401 0.825 62
1773263635412 0.805 63
1773263635422 0.84 64
1773263635432 0.84 65
1773263635443 0.815 66
1773263635454 0.81 67
1773263635465 0.795 68
1773263635475 0.845 69
1773263635485 0.87 70
1773263635496 0.815 71
1773263635508 0.84 72
1773263635519 0.87 73
1773263635530 0.795 74
1773263635540 0.83 75
1773263635562 0.785 76
1773263635574 0.845 77
1773263635585 0.84 78
1773263635597 0.88 79
1773263635607 0.88 80
1773263635619 0.825 81
1773263635630 0.805 82
1773263635641 0.805 83
1773263635654 0.795 84
1773263635665 0.85 85
1773263635677 0.835 86
1773263635688 0.83 87
1773263635698 0.855 88
1773263635709 0.83 89
1773263635719 0.85 90
1773263635730 0.805 91
1773263635751 0.835 92
1773263635762 0.865 93
1773263635773 0.88 94
1773263635784 0.865 95
1773263635796 0.865 96
1773263635806 0.8 97
1773263635817 0.8 98
1773263635827 0.615 99
1773263635838 0.76 100
1773263635848 0.8 101
1773263635859 0.815 102
1773263635872 0.825 103
1773263635883 0.885 104
1773263635893 0.85 105
1773263635904 0.865 106
1773263635930 0.835 107
1773263635941 0.86 108
1773263635951 0.865 109
1773263635963 0.83 110
1773263635973 0.845 111
1773263635985 0.81 112
1773263635995 0.84 113
1773263636008 0.84 114
1773263636020 0.805 115
1773263636031 0.81 116
1773263636046 0.845 117
1773263636058 0.815 118
1773263636070 0.83 119
1773263636083 0.83 120
1773263636094 0.8 121
1773263636120 0.815 122
1773263636133 0.87 123
1773263636146 0.87 124
1773263636159 0.86 125
1773263636172 0.86 126
1773263636184 0.855 127
1773263636198 0.82 128
1773263636211 0.85 129
1773263636224 0.83 130
1773263636235 0.88 131
1773263636248 0.83 132
1773263636261 0.79 133
1773263636274 0.805 134
1773263636286 0.785 135
1773263636298 0.79 136
1773263636319 0.85 137
1773263636329 0.845 138
1773263636339 0.83 139
1773263636350 0.865 140
1773263636360 0.83 141
1773263636370 0.865 142
1773263636380 0.85 143
1773263636390 0.845 144
1773263636400 0.795 145
1773263636410 0.845 146
1773263636420 0.845 147
1773263636431 0.805 148
1773263636442 0.87 149
1773263636459 0.86 150
1773263636472 0.85 151
1773263636498 0.835 152
1773263636508 0.8 153
1773263636522 0.77 154
1773263636533 0.83 155
1773263636543 0.845 156
1773263636553 0.845 157
1773263636568 0.82 158
1773263636579 0.875 159
1773263636591 0.835 160
1773263636602 0.87 161
1773263636613 0.845 162
1773263636624 0.85 163
1773263636634 0.895 164
1773263636646 0.91 165
1773263636656 0.84 166
1773263636678 0.89 167
1773263636691 0.875 168
1773263636702 0.89 169
1773263636715 0.88 170
1773263636726 0.865 171
1773263636740 0.86 172
1773263636753 0.83 173
1773263636769 0.8 174
1773263636781 0.81 175
1773263636793 0.86 176
1773263636804 0.87 177
1773263636816 0.84 178
1773263636827 0.86 179
1773263636838 0.935 180
1773263636849 0.825 181
1773263636873 0.825 182
1773263636897 0.735 183
1773263636908 0.85 184
1773263636920 0.865 185
1773263636931 0.88 186
1773263636942 0.6 187
1773263636953 0.55 188
1773263636966 0.725 189
1773263636976 0.845 190
1773263636986 0.815 191
1773263636998 0.815 192
1773263637008 0.86 193
1773263637021 0.83 194
1773263637033 0.845 195
1773263637059 0.83 196
1773263637071 0.82 197
1773263637082 0.805 198
