1780121709852 0.0 0
1780121709854 0.07304459064327486 1
1780121709855 0.1567797096908939 2
1780121709857 0.26356085469115126 3
1780121709859 0.3396185111288777 4
1780121709861 0.32834157571074407 5
1780121709862 0.420875199151033 6
1780121709864 0.5395072992658132 7
1780121709866 0.5605317885220502 8
1780121709867 0.5647833389505145 9
1780121709869 0.592361825872516 10
1780121709871 0.6336644235331155 11
1780121709872 0.6277528976295199 12
1780121709874 0.7703286204562437 13
1780121709876 0.6675182072174553 14
1780121709878 0.6402214877569785 15
1780121709879 0.7369048637534622 16
1780121709881 0.7289945036258316 17
1780121709883 0.8078341820873449 18
1780121709884 0.802714894824241 19
1780121709886 0.7689363875135498 20
1780121709888 0.7714709751808597 21
1780121709890 0.8575638516969786 22
1780121709891 0.861130721898755 23
1780121709893 0.8644999102028089 24
1780121709895 0.7717242027160054 25
1780121709897 0.8794852477779307 26
1780121709898 0.8390614890390926 27
1780121709900 0.7450634310065946 28
1780121709902 0.811753108003108 29
1780121709904 0.7859118389118389 30
1780121709905 0.7262786545040288 31
1780121709907 0.8440833737070713 32
1780121709909 0.7977869628893741 33
1780121709910 0.9152074146810989 34
1780121709912 0.798638548326189 35
1780121709914 0.725764136534334 36
1780121709915 0.8068744401570784 37
1780121709917 0.84455840965975 38
1780121709919 0.8293024453962309 39
1780121709920 0.8238647377657209 40
1780121709922 0.8258262350221048 41
1780121709924 0.805707450252312 42
1780121709926 0.816094883771569 43
1780121709927 0.8076814691513021 44
1780121709929 0.8613049092968403 45
1780121709931 0.8608051614707962 46
1780121709932 0.8403598568614049 47
1780121709934 0.8732739953568622 48
1780121709936 0.9045037627911435 49
1780121709937 0.8517456318361007 50
1780121709939 0.8496386233305738 51
1780121709941 0.8611581287673113 52
1780121709943 0.8440453885801293 53
1780121709944 0.8398577838300547 54
1780121709946 0.8353961260617606 55
1780121709948 0.42035412017493556 56
1780121709949 0.8937187480897366 57
1780121709951 0.8804465538740249 58
1780121709953 0.8344041180025161 59
1780121709954 0.8903860850372478 60
1780121709956 0.8692722330103031 61
1780121709958 0.8844866546406983 62
1780121709959 0.8845536328216866 63
1780121709961 0.8092868841009396 64
1780121709963 0.8245219939865412 65
1780121709965 0.7406378836316649 66
1780121709966 0.8419976230397633 67
1780121709968 0.8602065729065161 68
1780121709970 0.857541288443544 69
1780121709971 0.8613150653642027 70
1780121709973 0.8681647549202853 71
1780121709975 0.860555383656429 72
1780121709977 0.8373618493392012 73
1780121709978 0.8531006255959074 74
1780121709980 0.8707023323175516 75
1780121709982 0.7869552346437307 76
1780121709983 0.8990577904088598 77
1780121709985 0.8562410385844812 78
1780121709987 0.9200543901860438 79
1780121709989 0.8949037592292678 80
1780121709990 0.7855589989760523 81
1780121709992 0.8474806035774634 82
1780121709994 0.8986945486014587 83
1780121709995 0.8647461876185281 84
1780121709997 0.935865441963003 85
1780121709999 0.8811794180827942 86
1780121710000 0.8353350480335647 87
1780121710002 0.8454148046959343 88
1780121710004 0.8790690961433996 89
1780121710005 0.879666791493821 90
1780121710007 0.8114664744363453 91
1780121710009 0.8944666857888939 92
1780121710010 0.8843859392458653 93
1780121710012 0.85101892892371 94
1780121710019 0.8939748762149275 95
1780121710020 0.9147430347430348 96
1780121710022 0.8986955437653499 97
1780121710024 0.8636815633956203 98
1780121710026 0.8780946424848863 99
1780121710027 0.9396809566129207 100
1780121710029 0.8895296167247387 101
1780121710031 0.8180204763239944 102
1780121710032 0.8781600422014488 103
1780121710034 0.8521123246398643 104
1780121710036 0.8828264740045688 105
1780121710037 0.8733908266556494 106
1780121710039 0.8195754070423933 107
1780121710041 0.900623606175596 108
1780121710042 0.8307932414375244 109
1780121710044 0.8703744928705373 110
1780121710046 0.7567905642890344 111
1780121710047 0.894638650963695 112
1780121710049 0.8687449678977887 113
1780121710051 0.9105296915223178 114
1780121710052 0.853681612505142 115
1780121710054 0.911200030148515 116
1780121710056 0.8817665394237924 117
1780121710057 0.8951755781189121 118
1780121710059 0.8785479583390481 119
1780121710061 0.878708623078268 120
1780121710062 0.8321564696975858 121
1780121710064 0.8400849043789123 122
1780121710066 0.8923323064499536 123
1780121710067 0.8941847443444348 124
1780121710069 0.8091524510991095 125
1780121710071 0.8857509760312043 126
1780121710072 0.8780181100175428 127
1780121710074 0.9070706124878141 128
1780121710076 0.8845278593106757 129
1780121710078 0.8352744356743159 130
1780121710079 0.8823352633030052 131
1780121710081 0.8448526433953157 132
1780121710083 0.8767832943387683 133
1780121710084 0.9113488484317152 134
1780121710086 0.9199803482698903 135
1780121710088 0.8679143217023606 136
1780121710089 0.8398254478436286 137
1780121710091 0.8623503442741688 138
1780121710093 0.8828105172842016 139
1780121710094 0.8697158273176055 140
1780121710096 0.8707873957407454 141
1780121710098 0.8856310015603406 142
1780121710099 0.8984890958575169 143
1780121710101 0.8652608046253747 144
1780121710103 0.8975268478391145 145
1780121710104 0.8782572845088892 146
1780121710106 0.9294000975697786 147
1780121710108 0.92077781439784 148
1780121710110 0.9054647450988915 149
1780121710111 0.8881130591175301 150
1780121710113 0.8686275879389223 151
1780121710115 0.832652504043972 152
1780121710116 0.868708753015583 153
1780121710118 0.9350723196358626 154
1780121710120 0.9024589638004272 155
1780121710121 0.8877290595821142 156
1780121710123 0.9175726204316824 157
1780121710125 0.9356745287233093 158
1780121710126 0.9402264144411202 159
1780121710128 0.9109948560434532 160
1780121710130 0.9552125858736898 161
1780121710131 0.914503196418741 162
1780121710133 0.9701897414464211 163
1780121710135 0.9142596982134853 164
1780121710136 0.9203335496339349 165
1780121710138 0.9502005247640678 166
1780121710140 0.9402416025050888 167
1780121710142 0.9453046704637892 168
1780121710143 0.9397551793045421 169
1780121710145 0.9285838270356287 170
1780121710147 0.9698503528991335 171
1780121710148 0.9295023675511482 172
1780121710150 0.9135896251637107 173
1780121710152 0.9445273736544598 174
1780121710153 0.9296101733893177 175
1780121710155 0.9300728133654964 176
1780121710157 0.9345748621024018 177
1780121710158 0.946530601181764 178
1780121710160 0.9798624140087554 179
1780121710162 0.9700547886798894 180
1780121710163 0.9600973822925042 181
1780121710165 0.9443812474158475 182
1780121710167 0.9284656454026846 183
1780121710169 0.919716442238907 184
1780121710170 0.949927492276658 185
1780121710172 0.9342429325856202 186
1780121710174 0.9209648755976785 187
1780121710175 0.8804961833441031 188
1780121710177 0.9398716379204185 189
1780121710179 0.949840972036094 190
1780121710181 0.9100646667354134 191
1780121710182 0.9358680312852329 192
1780121710184 0.9393342565293784 193
1780121710186 0.9122386992421836 194
1780121710187 0.9411385982438615 195
1780121710189 0.9448005155492393 196
1780121710192 0.960013885431087 197
1780121710193 0.9088798172757422 198
1780121710195 0.9699937460913072 199
1780121710197 0.9125252070267834 200
1780121710198 0.8890489157316542 201
1780121710200 0.9298398177836635 202
1780121710202 0.9649228040691454 203
1780121710203 0.9353823884311687 204
1780121710205 0.9133538348685974 205
1780121710207 0.9236589362712598 206
1780121710208 0.9548155942058381 207
1780121710210 0.9797086524942751 208
1780121710212 0.9350419435079257 209
1780121710214 0.9598008528496333 210
1780121710215 0.9453132440231287 211
1780121710217 0.9152756967904594 212
1780121710219 0.9055487431406108 213
1780121710221 0.9353884378252232 214
1780121710222 0.9345772185310055 215
1780121710224 0.9699812382739212 216
1780121710226 0.9597122731782551 217
1780121710227 0.964849412461736 218
1780121710229 0.9849937460913072 219
1780121710231 0.9548252902424916 220
1780121710232 0.9601125703564726 221
1780121710234 0.9848556663704289 222
1780121710236 0.9555083470231096 223
1780121710237 0.9599575938407774 224
1780121710239 0.9436322028587535 225
1780121710241 0.924099571453812 226
1780121710243 0.9549723041186458 227
1780121710244 0.9400618811452619 228
1780121710246 0.959815594205838 229
1780121710248 0.9448733312840547 230
1780121710249 0.9345266312005125 231
1780121710251 0.9452098807862012 232
1780121710253 0.9401122174806386 233
1780121710255 0.9351049569512417 234
1780121710256 0.9098150609809863 235
1780121710258 0.9452821683993132 236
1780121710260 0.920392501313622 237
1780121710261 0.9593752832635418 238
1780121710263 0.8988703617647655 239
1780121710265 0.9552212086871907 240
1780121710267 0.9407956146205256 241
1780121710268 0.9199231487466782 242
1780121710270 0.9698525394160823 243
1780121710272 0.9509691463863478 244
1780121710274 0.9648472259447868 245
1780121710275 0.9798525394160823 246
1780121710277 0.9649843652282678 247
1780121710279 0.9406302982426217 248
1780121710280 0.9702313946216385 249
1780121710282 0.9799718103890118 250
1780121710284 0.9172652324243511 251
1780121710285 0.9597091462239087 252
1780121710287 0.955222013758599 253
1780121710289 0.9492274933738349 254
1780121710291 0.9394185579396195 255
1780121710292 0.9334490306441527 256
1780121710294 0.9144099127228689 257
1780121710296 0.9368076331490967 258
1780121710297 0.9298334920121946 259
1780121710299 0.9547023985855821 260
1780121710301 0.934439734420479 261
1780121710302 0.9753278211672993 262
1780121710304 0.9696878357853966 263
1780121710306 0.9214871062473184 264
1780121710307 0.9503973719804988 265
1780121710309 0.9392466013518647 266
1780121710311 0.9749718103890119 267
1780121710313 0.960039600615921 268
1780121710314 0.9696726477214282 269
1780121710316 0.9699968730456536 270
1780121710318 0.9552918940893983 271
1780121710320 0.9392090139316757 272
1780121710321 0.9500463482542475 273
1780121710323 0.9498927652957866 274
1780121710325 0.9596000476488282 275
1780121710326 0.9496393498832523 276
1780121710328 0.9652255874207093 277
1780121710330 0.9350790672741892 278
1780121710331 0.9343579770579205 279
1780121710333 0.9048252789981317 280
1780121710335 0.950250625236445 281
1780121710337 0.8870669517864789 282
1780121710338 0.9700973822925043 283
1780121710340 0.9353441003441004 284
1780121710342 0.9799120207514989 285
1780121710343 0.9456376053110997 286
1780121710345 0.9700906346541777 287
1780121710347 0.9487362637362636 288
1780121710348 0.9899937460913071 289
1780121710350 0.9543763240989858 290
1780121710352 0.934735001840265 291
1780121710354 0.8651321842108667 292
1780121710355 0.9604004989348451 293
1780121710357 0.9699686834346654 294
1780121710359 0.9497623736506322 295
1780121710361 0.877654193539265 296
1780121710362 0.93909088736939 297
1780121710364 0.9751188242651656 298
1780121710366 0.9451488381976187 299
1780121710368 0.9440009574669395 300
1780121710369 0.9749754310729921 301
1780121710371 0.9697243342878774 302
1780121710373 0.9600547886798895 303
1780121710374 0.9559083606452028 304
1780121710376 0.9649404938236774 305
1780121710378 0.9446742089745941 306
1780121710379 0.9238652507183052 307
1780121710381 0.9499807445442876 308
1780121710383 0.965103636201197 309
1780121710384 0.9597847243482673 310
1780121710386 0.9158166192826014 311
1780121710388 0.897021728536491 312
1780121710389 0.9650745061528119 313
