1780507205042 0.0 0
1780507205044 0.03616618123660377 1
1780507205046 0.11976635976635977 2
1780507205047 0.08547008547008547 3
1780507205049 0.15880313811348296 4
1780507205050 0.16959618530403262 5
1780507205052 0.21682539682539687 6
1780507205053 0.13904817404817404 7
1780507205055 0.23430322128851538 8
1780507205057 0.19947736176743808 9
1780507205058 0.15622106819154316 10
1780507205060 0.08240910884665016 11
1780507205061 0.043623949579831935 12
1780507205063 0.2853176883780332 13
1780507205065 0.12340501792114696 14
1780507205066 0.26199945887445886 15
1780507205068 0.1863136863136863 16
1780507205069 0.2749858170748582 17
1780507205071 0.24701893352451876 18
1780507205072 0.26707142857142857 19
1780507205074 0.3430675475318332 20
1780507205076 0.2208754208754209 21
1780507205077 0.28356060606060607 22
1780507205079 0.31329553039745217 23
1780507205085 0.3389556368928185 24
1780507205087 0.3819733207968502 25
1780507205088 0.30011436761436766 26
1780507205090 0.40902395358939786 27
1780507205091 0.3621193829644534 28
1780507205093 0.2763405797101449 29
1780507205095 0.29381522542498156 30
1780507205096 0.28412320483749054 31
1780507205098 0.34830471684691633 32
1780507205099 0.36458844706267385 33
1780507205101 0.288021645021645 34
1780507205102 0.2788708513708514 35
1780507205104 0.2847059571349516 36
1780507205106 0.3601862939699631 37
1780507205107 0.29781818172079 38
1780507205109 0.42329235223825723 39
1780507205110 0.2904960317460318 40
1780507205112 0.23813409961685825 41
1780507205113 0.3588304093567251 42
1780507205115 0.2929409908183846 43
1780507205117 0.38813470842882614 44
1780507205118 0.2278743315508021 45
1780507205120 0.33133439141503657 46
1780507205121 0.3028186467348545 47
1780507205123 0.32679042238364275 48
1780507205124 0.2707756132756133 49
1780507205126 0.199874213836478 50
1780507205128 0.35177467456211986 51
1780507205129 0.38727272727272727 52
1780507205131 0.3295648769874776 53
1780507205132 0.29121920563097037 54
1780507205134 0.35651561345158905 55
1780507205135 0.3378941441641671 56
1780507205137 0.30140186202686203 57
1780507205139 0.3179569477052315 58
1780507205140 0.46659245786453524 59
1780507205142 0.3306571417197603 60
1780507205143 0.2446323483280005 61
1780507205145 0.3423036446726787 62
1780507205146 0.4154198433145801 63
1780507205148 0.42589285714285713 64
1780507205150 0.31000921917588586 65
1780507205151 0.2361193619361936 66
1780507205153 0.26991452359873414 67
1780507205154 0.21021749084249083 68
1780507205156 0.4142358276643991 69
1780507205157 0.3458928571428571 70
1780507205159 0.27092935161900683 71
1780507205160 0.39757066544566544 72
1780507205162 0.3295559918330317 73
1780507205164 0.3981772068511199 74
1780507205165 0.336965811965812 75
1780507205167 0.3060477022977023 76
1780507205168 0.2598956948563248 77
1780507205170 0.3360138703888704 78
1780507205171 0.3140913763909047 79
1780507205173 0.3124193861693862 80
1780507205174 0.4895970208653136 81
1780507205176 0.27866636262288436 82
1780507205178 0.3950092448046412 83
1780507205179 0.3289271556535708 84
1780507205181 0.3688038472964944 85
1780507205182 0.4219964349376114 86
1780507205184 0.3593809398331137 87
1780507205185 0.2727879665379665 88
1780507205187 0.30123172905525847 89
1780507205189 0.369824768988055 90
1780507205190 0.30200624200229664 91
1780507205192 0.35909154260373766 92
1780507205193 0.3980120076310178 93
1780507205195 0.26232296938179295 94
1780507205196 0.3941522988505747 95
1780507205198 0.3663257575757576 96
1780507205200 0.2632481466353212 97
1780507205201 0.2523765805757331 98
1780507205203 0.34092492567644694 99
1780507205204 0.3673232825364015 100
1780507205206 0.2731774111404092 101
1780507205207 0.42248418248418246 102
1780507205209 0.4438813934726314 103
1780507205211 0.2680192567289342 104
1780507205212 0.22106820055349466 105
1780507205214 0.3831124254653667 106
1780507205215 0.30512760381433435 107
1780507205217 0.30319028362892464 108
1780507205218 0.3765502752825268 109
1780507205220 0.3144485798201955 110
1780507205222 0.3905513114336644 111
1780507205223 0.28630782996157955 112
1780507205225 0.3271064425770308 113
1780507205226 0.3699672306251254 114
1780507205228 0.2501233614869979 115
1780507205229 0.25544071669071666 116
1780507205231 0.32329952598494793 117
1780507205233 0.279421545220285 118
1780507205234 0.3533008658008658 119
1780507205236 0.30458346592549945 120
1780507205237 0.39184666210982 121
1780507205239 0.3901901870628578 122
1780507205241 0.43347775428395235 123
1780507205243 0.46700333541796957 124
1780507205244 0.3232067174695965 125
1780507205246 0.38784607391343634 126
1780507205247 0.3608121340901661 127
1780507205249 0.3180633401686034 128
1780507205251 0.25835957002767346 129
1780507205252 0.45407996012215646 130
1780507205254 0.3249437229437229 131
1780507205256 0.2617778574844572 132
1780507205258 0.35437597490229067 133
1780507205259 0.3794319201012565 134
1780507205261 0.4275739482395829 135
1780507205263 0.45595744680851064 136
1780507205264 0.3508942644043263 137
1780507205266 0.464088880509284 138
1780507205267 0.24792496125008437 139
1780507205269 0.32159042649961844 140
1780507205270 0.3555808468314862 141
1780507205272 0.3806006493506494 142
1780507205274 0.384260629291589 143
1780507205275 0.3806552981552981 144
1780507205277 0.4377057273269001 145
1780507205278 0.3532191885549417 146
1780507205280 0.3562228811693316 147
1780507205281 0.33496706192358366 148
1780507205283 0.37553886802948133 149
1780507205285 0.4355849608618151 150
1780507205286 0.4182866439116439 151
1780507205288 0.3417776341305753 152
1780507205289 0.2857641059624919 153
1780507205291 0.45172083740632124 154
1780507205292 0.43027334795484673 155
1780507205294 0.36123984455128966 156
1780507205296 0.4396342737722049 157
1780507205297 0.3261578732851552 158
1780507205299 0.40342353119950813 159
1780507205300 0.37504612690371203 160
1780507205302 0.32968508234195765 161
1780507205303 0.4658565823888404 162
1780507205305 0.4318909592822636 163
1780507205307 0.4441358460380199 164
1780507205308 0.39863252197430693 165
1780507205310 0.3471605246605246 166
1780507205311 0.40647343461136565 167
1780507205313 0.40082576493165556 168
1780507205315 0.3286398650369239 169
1780507205316 0.36626720126720125 170
1780507205318 0.40287267080745337 171
1780507205319 0.35060658977334536 172
1780507205321 0.36650180648422337 173
1780507205322 0.3179878618113912 174
1780507205324 0.4426001627008339 175
1780507205326 0.4114750290360047 176
1780507205327 0.3824133352980607 177
1780507205329 0.47759948384948386 178
1780507205330 0.4341351540616246 179
1780507205332 0.4255607586857587 180
1780507205333 0.39131360877684407 181
1780507205335 0.3479555825381258 182
1780507205337 0.38305717484536744 183
1780507205338 0.33521367521367523 184
1780507205340 0.404156162464986 185
1780507205341 0.4542847785047033 186
1780507205343 0.4334634526294886 187
1780507205345 0.305318487029567 188
1780507205346 0.377020657301964 189
1780507205348 0.39525696366948554 190
1780507205349 0.38223950817700814 191
1780507205351 0.33408034851189405 192
1780507205352 0.3724890816978335 193
1780507205354 0.4523561158110162 194
1780507205355 0.4163275613275614 195
1780507205357 0.4031010766384952 196
1780507205359 0.4268330491900194 197
1780507205360 0.3729106626976809 198
1780507205362 0.37116610971874137 199
1780507205363 0.5038596492560686 200
1780507205365 0.3683779971318671 201
1780507205366 0.42645208342641017 202
1780507205368 0.40815295815295816 203
1780507205370 0.412857108835437 204
1780507205371 0.4513563843088876 205
1780507205373 0.4437187812187813 206
1780507205374 0.4360452858260124 207
1780507205376 0.3841387316387316 208
1780507205377 0.35900672244422244 209
1780507205379 0.4829992588057103 210
1780507205380 0.3497234661889834 211
1780507205382 0.5064823348694316 212
1780507205384 0.3626177160924132 213
1780507205385 0.4365398197333902 214
1780507205387 0.44986274900068 215
1780507205388 0.42172034861690033 216
1780507205390 0.43543040567636393 217
1780507205391 0.4082107453075195 218
1780507205393 0.2831211518423794 219
1780507205395 0.38981252149982804 220
1780507205396 0.49678825683965977 221
1780507205398 0.45433521366989105 222
1780507205399 0.43721175301122006 223
1780507205401 0.4503522552920372 224
1780507205402 0.43357494114073064 225
1780507205404 0.4557166466891867 226
1780507205406 0.41785788007402236 227
1780507205407 0.4828851343348801 228
1780507205409 0.5051324443322949 229
1780507205410 0.3631330360460795 230
1780507205412 0.36666353609448243 231
1780507205414 0.37516483516483523 232
1780507205415 0.35707635501753154 233
1780507205417 0.38173725981620715 234
1780507205418 0.43213907958301545 235
1780507205420 0.3757850560696404 236
1780507205421 0.3995748509167206 237
1780507205423 0.26665417915417916 238
1780507205425 0.38956498838851783 239
1780507205426 0.4398780410622516 240
1780507205428 0.42901458019105077 241
1780507205429 0.42703058254179915 242
1780507205431 0.36005942307312166 243
1780507205433 0.45412284489414656 244
1780507205434 0.48396934292058125 245
1780507205436 0.4137902409243873 246
1780507205437 0.48822486772486773 247
1780507205439 0.47217437843623794 248
1780507205440 0.4444229739794256 249
1780507205442 0.48922514619883045 250
1780507205444 0.4340060865060865 251
1780507205445 0.4385817885817886 252
1780507205447 0.49954705670974525 253
1780507205449 0.38221768359268354 254
1780507205450 0.5009578126791242 255
1780507205452 0.4396083404122483 256
1780507205453 0.42581156269135806 257
1780507205455 0.43634780074997465 258
1780507205456 0.37259857601962865 259
1780507205458 0.43033136516339204 260
1780507205460 0.4214914714914714 261
1780507205461 0.4311588393813226 262
1780507205463 0.4958763341921236 263
1780507205464 0.4702918291936283 264
1780507205466 0.2939661756683033 265
1780507205467 0.39298735082756153 266
1780507205469 0.47813125364562303 267
1780507205471 0.418207632237044 268
1780507205472 0.41894569009907545 269
1780507205474 0.42806176829706244 270
1780507205475 0.3763408702610154 271
1780507205477 0.4172979797979798 272
1780507205478 0.3525330321852061 273
1780507205480 0.3381821911032437 274
1780507205482 0.3871218532219094 275
1780507205483 0.5025522758894851 276
1780507205485 0.4218334818334818 277
1780507205486 0.34320346320346323 278
1780507205488 0.46590823406612875 279
1780507205489 0.4352686468148092 280
1780507205491 0.5462300231097224 281
1780507205492 0.5037360996231964 282
1780507205494 0.44051912883596056 283
1780507205496 0.5400379110801106 284
1780507205497 0.3911993448438461 285
1780507205499 0.32108231834228496 286
1780507205500 0.3778401747211596 287
1780507205502 0.3496250113936742 288
1780507205503 0.43912929832203956 289
1780507205505 0.2686179327685629 290
1780507205507 0.3698743201087826 291
1780507205508 0.36180555555555555 292
1780507205510 0.45271433813562745 293
1780507205511 0.4167877157116755 294
1780507205513 0.42520515776262896 295
1780507205514 0.4287273098418609 296
1780507205516 0.4429043360652208 297
1780507205518 0.6111082152029027 298
