1780296487333 0.0 0
1780296487335 0.12 1
1780296487337 0.34500000000000003 2
1780296487338 0.5349999999999999 3
1780296487340 0.595 4
1780296487341 0.7150000000000001 5
1780296487343 0.7249999999999999 6
1780296487345 0.7999999999999999 7
1780296487346 0.8150000000000001 8
1780296487348 0.85 9
1780296487349 0.875 10
1780296487351 0.845 11
1780296487352 0.8150000000000001 12
1780296487354 0.8800000000000001 13
1780296487355 0.89 14
1780296487357 0.8800000000000001 15
1780296487358 0.8550000000000001 16
1780296487360 0.925 17
1780296487361 0.8949999999999999 18
1780296487363 0.875 19
1780296487365 0.9099999999999999 20
1780296487366 0.8999999999999998 21
1780296487368 0.925 22
1780296487369 0.9099999999999999 23
1780296487371 0.9349999999999999 24
1780296487372 0.9299999999999999 25
1780296487374 0.9099999999999999 26
1780296487375 0.9199999999999999 27
1780296487377 0.9 28
1780296487378 0.925 29
1780296487380 0.93 30
1780296487381 0.9400000000000001 31
1780296487383 0.9000000000000001 32
1780296487384 0.8899999999999999 33
1780296487386 0.8949999999999999 34
1780296487387 0.85 35
1780296487389 0.8800000000000001 36
1780296487390 0.915 37
1780296487392 0.9 38
1780296487394 0.905 39
1780296487395 0.875 40
1780296487397 0.8300000000000001 41
1780296487398 0.905 42
1780296487400 0.89 43
1780296487401 0.875 44
1780296487403 0.8399999999999999 45
1780296487404 0.885 46
1780296487406 0.885 47
1780296487407 0.9199999999999999 48
1780296487409 0.85 49
1780296487410 0.885 50
1780296487412 0.86 51
1780296487413 0.85 52
1780296487415 0.8949999999999999 53
1780296487416 0.865 54
1780296487418 0.8400000000000001 55
1780296487419 0.8699999999999999 56
1780296487421 0.885 57
1780296487422 0.89 58
1780296487424 0.9199999999999999 59
1780296487425 0.8550000000000001 60
1780296487427 0.8699999999999999 61
1780296487429 0.9000000000000001 62
1780296487430 0.875 63
1780296487432 0.845 64
1780296487433 0.8800000000000001 65
1780296487435 0.8549999999999999 66
1780296487436 0.905 67
1780296487438 0.8700000000000001 68
1780296487439 0.8800000000000001 69
1780296487441 0.905 70
1780296487442 0.8800000000000001 71
1780296487444 0.825 72
1780296487446 0.925 73
1780296487447 0.8899999999999999 74
1780296487449 0.86 75
1780296487450 0.8600000000000001 76
1780296487452 0.89 77
1780296487453 0.89 78
1780296487455 0.905 79
1780296487456 0.865 80
1780296487458 0.845 81
1780296487459 0.865 82
1780296487461 0.885 83
1780296487463 0.9 84
1780296487464 0.8400000000000001 85
1780296487466 0.86 86
1780296487467 0.9049999999999999 87
1780296487469 0.8949999999999999 88
1780296487470 0.865 89
1780296487472 0.8400000000000001 90
1780296487473 0.8949999999999999 91
1780296487475 0.8699999999999999 92
1780296487477 0.845 93
1780296487478 0.8450000000000001 94
1780296487480 0.915 95
1780296487481 0.8899999999999999 96
1780296487483 0.865 97
1780296487484 0.875 98
1780296487486 0.875 99
1780296487487 0.885 100
1780296487489 0.845 101
1780296487490 0.875 102
1780296487492 0.9 103
1780296487493 0.9099999999999999 104
1780296487495 0.8800000000000001 105
1780296487496 0.8950000000000001 106
1780296487498 0.8700000000000001 107
1780296487499 0.9099999999999999 108
1780296487501 0.875 109
1780296487502 0.875 110
1780296487504 0.8699999999999999 111
1780296487505 0.8600000000000001 112
1780296487507 0.8699999999999999 113
1780296487508 0.86 114
1780296487510 0.8800000000000001 115
1780296487512 0.9149999999999998 116
1780296487513 0.9049999999999999 117
1780296487515 0.8800000000000001 118
1780296487516 0.865 119
1780296487518 0.8950000000000001 120
1780296487519 0.8800000000000001 121
1780296487521 0.865 122
1780296487522 0.8799999999999999 123
1780296487524 0.885 124
1780296487525 0.905 125
1780296487527 0.8550000000000001 126
1780296487528 0.885 127
1780296487530 0.885 128
1780296487531 0.8699999999999999 129
1780296487533 0.835 130
1780296487535 0.9199999999999999 131
1780296487536 0.8550000000000001 132
1780296487538 0.885 133
1780296487539 0.9099999999999999 134
1780296487541 0.865 135
1780296487542 0.9049999999999999 136
1780296487544 0.8800000000000001 137
1780296487545 0.8800000000000001 138
1780296487547 0.8550000000000001 139
1780296487548 0.865 140
1780296487550 0.8800000000000001 141
1780296487551 0.8850000000000001 142
1780296487553 0.845 143
1780296487554 0.89 144
1780296487556 0.875 145
1780296487558 0.915 146
1780296487559 0.8949999999999999 147
1780296487561 0.9 148
1780296487562 0.8800000000000001 149
1780296487564 0.905 150
1780296487565 0.8799999999999999 151
1780296487567 0.9349999999999999 152
1780296487568 0.9199999999999999 153
1780296487570 0.8800000000000001 154
1780296487571 0.8550000000000001 155
1780296487573 0.9099999999999999 156
1780296487574 0.825 157
1780296487576 0.8949999999999999 158
1780296487578 0.925 159
1780296487579 0.9349999999999999 160
1780296487581 0.9099999999999999 161
1780296487582 0.9199999999999999 162
1780296487584 0.95 163
1780296487585 0.8950000000000001 164
1780296487587 0.9400000000000001 165
1780296487588 0.9349999999999999 166
1780296487590 0.915 167
1780296487591 0.9100000000000001 168
1780296487593 0.915 169
1780296487595 0.925 170
1780296487596 0.9200000000000002 171
1780296487598 0.9199999999999999 172
1780296487599 0.945 173
1780296487601 0.9099999999999999 174
1780296487602 0.9099999999999999 175
1780296487604 0.9399999999999998 176
1780296487605 0.9450000000000001 177
1780296487607 0.9299999999999999 178
1780296487608 0.9549999999999998 179
1780296487610 0.9450000000000001 180
1780296487611 0.95 181
1780296487617 0.9199999999999999 182
1780296487623 0.95 183
1780296487624 0.9349999999999999 184
1780296487626 0.93 185
1780296487627 0.96 186
1780296487629 0.9400000000000001 187
1780296487631 0.95 188
1780296487632 0.945 189
1780296487634 0.9400000000000001 190
1780296487635 0.96 191
1780296487637 0.9349999999999999 192
1780296487638 0.9550000000000001 193
1780296487640 0.97 194
1780296487641 0.9399999999999998 195
1780296487643 0.9450000000000001 196
1780296487644 0.9550000000000001 197
1780296487646 0.9400000000000001 198
1780296487648 0.925 199
1780296487649 0.9499999999999998 200
1780296487651 0.945 201
1780296487652 0.9349999999999999 202
1780296487654 0.9099999999999999 203
1780296487655 0.925 204
1780296487657 0.9400000000000001 205
1780296487658 0.945 206
1780296487660 0.9549999999999998 207
1780296487661 0.925 208
1780296487663 0.93 209
1780296487664 0.9099999999999999 210
1780296487666 0.925 211
1780296487667 0.9649999999999999 212
1780296487669 0.905 213
1780296487670 0.9200000000000002 214
1780296487672 0.9450000000000001 215
1780296487674 0.9349999999999999 216
1780296487675 0.9400000000000001 217
1780296487677 0.9200000000000002 218
1780296487678 0.9650000000000001 219
1780296487680 0.9349999999999999 220
1780296487682 0.9299999999999999 221
1780296487683 0.95 222
1780296487685 0.9199999999999999 223
1780296487686 0.915 224
1780296487688 0.925 225
1780296487689 0.9349999999999999 226
1780296487691 0.915 227
1780296487692 0.9399999999999998 228
1780296487694 0.95 229
1780296487695 0.925 230
1780296487697 0.945 231
1780296487698 0.945 232
1780296487700 0.9149999999999998 233
1780296487702 0.9349999999999999 234
1780296487703 0.9099999999999999 235
1780296487705 0.905 236
1780296487706 0.9550000000000001 237
1780296487708 0.9349999999999999 238
1780296487709 0.9349999999999999 239
1780296487711 0.945 240
1780296487712 0.9199999999999999 241
1780296487714 0.9349999999999999 242
1780296487715 0.9550000000000001 243
1780296487717 0.9549999999999998 244
1780296487718 0.96 245
1780296487720 0.9299999999999999 246
1780296487721 0.9650000000000001 247
1780296487723 0.9299999999999999 248
1780296487724 0.9499999999999998 249
1780296487726 0.925 250
1780296487727 0.9599999999999997 251
1780296487729 0.9199999999999999 252
1780296487730 0.9649999999999999 253
1780296487732 0.95 254
1780296487733 0.925 255
1780296487735 0.95 256
1780296487736 0.96 257
1780296487738 0.95 258
1780296487739 0.9099999999999999 259
1780296487741 0.9249999999999998 260
1780296487743 0.9349999999999999 261
1780296487744 0.9349999999999998 262
1780296487746 0.9600000000000002 263
1780296487747 0.9299999999999999 264
1780296487749 0.945 265
1780296487750 0.925 266
1780296487752 0.95 267
1780296487753 0.9399999999999998 268
1780296487755 0.9499999999999998 269
1780296487756 0.9799999999999999 270
1780296487758 0.9399999999999998 271
1780296487759 0.93 272
1780296487761 0.93 273
1780296487762 0.9349999999999999 274
1780296487764 0.9349999999999999 275
1780296487765 0.97 276
1780296487767 0.95 277
1780296487768 0.96 278
1780296487770 0.945 279
1780296487772 0.9650000000000001 280
1780296487773 0.97 281
1780296487775 0.96 282
1780296487776 0.93 283
1780296487778 0.9299999999999999 284
1780296487779 0.9349999999999999 285
1780296487781 0.9299999999999999 286
1780296487782 0.9199999999999999 287
1780296487784 0.9450000000000001 288
1780296487785 0.95 289
1780296487787 0.9399999999999998 290
1780296487789 0.9349999999999999 291
1780296487790 0.96 292
1780296487792 0.9549999999999998 293
1780296487793 0.975 294
1780296487795 0.96 295
1780296487796 0.96 296
1780296487798 0.915 297
1780296487799 0.96 298
1780296487801 0.9549999999999998 299
1780296487802 0.9 300
1780296487804 0.9199999999999999 301
1780296487805 0.9400000000000001 302
1780296487807 0.9200000000000002 303
1780296487808 0.95 304
1780296487810 0.96 305
1780296487811 0.9100000000000001 306
1780296487813 0.9199999999999999 307
1780296487814 0.925 308
1780296487816 0.925 309
1780296487817 0.9400000000000001 310
1780296487819 0.9199999999999999 311
1780296487820 0.9349999999999999 312
1780296487822 0.9349999999999999 313
