1780550781413 0.0 0
1780550781415 0.11073656039663753 1
1780550781417 0.28027637750345746 2
1780550781419 0.18977471566054244 3
1780550781421 0.026828434723171563 4
1780550781422 0.3250460429998453 5
1780550781424 0.0743080217546681 6
1780550781426 0.21083333333333334 7
1780550781428 0.12541322314049588 8
1780550781430 0.3142637509549274 9
1780550781431 0.37068136932192236 10
1780550781433 0.24937194337194338 11
1780550781435 0.35655662869353894 12
1780550781437 0.21020455632363805 13
1780550781439 0.26955860230955403 14
1780550781441 0.11305874840357596 15
1780550781442 0.3231691365018078 16
1780550781444 0.35200094260578135 17
1780550781446 0.2901782638431546 18
1780550781448 0.410150102673136 19
1780550781450 0.41626811437105554 20
1780550781451 0.37416666666666665 21
1780550781453 0.33564802705716285 22
1780550781455 0.2894651968807163 23
1780550781457 0.4724809878468415 24
1780550781459 0.29825127334465196 25
1780550781460 0.3344342264933619 26
1780550781462 0.36523730751091427 27
1780550781464 0.34804811540660596 28
1780550781466 0.3032585109106848 29
1780550781468 0.41517973691550214 30
1780550781469 0.42781224152191893 31
1780550781471 0.1378731343283582 32
1780550781473 0.339167178639623 33
1780550781475 0.4048319735819736 34
1780550781477 0.42249879749879743 35
1780550781478 0.45885671385671384 36
1780550781480 0.21742632536885723 37
1780550781482 0.20635959628606687 38
1780550781484 0.23345394736842104 39
1780550781486 0.3193467414644326 40
1780550781487 0.49237627229609593 41
1780550781489 0.4271210244863496 42
1780550781491 0.4234644367977701 43
1780550781493 0.39187025246726737 44
1780550781495 0.47084856320150437 45
1780550781496 0.3235592769803296 46
1780550781498 0.31670838420838426 47
1780550781500 0.5132116004296455 48
1780550781502 0.39693665802024936 49
1780550781504 0.40948230513447903 50
1780550781505 0.3880130520494297 51
1780550781507 0.3602729312063809 52
1780550781509 0.35586299292214363 53
1780550781511 0.44382557665232436 54
1780550781513 0.38281024531024527 55
1780550781514 0.39081817808306163 56
1780550781516 0.47245023829548644 57
1780550781518 0.38159841323634425 58
1780550781520 0.38953536716694614 59
1780550781522 0.3538095238095238 60
1780550781523 0.45279418428753077 61
1780550781525 0.39765512265512265 62
1780550781527 0.459577193196119 63
1780550781529 0.4783520767731294 64
1780550781531 0.44188789280894547 65
1780550781533 0.4370210345210346 66
1780550781534 0.4821966921966922 67
1780550781536 0.35501111194659585 68
1780550781538 0.4895546631730842 69
1780550781540 0.40606976662149075 70
1780550781542 0.4346062271062271 71
1780550781544 0.46198602567023617 72
1780550781545 0.4173154696181012 73
1780550781547 0.495539800701091 74
1780550781549 0.3761309523809524 75
1780550781551 0.4288078261607674 76
1780550781553 0.4562602593484947 77
1780550781554 0.41252005234718 78
1780550781556 0.43860028860028855 79
1780550781558 0.41989393418185994 80
1780550781560 0.38858049886621315 81
1780550781562 0.5228876678876679 82
1780550781564 0.32988269849095875 83
1780550781566 0.41236000354421404 84
1780550781568 0.45499999999999996 85
1780550781570 0.3212422360248447 86
1780550781572 0.3779112901617439 87
1780550781573 0.4109587912087912 88
1780550781575 0.4090152873131596 89
1780550781577 0.3623179046563193 90
1780550781579 0.3291513141734218 91
1780550781581 0.4948599137139035 92
1780550781583 0.4034293725598074 93
1780550781584 0.3024925867783011 94
1780550781586 0.4580583241048357 95
1780550781588 0.39292239772422694 96
1780550781590 0.36186877946523943 97
1780550781592 0.404877953587631 98
1780550781593 0.4645428303765999 99
1780550781595 0.32585164835164837 100
1780550781597 0.41908331363976525 101
1780550781599 0.4469703243616287 102
1780550781600 0.4550693700768663 103
1780550781602 0.4814685676642198 104
1780550781604 0.37211562791510205 105
1780550781606 0.4479401154401154 106
1780550781608 0.38408912311944354 107
1780550781609 0.4395318825910931 108
1780550781611 0.4336034750908893 109
1780550781613 0.44533507029570024 110
1780550781615 0.5075328919446566 111
1780550781616 0.43789199974861737 112
1780550781618 0.4351764270627111 113
1780550781620 0.40683034355649134 114
1780550781622 0.4026886747417528 115
1780550781624 0.3651037471460349 116
1780550781626 0.49786060065665333 117
1780550781628 0.4145824866219602 118
1780550781629 0.37136245698745696 119
1780550781631 0.27628047240116205 120
1780550781633 0.47513421763421765 121
1780550781635 0.4512016180540771 122
1780550781637 0.5186637124137123 123
1780550781638 0.3879166666666667 124
1780550781640 0.4279585650164132 125
1780550781642 0.5317436193172143 126
1780550781644 0.5562254901960784 127
1780550781646 0.45111111111111113 128
1780550781647 0.43607832234022037 129
1780550781649 0.5274645396384526 130
1780550781651 0.3256461616843926 131
1780550781653 0.4596615163796015 132
1780550781655 0.3688598777271546 133
1780550781656 0.3756175197351668 134
1780550781658 0.4587186509143031 135
1780550781660 0.4283365757049967 136
1780550781662 0.49940861607528275 137
1780550781664 0.4843350215070764 138
1780550781666 0.42189727051016945 139
1780550781667 0.4560087719298246 140
1780550781669 0.42744444444444446 141
1780550781671 0.4152827144363691 142
1780550781673 0.427878125466414 143
1780550781675 0.4932353051461812 144
1780550781676 0.42121153284946383 145
1780550781678 0.5148211437685122 146
1780550781680 0.41237748737748736 147
1780550781682 0.4142210561385974 148
1780550781683 0.48011398176291786 149
1780550781685 0.4537165612165611 150
1780550781687 0.48121090454018844 151
1780550781689 0.3550801031875201 152
1780550781691 0.22961397357949082 153
1780550781692 0.3856791221857516 154
1780550781694 0.45871933621933625 155
1780550781696 0.418027612738139 156
1780550781698 0.4888112990976813 157
1780550781699 0.3517258566397734 158
1780550781701 0.39733815469109585 159
1780550781703 0.5058973447131343 160
1780550781705 0.20853953473715725 161
1780550781707 0.4778674055829228 162
1780550781708 0.4016164994425864 163
1780550781710 0.4147036781477009 164
1780550781712 0.4059722641699386 165
1780550781714 0.33343124461615875 166
1780550781716 0.39758378296421776 167
1780550781717 0.4423722943722943 168
1780550781719 0.46045433324845086 169
1780550781721 0.4534549291437836 170
1780550781723 0.5252876984126984 171
1780550781724 0.27292465988118164 172
1780550781726 0.4153138042611727 173
1780550781728 0.33597168597168603 174
1780550781730 0.49472523644937444 175
1780550781732 0.3776302267526524 176
1780550781734 0.38723967738052245 177
1780550781735 0.35480063856256855 178
1780550781737 0.4372426900584795 179
1780550781739 0.3980106100795756 180
1780550781741 0.41026921860382687 181
1780550781743 0.4089842151811592 182
1780550781744 0.3599417989417989 183
1780550781746 0.47927998645671066 184
1780550781748 0.41153679653679653 185
1780550781750 0.3718317965559345 186
1780550781752 0.43877180622651635 187
1780550781753 0.331224358974359 188
1780550781755 0.34927370637896954 189
1780550781757 0.3984442409442409 190
1780550781759 0.3689112139120421 191
1780550781761 0.24740010946907504 192
1780550781762 0.4422294234832934 193
1780550781764 0.4293577357601747 194
1780550781766 0.36923243423243424 195
1780550781768 0.3867172778202189 196
1780550781770 0.4574392388406876 197
1780550781771 0.481868348712611 198
1780550781773 0.4291890331890332 199
1780550781775 0.3710701345755693 200
1780550781777 0.3884165698799845 201
1780550781778 0.335505698005698 202
1780550781780 0.360391562460528 203
1780550781782 0.4398724082934609 204
1780550781784 0.3296670117322291 205
1780550781786 0.420474749969132 206
1780550781787 0.3534779399704773 207
1780550781789 0.4613747412008281 208
1780550781791 0.36622751322751323 209
1780550781793 0.49816181403137916 210
1780550781795 0.4267327717327718 211
1780550781797 0.3428478526304613 212
1780550781798 0.4068677267839127 213
1780550781800 0.46122024414421164 214
1780550781802 0.4606425120772947 215
1780550781804 0.36685653056620793 216
1780550781805 0.43837291130769385 217
1780550781807 0.47896087902245543 218
1780550781809 0.43476662226662227 219
1780550781811 0.41594672398464977 220
1780550781812 0.4854543968239621 221
1780550781814 0.4514586044944294 222
1780550781816 0.48441395969621776 223
1780550781818 0.285041875335993 224
1780550781820 0.25089517574623954 225
1780550781821 0.2668173180497124 226
1780550781823 0.4490043290043291 227
1780550781825 0.4248161296521764 228
1780550781827 0.32585284280936455 229
1780550781828 0.3680167371594771 230
1780550781830 0.3519261239849475 231
1780550781832 0.49369059011164274 232
1780550781834 0.33395248026826974 233
1780550781836 0.4137687422449085 234
1780550781838 0.4229621803634962 235
1780550781840 0.35096360198527377 236
1780550781841 0.4349865900383142 237
1780550781843 0.508579130896204 238
1780550781845 0.40828663446054747 239
1780550781847 0.4518000563122514 240
1780550781849 0.34343205574912894 241
1780550781850 0.4955506993006993 242
1780550781852 0.36366396761133607 243
1780550781854 0.432627408823061 244
1780550781856 0.4094227994227994 245
1780550781858 0.4505212932630679 246
1780550781860 0.4475888057192406 247
1780550781861 0.43968857080312185 248
1780550781863 0.4269647068797475 249
1780550781865 0.42526030318483155 250
1780550781867 0.4238614718614719 251
1780550781869 0.44804139825691547 252
1780550781870 0.40340909090909094 253
1780550781872 0.37012279387279384 254
1780550781874 0.43028414705645945 255
1780550781876 0.4282898422526905 256
1780550781877 0.43353297840875477 257
1780550781879 0.3722642043420412 258
1780550781881 0.4114014202172097 259
1780550781883 0.3570132785405483 260
1780550781885 0.5055264961530945 261
1780550781886 0.4408976470389514 262
1780550781888 0.4622507024529172 263
1780550781890 0.44131449502878073 264
1780550781892 0.5100271607552813 265
1780550781893 0.42331243469174507 266
1780550781895 0.4120536729184428 267
1780550781897 0.35534003831417627 268
1780550781899 0.39337345442608596 269
1780550781900 0.42318143157152444 270
1780550781902 0.46541446612015214 271
1780550781904 0.43952174475452804 272
1780550781906 0.36968582887700535 273
1780550781908 0.386103754214684 274
1780550781910 0.45054005935584884 275
1780550781912 0.3976029503804103 276
1780550781913 0.4262969725343321 277
1780550781915 0.43403352461491995 278
1780550781917 0.37674712628273 279
1780550781919 0.363781589390142 280
1780550781921 0.4913356643356644 281
1780550781922 0.43597455176402544 282
1780550781924 0.41921228175064496 283
1780550781926 0.4292089024778485 284
1780550781928 0.38742075486321015 285
1780550781929 0.40629200864494985 286
1780550781931 0.46297484698463415 287
1780550781933 0.44514069264069267 288
1780550781935 0.3939712189983929 289
1780550781937 0.36131466486729646 290
1780550781938 0.45668096818903264 291
1780550781940 0.38721486448700826 292
1780550781942 0.48088131313131316 293
1780550781944 0.4672355572355572 294
1780550781945 0.4418278018278018 295
1780550781947 0.3837161814793394 296
1780550781949 0.40799823795767 297
1780550781951 0.443525574872324 298
