1780138391340 0.0 0
1780138391343 0.07158819501782226 1
1780138391345 0.14278764190343574 2
1780138391347 0.3337880613394554 3
1780138391349 0.2955563834511203 4
1780138391352 0.41357435472401793 5
1780138391354 0.6258147422428343 6
1780138391356 0.7432432380516842 7
1780138391358 0.5944611135990447 8
1780138391361 0.7141127628034649 9
1780138391363 0.7164589878653002 10
1780138391365 0.7527209475419023 11
1780138391367 0.7478542188852626 12
1780138391369 0.7782031518825944 13
1780138391372 0.7563395381035709 14
1780138391374 0.6297549321939566 15
1780138391376 0.805293531427786 16
1780138391379 0.7472069962442236 17
1780138391381 0.5798235058628991 18
1780138391383 0.811189881967589 19
1780138391385 0.7796449597297954 20
1780138391388 0.7509692122964953 21
1780138391390 0.8086730877405197 22
1780138391392 0.7361161377249955 23
1780138391395 0.8253108558226747 24
1780138391397 0.8039369556492201 25
1780138391399 0.5997597049969801 26
1780138391401 0.7097809671662143 27
1780138391404 0.8366349182890536 28
1780138391406 0.7546603743940236 29
1780138391408 0.8685378946108979 30
1780138391410 0.46883486883486886 31
1780138391413 0.8496263665388482 32
1780138391415 0.7781235960562765 33
1780138391417 0.8016743798207214 34
1780138391419 0.7874881778270887 35
1780138391421 0.6741151764747427 36
1780138391424 0.8462365610175773 37
1780138391426 0.6852224514087799 38
1780138391428 0.834156956714194 39
1780138391430 0.7902762780062551 40
1780138391433 0.8634343409987497 41
1780138391435 0.8849639988471825 42
1780138391437 0.7829212835330892 43
1780138391439 0.8495517545517546 44
1780138391442 0.863823205421679 45
1780138391444 0.7582006532304802 46
1780138391446 0.8180471982099888 47
1780138391448 0.740985916244205 48
1780138391450 0.9447878513026138 49
1780138391453 0.871721350897951 50
1780138391455 0.8845647995915185 51
1780138391457 0.6903075020167726 52
1780138391460 0.8207966710515835 53
1780138391462 0.8298654021297841 54
1780138391464 0.7727242388366217 55
1780138391466 0.8532121344637391 56
1780138391468 0.7944840658331949 57
1780138391471 0.8673990717013973 58
1780138391473 0.8114117114117114 59
1780138391475 0.6969479281611635 60
1780138391478 0.8299613853638622 61
1780138391480 0.8736874460385522 62
1780138391482 0.7674317832870464 63
1780138391484 0.9243828579222793 64
1780138391487 0.8629312740560191 65
1780138391489 0.8805806180700728 66
1780138391491 0.8601487942951357 67
1780138391494 0.8581812309668535 68
1780138391496 0.765599754609742 69
1780138391498 0.8700734159866208 70
1780138391501 0.8206970523771696 71
1780138391503 0.764869924414212 72
1780138391505 0.9348547328045491 73
1780138391507 0.9143069537525701 74
1780138391509 0.9296950790005394 75
1780138391512 0.9183025779669409 76
1780138391514 0.9082853874124733 77
1780138391516 0.7651470083539776 78
1780138391518 0.8565191630162194 79
1780138391521 0.9319948854608675 80
1780138391523 0.9003887168902649 81
1780138391525 0.8569926357406981 82
1780138391528 0.8153027775258928 83
1780138391530 0.9039658731622191 84
1780138391532 0.9550745061528116 85
1780138391534 0.8770285405232169 86
1780138391537 0.8766464513861854 87
1780138391539 0.9002169856117972 88
1780138391541 0.9251021846657277 89
1780138391543 0.9091572945162236 90
1780138391546 0.7905826823730251 91
1780138391548 0.6782025132884586 92
1780138391550 0.8857717731291371 93
1780138391552 0.9072442502737754 94
1780138391555 0.8367185739221062 95
1780138391557 0.8933006941067363 96
1780138391559 0.8295098944988373 97
1780138391561 0.9032837295353342 98
1780138391564 0.7881420067113476 99
1780138391566 0.7960700973030824 100
1780138391568 0.9247795912801735 101
1780138391570 0.8821970080938751 102
1780138391573 0.7551206857921922 103
1780138391575 0.838633138461026 104
1780138391577 0.9453384910679594 105
1780138391579 0.910395710639613 106
1780138391582 0.8855767788663209 107
1780138391584 0.9354712232568458 108
1780138391586 0.9191983701969673 109
1780138391588 0.9348415991470593 110
1780138391590 0.8633037095553142 111
1780138391593 0.9060079565918254 112
1780138391595 0.8404584026867497 113
1780138391597 0.9405646386134192 114
1780138391600 0.8615451836729114 115
1780138391602 0.9548015053778256 116
1780138391604 0.9252536595509101 117
1780138391607 0.9152582165965392 118
1780138391609 0.9198389086364129 119
1780138391611 0.9000773598142018 120
1780138391613 0.9090214521253122 121
1780138391615 0.9265243357650668 122
1780138391618 0.9103570038037304 123
1780138391620 0.8603156974944002 124
1780138391622 0.9110778503081784 125
1780138391625 0.8482874045160008 126
1780138391627 0.844093451100479 127
1780138391629 0.8145364875355119 128
1780138391631 0.81531090170437 129
1780138391633 0.784144000493042 130
1780138391636 0.9138056557248682 131
1780138391638 0.8615404032092094 132
1780138391640 0.901136166295285 133
1780138391642 0.9448190363337989 134
1780138391644 0.870568538175533 135
1780138391647 0.7985190160361577 136
1780138391649 0.7751509474784768 137
1780138391651 0.8738882702732138 138
1780138391653 0.8718788307862866 139
1780138391656 0.89725914923688 140
1780138391658 0.8554959933440799 141
1780138391660 0.8932725406409618 142
1780138391662 0.8802738872934711 143
1780138391664 0.38213334558162143 144
1780138391667 0.8870268455611919 145
1780138391669 0.894682829070834 146
1780138391671 0.9302920429919863 147
1780138391673 0.9392413393097037 148
1780138391676 0.9293390682222519 149
1780138391678 0.9076041123126639 150
1780138391680 0.9350848744751182 151
1780138391682 0.9152925037411646 152
1780138391684 0.9421431157631416 153
1780138391687 0.9352266462201679 154
1780138391689 0.9348342243977674 155
1780138391691 0.9457997501001353 156
1780138391693 0.9293211900699138 157
1780138391696 0.8873049381260953 158
1780138391698 0.9302295413954667 159
1780138391700 0.9056382017297808 160
1780138391702 0.9661040991528796 161
1780138391705 0.9551902351760548 162
1780138391707 0.9699436207780238 163
1780138391709 0.9500762395499238 164
1780138391711 0.9599185581213823 165
1780138391714 0.9352238889337734 166
1780138391716 0.8984932212632563 167
1780138391718 0.9650427275702673 168
1780138391721 0.9649776175899409 169
1780138391723 0.9543704398582449 170
1780138391725 0.9084525206476426 171
1780138391727 0.9176633444444742 172
1780138391730 0.807054520578833 173
1780138391732 0.9746878357853968 174
1780138391734 0.9455340905148353 175
1780138391736 0.9598561601000626 176
1780138391738 0.9450245911079718 177
1780138391741 0.9605278522017334 178
1780138391743 0.9899937460913073 179
1780138391745 0.9851067631555436 180
1780138391747 0.9702255874207093 181
1780138391750 0.9450790672741892 182
1780138391752 0.9448555094190525 183
1780138391754 0.9593426969550205 184
1780138391756 0.9699843652282677 185
1780138391758 0.954840972036094 186
1780138391761 0.9469936001964243 187
1780138391763 0.9284889365377171 188
1780138391765 0.9456966076285717 189
1780138391767 0.9357760881252537 190
1780138391770 0.9549441145076575 191
1780138391772 0.9396274208841007 192
1780138391774 0.9599088937971525 193
1780138391776 0.9653148196202798 194
1780138391779 0.939927077281318 195
1780138391781 0.959903995321197 196
1780138391783 0.9102603583190693 197
1780138391785 0.863517473920495 198
1780138391787 0.9552183930746191 199
1780138391790 0.9548499061913697 200
1780138391792 0.9849906191369605 201
1780138391794 0.9301915906087921 202
1780138391796 0.960924042438805 203
1780138391799 0.9402933459351944 204
1780138391801 0.8580112403796616 205
1780138391803 0.9447660042305831 206
1780138391806 0.9751036362011971 207
1780138391808 0.9949968730456537 208
1780138391810 0.9501915906087921 209
1780138391812 0.9650906346541775 210
1780138391815 0.9015159897238888 211
1780138391817 0.955475297060663 212
1780138391820 0.8901657256170822 213
1780138391822 0.960189741446421 214
1780138391824 0.964849412461736 215
1780138391826 0.9799906191369608 216
1780138391829 0.9749655564803191 217
1780138391831 0.9652094589193434 218
1780138391833 0.9899937460913071 219
1780138391835 0.9651928684007676 220
1780138391838 0.9649843652282677 221
1780138391840 0.9848556663704289 222
1780138391842 0.9649614890885753 223
1780138391844 0.9801928684007676 224
1780138391847 0.9699744906355946 225
1780138391849 0.8839362947706977 226
1780138391851 0.9440279574939396 227
1780138391853 0.9748525394160824 228
1780138391855 0.9899968730456535 229
1780138391858 0.9649691771642992 230
1780138391860 0.9801156973108192 231
1780138391862 0.9113619286954062 232
1780138391864 0.9699812382739212 233
1780138391867 0.9649534953706969 234
1780138391869 0.9387419145621374 235
1780138391871 0.9652166532654338 236
1780138391873 0.9596535510642745 237
1780138391876 0.9454745410915528 238
1780138391878 0.9750817004989021 239
1780138391880 0.9750906346541777 240
1780138391882 0.8527852123532156 241
1780138391885 0.8718102159278629 242
1780138391887 0.9647243342878772 243
1780138391889 0.8863753469465921 244
1780138391891 0.94697506794281 245
1780138391893 0.9853309481216458 246
1780138391896 0.9749686834346655 247
1780138391898 0.9502897569636382 248
1780138391900 0.9801067631555437 249
1780138391902 0.9701005092468507 250
1780138391905 0.9698373513521139 251
1780138391907 0.9798587933247752 252
1780138391909 0.9599076160051772 253
1780138391911 0.9700875076998313 254
1780138391914 0.9646029834912422 255
1780138391916 0.9645674458190504 256
1780138391918 0.9455604554564163 257
1780138391921 0.9851067631555438 258
1780138391923 0.9186667288317217 259
1780138391925 0.9698306037137872 260
1780138391928 0.9600785735445555 261
1780138391930 0.8510814587230818 262
1780138391932 0.9549614890885751 263
1780138391934 0.9848556663704289 264
1780138391937 0.9749937460913071 265
1780138391939 0.9643735117419328 266
1780138391941 0.8786561947537559 267
1780138391943 0.9798337306681338 268
1780138391945 0.9801067631555437 269
1780138391948 0.9550447552886577 270
1780138391950 0.979855666370429 271
1780138391952 0.9698008528496332 272
1780138391954 0.9649744906355945 273
1780138391957 0.9550686989518825 274
1780138391959 0.9798525394160823 275
1780138391961 0.9550405093408945 276
1780138391963 0.9849749373433584 277
1780138391965 0.9462322742586646 278
1780138391968 0.7681829573934837 279
1780138391970 0.8988644810695335 280
1780138391972 0.9365987555503035 281
1780138391974 0.9562081312081311 282
1780138391976 0.9650906346541778 283
1780138391979 0.9749718103890119 284
1780138391981 0.984855666370429 285
1780138391983 0.9798525394160823 286
1780138391985 0.9648373513521138 287
1780138391987 0.9649286112700747 288
1780138391990 0.9849718103890119 289
1780138391992 0.965061536318216 290
1780138391994 0.974865540963102 291
1780138391996 0.9649234565973378 292
1780138391999 0.9501696549064971 293
1780138392001 0.969987492182614 294
1780138392003 0.9550265990689013 295
1780138392005 0.955418455821477 296
1780138392007 0.9849718103890119 297
1780138392010 0.9799785580273385 298
1780138392012 0.9446784549223575 299
1780138392014 0.9650995688094535 300
1780138392016 0.9748587933247752 301
1780138392018 0.9699785580273386 302
1780138392021 0.9228834340753845 303
1780138392023 0.9647966069018701 304
1780138392025 0.9435062159599212 305
1780138392027 0.9549556818876459 306
1780138392030 0.7500632651646054 307
1780138392032 0.9699718103890117 308
1780138392034 0.9407495777682596 309
1780138392036 0.901060420595269 310
1780138392039 0.9501604229460454 311
1780138392041 0.959233043379385 312
1780138392043 0.9799906191369605 313
