1780121339172 0.0 0
1780121339175 0.023764233954451344 1
1780121339177 0.21601117014600674 2
1780121339179 0.5345472877596289 3
1780121339181 0.5897154101520667 4
1780121339183 0.5556622596424202 5
1780121339185 0.7185222346091912 6
1780121339187 0.6324029771398193 7
1780121339189 0.4901234567901234 8
1780121339191 0.7986965397464373 9
1780121339194 0.5963966600137569 10
1780121339196 0.6904301075268817 11
1780121339198 0.7565177269231975 12
1780121339200 0.7329268292682928 13
1780121339202 0.7175478196530828 14
1780121339204 0.7483825466945672 15
1780121339206 0.717555209310685 16
1780121339208 0.7567807094249935 17
1780121339210 0.7670505323375179 18
1780121339212 0.7958265569880815 19
1780121339214 0.7820021962153302 20
1780121339216 0.7525578729990495 21
1780121339218 0.7735924664395912 22
1780121339220 0.7923726509950766 23
1780121339222 0.8157631714429062 24
1780121339225 0.8318947882183176 25
1780121339227 0.7443421052631579 26
1780121339229 0.8494438949356489 27
1780121339231 0.7725728056162838 28
1780121339233 0.8314450614221782 29
1780121339235 0.8328972174173412 30
1780121339237 0.8711309523809524 31
1780121339239 0.7992787999932025 32
1780121339241 0.8545956458999939 33
1780121339243 0.8132923655292077 34
1780121339245 0.7936802413273002 35
1780121339247 0.8420920382299693 36
1780121339249 0.8439069643806485 37
1780121339251 0.8565006233521946 38
1780121339253 0.8635198418039985 39
1780121339256 0.889919400774664 40
1780121339258 0.7034588713534193 41
1780121339260 0.8324761904761905 42
1780121339262 0.8621719531720877 43
1780121339264 0.9083444117540228 44
1780121339266 0.7969221628045158 45
1780121339268 0.8627113354481777 46
1780121339271 0.8565760869565218 47
1780121339273 0.8942658899308515 48
1780121339275 0.9119531024531025 49
1780121339277 0.8109132511296935 50
1780121339279 0.8743547273982056 51
1780121339281 0.8947702507256283 52
1780121339283 0.8673482357369824 53
1780121339285 0.8629079650999156 54
1780121339287 0.7605783519962624 55
1780121339289 0.9148200280112044 56
1780121339291 0.9258119630627369 57
1780121339293 0.8997833805528312 58
1780121339295 0.8418366393332068 59
1780121339297 0.9122765246449458 60
1780121339299 0.7397334244702666 61
1780121339301 0.8940267335004176 62
1780121339303 0.8587045171603995 63
1780121339306 0.8479766293753709 64
1780121339308 0.8979590643274854 65
1780121339310 0.8835350398393876 66
1780121339312 0.8085696248196248 67
1780121339314 0.8317661605705083 68
1780121339316 0.9197020218530516 69
1780121339318 0.8874352737905371 70
1780121339320 0.88625588179936 71
1780121339322 0.8835244640307568 72
1780121339324 0.869493056904956 73
1780121339326 0.8548602339925869 74
1780121339328 0.859455664949086 75
1780121339330 0.914708328792997 76
1780121339332 0.9487301587301588 77
1780121339334 0.9170583806645187 78
1780121339336 0.8986996270320068 79
1780121339338 0.7487529429634693 80
1780121339340 0.9026975454213307 81
1780121339342 0.8862534383998917 82
1780121339344 0.9296320346320346 83
1780121339346 0.90246259175607 84
1780121339349 0.912565124933546 85
1780121339351 0.9260035464154457 86
1780121339353 0.8571838810032213 87
1780121339355 0.8864661936528945 88
1780121339357 0.9389609513293724 89
1780121339359 0.8638937511763599 90
1780121339361 0.8667532467532467 91
1780121339363 0.8999368686868687 92
1780121339365 0.9160405955600464 93
1780121339367 0.8942763772175537 94
1780121339369 0.8806167138861648 95
1780121339371 0.9240371762740184 96
1780121339373 0.8769410112516519 97
1780121339375 0.8993586238323079 98
1780121339377 0.8538941748788297 99
1780121339379 0.8849912464985994 100
1780121339381 0.9434391534391533 101
1780121339383 0.8631534255218465 102
1780121339385 0.9439153439153438 103
1780121339388 0.9210537707906129 104
1780121339390 0.8956277056277058 105
1780121339392 0.9086198583138609 106
1780121339394 0.9155797229945838 107
1780121339396 0.8756815425660924 108
1780121339398 0.8934502923976609 109
1780121339400 0.8888926862611074 110
1780121339402 0.8740476190476191 111
1780121339404 0.8003688141923437 112
1780121339406 0.8220837355379078 113
1780121339408 0.8816744066047472 114
1780121339410 0.8852043570464623 115
1780121339412 0.9263305790543642 116
1780121339414 0.945185427336457 117
1780121339416 0.9369845067213488 118
1780121339418 0.8605949300097906 119
1780121339420 0.9229992333088308 120
1780121339422 0.9351264524948736 121
1780121339424 0.937121591858434 122
1780121339427 0.9570745044429255 123
1780121339429 0.9448020578455362 124
1780121339431 0.9098901799954431 125
1780121339433 0.8864862914862914 126
1780121339435 0.908594584286804 127
1780121339437 0.8561569252900523 128
1780121339439 0.8966361754187842 129
1780121339441 0.8327495543672014 130
1780121339443 0.8792205790890002 131
1780121339445 0.9442445054945056 132
1780121339447 0.8987741091860085 133
1780121339449 0.8999567099567098 134
1780121339451 0.9372408293460925 135
1780121339453 0.852080521817364 136
1780121339455 0.9392366946778712 137
1780121339457 0.9235983139667351 138
1780121339459 0.9242448815274902 139
1780121339462 0.9571428571428571 140
1780121339464 0.9206966279334701 141
1780121339466 0.9192251082251083 142
1780121339468 0.8999831616146814 143
1780121339470 0.9498272195640618 144
1780121339472 0.9063901025085235 145
1780121339474 0.8259688045872255 146
1780121339476 0.9416232889917101 147
1780121339478 0.9304384214818997 148
1780121339480 0.9060251322751324 149
1780121339482 0.9099675324675325 150
1780121339484 0.9488179936006024 151
1780121339486 0.9376206821401329 152
1780121339488 0.9349316473000684 153
1780121339490 0.8459473109473109 154
1780121339492 0.9338596044478397 155
1780121339494 0.9609523809523809 156
1780121339496 0.9315566584445303 157
1780121339499 0.9461021537801724 158
1780121339501 0.9376987924356346 159
1780121339503 0.9516017316017316 160
1780121339505 0.952620682140133 161
1780121339507 0.9233737939620292 162
1780121339509 0.9570280774399766 163
1780121339511 0.9413576761402848 164
1780121339513 0.9738095238095239 165
1780121339515 0.9367649195452398 166
1780121339517 0.966598313966735 167
1780121339519 0.915609077977499 168
1780121339521 0.9324784072610159 169
1780121339523 0.9647186147186148 170
1780121339525 0.9153124114634412 171
1780121339527 0.9197267410951622 172
1780121339530 0.9330807264817563 173
1780121339532 0.946111111111111 174
1780121339534 0.9424008550788738 175
1780121339536 0.9334962406015037 176
1780121339538 0.9392502996621989 177
1780121339540 0.8843657718270721 178
1780121339542 0.9685463659147869 179
1780121339544 0.9676024547534844 180
1780121339546 0.975689223057644 181
1780121339548 0.9668147641831852 182
1780121339550 0.9642857142857142 183
1780121339552 0.9660970608339028 184
1780121339554 0.9724327122153209 185
1780121339557 0.9761904761904763 186
1780121339559 0.9468520940031236 187
1780121339561 0.9584415584415584 188
1780121339563 0.9598883572567785 189
1780121339565 0.9475481523307611 190
1780121339567 0.944139388876231 191
1780121339569 0.9681037078863165 192
1780121339571 0.9492041863552162 193
1780121339573 0.9593892339544514 194
1780121339575 0.9251010338952861 195
1780121339577 0.9568665648077411 196
1780121339579 0.9391715289541377 197
1780121339581 0.9241507718287905 198
1780121339583 0.9012838468720823 199
1780121339585 0.9036994107988023 200
1780121339587 0.9608840282524493 201
1780121339589 0.9409169663288657 202
1780121339591 0.9661904761904762 203
1780121339594 0.9551731601731601 204
1780121339596 0.9659090909090908 205
1780121339598 0.9807142857142856 206
1780121339600 0.9904761904761905 207
1780121339602 0.9761221234905445 208
1780121339604 0.9570312143996353 209
1780121339606 0.9633418031244119 210
1780121339608 0.9763852813852812 211
1780121339610 0.9902380952380951 212
1780121339612 0.9549723947550035 213
1780121339614 0.9081309128677549 214
1780121339616 0.9556277056277057 215
1780121339618 0.9623160173160172 216
1780121339621 0.9372396231219762 217
1780121339623 0.9857142857142858 218
1780121339625 0.9530598234717227 219
1780121339627 0.9821946169772258 220
1780121339629 0.9588795986622074 221
1780121339631 0.9518297258297258 222
1780121339633 0.9357222487657271 223
1780121339635 0.9573392968587475 224
1780121339637 0.9620312143996355 225
1780121339639 0.9619063964258473 226
1780121339641 0.976190476190476 227
1780121339643 0.9069458890969188 228
1780121339646 0.9537858535226956 229
1780121339648 0.9857142857142858 230
1780121339650 0.9668614718614718 231
1780121339652 0.9571933621933623 232
1780121339654 0.9623376623376624 233
1780121339656 0.9373867433735853 234
1780121339658 0.9716233766233767 235
1780121339660 0.9537991718426501 236
1780121339662 0.9719314590824888 237
1780121339664 0.9813852813852814 238
1780121339666 0.962548152330761 239
1780121339668 0.9690476190476192 240
1780121339670 0.9749498746867168 241
1780121339672 0.9759523809523808 242
1780121339675 0.980952380952381 243
1780121339677 0.9715007215007215 244
1780121339679 0.9445302445302446 245
1780121339681 0.9378129855367707 246
1780121339683 0.9640490114174325 247
1780121339685 0.9902380952380951 248
1780121339687 0.9528838400348698 249
1780121339689 0.8718312084559223 250
1780121339691 0.9807142857142856 251
1780121339693 0.9323865218602061 252
1780121339695 0.9655462184873949 253
1780121339697 0.9559090909090908 254
1780121339699 0.9818181818181818 255
1780121339701 0.9567604617604617 256
1780121339703 0.9525757575757575 257
1780121339705 0.9763852813852812 258
1780121339708 0.9861471861471862 259
1780121339710 0.9378006775832862 260
1780121339712 0.9716933638443935 261
1780121339714 0.977432712215321 262
1780121339716 0.9709273182957393 263
1780121339718 0.9476630434782608 264
1780121339720 0.9225317244260076 265
1780121339722 0.9383600305110601 266
1780121339724 0.9661221234905446 267
1780121339726 0.9336271713767177 268
1780121339728 0.867847137606863 269
1780121339730 0.9813852813852814 270
1780121339732 0.9470061517429939 271
1780121339734 0.931940836940837 272
1780121339736 0.966598313966735 273
1780121339739 0.9341269841269841 274
1780121339741 0.9621946169772256 275
1780121339743 0.9427528027528027 276
1780121339745 0.9679089026915113 277
1780121339747 0.9433616650321455 278
1780121339749 0.9663852813852813 279
1780121339751 0.9804761904761904 280
1780121339753 0.9371428571428572 281
1780121339755 0.9559540562636537 282
1780121339757 0.9730158730158731 283
1780121339759 0.9857142857142858 284
1780121339761 0.9571933621933623 285
1780121339763 0.9811471861471862 286
1780121339766 0.9711471861471861 287
1780121339768 0.9716233766233765 288
1780121339770 0.9618364092048302 289
1780121339772 0.9702130325814536 290
1780121339774 0.9857142857142858 291
1780121339776 0.9464505961874383 292
1780121339778 0.9706892230576442 293
1780121339780 0.9316776790461001 294
1780121339782 0.977432712215321 295
1780121339784 0.9761471861471861 296
1780121339786 0.9711904761904762 297
1780121339788 0.9629089026915114 298
1780121339790 0.9807142857142856 299
1780121339792 0.9671946169772256 300
1780121339794 0.9721946169772255 301
1780121339796 0.9718614718614719 302
1780121339798 0.9638095238095239 303
1780121339800 0.9572943722943721 304
1780121339802 0.951998556998557 305
1780121339804 0.9457796005164425 306
1780121339806 0.9702380952380952 307
1780121339808 0.9681037078863166 308
1780121339810 0.9671946169772255 309
1780121339812 0.9610427584111795 310
1780121339814 0.9405205411648243 311
1780121339816 0.9405672488431109 312
1780121339818 0.9621152518978604 313
