1780135884622 0.0 0
1780135884625 0.11500000000000002 1
1780135884627 0.27999999999999997 2
1780135884630 0.48 3
1780135884632 0.465 4
1780135884634 0.345 5
1780135884636 0.40499999999999997 6
1780135884639 0.56 7
1780135884641 0.49000000000000005 8
1780135884643 0.6849999999999998 9
1780135884645 0.5349999999999999 10
1780135884647 0.545 11
1780135884650 0.585 12
1780135884652 0.575 13
1780135884654 0.7500000000000001 14
1780135884656 0.6449999999999999 15
1780135884658 0.45 16
1780135884660 0.77 17
1780135884662 0.6849999999999999 18
1780135884665 0.49499999999999994 19
1780135884667 0.805 20
1780135884669 0.6499999999999999 21
1780135884671 0.645 22
1780135884674 0.7349999999999999 23
1780135884676 0.77 24
1780135884678 0.5700000000000001 25
1780135884680 0.7899999999999999 26
1780135884682 0.8100000000000002 27
1780135884685 0.6 28
1780135884687 0.8100000000000002 29
1780135884689 0.735 30
1780135884691 0.78 31
1780135884700 0.845 32
1780135884703 0.7 33
1780135884706 0.7100000000000002 34
1780135884708 0.6599999999999999 35
1780135884710 0.575 36
1780135884712 0.8150000000000001 37
1780135884714 0.8950000000000001 38
1780135884717 0.785 39
1780135884719 0.32999999999999996 40
1780135884721 0.845 41
1780135884723 0.6649999999999999 42
1780135884726 0.685 43
1780135884728 0.8099999999999999 44
1780135884730 0.5549999999999999 45
1780135884732 0.9099999999999999 46
1780135884735 0.8400000000000001 47
1780135884737 0.885 48
1780135884739 0.9199999999999999 49
1780135884742 0.865 50
1780135884744 0.5900000000000001 51
1780135884746 0.8250000000000002 52
1780135884748 0.8400000000000001 53
1780135884750 0.89 54
1780135884753 0.635 55
1780135884755 0.7850000000000001 56
1780135884757 0.8550000000000001 57
1780135884759 0.82 58
1780135884762 0.89 59
1780135884764 0.8899999999999999 60
1780135884766 0.7999999999999999 61
1780135884768 0.8800000000000001 62
1780135884771 0.745 63
1780135884773 0.82 64
1780135884775 0.75 65
1780135884777 0.875 66
1780135884780 0.72 67
1780135884782 0.905 68
1780135884784 0.8800000000000001 69
1780135884786 0.8850000000000001 70
1780135884788 0.8550000000000001 71
1780135884791 0.7849999999999999 72
1780135884793 0.78 73
1780135884795 0.915 74
1780135884797 0.9249999999999998 75
1780135884800 0.89 76
1780135884802 0.9 77
1780135884804 0.915 78
1780135884807 0.9299999999999999 79
1780135884809 0.905 80
1780135884811 0.9199999999999999 81
1780135884813 0.8949999999999999 82
1780135884816 0.9199999999999999 83
1780135884818 0.8850000000000001 84
1780135884820 0.9650000000000001 85
1780135884823 0.8800000000000001 86
1780135884825 0.9099999999999999 87
1780135884827 0.8800000000000001 88
1780135884829 0.8100000000000002 89
1780135884831 0.67 90
1780135884834 0.8949999999999999 91
1780135884836 0.925 92
1780135884838 0.9550000000000001 93
1780135884840 0.85 94
1780135884842 0.8949999999999999 95
1780135884845 0.82 96
1780135884847 0.9199999999999999 97
1780135884849 0.7899999999999999 98
1780135884851 0.9349999999999999 99
1780135884853 0.9099999999999999 100
1780135884856 0.845 101
1780135884858 0.775 102
1780135884860 0.865 103
1780135884862 0.945 104
1780135884865 0.8799999999999999 105
1780135884867 0.915 106
1780135884869 0.835 107
1780135884871 0.945 108
1780135884873 0.9299999999999999 109
1780135884881 0.945 110
1780135884883 0.9349999999999999 111
1780135884885 0.925 112
1780135884888 0.8699999999999999 113
1780135884890 0.9400000000000001 114
1780135884892 0.865 115
1780135884894 0.9800000000000001 116
1780135884896 0.9299999999999999 117
1780135884899 0.9299999999999999 118
1780135884901 0.9249999999999998 119
1780135884904 0.9299999999999999 120
1780135884906 0.9399999999999998 121
1780135884908 0.945 122
1780135884910 0.915 123
1780135884912 0.7 124
1780135884915 0.875 125
1780135884917 0.9349999999999999 126
1780135884919 0.835 127
1780135884922 0.9049999999999999 128
1780135884924 0.82 129
1780135884926 0.9200000000000002 130
1780135884928 0.9 131
1780135884930 0.8949999999999999 132
1780135884933 0.89 133
1780135884935 0.9099999999999999 134
1780135884937 0.945 135
1780135884939 0.945 136
1780135884941 0.8099999999999999 137
1780135884944 0.835 138
1780135884946 0.9199999999999999 139
1780135884948 0.825 140
1780135884950 0.9100000000000001 141
1780135884952 0.9399999999999998 142
1780135884955 0.89 143
1780135884957 0.9349999999999998 144
1780135884959 0.9399999999999998 145
1780135884961 0.9200000000000002 146
1780135884964 0.785 147
1780135884966 0.9349999999999999 148
1780135884968 0.89 149
1780135884970 0.9099999999999999 150
1780135884972 0.9099999999999999 151
1780135884975 0.93 152
1780135884977 0.945 153
1780135884979 0.89 154
1780135884981 0.8800000000000001 155
1780135884984 0.86 156
1780135884986 0.9549999999999998 157
1780135884988 0.97 158
1780135884990 0.96 159
1780135884992 0.9299999999999999 160
1780135884995 0.8800000000000001 161
1780135884997 0.93 162
1780135884999 0.9400000000000001 163
1780135885001 0.93 164
1780135885004 0.9400000000000001 165
1780135885006 0.9649999999999999 166
1780135885008 0.97 167
1780135885011 0.9550000000000001 168
1780135885013 0.9299999999999999 169
1780135885015 0.9650000000000001 170
1780135885017 0.9800000000000001 171
1780135885019 0.8799999999999999 172
1780135885022 0.96 173
1780135885024 0.97 174
1780135885026 0.9549999999999998 175
1780135885028 0.945 176
1780135885030 0.8949999999999999 177
1780135885032 0.9599999999999997 178
1780135885035 0.9800000000000001 179
1780135885037 0.9800000000000001 180
1780135885039 0.9599999999999997 181
1780135885041 0.9349999999999999 182
1780135885043 0.9650000000000001 183
1780135885045 0.95 184
1780135885048 0.975 185
1780135885050 0.9549999999999998 186
1780135885053 0.96 187
1780135885056 0.75 188
1780135885058 0.8800000000000001 189
1780135885060 0.945 190
1780135885062 0.97 191
1780135885065 0.9650000000000001 192
1780135885067 0.8 193
1780135885069 0.8099999999999999 194
1780135885071 0.975 195
1780135885073 0.915 196
1780135885075 0.9549999999999998 197
1780135885078 0.96 198
1780135885080 0.96 199
1780135885082 0.95 200
1780135885084 0.845 201
1780135885087 0.9199999999999999 202
1780135885089 0.9749999999999999 203
1780135885091 0.93 204
1780135885093 0.9649999999999999 205
1780135885095 0.96 206
1780135885098 0.975 207
1780135885100 0.975 208
1780135885102 0.9600000000000002 209
1780135885105 0.96 210
1780135885107 0.9599999999999997 211
1780135885109 0.9400000000000001 212
1780135885111 0.97 213
1780135885114 0.9349999999999999 214
1780135885116 0.9549999999999998 215
1780135885118 0.8550000000000001 216
1780135885120 0.8699999999999999 217
1780135885122 0.8699999999999999 218
1780135885124 0.9400000000000001 219
1780135885127 0.9749999999999999 220
1780135885129 0.9599999999999997 221
1780135885131 0.9649999999999999 222
1780135885133 0.9550000000000001 223
1780135885135 0.9549999999999998 224
1780135885138 0.9549999999999998 225
1780135885140 0.9549999999999998 226
1780135885142 0.9650000000000001 227
1780135885144 0.945 228
1780135885147 0.9799999999999999 229
1780135885149 0.9599999999999997 230
1780135885151 0.975 231
1780135885153 0.985 232
1780135885156 0.9549999999999998 233
1780135885158 0.96 234
1780135885160 0.9700000000000001 235
1780135885162 0.9650000000000001 236
1780135885164 0.96 237
1780135885167 0.97 238
1780135885169 0.96 239
1780135885171 0.975 240
1780135885173 0.9549999999999998 241
1780135885176 0.97 242
1780135885178 0.9650000000000001 243
1780135885180 0.805 244
1780135885182 0.975 245
1780135885185 0.96 246
1780135885187 0.9800000000000001 247
1780135885189 0.9349999999999999 248
1780135885191 0.99 249
1780135885194 0.96 250
1780135885196 0.975 251
1780135885198 0.945 252
1780135885200 0.9649999999999999 253
1780135885203 0.97 254
1780135885205 0.9650000000000001 255
1780135885207 0.97 256
1780135885210 0.9549999999999998 257
1780135885212 0.985 258
1780135885214 0.975 259
1780135885216 0.9749999999999999 260
1780135885218 0.97 261
1780135885220 0.9549999999999998 262
1780135885223 0.9649999999999999 263
1780135885225 0.9749999999999999 264
1780135885227 0.9749999999999999 265
1780135885229 0.9650000000000001 266
1780135885232 0.885 267
1780135885234 0.975 268
1780135885236 0.9899999999999999 269
1780135885238 0.97 270
1780135885241 0.885 271
1780135885243 0.9650000000000001 272
1780135885245 0.865 273
1780135885247 0.96 274
1780135885250 0.975 275
1780135885252 0.95 276
1780135885254 0.975 277
1780135885256 0.9499999999999998 278
1780135885258 0.8899999999999999 279
1780135885261 0.93 280
1780135885263 0.885 281
1780135885265 0.945 282
1780135885267 0.945 283
1780135885270 0.97 284
1780135885272 0.905 285
1780135885274 0.89 286
1780135885277 0.95 287
1780135885279 0.9549999999999998 288
1780135885281 0.97 289
1780135885283 0.95 290
1780135885286 0.97 291
1780135885288 0.9649999999999999 292
1780135885290 0.8800000000000001 293
1780135885293 0.985 294
1780135885295 0.96 295
1780135885297 0.9650000000000001 296
1780135885299 0.9649999999999999 297
1780135885302 1.0 298
1780135885304 0.945 299
1780135885306 0.8550000000000001 300
1780135885308 0.9799999999999999 301
1780135885310 0.9549999999999998 302
1780135885313 0.9349999999999999 303
1780135885315 0.8949999999999999 304
1780135885317 0.95 305
1780135885319 0.985 306
1780135885321 0.9800000000000001 307
1780135885324 0.97 308
1780135885326 0.9800000000000001 309
1780135885328 0.96 310
1780135885330 0.9549999999999998 311
1780135885333 0.95 312
1780135885335 0.975 313
