1773301366349 0.0 0
1773301366361 0.5067964164349706 1
1773301366371 0.5 2
1773301366382 0.520618556701031 3
1773301366392 0.6454545454545455 4
1773301366401 0.6921918908069049 5
1773301366409 0.7633618931048551 6
1773301366419 0.8199488491048593 7
1773301366428 0.811677218370013 8
1773301366437 0.7908653846153846 9
1773301366446 0.7799498746867168 10
1773301366454 0.8242324232423243 11
1773301366462 0.8355889724310777 12
1773301366471 0.8165806255693897 13
1773301366491 0.7513862284504487 14
1773301366501 0.7806096179590155 15
1773301366510 0.8431077694235589 16
1773301366519 0.8056891025641025 17
1773301366528 0.8299319727891157 18
1773301366538 0.8107890499194848 19
1773301366550 0.7715999596733543 20
1773301366561 0.7047619047619047 21
1773301366570 0.7239473419756808 22
1773301366578 0.7974937343358396 23
1773301366587 0.7937575270975512 24
1773301366596 0.7982798279827983 25
1773301366603 0.8134057971014492 26
1773301366610 0.852685421994885 27
1773301366619 0.8095285757181463 28
1773301366639 0.8177083333333333 29
1773301366649 0.8500602167804094 30
1773301366658 0.8550899407094764 31
1773301366668 0.8216762134458848 32
1773301366678 0.7886391007627459 33
1773301366687 0.8696306704134886 34
1773301366697 0.8656462585034014 35
1773301366706 0.8299512987012987 36
1773301366716 0.8142524547018929 37
1773301366727 0.7696078431372548 38
1773301366737 0.8214833759590793 39
1773301366748 0.7723429951690821 40
1773301366759 0.7010350718520751 41
1773301366768 0.7497711321330485 42
1773301366778 0.8108974358974359 43
1773301366798 0.8385668276972624 44
1773301366807 0.8270774789241269 45
1773301366815 0.811698717948718 46
1773301366825 0.8281312525010004 47
1773301366834 0.8517406962785115 48
1773301366843 0.8525252525252525 49
1773301366852 0.8504909403785808 50
1773301366861 0.8932078145561292 51
1773301366870 0.7952629466077881 52
1773301366878 0.7938311688311688 53
1773301366889 0.8587916499397832 54
1773301366899 0.8664160401002506 55
1773301366909 0.8285828582858286 56
1773301366919 0.8283313325330133 57
1773301366928 0.8060606060606061 58
1773301366948 0.7992161591799819 59
1773301366958 0.8623260934841357 60
1773301366968 0.8323966278602971 61
1773301366976 0.8453345334533453 62
1773301366985 0.8389201124046568 63
1773301366995 0.8528822055137845 64
1773301367005 0.8340852130325814 65
1773301367015 0.8528582930756844 66
1773301367025 0.8465619057151437 67
1773301367035 0.8405797101449275 68
1773301367045 0.8172932330827067 69
1773301367055 0.8531328320802005 70
1773301367065 0.7832792207792207 71
1773301367074 0.875 72
1773301367084 0.8082972073797763 73
1773301367106 0.8222459566676839 74
1773301367116 0.8294182881338845 75
1773301367127 0.8341566690190544 76
1773301367136 0.8466165413533835 77
1773301367146 0.8257211538461539 78
1773301367155 0.8353462157809983 79
1773301367166 0.8701754385964913 80
1773301367176 0.8345864661654135 81
1773301367185 0.8633814102564102 82
1773301367196 0.791729474424681 83
1773301367207 0.820721535524068 84
1773301367217 0.83 85
1773301367226 0.8497596153846154 86
1773301367235 0.8342031312725813 87
1773301367244 0.825 88
1773301367265 0.8321328531412565 89
1773301367275 0.8542191753200927 90
1773301367284 0.87 91
1773301367292 0.8311191626409018 92
1773301367300 0.8066306630663067 93
1773301367309 0.7869286928692869 94
1773301367317 0.7826703107601984 95
1773301367326 0.7688779110797459 96
1773301367335 0.8041951023685268 97
1773301367344 0.8564425770308124 98
1773301367353 0.8493734335839599 99
1773301367362 0.8134821339205285 100
1773301367370 0.8708676635133761 101
1773301367378 0.8385668276972624 102
1773301367387 0.8513717214350316 103
1773301367406 0.8501253132832081 104
1773301367414 0.8727216558541859 105
1773301367425 0.8546365914786966 106
1773301367435 0.8377403846153846 107
1773301367443 0.885 108
1773301367451 0.8558355835583559 109
1773301367460 0.8875 110
1773301367469 0.8156064119366873 111
1773301367479 0.7710084033613445 112
1773301367488 0.8222222222222222 113
1773301367497 0.8505897771952817 114
1773301367506 0.8523809523809525 115
1773301367514 0.8615446178471389 116
1773301367523 0.8656462585034014 117
1773301367532 0.8700321156162184 118
1773301367553 0.9091636654661864 119
1773301367563 0.8460144927536233 120
1773301367571 0.8909164230265147 121
1773301367580 0.8667973068033363 122
1773301367589 0.8375350140056023 123
1773301367598 0.8501602564102564 124
1773301367605 0.785028502850285 125
1773301367613 0.8731829573934837 126
1773301367621 0.8210558008831794 127
1773301367629 0.8131318186367731 128
1773301367638 0.8297275641025641 129
1773301367646 0.8203532717784022 130
1773301367654 0.8641604010025062 131
1773301367661 0.8468595624558928 132
1773301367671 0.8319805194805194 133
1773301367693 0.8498849884988499 134
1773301367702 0.8760064412238325 135
1773301367711 0.8415737111848055 136
1773301367720 0.8633934872466983 137
1773301367729 0.8532194079951174 138
1773301367739 0.9061621838619028 139
1773301367747 0.86 140
1773301367755 0.8598702793179203 141
1773301367763 0.869724025974026 142
1773301367772 0.9022435897435898 143
1773301367782 0.8544908961448479 144
1773301367792 0.866998291628982 145
1773301367801 0.865 146
1773301367811 0.8523036596431093 147
1773301367822 0.788960064057652 148
1773301367842 0.8316831683168318 149
1773301367852 0.8330980945659845 150
1773301367861 0.8911164707064616 151
1773301367871 0.905 152
1773301367881 0.858974358974359 153
1773301367891 0.8502850285028503 154
1773301367900 0.8513621794871795 155
1773301367909 0.8237179487179487 156
1773301367919 0.8167830752100416 157
1773301367929 0.8958333333333334 158
1773301367939 0.8695478191276511 159
1773301367947 0.8830128205128205 160
1773301367956 0.8456382553021209 161
1773301367964 0.8730134629011033 162
1773301367972 0.8565837013247692 163
1773301367992 0.8182272909163666 164
1773301368002 0.8115942028985508 165
1773301368012 0.83 166
1773301368021 0.8838454609148234 167
1773301368029 0.8687600644122384 168
1773301368038 0.81328320802005 169
1773301368047 0.858985898589859 170
1773301368054 0.8722612649855312 171
1773301368062 0.914229725655713 172
1773301368072 0.8918269230769231 173
1773301368082 0.8795518207282913 174
1773301368092 0.21043184457818603 175
1773301368100 0.496551724137931 176
1773301368109 0.6471334348046677 177
1773301368118 0.6681985294117647 178
1773301368139 0.699570330167345 179
1773301368149 0.5 180
1773301368159 0.7000385059684251 181
1773301368168 0.5378787878787878 182
1773301368177 0.750889871642757 183
1773301368187 0.7346891070593735 184
1773301368196 0.783327801747981 185
1773301368206 0.7462121212121212 186
1773301368217 0.8513620213185945 187
1773301368227 0.717867279362076 188
1773301368238 0.8190104166666667 189
1773301368248 0.7780174798097135 190
1773301368258 0.8773770089559563 191
1773301368269 0.7714285714285715 192
1773301368280 0.8421638158809623 193
1773301368300 0.7172557172557172 194
1773301368310 0.898901355773726 195
1773301368320 0.686046511627907 196
1773301368329 0.8295454545454546 197
1773301368338 0.8422892896577108 198
1773301368347 0.7435717625058438 199
1773301368356 0.8584943911339371 200
1773301368364 0.7941176470588236 201
1773301368373 0.8331801470588236 202
1773301368381 0.8745659722222222 203
1773301368390 0.8807172557172558 204
1773301368399 0.8407523510971786 205
1773301368409 0.8777847835224885 206
1773301368419 0.8413064594463332 207
1773301368428 0.8692307692307693 208
1773301368447 0.9305477131564088 209
1773301368456 0.7872340425531915 210
1773301368464 0.9163602941176471 211
1773301368472 0.860018091361375 212
1773301368480 0.8653472559494901 213
1773301368489 0.782258064516129 214
1773301368497 0.8963293650793651 215
1773301368505 0.8040540540540541 216
1773301368513 0.8727208976157083 217
1773301368522 0.7926071090687931 218
1773301368532 0.9103232533889468 219
1773301368541 0.9011904761904762 220
1773301368551 0.8571428571428572 221
1773301368561 0.8770053475935828 222
1773301368569 0.8220338983050848 223
1773301368589 0.9171590777430194 224
1773301368599 0.825643516270034 225
1773301368608 0.9158509258167237 226
1773301368617 0.886513729579423 227
1773301368626 0.9199999999999999 228
1773301368635 0.7649368175683966 229
1773301368644 0.9106858054226474 230
1773301368653 0.7725688183675923 231
1773301368663 0.9319852941176471 232
1773301368673 0.8961413631446087 233
1773301368682 0.8943916779737675 234
1773301368691 0.9231838720889816 235
1773301368699 0.8814866760168303 236
1773301368709 0.9131433823529411 237
1773301368717 0.8586278586278586 238
1773301368735 0.9482496194824962 239
1773301368745 0.7903297682709447 240
1773301368755 0.8862068965517241 241
1773301368765 0.675 242
1773301368774 0.9097709209911173 243
1773301368784 0.8334709281754924 244
1773301368792 0.9097178683385581 245
1773301368800 0.8351122561648878 246
1773301368809 0.9109396914446003 247
1773301368816 0.8636363636363636 248
1773301368826 0.9362585568398608 249
1773301368834 0.9316034842350631 250
1773301368844 0.8845238095238095 251
1773301368854 0.9256993006993006 252
1773301368863 0.8359375 253
1773301368884 0.9208523592085236 254
1773301368895 0.839527816736793 255
1773301368904 0.8913630229419703 256
1773301368914 0.9117081379973555 257
1773301368922 0.9290206648697215 258
1773301368931 0.9214285714285715 259
1773301368939 0.9000471753744546 260
1773301368948 0.9065830721003134 261
1773301368957 0.8892602495543672 262
1773301368967 0.9131661442006269 263
1773301368976 0.9280219780219781 264
1773301368986 0.9345238095238095 265
1773301368996 0.9016393442622951 266
1773301369006 0.9197188809298554 267
1773301369015 0.8560336886432425 268
1773301369034 0.8832252085264134 269
1773301369044 0.9172320217096337 270
1773301369053 0.9297619047619048 271
1773301369061 0.944026226323458 272
1773301369071 0.8208955223880596 273
1773301369079 0.8829787234042553 274
1773301369087 0.75 275
1773301369096 0.8887330528284245 276
1773301369105 0.9186590436590436 277
1773301369114 0.946969696969697 278
1773301369122 0.958119658119658 279
1773301369130 0.8649162861491628 280
1773301369139 0.9389266634288489 281
1773301369147 0.8837316176470589 282
1773301369157 0.9099999999999999 283
1773301369177 0.9357142857142857 284
1773301369185 0.9209911173445535 285
1773301369193 0.9343151005142589 286
1773301369201 0.9201729780271155 287
1773301369210 0.9333333333333333 288
1773301369219 0.8981230212573497 289
1773301369227 0.9427350427350427 290
1773301369235 0.9127839815171352 291
1773301369245 0.8964285714285715 292
1773301369255 0.957680250783699 293
1773301369264 0.9257014957964843 294
1773301369274 0.919047619047619 295
1773301369284 0.9087841982578825 296
1773301369293 0.9440382120533082 297
1773301369302 0.9084090011843664 298
1773301369323 0.9508141112618724 299
1773301369333 0.916585721223895 300
1773301369342 0.90539914262542 301
1773301369350 0.962229173908006 302
1773301369358 0.9461538461538461 303
1773301369367 0.9268335071254779 304
1773301369376 0.8798503973819543 305
1773301369385 0.944047619047619 306
1773301369395 0.8391679350583461 307
1773301369404 0.8999486587087666 308
1773301369415 0.8524423337856174 309
1773301369424 0.9250712250712251 310
1773301369433 0.8612938596491229 311
1773301369442 0.9382852919438285 312
1773301369451 0.9370045890696703 313
1773301369472 0.9492498986349507 314
1773301369480 0.8515055852355513 315
1773301369488 0.9623287671232876 316
1773301369496 0.8824684087841983 317
1773301369507 0.941085868309588 318
1773301369515 0.8767253955784984 319
1773301369525 0.9475928627538996 320
1773301369534 0.9493333333333334 321
1773301369543 0.9446279042339898 322
1773301369552 0.9300356506238859 323
1773301369561 0.9331597222222222 324
1773301369571 0.9067796610169492 325
1773301369580 0.9161184210526316 326
1773301369589 0.8693662379793767 327
1773301369597 0.9308243727598566 328
1773301369618 0.7540983606557377 329
1773301369628 0.8979500891265597 330
1773301369636 0.8771929824561404 331
1773301369644 0.9374336596296733 332
1773301369653 0.9351097178683385 333
1773301369660 0.9233618233618234 334
1773301369668 0.9362279511533242 335
1773301369677 0.8974688974688975 336
1773301369684 0.9743589743589743 337
1773301369692 0.8808887809616319 338
1773301369700 0.9396200814111262 339
1773301369708 0.8874080882352942 340
1773301369717 0.9442959001782532 341
1773301369726 0.9318315839131973 342
1773301369734 0.9469314838167298 343
1773301369753 0.8964500530722963 344
1773301369762 0.9222179437812861 345
1773301369771 0.925 346
1773301369780 0.9238211099524968 347
1773301369791 0.9290917921321029 348
