1780558039709 0.0 0
1780558039712 0.5140574748417885 1
1780558039714 0.6922490082392432 2
1780558039717 0.7044270833333333 3
1780558039720 0.5406976744186046 4
1780558039722 0.7353245142620918 5
1780558039725 0.8114771407454334 6
1780558039727 0.7667087011349307 7
1780558039730 0.7730769230769231 8
1780558039733 0.7577996715927751 9
1780558039735 0.7195616883116883 10
1780558039738 0.6698223468910706 11
1780558039740 0.7508680555555556 12
1780558039743 0.8155388471177945 13
1780558039745 0.5246913580246914 14
1780558039748 0.7530298067474614 15
1780558039751 0.7201426024955437 16
1780558039753 0.7683761642913254 17
1780558039756 0.7888377445339472 18
1780558039758 0.5066666666666667 19
1780558039761 0.7996788438378162 20
1780558039763 0.5736263736263737 21
1780558039766 0.8041666666666667 22
1780558039769 0.6819548872180451 23
1780558039771 0.7102770054577283 24
1780558039774 0.6309760435191966 25
1780558039776 0.7093406593406594 26
1780558039779 0.5814417822614544 27
1780558039781 0.683753617197189 28
1780558039784 0.7361239831119349 29
1780558039786 0.7621159328476401 30
1780558039789 0.8386666666666667 31
1780558039792 0.5192307692307693 32
1780558039794 0.6506666666666666 33
1780558039797 0.7038916204623915 34
1780558039799 0.8196930946291561 35
1780558039802 0.7973333333333333 36
1780558039804 0.5671080686791605 37
1780558039807 0.7825477294790206 38
1780558039810 0.6931644797070491 39
1780558039812 0.7862903225806452 40
1780558039815 0.8645865513335393 41
1780558039817 0.7592364532019704 42
1780558039820 0.5588235294117647 43
1780558039823 0.8005915952672379 44
1780558039825 0.7464387464387464 45
1780558039828 0.7836765336765337 46
1780558039830 0.8137175324675325 47
1780558039833 0.7728365384615384 48
1780558039835 0.5934065934065934 49
1780558039838 0.8030043351144269 50
1780558039841 0.7094651952461799 51
1780558039843 0.7729166666666667 52
1780558039846 0.7087673611111112 53
1780558039848 0.7162162162162162 54
1780558039851 0.7616161616161616 55
1780558039853 0.7712902893625786 56
1780558039856 0.7708778354185739 57
1780558039858 0.7307188224619418 58
1780558039861 0.5853333333333334 59
1780558039863 0.8391248391248392 60
1780558039866 0.7668308702791462 61
1780558039869 0.59375 62
1780558039871 0.6354166666666667 63
1780558039874 0.8539786284884324 64
1780558039876 0.793081494057725 65
1780558039879 0.7970032840722496 66
1780558039881 0.7510099355824872 67
1780558039884 0.8206168831168831 68
1780558039886 0.8041666666666667 69
1780558039889 0.7944862155388471 70
1780558039892 0.7360613810741687 71
1780558039894 0.8253333333333333 72
1780558039897 0.7992854140395125 73
1780558039899 0.625 74
1780558039902 0.7619709607661416 75
1780558039904 0.5892725161017844 76
1780558039907 0.8305491865924228 77
1780558039916 0.8587195313317293 78
1780558039919 0.8104166666666667 79
1780558039922 0.69376026272578 80
1780558039924 0.71437578814628 81
1780558039927 0.7916285220221748 82
1780558039929 0.8506944444444444 83
1780558039932 0.8558335907733499 84
1780558039935 0.6910016977928692 85
1780558039937 0.5925925925925926 86
1780558039940 0.7891690781314593 87
1780558039943 0.7538881883144178 88
1780558039945 0.8506944444444444 89
1780558039948 0.8563242784380305 90
1780558039950 0.8729166666666667 91
1780558039953 0.8381562629185614 92
1780558039955 0.651973401973402 93
1780558039958 0.8125268125268126 94
1780558039961 0.7962648556876061 95
1780558039963 0.8520833333333333 96
1780558039966 0.853117688943139 97
1780558039968 0.7495941558441559 98
1780558039971 0.8909168081494058 99
1780558039973 0.7857142857142857 100
1780558039976 0.8173832162050434 101
1780558039979 0.8255754475703325 102
1780558039981 0.8475464259777985 103
1780558039984 0.8100649350649352 104
1780558039986 0.6796212992990899 105
1780558039989 0.7007027697395618 106
1780558039991 0.8069498069498069 107
1780558039994 0.7678783302772085 108
1780558039996 0.670032639738882 109
1780558039999 0.8297939114970185 110
1780558040002 0.7115883390393194 111
1780558040004 0.8805314363427137 112
1780558040007 0.6975724194206446 113
1780558040009 0.7786458333333333 114
1780558040012 0.76875 115
1780558040014 0.852538358562455 116
1780558040017 0.6115288220551378 117
1780558040020 0.7657295850066934 118
1780558040022 0.8458346301483557 119
1780558040025 0.824490662139219 120
1780558040027 0.5 121
1780558040030 0.7978896103896104 122
1780558040032 0.8253284072249589 123
1780558040035 0.7731937602627257 124
1780558040037 0.81924348904506 125
1780558040040 0.5495495495495496 126
1780558040043 0.7000811688311689 127
1780558040045 0.8038541325472213 128
1780558040048 0.8763532763532764 129
1780558040050 0.8922371437929906 130
1780558040053 0.7421875 131
1780558040055 0.6974424552429668 132
1780558040058 0.8808373590982286 133
1780558040060 0.7940264572137247 134
1780558040063 0.8736999279167954 135
1780558040066 0.7690905190905191 136
1780558040068 0.7863701736917801 137
1780558040071 0.7948532451426209 138
1780558040073 0.8544556536359815 139
1780558040076 0.7893907028786492 140
1780558040078 0.7324808184143222 141
1780558040081 0.7287775891341256 142
1780558040083 0.883276740237691 143
1780558040086 0.8681347421278376 144
1780558040089 0.8412988162407347 145
1780558040091 0.8658426288815194 146
1780558040094 0.8378787878787879 147
1780558040096 0.8468185388845247 148
1780558040099 0.7418032786885246 149
1780558040101 0.41395663956639567 150
1780558040104 0.504822182037372 151
1780558040107 0.5 152
1780558040109 0.5733333333333334 153
1780558040116 0.5 154
1780558040119 0.5111111111111111 155
1780558040122 0.7094988344988344 156
1780558040124 0.5 157
1780558040127 0.5071271929824561 158
1780558040129 0.5804630152456239 159
1780558040132 0.5183269823988387 160
1780558040135 0.5 161
1780558040137 0.545482435956435 162
1780558040140 0.6375 163
1780558040142 0.5667879417879418 164
1780558040145 0.5294117647058824 165
1780558040148 0.5262206148282098 166
1780558040150 0.5 167
1780558040153 0.5744047619047619 168
1780558040155 0.5 169
1780558040158 0.5227272727272727 170
1780558040160 0.5734649122807017 171
1780558040163 0.707655213984328 172
1780558040166 0.5727872373063353 173
1780558040168 0.6525974025974026 174
1780558040171 0.524390243902439 175
1780558040173 0.7013059404363753 176
1780558040176 0.5796536796536796 177
1780558040178 0.584375 178
1780558040181 0.5111111111111111 179
1780558040184 0.5563592525617842 180
1780558040186 0.5 181
1780558040189 0.5317982456140351 182
1780558040191 0.525 183
1780558040194 0.6284925276153346 184
1780558040196 0.615686274509804 185
1780558040199 0.5 186
1780558040201 0.5490196078431373 187
1780558040204 0.5483870967741935 188
1780558040207 0.5870361522535436 189
1780558040209 0.5623869801084991 190
1780558040212 0.5 191
1780558040214 0.5222222222222223 192
1780558040217 0.6193156569397127 193
1780558040219 0.5721726190476191 194
1780558040222 0.5 195
1780558040225 0.5142857142857142 196
1780558040227 0.5108695652173914 197
1780558040230 0.6096739900779589 198
1780558040232 0.527027027027027 199
1780558040235 0.5 200
1780558040237 0.549923515505493 201
1780558040240 0.5121951219512195 202
1780558040243 0.5375 203
1780558040245 0.5 204
1780558040248 0.5405405405405406 205
1780558040250 0.5306122448979592 206
1780558040253 0.5239595423644503 207
1780558040255 0.575497287522604 208
1780558040258 0.6799999999999999 209
1780558040260 0.5552976289172609 210
1780558040263 0.6103696886025465 211
1780558040266 0.6195838900553541 212
1780558040268 0.5 213
1780558040271 0.5645000829049909 214
1780558040273 0.6532634032634033 215
1780558040276 0.6000000000000001 216
1780558040278 0.5989010989010989 217
1780558040281 0.589703200132648 218
1780558040283 0.65625 219
1780558040286 0.6114587679043249 220
1780558040289 0.5227272727272727 221
1780558040292 0.6317750677506775 222
1780558040294 0.5625 223
1780558040297 0.5 224
1780558040300 0.5 225
1780558040302 0.5731351981351982 226
1780558040305 0.5968161143599741 227
1780558040307 0.5944846292947559 228
1780558040310 0.6191724941724942 229
1780558040313 0.6232974910394264 230
1780558040315 0.703125 231
1780558040318 0.49702380952380953 232
1780558040320 0.5563592525617842 233
1780558040323 0.6607016300496102 234
1780558040325 0.5671509567682494 235
1780558040328 0.5208333333333334 236
1780558040331 0.6 237
1780558040333 0.5 238
1780558040336 0.5135135135135135 239
1780558040338 0.5222222222222223 240
1780558040341 0.64375 241
1780558040344 0.65625 242
1780558040346 0.56875 243
1780558040349 0.6285714285714286 244
1780558040351 0.6517218973359324 245
1780558040354 0.5525067750677507 246
1780558040357 0.508443193600948 247
1780558040359 0.5375 248
1780558040362 0.5796536796536796 249
1780558040364 0.6666666666666667 250
1780558040367 0.5543478260869565 251
1780558040369 0.6156619113360945 252
1780558040372 0.6902680652680653 253
1780558040374 0.5635198135198135 254
1780558040377 0.6145876790432485 255
1780558040379 0.5 256
1780558040382 0.5712001112501739 257
1780558040385 0.5509865693914774 258
1780558040387 0.575025922085617 259
1780558040390 0.5135135135135135 260
1780558040392 0.5833333333333334 261
1780558040395 0.5593073593073593 262
1780558040397 0.5308857808857809 263
1780558040400 0.6459627329192547 264
1780558040403 0.5957446808510638 265
1780558040405 0.5 266
1780558040408 0.525 267
1780558040410 0.5483870967741935 268
1780558040413 0.5419652810957158 269
1780558040415 0.6917748917748918 270
1780558040418 0.5602981029810298 271
1780558040421 0.7201897018970189 272
1780558040423 0.5422494172494172 273
1780558040426 0.5554678247137781 274
1780558040428 0.5244755244755245 275
1780558040431 0.6185897435897436 276
1780558040434 0.671875 277
1780558040436 0.6082221199570487 278
1780558040439 0.6360813099943534 279
1780558040441 0.6296296296296297 280
1780558040444 0.5119047619047619 281
1780558040447 0.5087402049427365 282
1780558040449 0.5578309556680472 283
1780558040452 0.5264373307851569 284
1780558040454 0.5664451827242525 285
1780558040457 0.5924988495167971 286
1780558040460 0.5 287
1780558040462 0.5104460288509368 288
1780558040465 0.5833174269898835 289
1780558040467 0.5232558139534884 290
1780558040470 0.5 291
1780558040472 0.5131578947368421 292
1780558040475 0.6215677251112134 293
1780558040478 0.5201429499675113 294
1780558040480 0.5116279069767442 295
1780558040483 0.6672193666058697 296
1780558040485 0.546875 297
1780558040488 0.6125 298
