1780278250785 0.0 0
1780278250787 0.5714104515474379 1
1780278250789 0.5408163265306123 2
1780278250791 0.7297619047619048 3
1780278250792 0.6894859526438474 4
1780278250794 0.8072697522206639 5
1780278250796 0.7391493055555556 6
1780278250798 0.8304367201426025 7
1780278250800 0.8859649122807017 8
1780278250802 0.9155701754385965 9
1780278250804 0.8601262748907237 10
1780278250805 0.8560336886432425 11
1780278250807 0.9029289642015487 12
1780278250809 0.8975139523084729 13
1780278250811 0.8952380952380953 14
1780278250813 0.8449197860962567 15
1780278250815 0.9237581825182903 16
1780278250817 0.8814866760168303 17
1780278250819 0.8920863309352518 18
1780278250820 0.8674807779285392 19
1780278250822 0.8459007764179497 20
1780278250824 0.8326857697911607 21
1780278250826 0.9138704971383682 22
1780278250828 0.8571428571428572 23
1780278250830 0.917854337335877 24
1780278250832 0.7543859649122807 25
1780278250834 0.8516047601875225 26
1780278250836 0.8854492503505556 27
1780278250839 0.8773809523809524 28
1780278250840 0.876984126984127 29
1780278250855 0.9386666666666666 30
1780278250858 0.9021943573667712 31
1780278250860 0.9094043887147336 32
1780278250861 0.892602495543672 33
1780278250863 0.9383561643835616 34
1780278250865 0.9448250991705733 35
1780278250867 0.9079772079772079 36
1780278250869 0.8591269841269842 37
1780278250871 0.85650623885918 38
1780278250873 0.9191787941787942 39
1780278250875 0.9549299038350133 40
1780278250877 0.8502604166666667 41
1780278250879 0.8937110187110187 42
1780278250880 0.9452380952380952 43
1780278250882 0.9354287062153556 44
1780278250884 0.9117448303824842 45
1780278250886 0.7741935483870968 46
1780278250888 0.88787617301262 47
1780278250890 0.8977838082315694 48
1780278250892 0.9131944444444444 49
1780278250894 0.9169278996865203 50
1780278250896 0.9463331714424479 51
1780278250898 0.8556985294117647 52
1780278250900 0.8384615384615385 53
1780278250901 0.9643970893970895 54
1780278250903 0.9053779807204465 55
1780278250905 0.9411764705882353 56
1780278250907 0.8813559322033898 57
1780278250909 0.9476489731792167 58
1780278250911 0.9430199430199431 59
1780278250913 0.8731343283582089 60
1780278250915 0.8846153846153846 61
1780278250917 0.9148841354723708 62
1780278250919 0.9532996754417599 63
1780278250921 0.9054726368159205 64
1780278250923 0.9293415479399307 65
1780278250925 0.9051223138261928 66
1780278250926 0.8508771929824561 67
1780278250928 0.9379928315412186 68
1780278250930 0.8773584905660378 69
1780278250932 0.7857142857142857 70
1780278250934 0.9291216116130944 71
1780278250936 0.899225676130625 72
1780278250938 0.9214586255259467 73
1780278250940 0.9402423970373696 74
1780278250942 0.9140625 75
1780278250943 0.9622641509433962 76
1780278250945 0.9238095238095239 77
1780278250947 0.9469854469854471 78
1780278250949 0.9610213468569406 79
1780278250951 0.8772079772079773 80
1780278250953 0.9154411764705883 81
1780278250955 0.796875 82
1780278250957 0.9039827498731607 83
1780278250958 0.9511839299741891 84
1780278250960 0.9328063241106719 85
1780278250962 0.9048902579899885 86
1780278250964 0.7895220588235294 87
1780278250966 0.8657891573506431 88
1780278250968 0.8822268566794114 89
1780278250970 0.906392694063927 90
1780278250972 0.9451846657316503 91
1780278250973 0.9275173611111112 92
1780278250975 0.9527051895472948 93
1780278250977 0.8714285714285714 94
1780278250979 0.9067164179104478 95
1780278250981 0.9018217215964399 96
1780278250983 0.8923562412342216 97
1780278250985 0.9678571428571429 98
1780278250987 0.9153605015673981 99
1780278250989 0.863753048389167 100
1780278250991 0.9538097118041848 101
1780278250992 0.9689194826866917 102
1780278250994 0.9164406179974054 103
1780278250996 0.9137931034482758 104
1780278250998 0.963877338877339 105
1780278251000 0.8754754017911912 106
1780278251002 0.9457735247208932 107
1780278251004 0.9354287062153556 108
1780278251006 0.9190476190476191 109
1780278251008 0.9287941787941788 110
1780278251010 0.9371451743714517 111
1780278251012 0.8874867319259346 112
1780278251014 0.9633333333333334 113
1780278251015 0.7985074626865671 114
1780278251017 0.9000736105999263 115
1780278251019 0.9412789998797932 116
1780278251021 0.9559523809523809 117
1780278251023 0.9374336596296733 118
1780278251031 0.9399057344854673 119
1780278251033 0.9352716468590832 120
1780278251035 0.9145299145299146 121
1780278251037 0.9761904761904763 122
1780278251039 0.969047619047619 123
1780278251041 0.8491596123175071 124
1780278251042 0.9131944444444444 125
1780278251044 0.945040688760467 126
1780278251046 0.8970588235294117 127
1780278251048 0.935133239831697 128
1780278251050 0.9076671341748481 129
1780278251052 0.8679245283018868 130
1780278251054 0.9514033264033264 131
1780278251056 0.9353276353276353 132
1780278251058 0.9379595588235294 133
1780278251059 0.9107576493443419 134
1780278251061 0.943625427526831 135
1780278251063 0.9025735294117647 136
1780278251065 0.8918495297805643 137
1780278251067 0.91008316008316 138
1780278251069 0.9274725274725275 139
1780278251071 0.815444390480816 140
1780278251073 0.9237938596491229 141
1780278251075 0.9031347962382446 142
1780278251076 0.9298128342245989 143
1780278251078 0.9407484407484408 144
1780278251080 0.88 145
1780278251082 0.9136752136752136 146
1780278251084 0.9271490209093927 147
1780278251086 0.9339644693782141 148
1780278251088 0.9421543368911789 149
1780278251090 0.9293139293139293 150
1780278251092 0.926923076923077 151
1780278251094 0.9375 152
1780278251095 0.9757163671685285 153
1780278251097 0.9072414199787711 154
1780278251099 0.8809116809116809 155
1780278251101 0.7777777777777778 156
1780278251103 0.9181818181818182 157
1780278251105 0.924468566259611 158
1780278251109 0.9367695184665732 159
1780278251112 0.9371657754010696 160
1780278251115 0.9212209628548984 161
1780278251118 0.9270833333333333 162
1780278251121 0.9179497302276616 163
1780278251124 0.9283358701166919 164
1780278251126 0.8854642313546424 165
1780278251128 0.9702380952380952 166
1780278251129 0.9655270655270656 167
1780278251131 0.9504273504273504 168
1780278251133 0.9571428571428571 169
1780278251135 0.9095238095238096 170
1780278251137 0.8785650623885918 171
1780278251139 0.9642857142857143 172
1780278251141 0.9100719424460432 173
1780278251143 0.9572610294117647 174
1780278251145 0.22225063938618927 175
1780278251147 0.47789115646258506 176
1780278251149 0.5921592159215922 177
1780278251151 0.5 178
1780278251153 0.6376811594202898 179
1780278251155 0.6362179487179487 180
1780278251157 0.6480253240880314 181
1780278251160 0.6842737094837935 182
1780278251162 0.5808080808080809 183
1780278251164 0.7227564102564102 184
1780278251166 0.7377015295576685 185
1780278251169 0.6390901771336553 186
1780278251171 0.7389602569249298 187
1780278251173 0.7404040404040404 188
1780278251175 0.8120761210648851 189
1780278251177 0.7896634615384616 190
1780278251180 0.7998198378540686 191
1780278251182 0.7915495784825372 192
1780278251184 0.7099358974358975 193
1780278251186 0.8432805726383708 194
1780278251188 0.6756892230576441 195
1780278251190 0.7970216238270094 196
1780278251192 0.7540404040404041 197
1780278251194 0.77 198
1780278251196 0.8100250626566416 199
1780278251198 0.630275974025974 200
1780278251201 0.8862721417069244 201
1780278251203 0.7768257853937168 202
1780278251205 0.8158476535021606 203
1780278251207 0.6205357142857143 204
1780278251209 0.8526672740155886 205
1780278251211 0.7442162050005188 206
1780278251213 0.8155324992371071 207
1780278251216 0.7299277398635087 208
1780278251217 0.785352768498836 209
1780278251219 0.798887859128823 210
1780278251221 0.6745622026520903 211
1780278251223 0.8249198717948718 212
1780278251225 0.7572335920959774 213
1780278251227 0.854040404040404 214
1780278251229 0.8398839883988398 215
1780278251231 0.8500000000000001 216
1780278251233 0.7882205513784462 217
1780278251235 0.7459415584415584 218
1780278251238 0.865 219
1780278251240 0.8247324732473247 220
1780278251241 0.5613207547169812 221
1780278251244 0.7670076726342712 222
1780278251246 0.7453372315757637 223
1780278251248 0.8018867924528301 224
1780278251250 0.8109810981098109 225
1780278251252 0.5625 226
1780278251254 0.8471177944862156 227
1780278251256 0.700944170771757 228
1780278251258 0.8215538847117794 229
1780278251260 0.8011204481792717 230
1780278251262 0.7920842190505112 231
1780278251264 0.8519667700930837 232
1780278251266 0.8408840884088409 233
1780278251268 0.8196819681968197 234
1780278251270 0.909618656791112 235
1780278251272 0.7411858974358975 236
1780278251274 0.6646537842190017 237
1780278251276 0.8380681818181819 238
1780278251278 0.8382292941656466 239
1780278251280 0.740880313536328 240
1780278251282 0.8159088617804214 241
1780278251284 0.8000700630567511 242
1780278251286 0.789015606242497 243
1780278251287 0.711352657004831 244
1780278251289 0.8233626885312278 245
1780278251291 0.7996788438378162 246
1780278251293 0.8468387354941977 247
1780278251295 0.8180362326093484 248
1780278251297 0.8696869686968697 249
1780278251299 0.7906602254428341 250
1780278251300 0.8268767563227619 251
1780278251302 0.787719298245614 252
1780278251304 0.8520168151336203 253
1780278251306 0.8345352564102564 254
1780278251308 0.8313982584325894 255
1780278251310 0.8126250500200081 256
1780278251311 0.8644457783113246 257
1780278251313 0.7999194847020934 258
1780278251315 0.6777777777777778 259
1780278251317 0.6699029126213593 260
1780278251319 0.74 261
1780278251321 0.6464585834333734 262
1780278251324 0.8222624798711755 263
1780278251326 0.8744374437443745 264
1780278251328 0.8528582930756844 265
1780278251330 0.8693869386938694 266
1780278251332 0.8383353341336535 267
1780278251334 0.8405840584058406 268
1780278251336 0.788961038961039 269
1780278251338 0.8190819081908192 270
1780278251340 0.8174427940586111 271
1780278251342 0.8574717245520969 272
1780278251344 0.8450380152060825 273
1780278251346 0.6950000000000001 274
1780278251348 0.8405362144857943 275
1780278251350 0.8049999999999999 276
1780278251352 0.7839135654261704 277
1780278251354 0.8394999495916927 278
1780278251356 0.845 279
1780278251358 0.8391706924315621 280
1780278251360 0.7423558897243108 281
1780278251362 0.8106796116504854 282
1780278251364 0.8424236314144571 283
1780278251365 0.69 284
1780278251367 0.8444099689720748 285
1780278251369 0.8175270108043218 286
1780278251371 0.7588141025641025 287
1780278251373 0.8508771929824561 288
1780278251375 0.765906362545018 289
1780278251377 0.7952380952380953 290
1780278251379 0.7863636363636364 291
1780278251381 0.8333333333333333 292
1780278251383 0.8970352564102564 293
1780278251384 0.8634023272577489 294
1780278251386 0.8488091649080494 295
1780278251388 0.8726490596238495 296
1780278251390 0.8436374549819927 297
1780278251392 0.83756038647343 298
1780278251394 0.7812781278127813 299
1780278251396 0.8455431614913074 300
1780278251397 0.8084233693477391 301
1780278251399 0.8541187068361525 302
1780278251401 0.8480392156862745 303
1780278251403 0.8405448717948718 304
1780278251405 0.8647129666800482 305
1780278251407 0.8492849284928493 306
1780278251408 0.8186309103740297 307
1780278251410 0.8062306230623062 308
1780278251412 0.825 309
1780278251414 0.7975040257648953 310
1780278251416 0.8044842595404393 311
1780278251418 0.8666666666666667 312
1780278251420 0.8461499338826162 313
1780278251422 0.8534621578099839 314
1780278251424 0.8878205128205128 315
1780278251425 0.797658526781228 316
1780278251427 0.8765556001605781 317
1780278251429 0.8457345734573458 318
1780278251431 0.8293233082706767 319
1780278251433 0.8697665056360708 320
1780278251435 0.865 321
1780278251437 0.8297979797979798 322
1780278251438 0.7640901771336553 323
1780278251440 0.8275531807641899 324
1780278251442 0.8737980769230769 325
1780278251444 0.8677238057005219 326
1780278251446 0.8569992965531102 327
1780278251448 0.8400000000000001 328
1780278251450 0.8142397748969953 329
1780278251452 0.8234644720995584 330
1780278251453 0.8858173076923077 331
1780278251455 0.829496546892203 332
1780278251457 0.596938775510204 333
1780278251459 0.8661180248896025 334
1780278251461 0.865 335
1780278251463 0.8550899407094764 336
1780278251465 0.8293075684380031 337
1780278251467 0.7446978791516606 338
1780278251469 0.8183818381838184 339
1780278251471 0.8217286914765907 340
1780278251473 0.8425331192292251 341
1780278251475 0.8551378446115288 342
1780278251478 0.8470611956850489 343
1780278251480 0.8715486194477791 344
1780278251483 0.8008814102564102 345
1780278251486 0.8068306830683069 346
1780278251488 0.835 347
1780278251490 0.7861074967470724 348
