1780130135737 0.0 0
1780130135740 0.056171068264526204 1
1780130135742 0.1125035730497036 2
1780130135744 0.20001418365022855 3
1780130135746 0.25139654136457323 4
1780130135748 0.29923394625421607 5
1780130135750 0.2997563259519781 6
1780130135752 0.35828949545078576 7
1780130135754 0.4144370626139273 8
1780130135756 0.492602996493933 9
1780130135758 0.4937747120995371 10
1780130135760 0.513081683913154 11
1780130135762 0.5188439029014982 12
1780130135764 0.5930168938236813 13
1780130135766 0.6556604889601241 14
1780130135767 0.5292708116084219 15
1780130135769 0.6540646792061885 16
1780130135771 0.6438654630377033 17
1780130135774 0.6238305705423719 18
1780130135776 0.6159774034413185 19
1780130135778 0.6212169335481442 20
1780130135780 0.6592146228545633 21
1780130135782 0.6950439293078425 22
1780130135784 0.7812819460204488 23
1780130135786 0.7657281254811975 24
1780130135788 0.6978174252318725 25
1780130135790 0.7470476882770736 26
1780130135791 0.7207991230424583 27
1780130135793 0.7421854414493574 28
1780130135795 0.7502988040452953 29
1780130135798 0.7974202243939086 30
1780130135800 0.6990979741383484 31
1780130135802 0.7010946391679104 32
1780130135804 0.6602891232254757 33
1780130135806 0.7702495342487007 34
1780130135808 0.6208619145848783 35
1780130135810 0.7005216447977076 36
1780130135812 0.7562254398883702 37
1780130135814 0.7546086611191741 38
1780130135816 0.7140980148791446 39
1780130135817 0.7502777918044166 40
1780130135820 0.7759322120357371 41
1780130135822 0.7575920941300388 42
1780130135824 0.7137681018438744 43
1780130135826 0.8332398231279781 44
1780130135828 0.8505614489583202 45
1780130135830 0.8826830922059067 46
1780130135832 0.7662913547930968 47
1780130135834 0.7829192843736552 48
1780130135836 0.8152336494418506 49
1780130135838 0.748310047171777 50
1780130135840 0.7666597004528038 51
1780130135842 0.7466227378764028 52
1780130135844 0.7671945940238624 53
1780130135846 0.790622959052895 54
1780130135848 0.7165479413081715 55
1780130135850 0.7790565078826714 56
1780130135852 0.8118299266747767 57
1780130135854 0.7899169752227971 58
1780130135856 0.7861977053194892 59
1780130135858 0.7836522461189495 60
1780130135860 0.8170237633162671 61
1780130135862 0.7508902324998423 62
1780130135864 0.7300932210491033 63
1780130135866 0.8270473320994187 64
1780130135868 0.8262233020919751 65
1780130135870 0.8450717705224597 66
1780130135872 0.7990051595699862 67
1780130135874 0.7595711011441422 68
1780130135876 0.7914540344959049 69
1780130135878 0.8051897527081872 70
1780130135880 0.804804264476487 71
1780130135882 0.8440225784221754 72
1780130135884 0.8519210710528362 73
1780130135886 0.8231247345478044 74
1780130135888 0.8339938216543583 75
1780130135890 0.8233703641315209 76
1780130135892 0.7807396683351363 77
1780130135894 0.7869050568104679 78
1780130135896 0.8783726889981182 79
1780130135898 0.8549344255740351 80
1780130135900 0.8294677991012691 81
1780130135902 0.780707181423294 82
1780130135904 0.8306240808181281 83
1780130135906 0.8112081499352002 84
1780130135909 0.8680441812275227 85
1780130135911 0.8253349874538276 86
1780130135913 0.8270484724034295 87
1780130135915 0.824025922209491 88
1780130135917 0.8603438167360158 89
1780130135919 0.8329326883788479 90
1780130135921 0.8161371759897001 91
1780130135923 0.8687914061405717 92
1780130135925 0.8290433039906129 93
1780130135927 0.826751958110956 94
1780130135929 0.795701260596697 95
1780130135931 0.815675811058681 96
1780130135933 0.8396846079430448 97
1780130135935 0.8150224921277551 98
1780130135937 0.8464496720982702 99
1780130135939 0.8163363824957532 100
1780130135941 0.8407970748490049 101
1780130135943 0.8102835412991173 102
1780130135945 0.8024678845297109 103
1780130135947 0.831467528467857 104
1780130135949 0.8317068254808948 105
1780130135951 0.8114779951847451 106
1780130135953 0.8327016470874259 107
1780130135955 0.8642096520370695 108
1780130135957 0.797137452381355 109
1780130135958 0.8389309859387426 110
1780130135960 0.8355118328417429 111
1780130135962 0.8394657893067224 112
1780130135964 0.8027670790032039 113
1780130135966 0.8433264806165365 114
1780130135968 0.843507426259613 115
1780130135970 0.8778872645892621 116
1780130135972 0.8427257184601773 117
1780130135974 0.873793145895178 118
1780130135976 0.9081224792200402 119
1780130135978 0.820455806465462 120
1780130135980 0.8594003801267853 121
1780130135982 0.8447407144775566 122
1780130135984 0.7914872242418871 123
1780130135986 0.8439415548411876 124
1780130135988 0.8315093027348821 125
1780130135990 0.8638140753994412 126
1780130135992 0.8631839452646508 127
1780130135994 0.8354113284795233 128
1780130135996 0.8744909603735767 129
1780130135998 0.8605073114815779 130
1780130136000 0.858312680890673 131
1780130136002 0.8312728236186275 132
1780130136004 0.8507001229645048 133
1780130136006 0.8364450908568555 134
1780130136008 0.8472492786290422 135
1780130136010 0.8836029273128119 136
1780130136012 0.7940124984861827 137
1780130136014 0.8203901034048092 138
1780130136016 0.8569776899654948 139
1780130136018 0.8100502089808967 140
1780130136020 0.8463948257644708 141
1780130136022 0.889071133186772 142
1780130136024 0.8701026749673944 143
1780130136026 0.8382613032019618 144
1780130136028 0.8827075717646007 145
1780130136030 0.8377489469594732 146
1780130136032 0.9057430407430408 147
1780130136034 0.841899369476615 148
1780130136036 0.8447044819496086 149
1780130136038 0.8888642337551195 150
1780130136040 0.7929896850711614 151
1780130136042 0.8658491834962423 152
1780130136044 0.9058435499898915 153
1780130136046 0.8645424458582353 154
1780130136048 0.851142437189783 155
1780130136050 0.8737090628554043 156
1780130136052 0.8849115112529746 157
1780130136054 0.8802676370106137 158
1780130136056 0.8839398576312252 159
1780130136058 0.8843949451436691 160
1780130136060 0.9146309054479935 161
1780130136062 0.9102849055095525 162
1780130136064 0.9247805317175709 163
1780130136066 0.8795753919682927 164
1780130136068 0.9095356825459522 165
1780130136070 0.9003097494122777 166
1780130136072 0.8943354121261098 167
1780130136074 0.91928177842812 168
1780130136076 0.9251458700418309 169
1780130136078 0.9238317082903167 170
1780130136080 0.924377132425913 171
1780130136082 0.895700147805411 172
1780130136084 0.8836336334218234 173
1780130136086 0.9047695932021395 174
1780130136088 0.9048760579761863 175
1780130136090 0.8880417860905666 176
1780130136092 0.9148581115076624 177
1780130136094 0.916159709671666 178
1780130136096 0.944839537869063 179
1780130136098 0.9501843962627019 180
1780130136100 0.9448332839603699 181
1780130136102 0.9346392717252794 182
1780130136104 0.934179693638302 183
1780130136106 0.9041761976197831 184
1780130136108 0.9249718574108818 185
1780130136110 0.9046667572790807 186
1780130136112 0.8791937409331505 187
1780130136114 0.8908608808416254 188
1780130136116 0.9058499309847192 189
1780130136118 0.9203855426499246 190
1780130136120 0.9254350463400529 191
1780130136122 0.9093802443609891 192
1780130136124 0.8707930905193872 193
1780130136126 0.8906712125846598 194
1780130136128 0.9147437329465571 195
1780130136130 0.8636216260938756 196
1780130136132 0.9246200381402042 197
1780130136134 0.936139690876533 198
1780130136136 0.9397744030478306 199
1780130136138 0.9297277980204809 200
1780130136140 0.9090852917668754 201
1780130136142 0.8831546623010038 202
1780130136144 0.9412757101535917 203
1780130136146 0.91931906846541 204
1780130136148 0.9213594186134231 205
1780130136150 0.9012616891179152 206
1780130136152 0.9301842634769464 207
1780130136154 0.93409422534583 208
1780130136156 0.8907076477936556 209
1780130136158 0.9153980253980254 210
1780130136160 0.897154347308391 211
1780130136161 0.9153109086035915 212
1780130136163 0.8811689839110605 213
1780130136165 0.9091504562415391 214
1780130136167 0.899031359031359 215
1780130136169 0.9249898530386336 216
1780130136171 0.9191528165212375 217
1780130136173 0.9300219282298274 218
1780130136175 0.9749776175899412 219
1780130136177 0.9347066879145871 220
1780130136179 0.9009170440171725 221
1780130136181 0.9503644601013022 222
1780130136183 0.9300386601785234 223
1780130136185 0.925884360140653 224
1780130136187 0.9262175496170494 225
1780130136189 0.9151025803464827 226
1780130136191 0.9351819351819353 227
1780130136193 0.9194074522665143 228
1780130136195 0.9256889587377393 229
1780130136197 0.9249046948712591 230
1780130136199 0.9501822097457527 231
1780130136201 0.8470975479036605 232
1780130136203 0.9195880095687542 233
1780130136205 0.9354914423295172 234
1780130136207 0.8999602860212766 235
1780130136209 0.9449248120300752 236
1780130136211 0.9389729464119709 237
1780130136213 0.9333767464938914 238
1780130136215 0.9360102550324061 239
1780130136217 0.954862547966408 240
1780130136219 0.923310308291053 241
1780130136221 0.9301050840373766 242
1780130136223 0.9448409720360941 243
1780130136225 0.9198428397388005 244
1780130136227 0.9649754310729921 245
1780130136229 0.9348400315986967 246
1780130136230 0.9499699363857348 247
1780130136232 0.9298438326858782 248
1780130136234 0.9600964418551069 249
1780130136236 0.9699843652282677 250
1780130136238 0.8960613834789134 251
1780130136240 0.9300927128783355 252
1780130136242 0.9447961601941064 253
1780130136244 0.9499851581879823 254
1780130136246 0.9289587869933872 255
1780130136248 0.9346175462914277 256
1780130136250 0.9106986365188593 257
1780130136252 0.9391656230156636 258
1780130136254 0.910060900946652 259
1780130136256 0.9392781138416568 260
1780130136258 0.9300065026871905 261
1780130136260 0.9506908004276425 262
1780130136262 0.9299253057597088 263
1780130136264 0.9503135418283044 264
1780130136266 0.9258216858024303 265
1780130136268 0.9137060277281789 266
1780130136270 0.9391296563247782 267
1780130136271 0.9462926199584123 268
1780130136274 0.9605233905917551 269
1780130136276 0.9356128360300376 270
1780130136278 0.9348415991470593 271
1780130136280 0.9141542084596688 272
1780130136282 0.9499248907643689 273
1780130136284 0.9104459056845059 274
1780130136285 0.944239554483457 275
1780130136288 0.9055316120248801 276
1780130136290 0.9349735570697151 277
1780130136292 0.9140156523775953 278
1780130136294 0.9500420750420752 279
1780130136296 0.889572806312216 280
1780130136298 0.8990304176105306 281
1780130136300 0.9189361718809131 282
1780130136302 0.9496061841555468 283
1780130136304 0.9549203296429913 284
1780130136306 0.955141686656449 285
1780130136308 0.954776442721184 286
1780130136310 0.9097192768245399 287
1780130136312 0.9444504146801368 288
1780130136314 0.9799906191369606 289
1780130136316 0.9155427029111239 290
1780130136318 0.9550485347711966 291
1780130136319 0.9448243498050944 292
1780130136322 0.9205642229839919 293
1780130136323 0.934567657934676 294
1780130136325 0.9247545857531827 295
1780130136327 0.8890097507684158 296
1780130136329 0.9449718103890119 297
1780130136331 0.9345365075660326 298
1780130136333 0.9295401613864461 299
1780130136335 0.934022446461471 300
1780130136337 0.9650906346541775 301
1780130136339 0.9597916307851525 302
1780130136341 0.9190126130549154 303
1780130136343 0.9299077748037357 304
1780130136345 0.9263606992779007 305
1780130136347 0.9348774451213476 306
1780130136349 0.9497060192695622 307
1780130136351 0.920432074120464 308
1780130136353 0.9354878454878455 309
1780130136355 0.9307146660269329 310
1780130136357 0.9147587999885222 311
1780130136359 0.9389921455803474 312
1780130136360 0.9346607924322348 313
