1780126256530 0.0 0
1780126256533 0.085 1
1780126256535 0.2 2
1780126256537 0.38 3
1780126256539 0.275 4
1780126256541 0.42 5
1780126256543 0.35 6
1780126256545 0.38 7
1780126256547 0.46 8
1780126256549 0.42 9
1780126256551 0.445 10
1780126256553 0.545 11
1780126256554 0.55 12
1780126256556 0.665 13
1780126256558 0.59 14
1780126256560 0.555 15
1780126256562 0.605 16
1780126256564 0.625 17
1780126256566 0.655 18
1780126256568 0.615 19
1780126256570 0.62 20
1780126256572 0.67 21
1780126256573 0.62 22
1780126256575 0.665 23
1780126256577 0.665 24
1780126256579 0.59 25
1780126256581 0.5 26
1780126256583 0.68 27
1780126256585 0.63 28
1780126256587 0.695 29
1780126256588 0.65 30
1780126256590 0.655 31
1780126256592 0.715 32
1780126256594 0.75 33
1780126256596 0.69 34
1780126256598 0.6 35
1780126256600 0.745 36
1780126256602 0.62 37
1780126256604 0.74 38
1780126256605 0.76 39
1780126256607 0.675 40
1780126256609 0.555 41
1780126256611 0.765 42
1780126256613 0.75 43
1780126256615 0.8 44
1780126256617 0.7 45
1780126256619 0.805 46
1780126256621 0.76 47
1780126256623 0.825 48
1780126256625 0.875 49
1780126256626 0.75 50
1780126256628 0.79 51
1780126256630 0.77 52
1780126256632 0.805 53
1780126256634 0.745 54
1780126256636 0.735 55
1780126256637 0.565 56
1780126256639 0.83 57
1780126256641 0.635 58
1780126256643 0.8 59
1780126256645 0.77 60
1780126256647 0.78 61
1780126256649 0.785 62
1780126256650 0.78 63
1780126256652 0.705 64
1780126256655 0.78 65
1780126256656 0.84 66
1780126256658 0.87 67
1780126256660 0.66 68
1780126256662 0.885 69
1780126256664 0.77 70
1780126256666 0.8 71
1780126256668 0.78 72
1780126256670 0.745 73
1780126256672 0.825 74
1780126256673 0.855 75
1780126256675 0.755 76
1780126256677 0.895 77
1780126256679 0.865 78
1780126256681 0.745 79
1780126256683 0.805 80
1780126256685 0.83 81
1780126256686 0.845 82
1780126256688 0.895 83
1780126256690 0.875 84
1780126256692 0.76 85
1780126256694 0.85 86
1780126256696 0.865 87
1780126256698 0.81 88
1780126256699 0.84 89
1780126256701 0.88 90
1780126256703 0.795 91
1780126256705 0.875 92
1780126256707 0.93 93
1780126256709 0.89 94
1780126256711 0.755 95
1780126256713 0.86 96
1780126256715 0.8 97
1780126256717 0.86 98
1780126256719 0.915 99
1780126256721 0.875 100
1780126256722 0.86 101
1780126256724 0.83 102
1780126256726 0.845 103
1780126256728 0.875 104
1780126256730 0.9 105
1780126256732 0.87 106
1780126256734 0.79 107
1780126256735 0.915 108
1780126256737 0.885 109
1780126256739 0.825 110
1780126256741 0.825 111
1780126256743 0.805 112
1780126256745 0.84 113
1780126256747 0.75 114
1780126256748 0.865 115
1780126256750 0.925 116
1780126256752 0.89 117
1780126256754 0.635 118
1780126256756 0.895 119
1780126256758 0.84 120
1780126256760 0.89 121
1780126256762 0.87 122
1780126256764 0.87 123
1780126256766 0.865 124
1780126256768 0.895 125
1780126256769 0.865 126
1780126256771 0.9 127
1780126256773 0.91 128
1780126256775 0.875 129
1780126256777 0.89 130
1780126256779 0.915 131
1780126256781 0.9 132
1780126256783 0.845 133
1780126256784 0.79 134
1780126256786 0.915 135
1780126256788 0.92 136
1780126256790 0.855 137
1780126256792 0.875 138
1780126256794 0.845 139
1780126256796 0.87 140
1780126256798 0.81 141
1780126256800 0.925 142
1780126256801 0.94 143
1780126256804 0.88 144
1780126256806 0.91 145
1780126256808 0.83 146
1780126256809 0.915 147
1780126256811 0.935 148
1780126256813 0.81 149
1780126256815 0.92 150
1780126256817 0.85 151
1780126256819 0.87 152
1780126256821 0.92 153
1780126256823 0.905 154
1780126256824 0.895 155
1780126256826 0.83 156
1780126256828 0.94 157
1780126256830 0.935 158
1780126256832 0.925 159
1780126256834 0.905 160
1780126256836 0.95 161
1780126256837 0.92 162
1780126256839 0.905 163
1780126256841 0.885 164
1780126256843 0.865 165
1780126256845 0.91 166
1780126256847 0.95 167
1780126256849 0.92 168
1780126256850 0.945 169
1780126256852 0.93 170
1780126256854 0.955 171
1780126256856 0.915 172
1780126256859 0.94 173
1780126256861 0.93 174
1780126256863 0.91 175
1780126256864 0.93 176
1780126256866 0.93 177
1780126256868 0.96 178
1780126256870 0.955 179
1780126256872 0.975 180
1780126256874 0.95 181
1780126256876 0.94 182
1780126256878 0.935 183
1780126256879 0.94 184
1780126256881 0.905 185
1780126256883 0.805 186
1780126256885 0.94 187
1780126256887 0.935 188
1780126256889 0.93 189
1780126256891 0.94 190
1780126256893 0.955 191
1780126256895 0.945 192
1780126256896 0.92 193
1780126256898 0.915 194
1780126256900 0.93 195
1780126256902 0.9 196
1780126256904 0.965 197
1780126256906 0.945 198
1780126256908 0.955 199
1780126256910 0.94 200
1780126256912 0.96 201
1780126256914 0.92 202
1780126256915 0.945 203
1780126256917 0.945 204
1780126256919 0.885 205
1780126256921 0.9 206
1780126256923 0.945 207
1780126256925 0.95 208
1780126256927 0.935 209
1780126256928 0.91 210
1780126256930 0.945 211
1780126256932 0.915 212
1780126256934 0.915 213
1780126256936 0.94 214
1780126256938 0.95 215
1780126256939 0.95 216
1780126256941 0.965 217
1780126256943 0.97 218
1780126256945 0.95 219
1780126256947 0.96 220
1780126256949 0.95 221
1780126256951 0.975 222
1780126256953 0.955 223
1780126256955 0.945 224
1780126256956 0.965 225
1780126256958 0.95 226
1780126256960 0.97 227
1780126256962 0.93 228
1780126256964 0.935 229
1780126256966 0.95 230
1780126256968 0.955 231
1780126256969 0.93 232
1780126256971 0.955 233
1780126256973 0.955 234
1780126256975 0.94 235
1780126256977 0.875 236
1780126256979 0.955 237
1780126256981 0.96 238
1780126256983 0.945 239
1780126256984 0.96 240
1780126256986 0.965 241
1780126256988 0.925 242
1780126256990 0.935 243
1780126256992 0.835 244
1780126256994 0.98 245
1780126256996 0.965 246
1780126256998 0.935 247
1780126257000 0.945 248
1780126257002 0.975 249
1780126257004 0.94 250
1780126257006 0.925 251
1780126257007 0.96 252
1780126257009 0.84 253
1780126257011 0.95 254
1780126257013 0.95 255
1780126257015 0.89 256
1780126257017 0.945 257
1780126257018 0.975 258
1780126257020 0.935 259
1780126257022 0.975 260
1780126257024 0.925 261
1780126257026 0.98 262
1780126257028 0.935 263
1780126257030 0.98 264
1780126257031 0.9 265
1780126257033 0.92 266
1780126257035 0.96 267
1780126257037 0.98 268
1780126257039 0.975 269
1780126257041 0.965 270
1780126257043 0.965 271
1780126257044 0.965 272
1780126257046 0.95 273
1780126257048 0.955 274
1780126257050 0.96 275
1780126257052 0.935 276
1780126257054 0.96 277
1780126257056 0.895 278
1780126257058 0.935 279
1780126257059 0.935 280
1780126257061 0.95 281
1780126257063 0.925 282
1780126257065 0.935 283
1780126257067 0.95 284
1780126257069 0.96 285
1780126257071 0.975 286
1780126257072 0.975 287
1780126257074 0.96 288
1780126257076 0.975 289
1780126257078 0.955 290
1780126257080 0.965 291
1780126257082 0.96 292
1780126257084 0.97 293
1780126257086 0.94 294
1780126257087 0.94 295
1780126257089 0.955 296
1780126257091 0.96 297
1780126257093 0.825 298
1780126257095 0.96 299
1780126257097 0.95 300
1780126257099 0.99 301
1780126257101 0.98 302
1780126257103 0.94 303
1780126257105 0.955 304
1780126257106 0.97 305
1780126257108 0.88 306
1780126257110 0.89 307
1780126257112 0.96 308
1780126257114 0.825 309
1780126257116 0.82 310
1780126257117 0.965 311
1780126257119 0.975 312
1780126257121 0.93 313
