1773273260361 0.0 0
1773273260378 0.500801282051282 1
1773273260390 0.5 2
1773273260403 0.5265486725663717 3
1773273260415 0.7230576441102757 4
1773273260427 0.7163447102392153 5
1773273260441 0.6991150442477876 6
1773273260456 0.605764411027569 7
1773273260479 0.6560618225612204 8
1773273260493 0.7711771177117712 9
1773273260507 0.7533834586466166 10
1773273260520 0.74 11
1773273260534 0.7070207020702071 12
1773273260548 0.775 13
1773273260564 0.6981132075471699 14
1773273260579 0.702832549294365 15
1773273260591 0.7466165413533834 16
1773273260610 0.7751610305958132 17
1773273260623 0.8706342834203131 18
1773273260638 0.8365028525673106 19
1773273260654 0.7936698717948718 20
1773273260668 0.796474358974359 21
1773273260685 0.8088942307692308 22
1773273260707 0.8 23
1773273260721 0.7892628205128205 24
1773273260735 0.7865208186309104 25
1773273260750 0.8280998389694042 26
1773273260762 0.8109360518999074 27
1773273260774 0.795 28
1773273260786 0.8157051282051282 29
1773273260796 0.6760704281712685 30
1773273260808 0.6428571428571428 31
1773273260824 0.5151515151515151 32
1773273260839 0.6407766990291262 33
1773273260851 0.7540584415584416 34
1773273260866 0.8021208483393357 35
1773273260878 0.835033503350335 36
1773273260891 0.8214573268921095 37
1773273260918 0.827323717948718 38
1773273260931 0.734023402340234 39
1773273260946 0.8037593984962406 40
1773273260960 0.8160401002506266 41
1773273260972 0.8188624258868455 42
1773273260986 0.7939582496989162 43
1773273260998 0.7991799179917991 44
1773273261011 0.8083233293317327 45
1773273261024 0.7750100040016006 46
1773273261038 0.8097744360902256 47
1773273261050 0.8173701298701299 48
1773273261062 0.7575757575757576 49
1773273261074 0.6478696741854637 50
1773273261086 0.787133681252509 51
1773273261099 0.7148859543817527 52
1773273261126 0.6923234811165846 53
1773273261139 0.5670103092783505 54
1773273261157 0.7119407466720048 55
1773273261178 0.81 56
1773273261197 0.7957455388648049 57
1773273261208 0.8341062607117653 58
1773273261222 0.8447344734473448 59
1773273261236 0.8450448633934873 60
1773273261249 0.828459451311426 61
1773273261271 0.827323717948718 62
1773273261283 0.8187274909963985 63
1773273261296 0.825 64
1773273261307 0.801621459313382 65
1773273261319 0.8137323591232108 66
1773273261331 0.8331485028732735 67
1773273261356 0.8685587761674718 68
1773273261370 0.7928685897435898 69
1773273261387 0.7832532051282051 70
1773273261402 0.7938808373590982 71
1773273261418 0.7542788509658693 72
1773273261433 0.7764572137246796 73
1773273261447 0.8177270908363345 74
1773273261466 0.7988798879887988 75
1773273261483 0.7698769876987699 76
1773273261502 0.8026210484193677 77
1773273261514 0.8291560102301789 78
1773273261528 0.8433441558441559 79
1773273261546 0.7882205513784462 80
1773273261561 0.8448344834483448 81
1773273261580 0.9005900590059006 82
1773273261613 0.8401360544217688 83
1773273261630 0.8526570048309179 84
1773273261645 0.8305830583058306 85
1773273261660 0.8254325432543255 86
1773273261674 0.831328320802005 87
1773273261687 0.8066337332392379 88
1773273261701 0.83 89
1773273261717 0.8683473389355743 90
1773273261734 0.7865315134484143 91
1773273261748 0.6858743497398959 92
1773273261761 0.6843434343434344 93
1773273261780 0.804549114331723 94
1773273261796 0.7880788078807881 95
1773273261810 0.7932769726247987 96
1773273261828 0.8355889724310777 97
1773273261856 0.8318295739348371 98
1773273261872 0.8260651629072682 99
1773273261885 0.8222492155076424 100
1773273261898 0.8502435064935066 101
1773273261913 0.7966536026529997 102
1773273261927 0.8774038461538461 103
1773273261948 0.812281052947653 104
1773273261962 0.8793879387938794 105
1773273261980 0.78 106
1773273261997 0.8417467948717949 107
1773273262009 0.8358343337334934 108
1773273262022 0.8635447121685654 109
1773273262033 0.8004800480048004 110
1773273262044 0.8238095238095238 111
1773273262057 0.79 112
1773273262068 0.5 113
1773273262092 0.5 114
1773273262103 0.5 115
1773273262114 0.5 116
1773273262126 0.63 117
1773273262138 0.7308310722540448 118
1773273262149 0.8207282913165266 119
1773273262160 0.8350417043513214 120
1773273262170 0.8499399759903962 121
1773273262181 0.781228017284695 122
1773273262192 0.815 123
1773273262204 0.8144314431443145 124
1773273262216 0.8631313131313132 125
1773273262229 0.8674185463659148 126
1773273262241 0.8766917293233083 127
1773273262255 0.8762386147532779 128
1773273262279 0.8223796603356446 129
1773273262292 0.8848631239935587 130
1773273262304 0.855035503550355 131
1773273262320 0.825444678926741 132
1773273262335 0.8049516908212561 133
1773273262349 0.8197115384615384 134
1773273262359 0.8389355742296919 135
1773273262373 0.8041871921182266 136
1773273262385 0.7222222222222222 137
1773273262397 0.8576430572228891 138
1773273262412 0.8308853529171767 139
1773273262424 0.8102631313640488 140
1773273262436 0.8236714975845411 141
1773273262449 0.8393357342937176 142
1773273262461 0.868204200582856 143
1773273262491 0.8314860426929392 144
1773273262504 0.80092453019797 145
1773273262516 0.7278550695626064 146
1773273262528 0.8115288220551378 147
1773273262539 0.8093237294917968 148
1773273262552 0.8475511842633481 149
1773273262563 0.8594941790445605 150
1773273262575 0.825 151
1773273262587 0.8443609022556391 152
1773273262598 0.853030303030303 153
1773273262610 0.8230668414154653 154
1773273262621 0.8372331691297208 155
1773273262632 0.8197994987468672 156
1773273262644 0.8511641910879165 157
1773273262656 0.8850066117383786 158
1773273262681 0.8414322250639386 159
1773273262700 0.8999899989999001 160
1773273262712 0.8274309723889557 161
1773273262726 0.7875000000000001 162
1773273262742 0.8595859585958596 163
1773273262755 0.9108527131782946 164
1773273262767 0.8503850385038504 165
1773273262780 0.895 166
1773273262791 0.882711038961039 167
1773273262803 0.8508850885088509 168
1773273262815 0.8373530298462466 169
1773273262827 0.8541750301083902 170
1773273262839 0.8463346334633464 171
1773273262852 0.7920336066403482 172
1773273262863 0.8616071428571428 173
1773273262889 0.8948394839483949 174
1773273262901 0.8680312281052948 175
1773273262913 0.8548942200627594 176
1773273262925 0.8564814814814814 177
1773273262938 0.8341062607117653 178
1773273262951 0.8599959855479726 179
1773273262963 0.811698717948718 180
1773273262976 0.7298711755233495 181
1773273262989 0.8063225290116047 182
1773273263001 0.8076230492196879 183
1773273263014 0.8711755233494365 184
1773273263026 0.8489562424729025 185
1773273263039 0.8291666666666666 186
1773273263051 0.8170033162496231 187
1773273263063 0.8137524158274845 188
1773273263092 0.8479391756702681 189
1773273263106 0.8501602564102564 190
1773273263120 0.8237914122710439 191
1773273263134 0.899338569656883 192
1773273263146 0.8854669887278583 193
1773273263160 0.845 194
1773273263173 0.8369391025641025 195
1773273263185 0.8492142928635773 196
1773273263198 0.8198470209339774 197
1773273263210 0.8232758620689655 198
