1780539660261 0.0 0
1780539660263 0.5 1
1780539660265 0.5 2
1780539660267 0.5424605334784975 3
1780539660270 0.6179213407217191 4
1780539660272 0.634375 5
1780539660274 0.5 6
1780539660276 0.5781794064002653 7
1780539660278 0.5 8
1780539660280 0.5 9
1780539660282 0.5 10
1780539660284 0.5260560600078957 11
1780539660286 0.5 12
1780539660288 0.5 13
1780539660290 0.5 14
1780539660292 0.5727635637815278 15
1780539660294 0.5 16
1780539660296 0.6394265232974911 17
1780539660298 0.6376222848615487 18
1780539660300 0.6480683137124855 19
1780539660302 0.6889349725966524 20
1780539660304 0.5644932671863926 21
1780539660306 0.5790765454824359 22
1780539660308 0.5108695652173914 23
1780539660310 0.5239595423644503 24
1780539660313 0.5 25
1780539660315 0.5383771929824561 26
1780539660317 0.5 27
1780539660319 0.5333333333333333 28
1780539660321 0.5982078853046595 29
1780539660323 0.5 30
1780539660325 0.5788772033772774 31
1780539660327 0.5 32
1780539660329 0.6343767894636381 33
1780539660331 0.6067249296400533 34
1780539660333 0.6302083333333333 35
1780539660335 0.6227678571428572 36
1780539660337 0.6808035714285714 37
1780539660339 0.7305068226120858 38
1780539660341 0.6714888487040386 39
1780539660343 0.6851498377552968 40
1780539660345 0.5081585081585082 41
1780539660347 0.6558441558441559 42
1780539660349 0.5804268195572543 43
1780539660351 0.5696881091617934 44
1780539660353 0.6170937638868316 45
1780539660355 0.5 46
1780539660357 0.5 47
1780539660359 0.6363636363636364 48
1780539660361 0.5 49
1780539660363 0.7477396021699819 50
1780539660365 0.6470189701897019 51
1780539660367 0.6085714285714285 52
1780539660369 0.5116279069767442 53
1780539660371 0.496875 54
1780539660373 0.527027027027027 55
1780539660375 0.5433269145311805 56
1780539660378 0.6450980392156863 57
1780539660380 0.5844704353476283 58
1780539660382 0.5625 59
1780539660384 0.5247289972899729 60
1780539660386 0.5121951219512195 61
1780539660388 0.5592105263157895 62
1780539660390 0.6841540113514343 63
1780539660392 0.5162521384392683 64
1780539660394 0.6458185683912119 65
1780539660396 0.5739695087521175 66
1780539660398 0.5606060606060606 67
1780539660400 0.6093189964157706 68
1780539660402 0.5 69
1780539660404 0.59 70
1780539660406 0.5707118967988534 71
1780539660408 0.5416666666666666 72
1780539660410 0.5121951219512195 73
1780539660412 0.5374730558779639 74
1780539660414 0.6151295961422544 75
1780539660416 0.5398268398268398 76
1780539660418 0.6920623671155209 77
1780539660420 0.6112938596491229 78
1780539660422 0.6222848615486652 79
1780539660424 0.5 80
1780539660426 0.5633468834688347 81
1780539660428 0.6236113168419494 82
1780539660430 0.6003221352968247 83
1780539660432 0.618006993006993 84
1780539660434 0.546875 85
1780539660437 0.5991517174245585 86
1780539660439 0.5142857142857142 87
1780539660441 0.5454545454545454 88
1780539660443 0.6091617933723197 89
1780539660445 0.5131578947368421 90
1780539660447 0.6962095875139354 91
1780539660449 0.509375 92
1780539660451 0.5774509803921569 93
1780539660453 0.7 94
1780539660455 0.5441176470588235 95
1780539660457 0.5428571428571428 96
1780539660459 0.5428571428571428 97
1780539660461 0.5789295392953929 98
1780539660463 0.5263157894736842 99
1780539660465 0.6631701631701632 100
1780539660467 0.6910026421916284 101
1780539660469 0.5775440675455488 102
1780539660471 0.6521739130434783 103
1780539660473 0.5614325982424142 104
1780539660475 0.5128205128205128 105
1780539660477 0.5967510750119446 106
1780539660479 0.6571428571428571 107
1780539660481 0.6731029810298103 108
1780539660483 0.5464587394411955 109
1780539660485 0.593905031892275 110
1780539660488 0.603125 111
1780539660490 0.55 112
1780539660492 0.6979166666666667 113
1780539660494 0.5294117647058824 114
1780539660496 0.5333333333333333 115
1780539660498 0.5675675675675675 116
1780539660500 0.6129884577944653 117
1780539660502 0.76389552476509 118
1780539660504 0.5810810810810811 119
1780539660506 0.5625 120
1780539660508 0.6068641503424113 121
1780539660510 0.6993151775760471 122
1780539660512 0.58125 123
1780539660514 0.575 124
1780539660516 0.6204301075268818 125
1780539660518 0.6649728997289973 126
1780539660520 0.56875 127
1780539660522 0.6790151863782788 128
1780539660524 0.6338357588357588 129
1780539660526 0.7189964157706094 130
1780539660528 0.5920735382760699 131
1780539660530 0.662589539126909 132
1780539660533 0.525 133
1780539660535 0.6527777777777778 134
1780539660537 0.665625 135
1780539660539 0.5104460288509368 136
1780539660541 0.6185810197786246 137
1780539660543 0.5683982683982683 138
1780539660545 0.6763389156027193 139
1780539660547 0.7376543209876543 140
1780539660549 0.5222222222222223 141
1780539660551 0.5773026315789473 142
1780539660553 0.6595840867992767 143
1780539660555 0.6743365546863016 144
1780539660557 0.5787878787878787 145
1780539660559 0.5784313725490196 146
1780539660561 0.5874085483249903 147
1780539660563 0.5467753366406803 148
1780539660565 0.6126771778945692 149
1780539660567 0.496875 150
1780539660569 0.5238095238095238 151
1780539660571 0.5 152
1780539660573 0.5023776652860868 153
1780539660575 0.5 154
1780539660577 0.5 155
1780539660579 0.5 156
1780539660581 0.5 157
1780539660583 0.5 158
1780539660585 0.5 159
1780539660587 0.5 160
1780539660589 0.509375 161
1780539660591 0.5 162
1780539660593 0.5 163
1780539660595 0.5 164
1780539660597 0.5 165
1780539660600 0.5 166
1780539660602 0.5762507534659433 167
1780539660604 0.539044289044289 168
1780539660606 0.5 169
1780539660608 0.5 170
1780539660610 0.5708257986738999 171
1780539660612 0.5283154121863799 172
1780539660614 0.5 173
1780539660616 0.5 174
1780539660618 0.5138888888888888 175
1780539660620 0.5262237762237763 176
1780539660622 0.4931972789115646 177
1780539660624 0.5060326017199333 178
1780539660626 0.5285714285714286 179
1780539660628 0.5 180
1780539660630 0.5 181
1780539660632 0.5 182
1780539660634 0.6125 183
1780539660636 0.5904605263157895 184
1780539660638 0.5 185
1780539660640 0.5789295392953929 186
1780539660642 0.5 187
1780539660644 0.546875 188
1780539660646 0.5588650479954828 189
1780539660648 0.5125338753387534 190
1780539660650 0.5 191
1780539660652 0.5 192
1780539660654 0.5 193
1780539660657 0.5 194
1780539660659 0.5 195
1780539660661 0.5 196
1780539660663 0.5 197
1780539660665 0.5 198
1780539660667 0.606907894736842 199
1780539660669 0.5 200
1780539660671 0.5454545454545454 201
1780539660673 0.5944940476190477 202
1780539660675 0.5277777777777778 203
1780539660677 0.5 204
1780539660679 0.5625 205
1780539660681 0.49693251533742333 206
1780539660683 0.5 207
1780539660685 0.5 208
1780539660687 0.5082251082251082 209
1780539660689 0.53125 210
1780539660691 0.6219580030593798 211
1780539660693 0.6035402162642571 212
1780539660695 0.5547994919252405 213
1780539660697 0.5 214
1780539660699 0.5263157894736842 215
1780539660701 0.5125 216
1780539660703 0.5232293697205977 217
1780539660705 0.5225354355789138 218
1780539660707 0.5 219
1780539660709 0.5 220
1780539660712 0.55625 221
1780539660714 0.6392276422764227 222
1780539660716 0.6376683203401843 223
1780539660718 0.5090504678631692 224
1780539660720 0.575821056899581 225
1780539660722 0.4937888198757764 226
1780539660724 0.5 227
1780539660735 0.5381140598531903 228
1780539660737 0.567650472558448 229
1780539660739 0.609375 230
1780539660741 0.5 231
1780539660743 0.6354895104895104 232
1780539660745 0.5 233
1780539660748 0.6394265232974911 234
1780539660750 0.5200711005776922 235
1780539660752 0.7023809523809523 236
1780539660754 0.5 237
1780539660756 0.531150048671951 238
1780539660758 0.6722943722943723 239
1780539660760 0.6584415584415584 240
1780539660762 0.5 241
1780539660764 0.49702380952380953 242
1780539660766 0.5516802038541169 243
1780539660768 0.543997668997669 244
1780539660770 0.5052584802251519 245
1780539660772 0.5301075268817205 246
1780539660774 0.6250995381430164 247
1780539660776 0.5217391304347826 248
1780539660778 0.617197938537889 249
1780539660780 0.5254671488848703 250
1780539660783 0.5303030303030303 251
1780539660785 0.6625000000000001 252
1780539660787 0.5 253
1780539660789 0.508681785967399 254
1780539660791 0.5 255
1780539660793 0.600254817646122 256
1780539660795 0.5449438202247191 257
1780539660797 0.5 258
1780539660799 0.4968553459119497 259
1780539660801 0.5 260
1780539660803 0.5953887884267631 261
1780539660805 0.5623000973439021 262
1780539660807 0.60995670995671 263
1780539660809 0.5 264
1780539660811 0.5666666666666667 265
1780539660813 0.5 266
1780539660815 0.5 267
1780539660817 0.5 268
1780539660819 0.6231784015953368 269
1780539660821 0.5104460288509368 270
1780539660824 0.6266666666666667 271
1780539660826 0.7093750000000001 272
1780539660828 0.5 273
1780539660830 0.5 274
1780539660832 0.5 275
1780539660834 0.5738396624472574 276
1780539660836 0.496875 277
1780539660838 0.5 278
1780539660840 0.5 279
1780539660842 0.5428571428571428 280
1780539660844 0.5263157894736842 281
1780539660846 0.5895422900311065 282
1780539660848 0.5294117647058824 283
1780539660850 0.5656249999999999 284
1780539660852 0.6289865343727853 285
1780539660854 0.6818245028507857 286
1780539660856 0.6529605263157895 287
1780539660858 0.5 288
1780539660860 0.5 289
1780539660862 0.5 290
1780539660864 0.5 291
1780539660866 0.5225354355789138 292
1780539660868 0.5277777777777778 293
1780539660871 0.6065456282847588 294
1780539660873 0.5817443210081247 295
1780539660875 0.5 296
1780539660877 0.5483969934038964 297
1780539660879 0.5462962962962963 298
