1780530446396 0.0 0
1780530446399 0.8 1
1780530446401 0.785 2
1780530446403 0.8 3
1780530446404 0.765 4
1780530446406 0.82 5
1780530446408 0.8 6
1780530446410 0.855 7
1780530446412 0.785 8
1780530446413 0.755 9
1780530446415 0.81 10
1780530446417 0.805 11
1780530446419 0.81 12
1780530446420 0.785 13
1780530446422 0.805 14
1780530446424 0.715 15
1780530446426 0.8 16
1780530446428 0.77 17
1780530446430 0.76 18
1780530446431 0.785 19
1780530446433 0.845 20
1780530446435 0.83 21
1780530446437 0.825 22
1780530446438 0.78 23
1780530446440 0.775 24
1780530446442 0.79 25
1780530446444 0.795 26
1780530446446 0.79 27
1780530446447 0.84 28
1780530446449 0.765 29
1780530446451 0.67 30
1780530446453 0.805 31
1780530446454 0.8 32
1780530446456 0.76 33
1780530446458 0.78 34
1780530446460 0.795 35
1780530446461 0.835 36
1780530446463 0.74 37
1780530446465 0.8 38
1780530446467 0.83 39
1780530446468 0.665 40
1780530446470 0.845 41
1780530446472 0.765 42
1780530446473 0.805 43
1780530446475 0.84 44
1780530446477 0.845 45
1780530446479 0.83 46
1780530446480 0.815 47
1780530446482 0.805 48
1780530446484 0.785 49
1780530446486 0.82 50
1780530446487 0.8 51
1780530446489 0.77 52
1780530446491 0.8 53
1780530446493 0.8 54
1780530446494 0.805 55
1780530446496 0.795 56
1780530446498 0.785 57
1780530446500 0.845 58
1780530446501 0.845 59
1780530446503 0.75 60
1780530446505 0.82 61
1780530446507 0.8 62
1780530446508 0.77 63
1780530446510 0.805 64
1780530446512 0.84 65
1780530446513 0.815 66
1780530446515 0.85 67
1780530446517 0.79 68
1780530446519 0.775 69
1780530446520 0.755 70
1780530446522 0.815 71
1780530446524 0.775 72
1780530446526 0.83 73
1780530446527 0.77 74
1780530446529 0.78 75
1780530446531 0.825 76
1780530446532 0.815 77
1780530446534 0.75 78
1780530446536 0.78 79
1780530446538 0.8 80
1780530446539 0.745 81
1780530446541 0.575 82
1780530446543 0.47 83
1780530446545 0.825 84
1780530446546 0.78 85
1780530446548 0.81 86
1780530446550 0.805 87
1780530446552 0.8 88
1780530446553 0.775 89
1780530446555 0.77 90
1780530446557 0.795 91
1780530446558 0.795 92
1780530446560 0.77 93
1780530446562 0.49 94
1780530446564 0.84 95
1780530446566 0.785 96
1780530446567 0.84 97
1780530446569 0.815 98
1780530446571 0.81 99
1780530446573 0.835 100
1780530446574 0.78 101
1780530446576 0.82 102
1780530446578 0.825 103
1780530446579 0.865 104
1780530446581 0.815 105
1780530446583 0.545 106
1780530446585 0.825 107
1780530446587 0.75 108
1780530446588 0.78 109
1780530446590 0.81 110
1780530446592 0.805 111
1780530446593 0.79 112
1780530446595 0.765 113
1780530446597 0.775 114
1780530446599 0.82 115
1780530446600 0.785 116
1780530446602 0.835 117
1780530446604 0.81 118
1780530446606 0.81 119
1780530446608 0.595 120
1780530446609 0.845 121
1780530446611 0.745 122
1780530446613 0.74 123
1780530446615 0.775 124
1780530446616 0.81 125
1780530446618 0.78 126
1780530446620 0.81 127
1780530446622 0.79 128
1780530446623 0.86 129
1780530446625 0.795 130
1780530446627 0.805 131
1780530446628 0.795 132
1780530446630 0.845 133
1780530446632 0.765 134
1780530446634 0.795 135
1780530446635 0.81 136
1780530446637 0.735 137
1780530446639 0.76 138
1780530446640 0.83 139
1780530446642 0.845 140
1780530446644 0.805 141
1780530446646 0.825 142
1780530446647 0.785 143
1780530446649 0.83 144
1780530446651 0.715 145
1780530446653 0.815 146
1780530446654 0.875 147
1780530446656 0.82 148
1780530446658 0.8 149
1780530446660 0.4 150
1780530446661 0.655 151
1780530446663 0.61 152
1780530446665 0.63 153
1780530446667 0.695 154
1780530446668 0.655 155
1780530446670 0.56 156
1780530446672 0.545 157
1780530446674 0.42 158
1780530446675 0.77 159
1780530446677 0.695 160
1780530446679 0.605 161
1780530446680 0.585 162
1780530446682 0.735 163
1780530446684 0.72 164
1780530446686 0.63 165
1780530446687 0.775 166
1780530446689 0.685 167
1780530446691 0.69 168
1780530446692 0.75 169
1780530446694 0.595 170
1780530446696 0.8 171
1780530446698 0.675 172
1780530446699 0.725 173
1780530446701 0.73 174
1780530446703 0.835 175
1780530446704 0.785 176
1780530446706 0.76 177
1780530446708 0.69 178
1780530446710 0.805 179
1780530446712 0.835 180
1780530446713 0.725 181
1780530446715 0.795 182
1780530446717 0.74 183
1780530446719 0.77 184
1780530446720 0.785 185
1780530446722 0.71 186
1780530446724 0.615 187
1780530446725 0.78 188
1780530446727 0.73 189
1780530446729 0.75 190
1780530446731 0.845 191
1780530446732 0.75 192
1780530446734 0.805 193
1780530446736 0.795 194
1780530446737 0.735 195
1780530446739 0.665 196
1780530446741 0.815 197
1780530446743 0.725 198
1780530446744 0.815 199
1780530446746 0.83 200
1780530446748 0.795 201
1780530446750 0.805 202
1780530446751 0.74 203
1780530446753 0.775 204
1780530446755 0.685 205
1780530446756 0.795 206
1780530446758 0.65 207
1780530446760 0.78 208
1780530446762 0.655 209
1780530446763 0.86 210
1780530446765 0.74 211
1780530446767 0.89 212
1780530446769 0.795 213
1780530446770 0.8 214
1780530446772 0.77 215
1780530446774 0.72 216
1780530446776 0.81 217
1780530446777 0.8 218
1780530446779 0.795 219
1780530446781 0.865 220
1780530446783 0.79 221
1780530446784 0.59 222
1780530446786 0.795 223
1780530446788 0.685 224
1780530446790 0.825 225
1780530446791 0.85 226
1780530446793 0.805 227
1780530446795 0.84 228
1780530446796 0.69 229
1780530446798 0.8 230
1780530446800 0.47 231
1780530446802 0.675 232
1780530446803 0.81 233
1780530446805 0.745 234
1780530446807 0.805 235
1780530446809 0.61 236
1780530446810 0.87 237
1780530446812 0.775 238
1780530446814 0.78 239
1780530446816 0.84 240
1780530446817 0.825 241
1780530446819 0.77 242
1780530446821 0.475 243
1780530446823 0.715 244
1780530446824 0.795 245
1780530446826 0.515 246
1780530446828 0.835 247
1780530446830 0.695 248
1780530446831 0.83 249
1780530446833 0.815 250
1780530446835 0.835 251
1780530446837 0.57 252
1780530446838 0.84 253
1780530446840 0.775 254
1780530446842 0.795 255
1780530446844 0.75 256
1780530446845 0.815 257
1780530446847 0.78 258
1780530446849 0.79 259
1780530446850 0.785 260
1780530446852 0.83 261
1780530446854 0.425 262
1780530446856 0.86 263
1780530446857 0.775 264
1780530446859 0.825 265
1780530446861 0.885 266
1780530446863 0.84 267
1780530446864 0.84 268
1780530446866 0.89 269
1780530446868 0.88 270
1780530446870 0.845 271
1780530446871 0.775 272
1780530446873 0.51 273
1780530446875 0.83 274
1780530446877 0.795 275
1780530446878 0.815 276
1780530446880 0.83 277
1780530446882 0.85 278
1780530446884 0.77 279
1780530446885 0.655 280
1780530446887 0.865 281
1780530446889 0.855 282
1780530446890 0.83 283
1780530446892 0.815 284
1780530446894 0.78 285
1780530446895 0.875 286
1780530446897 0.76 287
1780530446899 0.86 288
1780530446901 0.495 289
1780530446902 0.75 290
1780530446904 0.81 291
1780530446906 0.82 292
1780530446908 0.885 293
1780530446909 0.81 294
1780530446911 0.855 295
1780530446913 0.85 296
1780530446915 0.88 297
1780530446916 0.725 298
