1780277717677 0.0 0
1780277717679 0.5016362786348724 1
1780277717681 0.6214285714285658 2
1780277717683 0.6974826388888823 3
1780277717685 0.8466762832071066 4
1780277717687 0.8278792491121161 5
1780277717689 0.6934297311009568 6
1780277717691 0.9088085827216137 7
1780277717693 0.8874740124740015 8
1780277717695 0.8281192491718714 9
1780277717697 0.8868613138686023 10
1780277717699 0.8590635688170678 11
1780277717701 0.9159007352941073 12
1780277717702 0.8741087344028426 13
1780277717704 0.8761755485893303 14
1780277717706 0.8893849206349103 15
1780277717708 0.861157207655705 16
1780277717710 0.903571428571418 17
1780277717712 0.8931034482758513 18
1780277717714 0.9186507936507824 19
1780277717716 0.932328190743327 20
1780277717717 0.8740740740740645 21
1780277717719 0.9131944444444333 22
1780277717721 0.8667994247151134 23
1780277717723 0.848275862068954 24
1780277717725 0.8882546930492026 25
1780277717727 0.9358108108107982 26
1780277717729 0.887250855053652 27
1780277717730 0.9319312528267649 28
1780277717732 0.9126984126984018 29
1780277717734 0.9066322522724624 30
1780277717736 0.932667489619561 31
1780277717738 0.873846527440495 32
1780277717740 0.9361979166666565 33
1780277717741 0.9322704658525449 34
1780277717743 0.9299229625624956 35
1780277717745 0.9645390070921869 36
1780277717747 0.9439484126984008 37
1780277717749 0.9219093963619407 38
1780277717751 0.9047619047618939 39
1780277717753 0.9044117647058727 40
1780277717755 0.8708639705882248 41
1780277717756 0.8944513975802969 42
1780277717758 0.9014888974457596 43
1780277717760 0.8728813559321935 44
1780277717762 0.8474124809741148 45
1780277717764 0.834264205925197 46
1780277717766 0.9702525497814354 47
1780277717768 0.9070313352986037 48
1780277717770 0.9395745675549212 49
1780277717772 0.888537965521768 50
1780277717774 0.8744545347328596 51
1780277717776 0.9281069807385486 52
1780277717778 0.8550267119961049 53
1780277717780 0.9553601062064283 54
1780277717782 0.8977325853202323 55
1780277717784 0.902380952380942 56
1780277717786 0.9538690476190359 57
1780277717788 0.9392909179213098 58
1780277717789 0.9194571283612263 59
1780277717791 0.9484126984126868 60
1780277717793 0.9246104772420451 61
1780277717795 0.8789972364784732 62
1780277717797 0.8946090335114029 63
1780277717799 0.8333333333333249 64
1780277717800 0.9418559876780781 65
1780277717802 0.9251486926270799 66
1780277717804 0.9076923076922978 67
1780277717806 0.9092266843677301 68
1780277717808 0.911541889483056 69
1780277717809 0.8932709447415235 70
1780277717811 0.9334969611968102 71
1780277717813 0.911706349206338 72
1780277717815 0.9277546777546657 73
1780277717817 0.8913672851690898 74
1780277717818 0.8727803145611261 75
1780277717820 0.8769230769230675 76
1780277717822 0.8499271491014959 77
1780277717824 0.9460028050490774 78
1780277717826 0.906238943271602 79
1780277717827 0.9668104878858175 80
1780277717829 0.9412789998797819 81
1780277717831 0.9186224881116589 82
1780277717834 0.9437773538323315 83
1780277717835 0.9394386130439799 84
1780277717837 0.9157316503038699 85
1780277717839 0.8898455006486514 86
1780277717841 0.949843260188076 87
1780277717842 0.9390771829796121 88
1780277717844 0.8997085964060118 89
1780277717846 0.8499999999999912 90
1780277717848 0.9605034722222119 91
1780277717849 0.9691780821917684 92
1780277717851 0.9063865954346662 93
1780277717853 0.94206034379131 94
1780277717855 0.9400283052246619 95
1780277717856 0.9292279411764598 96
1780277717858 0.9365935053266472 97
1780277717860 0.8964285714285611 98
1780277717862 0.9097035040431147 99
1780277717863 0.8843003029962873 100
1780277717865 0.9402437708984908 101
1780277717867 0.9000471753744442 102
1780277717869 0.9355158730158611 103
1780277717870 0.9559202059201957 104
1780277717872 0.9693782141187357 105
1780277717874 0.9206241519674254 106
1780277717876 0.9368503118502995 107
1780277717878 0.9438719175561168 108
1780277717879 0.8840956340956232 109
1780277717881 0.8784722222222107 110
1780277717883 0.9032335617261587 111
1780277717884 0.9451846657316394 112
1780277717886 0.8906249999999902 113
1780277717888 0.9003189792663362 114
1780277717890 0.8961538461538361 115
1780277717892 0.9360501567398003 116
1780277717893 0.9006987662408465 117
1780277717895 0.8847141505608752 118
1780277717897 0.9076671341748379 119
1780277717899 0.9064748201438737 120
1780277717901 0.9103355403433859 121
1780277717903 0.9419695825692919 122
1780277717904 0.8965811965811867 123
1780277717906 0.939601139601129 124
1780277717908 0.9472349061390036 125
1780277717910 0.9439809987255132 126
1780277717912 0.9235109717868224 127
1780277717913 0.9509271822704553 128
1780277717915 0.9545454545454426 129
1780277717917 0.8842917251051794 130
1780277717919 0.868139873725098 131
1780277717921 0.9290556334735751 132
1780277717923 0.9706168042739076 133
1780277717924 0.9289080911233205 134
1780277717926 0.9283129805517762 135
1780277717928 0.9365935053266472 136
1780277717930 0.8310810810810727 137
1780277717932 0.9388020833333233 138
1780277717934 0.897719371436506 139
1780277717936 0.8510971786833758 140
1780277717938 0.9101527403414081 141
1780277717940 0.923992229237483 142
1780277717941 0.9246611396236228 143
1780277717943 0.9619047619047505 144
1780277717945 0.8840579710144835 145
1780277717947 0.9231678486997505 146
1780277717949 0.8545454545454447 147
1780277717951 0.8693907093038435 148
1780277717952 0.8963903743315411 149
1780277717954 0.9109589041095769 150
1780277717956 0.9590017825311836 151
1780277717958 0.9016708739031025 152
1780277717960 0.8692789968651935 153
1780277717962 0.8308823529411679 154
1780277717963 0.8971631205673646 155
1780277717965 0.8797619047618948 156
1780277717967 0.943442721480936 157
1780277717969 0.9165218398794934 158
1780277717971 0.9542319749216182 159
1780277717972 0.9447547353083909 160
1780277717974 0.9456303809411376 161
1780277717976 0.8756461113114457 162
1780277717978 0.9368789105631098 163
1780277717980 0.9467032967032862 164
1780277717982 0.9047619047618947 165
1780277717983 0.9370918936136177 166
1780277717985 0.9053991426254098 167
1780277717987 0.9321573948439517 168
1780277717989 0.8947589854549722 169
1780277717991 0.9318606825619342 170
1780277717993 0.8916666666666566 171
1780277717994 0.9273211567732 172
1780277717996 0.9072414199787607 173
1780277717998 0.8824684087841881 174
1780277718000 0.2082706766917273 175
1780277718002 0.37215909090908694 176
1780277718005 0.5054945054945009 177
1780277718008 0.49999999999999484 178
1780277718011 0.6472647264726409 179
1780277718014 0.6615646258503336 180
1780277718016 0.7259903961584562 181
1780277718018 0.6848484848484777 182
1780277718020 0.6599025974025905 183
1780277718022 0.5056089743589695 184
1780277718024 0.5624999999999946 185
1780277718026 0.7134684865515787 186
1780277718029 0.7405740574057331 187
1780277718031 0.7742096838735417 188
1780277718034 0.6661616161616097 189
1780277718037 0.6449999999999936 190
1780277718040 0.8025723150835673 191
1780277718043 0.8065329166246515 192
1780277718045 0.6704260651629007 193
1780277718048 0.7696741854636515 194
1780277718051 0.7155388471177875 195
1780277718053 0.6899999999999931 196
1780277718056 0.6299999999999937 197
1780277718058 0.7917293233082627 198
1780277718061 0.6149999999999939 199
1780277718063 0.8111244497799039 200
1780277718066 0.7649384446001325 201
1780277718069 0.814999999999992 202
1780277718072 0.7393729273439782 203
1780277718074 0.83133012820512 204
1780277718076 0.7819781978197742 205
1780277718078 0.8003800380037924 206
1780277718080 0.7999999999999918 207
1780277718082 0.807769726247979 208
1780277718083 0.8190100212572041 209
1780277718085 0.6442307692307627 210
1780277718087 0.7871761266256598 211
1780277718089 0.816503467972248 212
1780277718091 0.7176217621762104 213
1780277718093 0.8055750175157561 214
1780277718094 0.7199999999999929 215
1780277718096 0.7518796992481127 216
1780277718099 0.83934837092731 217
1780277718101 0.7913961038960958 218
1780277718103 0.7636354471216782 219
1780277718105 0.8588972431077608 220
1780277718107 0.8270833333333245 221
1780277718109 0.8516550258123208 222
1780277718111 0.7856570512820436 223
1780277718114 0.8660795627087674 224
1780277718117 0.8127381320152318 225
1780277718121 0.8388197511039659 226
1780277718124 0.7615353818436517 227
1780277718126 0.8836842640626501 228
1780277718129 0.8341027699718906 229
1780277718131 0.8762386147532693 230
1780277718133 0.7499999999999927 231
1780277718135 0.7743724165742436 232
1780277718137 0.7797979797979722 233
1780277718139 0.8235588972430996 234
1780277718142 0.8221153846153765 235
1780277718144 0.7811124449779834 236
1780277718147 0.7955481861119404 237
1780277718149 0.7596531908458436 238
1780277718151 0.6049382716049329 239
1780277718153 0.7656641604009948 240
1780277718156 0.8579493900594732 241
1780277718158 0.8757375737573669 242
1780277718160 0.8279220779220697 243
1780277718162 0.8146258503401279 244
1780277718165 0.8331320450885586 245
1780277718167 0.831313131313123 246
1780277718169 0.8093809380938013 247
1780277718171 0.7969001610305877 248
1780277718174 0.830283028302822 249
1780277718176 0.8222624798711674 250
1780277718178 0.832932692307684 251
1780277718180 0.7355769230769158 252
1780277718182 0.8151774785801633 253
1780277718184 0.874076323514517 254
1780277718186 0.8854636591478608 255
1780277718188 0.792731829573927 256
1780277718190 0.8399999999999916 257
1780277718192 0.8112980769230689 258
1780277718193 0.8849999999999911 259
1780277718195 0.8258856682769644 260
1780277718197 0.835834333733485 261
1780277718199 0.9131313131313039 262
1780277718201 0.8681818181818095 263
1780277718203 0.7105982386881189 264
1780277718205 0.8616368286444924 265
1780277718207 0.7322590331298097 266
1780277718209 0.8595618530800838 267
1780277718210 0.8598859885988513 268
1780277718212 0.8276310524209601 269
1780277718214 0.6684210526315725 270
1780277718216 0.8559203282954574 271
1780277718218 0.8500402576489448 272
1780277718220 0.8249999999999917 273
1780277718222 0.8538184365929251 274
1780277718224 0.7972085385878406 275
1780277718226 0.842332396627852 276
1780277718228 0.7686417775998322 277
1780277718229 0.860686068606852 278
1780277718231 0.7122641509433889 279
1780277718233 0.7937575270975434 280
1780277718235 0.8024839743589662 281
1780277718237 0.8472501003612922 282
1780277718239 0.8651477832512227 283
1780277718241 0.8021208483393277 284
1780277718243 0.8930288461538373 285
1780277718245 0.8599999999999914 286
1780277718247 0.7895756833945247 287
1780277718249 0.8353384245213846 288
1780277718251 0.8533653846153761 289
1780277718253 0.8684263348052903 290
1780277718255 0.8731884057970927 291
1780277718257 0.8794486215538759 292
1780277718259 0.8083099156964992 293
1780277718260 0.8886526976414527 294
1780277718262 0.8955035789898085 295
1780277718264 0.8530303030302944 296
1780277718266 0.7132919627664827 297
1780277718268 0.8496240601503675 298
1780277718270 0.8265438895005424 299
1780277718272 0.8033213285314045 300
1780277718274 0.8276972624798629 301
1780277718276 0.8114245698279232 302
1780277718278 0.8557692307692222 303
1780277718280 0.8310831083108228 304
1780277718282 0.8553355335533468 305
1780277718283 0.9022847817217371 306
1780277718285 0.8863636363636276 307
1780277718287 0.8768472906403852 308
1780277718289 0.806225205981072 309
1780277718291 0.834332368747408 310
1780277718293 0.9082532051281961 311
1780277718295 0.8899009108197289 312
1780277718297 0.7028301886792381 313
1780277718299 0.8288220551378365 314
1780277718301 0.8547077922077835 315
1780277718303 0.8589730757681828 316
1780277718305 0.8582930756843714 317
1780277718307 0.8111747563058909 318
1780277718309 0.8744374437443657 319
1780277718311 0.8666466586634567 320
1780277718312 0.9050125313283117 321
1780277718314 0.8149834851366149 322
1780277718316 0.9008107296566821 323
1780277718318 0.8413146486540897 324
1780277718321 0.800924530197962 325
1780277718324 0.8709935897435811 326
1780277718326 0.876839155239707 327
1780277718329 0.7692076830732216 328
1780277718332 0.8212875797145379 329
1780277718337 0.7749999999999924 330
1780277718340 0.8808711360899149 331
1780277718344 0.8481570512820428 332
1780277718347 0.821639475527967 333
1780277718351 0.8491849184918407 334
1780277718354 0.8433977455716501 335
1780277718357 0.8829573934837005 336
1780277718359 0.9010416666666576 337
1780277718361 0.6709273182957328 338
1780277718363 0.8693869386938607 339
1780277718366 0.8538353835383453 340
1780277718369 0.7876602564102486 341
1780277718371 0.8689903846153759 342
1780277718374 0.840350877192974 343
1780277718377 0.8818429277144786 344
1780277718380 0.890096618357479 345
1780277718382 0.8646119418166933 346
1780277718385 0.8586466165413449 347
1780277718388 0.7290660225442763 348
