1780124186367 0.0 0
1780124186370 0.14 1
1780124186372 0.295 2
1780124186374 0.5900000000000001 3
1780124186377 0.36500000000000005 4
1780124186379 0.71 5
1780124186381 0.45500000000000007 6
1780124186383 0.7949999999999999 7
1780124186385 0.7 8
1780124186388 0.875 9
1780124186390 0.79 10
1780124186392 0.86 11
1780124186394 0.865 12
1780124186396 0.8450000000000001 13
1780124186399 0.8799999999999999 14
1780124186401 0.85 15
1780124186403 0.825 16
1780124186405 0.9149999999999998 17
1780124186407 0.915 18
1780124186410 0.9 19
1780124186412 0.85 20
1780124186414 0.89 21
1780124186416 0.9 22
1780124186418 0.9299999999999999 23
1780124186421 0.9 24
1780124186423 0.9499999999999998 25
1780124186425 0.9000000000000001 26
1780124186427 0.915 27
1780124186430 0.7649999999999999 28
1780124186432 0.885 29
1780124186434 0.8400000000000001 30
1780124186436 0.8400000000000001 31
1780124186439 0.775 32
1780124186441 0.925 33
1780124186443 0.8099999999999999 34
1780124186445 0.8550000000000001 35
1780124186448 0.8299999999999998 36
1780124186450 0.9049999999999999 37
1780124186452 0.8049999999999999 38
1780124186454 0.885 39
1780124186457 0.875 40
1780124186459 0.835 41
1780124186461 0.875 42
1780124186463 0.8699999999999999 43
1780124186465 0.8099999999999999 44
1780124186468 0.825 45
1780124186470 0.9249999999999998 46
1780124186472 0.86 47
1780124186474 0.8400000000000001 48
1780124186476 0.85 49
1780124186479 0.9299999999999999 50
1780124186481 0.885 51
1780124186483 0.8300000000000001 52
1780124186486 0.8799999999999999 53
1780124186488 0.835 54
1780124186490 0.8899999999999999 55
1780124186492 0.795 56
1780124186494 0.7 57
1780124186497 0.8999999999999998 58
1780124186499 0.7899999999999999 59
1780124186501 0.9299999999999999 60
1780124186503 0.9199999999999999 61
1780124186505 0.805 62
1780124186508 0.9400000000000001 63
1780124186510 0.845 64
1780124186512 0.785 65
1780124186514 0.9349999999999999 66
1780124186516 0.95 67
1780124186519 0.9 68
1780124186521 0.925 69
1780124186523 0.9199999999999999 70
1780124186525 0.7699999999999999 71
1780124186528 0.9099999999999999 72
1780124186530 0.825 73
1780124186532 0.9400000000000001 74
1780124186534 0.9100000000000001 75
1780124186537 0.8649999999999999 76
1780124186539 0.9199999999999999 77
1780124186541 0.9199999999999999 78
1780124186543 0.9800000000000001 79
1780124186545 0.8949999999999999 80
1780124186548 0.915 81
1780124186550 0.9049999999999999 82
1780124186552 0.9100000000000001 83
1780124186554 0.9549999999999998 84
1780124186556 0.9099999999999999 85
1780124186559 0.9 86
1780124186561 0.945 87
1780124186563 0.9299999999999999 88
1780124186565 0.925 89
1780124186567 0.9299999999999999 90
1780124186570 0.9450000000000001 91
1780124186572 0.8300000000000001 92
1780124186574 0.9 93
1780124186576 0.9199999999999999 94
1780124186578 0.9100000000000001 95
1780124186580 0.735 96
1780124186583 0.9199999999999999 97
1780124186585 0.915 98
1780124186587 0.915 99
1780124186589 0.925 100
1780124186592 0.925 101
1780124186594 0.9299999999999999 102
1780124186596 0.61 103
1780124186598 0.875 104
1780124186600 0.9399999999999998 105
1780124186602 0.905 106
1780124186605 0.8800000000000001 107
1780124186607 0.95 108
1780124186609 0.9 109
1780124186611 0.945 110
1780124186613 0.95 111
1780124186615 0.9200000000000002 112
1780124186618 0.9349999999999999 113
1780124186620 0.8400000000000001 114
1780124186622 0.9550000000000001 115
1780124186624 0.8699999999999999 116
1780124186626 0.9299999999999999 117
1780124186629 0.9200000000000002 118
1780124186631 0.93 119
1780124186633 0.945 120
1780124186635 0.89 121
1780124186637 0.9349999999999999 122
1780124186640 0.9199999999999999 123
1780124186642 0.89 124
1780124186644 0.9099999999999999 125
1780124186646 0.9299999999999999 126
1780124186649 0.925 127
1780124186651 0.9 128
1780124186653 0.9299999999999999 129
1780124186655 0.8699999999999999 130
1780124186657 0.9350000000000002 131
1780124186660 0.925 132
1780124186663 0.9349999999999999 133
1780124186665 0.9299999999999999 134
1780124186667 0.8949999999999999 135
1780124186669 0.86 136
1780124186672 0.945 137
1780124186674 0.8949999999999999 138
1780124186676 0.9 139
1780124186678 0.8799999999999999 140
1780124186680 0.8400000000000001 141
1780124186682 0.9299999999999999 142
1780124186685 0.85 143
1780124186687 0.925 144
1780124186689 0.8550000000000001 145
1780124186691 0.9549999999999998 146
1780124186693 0.9649999999999999 147
1780124186695 0.9549999999999998 148
1780124186698 0.925 149
1780124186700 0.93 150
1780124186702 0.9399999999999998 151
1780124186704 0.9649999999999999 152
1780124186706 0.945 153
1780124186709 0.945 154
1780124186711 0.95 155
1780124186713 0.9199999999999999 156
1780124186715 0.8949999999999999 157
1780124186717 0.9349999999999999 158
1780124186720 0.975 159
1780124186722 0.975 160
1780124186724 0.9450000000000001 161
1780124186726 0.95 162
1780124186729 0.97 163
1780124186731 0.875 164
1780124186733 0.97 165
1780124186735 0.975 166
1780124186737 0.96 167
1780124186740 0.9599999999999997 168
1780124186742 0.97 169
1780124186744 0.95 170
1780124186746 0.9800000000000001 171
1780124186748 0.9800000000000001 172
1780124186750 0.96 173
1780124186753 0.9650000000000001 174
1780124186755 0.9650000000000001 175
1780124186757 0.9650000000000001 176
1780124186759 0.985 177
1780124186762 0.97 178
1780124186764 0.9649999999999999 179
1780124186766 0.9600000000000002 180
1780124186768 0.975 181
1780124186770 0.9199999999999999 182
1780124186773 0.95 183
1780124186775 0.96 184
1780124186777 0.97 185
1780124186779 0.96 186
1780124186781 0.96 187
1780124186783 0.95 188
1780124186786 0.975 189
1780124186788 0.9400000000000001 190
1780124186790 0.9649999999999999 191
1780124186792 0.985 192
1780124186794 0.985 193
1780124186797 0.9799999999999999 194
1780124186799 0.97 195
1780124186801 0.96 196
1780124186803 0.9899999999999999 197
1780124186805 0.985 198
1780124186807 0.97 199
1780124186810 0.9649999999999999 200
1780124186812 0.97 201
1780124186814 0.985 202
1780124186816 0.95 203
1780124186818 0.9650000000000001 204
1780124186821 0.96 205
1780124186824 0.9099999999999999 206
1780124186826 0.9499999999999998 207
1780124186829 0.925 208
1780124186831 0.9550000000000001 209
1780124186833 0.95 210
1780124186835 0.97 211
1780124186837 0.9400000000000001 212
1780124186840 0.9349999999999999 213
1780124186842 0.96 214
1780124186844 0.97 215
1780124186846 0.985 216
1780124186849 0.8550000000000001 217
1780124186851 0.925 218
1780124186853 0.985 219
1780124186855 0.97 220
1780124186857 0.9700000000000001 221
1780124186860 0.9649999999999999 222
1780124186862 0.9450000000000001 223
1780124186864 0.97 224
1780124186866 0.89 225
1780124186868 0.97 226
1780124186871 0.97 227
1780124186873 0.97 228
1780124186875 0.96 229
1780124186877 0.9550000000000001 230
1780124186879 0.9199999999999999 231
1780124186881 0.975 232
1780124186884 0.9499999999999998 233
1780124186886 0.8949999999999999 234
1780124186888 0.9099999999999999 235
1780124186890 0.945 236
1780124186892 0.97 237
1780124186894 0.975 238
1780124186897 0.9799999999999999 239
1780124186899 0.985 240
1780124186901 0.9549999999999998 241
1780124186903 0.975 242
1780124186905 0.97 243
1780124186908 0.95 244
1780124186910 0.975 245
1780124186912 0.9549999999999998 246
1780124186914 0.8550000000000001 247
1780124186916 0.945 248
1780124186919 0.9599999999999997 249
1780124186921 0.97 250
1780124186923 0.9799999999999999 251
1780124186925 0.9649999999999999 252
1780124186927 0.9650000000000001 253
1780124186930 0.97 254
1780124186932 0.97 255
1780124186934 0.96 256
1780124186936 0.9549999999999998 257
1780124186938 0.975 258
1780124186941 0.975 259
1780124186943 0.96 260
1780124186945 0.97 261
1780124186947 0.96 262
1780124186950 0.9899999999999999 263
1780124186952 0.9649999999999999 264
1780124186954 0.975 265
1780124186956 0.8949999999999999 266
1780124186958 0.9099999999999999 267
1780124186961 0.96 268
1780124186963 0.97 269
1780124186965 0.9349999999999998 270
1780124186967 0.9550000000000001 271
1780124186970 0.975 272
1780124186972 0.9599999999999997 273
1780124186974 0.9649999999999999 274
1780124186976 0.985 275
1780124186978 0.9899999999999999 276
1780124186981 0.975 277
1780124186983 0.985 278
1780124186985 0.9499999999999998 279
1780124186995 0.975 280
1780124186998 0.99 281
1780124187000 0.96 282
1780124187002 0.9399999999999998 283
1780124187005 0.9650000000000001 284
1780124187007 0.95 285
1780124187009 0.8949999999999999 286
1780124187011 0.8649999999999999 287
1780124187013 0.9350000000000002 288
1780124187016 0.89 289
1780124187018 0.905 290
1780124187020 0.95 291
1780124187022 0.915 292
1780124187025 0.97 293
1780124187027 0.97 294
1780124187029 0.96 295
1780124187031 0.97 296
1780124187033 0.9650000000000001 297
1780124187036 0.975 298
1780124187038 0.9650000000000001 299
1780124187040 0.9650000000000001 300
1780124187042 0.97 301
1780124187045 0.8949999999999999 302
1780124187047 0.9650000000000001 303
1780124187049 0.9799999999999999 304
1780124187051 0.985 305
1780124187053 0.9749999999999999 306
1780124187056 0.985 307
1780124187058 0.985 308
1780124187060 0.96 309
1780124187062 0.9749999999999999 310
1780124187065 0.985 311
1780124187067 0.95 312
1780124187069 0.99 313
