1780141421721 0.0 0
1780141421726 0.085 1
1780141421729 0.14 2
1780141421732 0.41 3
1780141421734 0.435 4
1780141421737 0.62 5
1780141421740 0.435 6
1780141421743 0.685 7
1780141421746 0.59 8
1780141421748 0.665 9
1780141421751 0.545 10
1780141421754 0.61 11
1780141421757 0.63 12
1780141421759 0.7 13
1780141421762 0.705 14
1780141421765 0.75 15
1780141421768 0.745 16
1780141421770 0.73 17
1780141421773 0.735 18
1780141421776 0.78 19
1780141421779 0.64 20
1780141421782 0.64 21
1780141421784 0.72 22
1780141421787 0.59 23
1780141421790 0.715 24
1780141421793 0.685 25
1780141421795 0.715 26
1780141421798 0.76 27
1780141421801 0.66 28
1780141421804 0.575 29
1780141421806 0.89 30
1780141421809 0.845 31
1780141421812 0.59 32
1780141421815 0.8 33
1780141421817 0.81 34
1780141421820 0.75 35
1780141421823 0.745 36
1780141421826 0.835 37
1780141421829 0.85 38
1780141421831 0.6 39
1780141421834 0.91 40
1780141421837 0.86 41
1780141421840 0.76 42
1780141421842 0.885 43
1780141421845 0.81 44
1780141421848 0.795 45
1780141421851 0.845 46
1780141421853 0.76 47
1780141421856 0.825 48
1780141421859 0.885 49
1780141421862 0.745 50
1780141421864 0.715 51
1780141421867 0.805 52
1780141421870 0.87 53
1780141421873 0.775 54
1780141421875 0.865 55
1780141421878 0.88 56
1780141421881 0.8 57
1780141421883 0.845 58
1780141421886 0.81 59
1780141421889 0.745 60
1780141421892 0.685 61
1780141421894 0.83 62
1780141421897 0.85 63
1780141421900 0.84 64
1780141421902 0.87 65
1780141421905 0.8 66
1780141421908 0.83 67
1780141421910 0.795 68
1780141421913 0.815 69
1780141421916 0.91 70
1780141421919 0.885 71
1780141421921 0.87 72
1780141421924 0.835 73
1780141421927 0.81 74
1780141421930 0.815 75
1780141421932 0.905 76
1780141421935 0.9 77
1780141421938 0.875 78
1780141421940 0.915 79
1780141421943 0.845 80
1780141421946 0.775 81
1780141421949 0.82 82
1780141421951 0.825 83
1780141421954 0.805 84
1780141421957 0.75 85
1780141421959 0.86 86
1780141421962 0.89 87
1780141421965 0.76 88
1780141421968 0.765 89
1780141421970 0.865 90
1780141421973 0.825 91
1780141421976 0.895 92
1780141421978 0.665 93
1780141421981 0.77 94
1780141421984 0.875 95
1780141421987 0.75 96
1780141421989 0.895 97
1780141421992 0.705 98
1780141421995 0.88 99
1780141421998 0.9 100
1780141422000 0.93 101
1780141422003 0.91 102
1780141422006 0.935 103
1780141422009 0.715 104
1780141422011 0.875 105
1780141422014 0.92 106
1780141422017 0.895 107
1780141422019 0.95 108
1780141422022 0.87 109
1780141422025 0.9 110
1780141422028 0.925 111
1780141422030 0.85 112
1780141422033 0.76 113
1780141422036 0.84 114
1780141422039 0.925 115
1780141422041 0.95 116
1780141422044 0.945 117
1780141422047 0.895 118
1780141422050 0.82 119
1780141422053 0.67 120
1780141422055 0.85 121
1780141422058 0.94 122
1780141422061 0.93 123
1780141422064 0.885 124
1780141422066 0.91 125
1780141422069 0.94 126
1780141422072 0.875 127
1780141422075 0.925 128
1780141422077 0.9 129
1780141422080 0.94 130
1780141422083 0.855 131
1780141422086 0.8 132
1780141422088 0.89 133
1780141422091 0.925 134
1780141422094 0.895 135
1780141422097 0.895 136
1780141422099 0.88 137
1780141422102 0.935 138
1780141422105 0.935 139
1780141422107 0.94 140
1780141422110 0.915 141
1780141422113 0.805 142
1780141422116 0.875 143
1780141422118 0.835 144
1780141422121 0.805 145
1780141422124 0.885 146
1780141422126 0.86 147
1780141422129 0.885 148
1780141422132 0.885 149
1780141422134 0.95 150
1780141422137 0.905 151
1780141422140 0.945 152
1780141422143 0.815 153
1780141422145 0.875 154
1780141422148 0.87 155
1780141422151 0.92 156
1780141422153 0.945 157
1780141422156 0.86 158
1780141422159 0.93 159
1780141422162 0.96 160
1780141422164 0.93 161
1780141422167 0.9 162
1780141422170 0.925 163
1780141422172 0.925 164
1780141422175 0.965 165
1780141422178 0.92 166
1780141422180 0.945 167
1780141422183 0.855 168
1780141422186 0.875 169
1780141422189 0.945 170
1780141422191 0.915 171
1780141422194 0.865 172
1780141422197 0.935 173
1780141422199 0.97 174
1780141422202 0.95 175
1780141422205 0.91 176
1780141422208 0.925 177
1780141422210 0.965 178
1780141422213 0.985 179
1780141422216 0.975 180
1780141422219 0.9 181
1780141422221 0.905 182
1780141422224 0.94 183
1780141422227 0.9 184
1780141422229 0.95 185
1780141422232 0.955 186
1780141422235 0.965 187
1780141422238 0.955 188
1780141422240 0.96 189
1780141422243 0.905 190
1780141422246 0.86 191
1780141422248 0.97 192
1780141422251 0.97 193
1780141422254 0.93 194
1780141422257 0.93 195
1780141422259 0.93 196
1780141422262 0.93 197
1780141422265 0.94 198
1780141422268 0.77 199
1780141422270 0.93 200
1780141422273 0.955 201
1780141422276 0.95 202
1780141422278 0.965 203
1780141422281 0.925 204
1780141422284 0.955 205
1780141422286 0.865 206
1780141422289 0.98 207
1780141422292 0.975 208
1780141422295 0.97 209
1780141422297 0.97 210
1780141422300 0.98 211
1780141422303 0.97 212
1780141422305 0.94 213
1780141422308 0.95 214
1780141422311 0.925 215
1780141422314 0.97 216
1780141422316 0.955 217
1780141422319 0.98 218
1780141422322 0.965 219
1780141422325 0.975 220
1780141422327 0.98 221
1780141422330 0.96 222
1780141422333 0.945 223
1780141422336 0.905 224
1780141422338 0.95 225
1780141422341 0.95 226
1780141422344 0.96 227
1780141422347 0.98 228
1780141422349 0.96 229
1780141422352 0.96 230
1780141422355 0.965 231
1780141422358 0.945 232
1780141422360 0.97 233
1780141422363 0.955 234
1780141422366 0.96 235
1780141422368 0.95 236
1780141422371 0.97 237
1780141422374 0.98 238
1780141422377 0.955 239
1780141422380 0.925 240
1780141422382 0.97 241
1780141422385 0.95 242
1780141422388 0.975 243
1780141422391 0.98 244
1780141422393 0.96 245
1780141422396 0.96 246
1780141422399 0.955 247
1780141422402 0.88 248
1780141422404 0.97 249
1780141422407 0.95 250
1780141422410 0.965 251
1780141422413 0.965 252
1780141422415 0.95 253
1780141422418 0.89 254
1780141422421 0.97 255
1780141422423 0.96 256
1780141422426 0.905 257
1780141422429 0.965 258
1780141422431 0.97 259
1780141422434 0.94 260
1780141422437 0.96 261
1780141422440 0.91 262
1780141422442 0.965 263
1780141422445 0.875 264
1780141422448 0.885 265
1780141422451 0.935 266
1780141422453 0.905 267
1780141422456 0.935 268
1780141422459 0.975 269
1780141422461 0.965 270
1780141422464 0.96 271
1780141422467 0.97 272
1780141422470 0.895 273
1780141422472 0.97 274
1780141422475 0.945 275
1780141422478 0.945 276
1780141422480 0.955 277
1780141422483 0.96 278
1780141422486 0.99 279
1780141422489 0.975 280
1780141422492 0.965 281
1780141422494 0.93 282
1780141422497 0.955 283
1780141422500 0.965 284
1780141422503 0.96 285
1780141422505 0.975 286
1780141422508 0.975 287
1780141422511 0.955 288
1780141422514 0.955 289
1780141422516 0.97 290
1780141422519 0.985 291
1780141422522 0.925 292
1780141422525 0.885 293
1780141422527 0.95 294
1780141422530 0.935 295
1780141422533 0.975 296
1780141422535 0.975 297
1780141422538 0.96 298
1780141422541 0.965 299
1780141422544 0.93 300
1780141422546 0.98 301
1780141422549 0.975 302
1780141422552 0.95 303
1780141422555 0.945 304
1780141422557 0.95 305
1780141422560 0.925 306
1780141422563 0.925 307
1780141422566 0.975 308
1780141422568 0.975 309
1780141422571 0.95 310
1780141422574 0.955 311
1780141422577 0.93 312
1780141422579 0.985 313
