1779420366227 0.0 0
1779420366231 0.1 1
1779420366234 0.13 2
1779420366236 0.1 3
1779420366238 0.085 4
1779420366241 0.11 5
1779420366243 0.115 6
1779420366245 0.09 7
1779420366247 0.085 8
1779420366249 0.085 9
1779420366251 0.1 10
1779420366254 0.105 11
1779420366256 0.065 12
1779420366258 0.095 13
1779420366260 0.095 14
1779420366263 0.1 15
1779420366265 0.11 16
1779420366267 0.1 17
1779420366269 0.075 18
1779420366272 0.105 19
1779420366274 0.1 20
1779420366276 0.125 21
1779420366278 0.11 22
1779420366280 0.1 23
1779420366283 0.115 24
1779420366285 0.14 25
1779420366287 0.1 26
1779420366289 0.11 27
1779420366292 0.11 28
1779420366294 0.1 29
1779420366296 0.145 30
1779420366298 0.09 31
1779420366300 0.1 32
1779420366302 0.1 33
1779420366305 0.125 34
1779420366307 0.08 35
1779420366309 0.105 36
1779420366311 0.105 37
1779420366313 0.105 38
1779420366315 0.1 39
1779420366317 0.095 40
1779420366320 0.155 41
1779420366322 0.145 42
1779420366324 0.1 43
1779420366326 0.12 44
1779420366328 0.11 45
1779420366331 0.1 46
1779420366333 0.175 47
1779420366335 0.085 48
1779420366338 0.12 49
1779420366340 0.15 50
1779420366342 0.1 51
1779420366344 0.075 52
1779420366346 0.1 53
1779420366349 0.1 54
1779420366351 0.07 55
1779420366353 0.095 56
1779420366355 0.1 57
1779420366358 0.09 58
1779420366360 0.085 59
1779420366362 0.1 60
1779420366364 0.1 61
1779420366366 0.12 62
1779420366368 0.12 63
1779420366371 0.095 64
1779420366373 0.105 65
1779420366375 0.105 66
1779420366377 0.105 67
1779420366379 0.115 68
1779420366381 0.1 69
1779420366384 0.13 70
1779420366386 0.095 71
1779420366388 0.09 72
1779420366390 0.07 73
1779420366392 0.1 74
1779420366394 0.1 75
1779420366397 0.1 76
1779420366399 0.135 77
1779420366401 0.105 78
1779420366403 0.18 79
1779420366405 0.11 80
1779420366408 0.06 81
1779420366410 0.11 82
1779420366412 0.095 83
1779420366414 0.1 84
1779420366416 0.11 85
1779420366418 0.115 86
1779420366420 0.17 87
1779420366423 0.1 88
1779420366425 0.095 89
1779420366427 0.085 90
1779420366429 0.1 91
1779420366431 0.18 92
1779420366433 0.1 93
1779420366435 0.1 94
1779420366438 0.09 95
1779420366440 0.145 96
1779420366442 0.115 97
1779420366444 0.085 98
1779420366446 0.1 99
1779420366448 0.09 100
1779420366451 0.1 101
1779420366453 0.14 102
1779420366455 0.095 103
1779420366457 0.105 104
1779420366459 0.1 105
1779420366461 0.1 106
1779420366464 0.105 107
1779420366466 0.1 108
1779420366468 0.1 109
1779420366470 0.14 110
1779420366473 0.125 111
1779420366475 0.1 112
1779420366477 0.08 113
1779420366479 0.14 114
1779420366481 0.095 115
1779420366484 0.1 116
1779420366486 0.105 117
1779420366488 0.105 118
1779420366490 0.085 119
1779420366493 0.11 120
1779420366495 0.06 121
1779420366497 0.12 122
1779420366499 0.165 123
1779420366501 0.1 124
1779420366504 0.095 125
1779420366506 0.135 126
1779420366508 0.1 127
1779420366510 0.025 128
1779420366512 0.09 129
1779420366515 0.1 130
1779420366517 0.1 131
1779420366519 0.135 132
1779420366521 0.125 133
1779420366523 0.1 134
1779420366525 0.1 135
1779420366528 0.065 136
1779420366530 0.1 137
1779420366532 0.14 138
1779420366535 0.1 139
1779420366537 0.1 140
1779420366539 0.11 141
1779420366541 0.1 142
1779420366543 0.06 143
1779420366546 0.165 144
1779420366548 0.1 145
1779420366550 0.055 146
1779420366552 0.03 147
1779420366554 0.08 148
1779420366557 0.07 149
1779420366559 0.1 150
1779420366561 0.12 151
1779420366563 0.1 152
1779420366566 0.085 153
1779420366568 0.065 154
1779420366570 0.115 155
1779420366572 0.135 156
1779420366574 0.155 157
1779420366576 0.12 158
1779420366579 0.115 159
1779420366581 0.14 160
1779420366583 0.1 161
1779420366585 0.105 162
1779420366587 0.085 163
1779420366589 0.1 164
1779420366592 0.1 165
1779420366594 0.1 166
1779420366596 0.1 167
1779420366598 0.1 168
1779420366600 0.13 169
1779420366602 0.085 170
1779420366605 0.12 171
1779420366607 0.025 172
1779420366609 0.06 173
1779420366611 0.115 174
1779420366613 0.085 175
1779420366616 0.1 176
1779420366618 0.13 177
1779420366620 0.1 178
1779420366622 0.045 179
1779420366624 0.08 180
1779420366626 0.1 181
1779420366629 0.07 182
1779420366631 0.105 183
1779420366633 0.105 184
1779420366635 0.105 185
1779420366637 0.06 186
1779420366639 0.1 187
1779420366642 0.11 188
1779420366644 0.1 189
1779420366646 0.075 190
1779420366648 0.11 191
1779420366650 0.11 192
1779420366652 0.055 193
1779420366654 0.1 194
1779420366657 0.095 195
1779420366659 0.11 196
1779420366661 0.13 197
1779420366663 0.095 198
1779420366665 0.1 199
1779420366667 0.12 200
1779420366670 0.1 201
1779420366672 0.105 202
1779420366674 0.11 203
1779420366676 0.105 204
1779420366678 0.1 205
1779420366680 0.1 206
1779420366682 0.115 207
1779420366685 0.1 208
1779420366687 0.1 209
1779420366689 0.11 210
1779420366691 0.025 211
1779420366693 0.175 212
1779420366695 0.075 213
1779420366697 0.1 214
1779420366700 0.1 215
1779420366702 0.11 216
1779420366704 0.1 217
1779420366706 0.15 218
1779420366708 0.04 219
1779420366710 0.09 220
1779420366712 0.08 221
1779420366715 0.12 222
1779420366717 0.105 223
1779420366719 0.1 224
1779420366721 0.1 225
1779420366723 0.09 226
1779420366726 0.1 227
1779420366728 0.1 228
1779420366730 0.11 229
1779420366732 0.075 230
1779420366734 0.1 231
1779420366736 0.105 232
1779420366739 0.12 233
1779420366741 0.05 234
1779420366743 0.105 235
1779420366745 0.1 236
1779420366747 0.115 237
1779420366750 0.11 238
1779420366752 0.085 239
1779420366754 0.1 240
1779420366756 0.1 241
1779420366758 0.125 242
1779420366761 0.1 243
1779420366763 0.09 244
1779420366765 0.1 245
1779420366767 0.1 246
1779420366769 0.06 247
1779420366771 0.125 248
1779420366774 0.13 249
1779420366776 0.1 250
1779420366778 0.11 251
1779420366780 0.1 252
1779420366782 0.08 253
1779420366784 0.1 254
1779420366787 0.095 255
1779420366789 0.1 256
1779420366791 0.1 257
1779420366793 0.1 258
1779420366796 0.095 259
1779420366798 0.105 260
1779420366800 0.04 261
1779420366802 0.04 262
1779420366804 0.1 263
1779420366807 0.1 264
1779420366809 0.1 265
1779420366811 0.095 266
1779420366813 0.1 267
1779420366815 0.085 268
1779420366818 0.1 269
1779420366820 0.105 270
1779420366822 0.1 271
1779420366824 0.055 272
1779420366826 0.1 273
1779420366829 0.115 274
1779420366831 0.12 275
1779420366833 0.145 276
1779420366835 0.1 277
1779420366837 0.1 278
1779420366839 0.115 279
1779420366841 0.09 280
1779420366844 0.1 281
1779420366846 0.105 282
1779420366848 0.1 283
1779420366850 0.1 284
1779420366852 0.1 285
1779420366854 0.195 286
1779420366857 0.115 287
1779420366859 0.1 288
1779420366861 0.1 289
1779420366863 0.095 290
1779420366865 0.09 291
1779420366867 0.1 292
1779420366870 0.095 293
1779420366872 0.09 294
1779420366874 0.1 295
1779420366876 0.1 296
1779420366878 0.105 297
1779420366880 0.1 298
1779420366883 0.1 299
1779420366885 0.01 300
1779420366887 0.115 301
1779420366889 0.1 302
1779420366891 0.095 303
1779420366893 0.11 304
1779420366895 0.1 305
1779420366898 0.12 306
1779420366900 0.15 307
1779420366902 0.125 308
1779420366904 0.12 309
1779420366906 0.09 310
1779420366908 0.1 311
1779420366910 0.1 312
1779420366913 0.095 313
