1780719732872 0.0 0
1780719732900 0.9022222222222173 1
1780719732924 0.943333333333328 2
1780719732956 0.9599999999999949 3
1780719732983 0.9655555555555502 4
1780719733015 0.9649999999999948 5
1780719733043 0.9788888888888835 6
1780719733070 0.9827777777777722 7
1780719733108 0.9772222222222167 8
1780719733132 0.9883333333333277 9
1780719733161 0.9877777777777723 10
1780719733193 0.9883333333333277 11
1780719733219 0.9861111111111056 12
1780719733252 0.986666666666661 13
1780719733284 0.9894444444444389 14
1780719733309 0.9822222222222166 15
1780719733353 0.986666666666661 16
1780719733385 0.9861111111111056 17
1780719733409 0.9888888888888833 18
1780719733433 0.9872222222222167 19
1780719733465 0.9844444444444388 20
1780719733496 0.984444444444439 21
1780719733530 0.9838888888888834 22
1780719733551 0.9838888888888834 23
1780719733595 0.9872222222222167 24
1780719733619 0.9833333333333278 25
1780719733650 0.984444444444439 26
1780719733679 0.9877777777777723 27
1780719733706 0.9849999999999944 28
1780719733736 0.9816666666666611 29
1780719733760 0.9861111111111056 30
1780719733787 0.9894444444444389 31
1780719733832 0.9833333333333278 32
1780719733858 0.9877777777777723 33
1780719733882 0.9849999999999944 34
1780719733906 0.9772222222222167 35
1780719733933 0.9822222222222166 36
1780719733958 0.9883333333333277 37
1780719733979 0.9849999999999944 38
1780719734004 0.9838888888888834 39
1780719734046 0.9827777777777722 40
1780719734079 0.9799999999999945 41
1780719734109 0.9911111111111056 42
1780719734134 0.9844444444444388 43
1780719734166 0.9844444444444388 44
1780719734200 0.9811111111111055 45
1780719734222 0.9849999999999944 46
1780719734251 0.9811111111111057 47
1780719734302 0.9833333333333277 48
1780719734339 0.9872222222222167 49
1780719734371 0.9883333333333277 50
1780719734394 0.9811111111111055 51
1780719734417 0.9844444444444388 52
1780719734443 0.9872222222222167 53
1780719734475 0.9849999999999944 54
1780719734499 0.9827777777777722 55
1780719734550 0.9855555555555501 56
1780719734585 0.9877777777777721 57
1780719734612 0.9849999999999944 58
1780719734649 0.9894444444444389 59
1780719734677 0.9861111111111056 60
1780719734699 0.9827777777777722 61
1780719734730 0.9833333333333277 62
1780719734755 0.984444444444439 63
1780719734834 0.9816666666666611 64
1780719734862 0.9872222222222167 65
1780719734888 0.9827777777777722 66
1780719734915 0.9872222222222167 67
1780719734944 0.9877777777777723 68
1780719734982 0.9883333333333277 69
1780719735012 0.9849999999999944 70
1780719735038 0.9838888888888834 71
1780719735067 0.9866666666666613 72
1780719735105 0.9877777777777721 73
1780719735135 0.9833333333333277 74
1780719735164 0.98555555555555 75
1780719735200 0.9872222222222167 76
1780719735234 0.98555555555555 77
1780719735258 0.9833333333333278 78
1780719735290 0.9916666666666611 79
1780719735335 0.9844444444444388 80
1780719735375 0.9838888888888834 81
1780719735400 0.9799999999999944 82
1780719735430 0.9855555555555501 83
1780719735464 0.9866666666666613 84
1780719735495 0.9783333333333278 85
1780719735523 0.9838888888888834 86
1780719735548 0.9816666666666611 87
1780719735585 0.9866666666666613 88
1780719735613 0.986666666666661 89
1780719735640 0.9827777777777722 90
1780719735662 0.9855555555555501 91
1780719735688 0.9916666666666611 92
1780719735716 0.9794444444444389 93
1780719735743 0.9849999999999944 94
1780719735770 0.9849999999999944 95
1780719735822 0.9805555555555501 96
1780719735854 0.9849999999999944 97
1780719735886 0.984444444444439 98
1780719735922 0.9877777777777723 99
1780719735955 0.9822222222222166 100
1780719735991 0.9861111111111056 101
1780719736027 0.9849999999999944 102
1780719736056 0.9788888888888833 103
1780719736102 0.99055555555555 104
1780719736131 0.9833333333333277 105
1780719736166 0.9866666666666613 106
1780719736193 0.9822222222222168 107
1780719736220 0.9861111111111056 108
1780719736256 0.9849999999999944 109
1780719736281 0.9838888888888834 110
1780719736302 0.9849999999999944 111
1780719736347 0.9855555555555501 112
1780719736389 0.9866666666666613 113
1780719736418 0.9849999999999944 114
1780719736446 0.9849999999999944 115
1780719736479 0.9849999999999944 116
1780719736504 0.9877777777777721 117
1780719736532 0.9844444444444388 118
1780719736577 0.9816666666666611 119
1780719736631 0.9833333333333278 120
1780719736659 0.9883333333333277 121
1780719736685 0.9849999999999944 122
1780719736715 0.9872222222222167 123
1780719736744 0.9805555555555501 124
1780719736771 0.9888888888888834 125
1780719736802 0.9849999999999944 126
1780719736827 0.9861111111111056 127
1780719736865 0.9833333333333278 128
1780719736906 0.9816666666666611 129
1780719736934 0.9838888888888834 130
1780719736959 0.9894444444444389 131
1780719736983 0.9827777777777722 132
1780719737012 0.9794444444444391 133
1780719737037 0.9894444444444389 134
1780719737067 0.9822222222222168 135
1780719737114 0.9877777777777721 136
1780719737140 0.9861111111111056 137
1780719737170 0.9811111111111055 138
1780719737198 0.984444444444439 139
1780719737229 0.9838888888888834 140
1780719737266 0.9833333333333277 141
1780719737299 0.9849999999999944 142
1780719737330 0.9816666666666611 143
1780719737375 0.9783333333333278 144
1780719737414 0.9866666666666613 145
1780719737439 0.9866666666666613 146
1780719737480 0.9838888888888834 147
1780719737510 0.9916666666666611 148
1780719737539 0.98555555555555 149
1780719737568 0.984444444444439 150
1780719737620 0.9833333333333278 151
1780719737667 0.9894444444444389 152
1780719737698 0.9872222222222167 153
1780719737743 0.9861111111111056 154
1780719737782 0.9772222222222169 155
1780719737812 0.97555555555555 156
1780719737840 0.9638888888888836 157
1780719737881 0.9655555555555502 158
1780719737913 0.9577777777777724 159
1780719737937 0.9694444444444391 160
1780719737953 0.9672222222222168 161
1780719737970 0.9699999999999946 162
1780719737988 0.9627777777777723 163
1780719738008 0.9672222222222168 164
1780719738026 0.9661111111111056 165
1780719738044 0.9688888888888835 166
1780719738062 0.9644444444444391 167
1780719738079 0.9655555555555502 168
1780719738097 0.9616666666666613 169
1780719738111 0.9666666666666612 170
1780719738127 0.9627777777777723 171
1780719738162 0.9627777777777723 172
1780719738182 0.9688888888888835 173
1780719738202 0.9583333333333279 174
1780719738216 0.9622222222222169 175
1780719738229 0.9672222222222168 176
1780719738242 0.9616666666666612 177
1780719738257 0.9594444444444392 178
1780719738272 0.9611111111111057 179
1780719738289 0.9633333333333279 180
1780719738304 0.9522222222222169 181
1780719738318 0.9677777777777724 182
1780719738333 0.9611111111111057 183
1780719738348 0.9716666666666613 184
1780719738363 0.9616666666666612 185
1780719738379 0.9655555555555502 186
1780719738403 0.9588888888888836 187
1780719738440 0.9622222222222169 188
1780719738457 0.9672222222222168 189
1780719738478 0.9611111111111057 190
1780719738513 0.9583333333333279 191
1780719738548 0.9649999999999945 192
1780719738583 0.9661111111111058 193
1780719738621 0.9649999999999948 194
1780719738660 0.9566666666666613 195
1780719738700 0.9655555555555502 196
1780719738740 0.9544444444444391 197
1780719738774 0.9633333333333279 198
1780719738798 0.9638888888888836 199
1780719738822 0.9649999999999948 200
1780719738849 0.9677777777777724 201
1780719738896 0.969444444444439 202
1780719738918 0.9627777777777723 203
1780719738964 0.9666666666666612 204
1780719739011 0.9677777777777724 205
1780719739031 0.9616666666666612 206
1780719739047 0.9622222222222169 207
1780719739067 0.9661111111111056 208
1780719739083 0.9627777777777723 209
1780719739100 0.9605555555555503 210
1780719739116 0.9655555555555502 211
1780719739131 0.9594444444444392 212
1780719739146 0.9644444444444391 213
1780719739162 0.9638888888888835 214
1780719739203 0.9655555555555502 215
1780719739221 0.9599999999999949 216
1780719739234 0.9572222222222168 217
1780719739250 0.9611111111111057 218
1780719739271 0.9722222222222168 219
1780719739302 0.9611111111111057 220
1780719739318 0.9605555555555503 221
1780719739334 0.9533333333333281 222
1780719739349 0.9599999999999946 223
1780719739372 0.9599999999999946 224
1780719739393 0.9683333333333278 225
1780719739409 0.9688888888888835 226
1780719739422 0.9616666666666612 227
1780719739434 0.9594444444444392 228
1780719739448 0.96555555555555 229
1780719739484 0.9611111111111057 230
1780719739503 0.968333333333328 231
1780719739535 0.9677777777777724 232
1780719739565 0.9605555555555503 233
1780719739583 0.957222222222217 234
1780719739601 0.9649999999999945 235
1780719739623 0.9638888888888836 236
1780719739641 0.957222222222217 237
1780719739658 0.9677777777777722 238
1780719739672 0.9577777777777726 239
1780719739697 0.9677777777777724 240
1780719739720 0.9555555555555502 241
1780719739737 0.9716666666666611 242
1780719739771 0.9627777777777723 243
1780719739803 0.957222222222217 244
1780719739819 0.9649999999999945 245
1780719739835 0.9577777777777724 246
1780719739851 0.9594444444444392 247
1780719739866 0.9644444444444391 248
1780719739882 0.9649999999999948 249
1780719739896 0.9638888888888835 250
1780719739915 0.9627777777777725 251
1780719739943 0.9611111111111057 252
1780719739958 0.9727777777777723 253
1780719739975 0.9599999999999946 254
1780719739998 0.9588888888888837 255
1780719740015 0.9611111111111057 256
1780719740035 0.9599999999999946 257
1780719740053 0.9644444444444391 258
1780719740086 0.9638888888888836 259
1780719740107 0.9638888888888835 260
1780719740131 0.9577777777777726 261
1780719740153 0.9544444444444391 262
1780719740169 0.9683333333333278 263
1780719740183 0.9572222222222168 264
1780719740200 0.9661111111111056 265
1780719740221 0.9577777777777724 266
1780719740235 0.9644444444444391 267
1780719740251 0.9527777777777724 268
1780719740270 0.9599999999999946 269
1780719740287 0.9627777777777725 270
1780719740302 0.9638888888888836 271
1780719740317 0.9622222222222169 272
1780719740333 0.9627777777777725 273
1780719740349 0.958333333333328 274
1780719740375 0.9644444444444392 275
1780719740392 0.9722222222222168 276
1780719740406 0.9611111111111057 277
1780719740422 0.9688888888888834 278
1780719740436 0.9588888888888836 279
1780719740453 0.9649999999999945 280
1780719740469 0.9627777777777723 281
1780719740489 0.9705555555555501 282
1780719740509 0.9605555555555501 283
1780719740526 0.9594444444444392 284
1780719740540 0.9622222222222166 285
1780719740561 0.9661111111111056 286
1780719740580 0.957222222222217 287
1780719740600 0.9711111111111055 288
1780719740615 0.9672222222222168 289
1780719740632 0.9661111111111056 290
1780719740655 0.9649999999999945 291
1780719740672 0.9622222222222169 292
1780719740686 0.9622222222222169 293
1780719740698 0.96555555555555 294
1780719740716 0.9616666666666612 295
1780719740733 0.9649999999999945 296
1780719740749 0.9577777777777724 297
1780719740765 0.9611111111111057 298
1780719740784 0.9655555555555502 299
1780719740801 0.9666666666666612 300
1780719740817 0.9605555555555503 301
1780719740832 0.9633333333333279 302
1780719740857 0.962222222222217 303
1780719740876 0.9683333333333278 304
1780719740893 0.9649999999999945 305
1780719740924 0.9549999999999945 306
1780719740940 0.9627777777777725 307
1780719740957 0.9588888888888836 308
1780719740982 0.9616666666666613 309
1780719741000 0.9655555555555502 310
1780719741015 0.9627777777777723 311
1780719741029 0.96555555555555 312
1780719741046 0.9677777777777724 313
