1780567607384 0.0 0
1780567607386 0.901111111111106 1
1780567607388 0.909999999999995 2
1780567607389 0.9027777777777729 3
1780567607391 0.9066666666666616 4
1780567607393 0.9022222222222173 5
1780567607395 0.9066666666666615 6
1780567607397 0.9127777777777727 7
1780567607399 0.9088888888888839 8
1780567607401 0.9133333333333283 9
1780567607402 0.9044444444444395 10
1780567607404 0.9088888888888839 11
1780567607406 0.9127777777777728 12
1780567607408 0.913888888888884 13
1780567607410 0.9077777777777726 14
1780567607412 0.9138888888888838 15
1780567607413 0.9144444444444393 16
1780567607415 0.916111111111106 17
1780567607417 0.9122222222222172 18
1780567607419 0.9144444444444394 19
1780567607421 0.9144444444444393 20
1780567607423 0.9033333333333283 21
1780567607425 0.9083333333333282 22
1780567607426 0.9122222222222172 23
1780567607428 0.9083333333333282 24
1780567607430 0.9116666666666615 25
1780567607432 0.917222222222217 26
1780567607434 0.9188888888888839 27
1780567607436 0.9149999999999949 28
1780567607437 0.918333333333328 29
1780567607439 0.9149999999999949 30
1780567607441 0.917222222222217 31
1780567607443 0.9205555555555505 32
1780567607445 0.9088888888888839 33
1780567607447 0.9238888888888839 34
1780567607448 0.9161111111111062 35
1780567607450 0.9166666666666616 36
1780567607452 0.9161111111111062 37
1780567607454 0.9066666666666616 38
1780567607456 0.9166666666666614 39
1780567607458 0.9166666666666614 40
1780567607459 0.9188888888888836 41
1780567607461 0.9166666666666616 42
1780567607463 0.9083333333333282 43
1780567607465 0.9238888888888838 44
1780567607467 0.9216666666666615 45
1780567607469 0.9166666666666616 46
1780567607470 0.9211111111111061 47
1780567607472 0.9211111111111059 48
1780567607474 0.9188888888888836 49
1780567607476 0.9055555555555503 50
1780567607478 0.916111111111106 51
1780567607480 0.9188888888888836 52
1780567607481 0.926111111111106 53
1780567607483 0.9205555555555505 54
1780567607485 0.9227777777777728 55
1780567607487 0.9199999999999949 56
1780567607489 0.9155555555555503 57
1780567607491 0.9199999999999949 58
1780567607493 0.9227777777777726 59
1780567607495 0.9238888888888838 60
1780567607496 0.9211111111111059 61
1780567607498 0.9194444444444393 62
1780567607500 0.9227777777777726 63
1780567607502 0.932222222222217 64
1780567607504 0.9233333333333282 65
1780567607506 0.922222222222217 66
1780567607508 0.9122222222222172 67
1780567607509 0.913888888888884 68
1780567607511 0.9244444444444394 69
1780567607513 0.9238888888888838 70
1780567607515 0.9244444444444394 71
1780567607517 0.917222222222217 72
1780567607519 0.9255555555555504 73
1780567607520 0.9305555555555503 74
1780567607522 0.928333333333328 75
1780567607524 0.9199999999999949 76
1780567607526 0.9238888888888838 77
1780567607528 0.9244444444444394 78
1780567607530 0.9233333333333281 79
1780567607531 0.9211111111111059 80
1780567607533 0.9227777777777726 81
1780567607535 0.9177777777777727 82
1780567607537 0.9205555555555505 83
1780567607539 0.9227777777777728 84
1780567607541 0.9205555555555505 85
1780567607543 0.9305555555555504 86
1780567607544 0.9255555555555504 87
1780567607546 0.9177777777777726 88
1780567607548 0.9188888888888839 89
1780567607550 0.9233333333333282 90
1780567607552 0.9211111111111059 91
1780567607554 0.9211111111111061 92
1780567607555 0.9166666666666614 93
1780567607557 0.9222222222222172 94
1780567607559 0.926111111111106 95
1780567607561 0.9166666666666616 96
1780567607563 0.9205555555555502 97
1780567607565 0.9277777777777727 98
1780567607566 0.9183333333333283 99
1780567607568 0.9211111111111059 100
1780567607570 0.9188888888888839 101
1780567607572 0.9255555555555507 102
1780567607574 0.9149999999999949 103
1780567607576 0.924999999999995 104
1780567607578 0.9205555555555505 105
1780567607579 0.9322222222222172 106
1780567607581 0.9294444444444393 107
1780567607583 0.9244444444444394 108
1780567607585 0.9249999999999948 109
1780567607587 0.9194444444444393 110
1780567607589 0.9238888888888839 111
1780567607590 0.9216666666666615 112
1780567607592 0.9127777777777727 113
1780567607594 0.9205555555555505 114
1780567607596 0.9199999999999949 115
1780567607598 0.9194444444444395 116
1780567607600 0.9211111111111061 117
1780567607601 0.9194444444444393 118
1780567607603 0.9205555555555505 119
1780567607605 0.9227777777777728 120
1780567607607 0.916111111111106 121
1780567607609 0.917222222222217 122
1780567607611 0.932222222222217 123
1780567607613 0.9233333333333282 124
1780567607614 0.9233333333333282 125
1780567607616 0.9238888888888838 126
1780567607618 0.9244444444444394 127
1780567607620 0.9283333333333281 128
1780567607622 0.9277777777777727 129
1780567607624 0.9216666666666615 130
1780567607625 0.9283333333333281 131
1780567607627 0.9194444444444393 132
1780567607629 0.917222222222217 133
1780567607631 0.9277777777777725 134
1780567607633 0.9122222222222172 135
1780567607635 0.922222222222217 136
1780567607636 0.9266666666666614 137
1780567607638 0.9244444444444392 138
1780567607640 0.9205555555555505 139
1780567607642 0.9261111111111061 140
1780567607644 0.9266666666666614 141
1780567607646 0.9149999999999949 142
1780567607647 0.9233333333333282 143
1780567607649 0.9283333333333281 144
1780567607651 0.9294444444444394 145
1780567607653 0.9283333333333281 146
1780567607655 0.932222222222217 147
1780567607657 0.9272222222222168 148
1780567607658 0.9272222222222168 149
1780567607660 0.9244444444444394 150
1780567607662 0.9272222222222171 151
1780567607664 0.9244444444444392 152
1780567607666 0.9338888888888837 153
1780567607668 0.9227777777777726 154
1780567607670 0.926111111111106 155
1780567607672 0.9238888888888838 156
1780567607673 0.9255555555555504 157
1780567607675 0.9205555555555505 158
1780567607677 0.926111111111106 159
1780567607679 0.9355555555555503 160
1780567607681 0.9266666666666616 161
1780567607683 0.932222222222217 162
1780567607684 0.9288888888888837 163
1780567607686 0.9277777777777727 164
1780567607688 0.9255555555555505 165
1780567607690 0.9222222222222172 166
1780567607692 0.9316666666666615 167
1780567607694 0.9255555555555504 168
1780567607696 0.922222222222217 169
1780567607697 0.9244444444444392 170
1780567607699 0.9244444444444392 171
1780567607701 0.9272222222222168 172
1780567607703 0.9294444444444393 173
1780567607705 0.9233333333333282 174
1780567607707 0.9272222222222171 175
1780567607709 0.926111111111106 176
1780567607710 0.9288888888888838 177
1780567607712 0.9338888888888837 178
1780567607714 0.9255555555555505 179
1780567607716 0.9238888888888838 180
1780567607718 0.9299999999999947 181
1780567607720 0.9294444444444393 182
1780567607721 0.9283333333333281 183
1780567607723 0.931111111111106 184
1780567607725 0.9322222222222172 185
1780567607727 0.9372222222222171 186
1780567607729 0.9361111111111059 187
1780567607731 0.9299999999999947 188
1780567607732 0.9105555555555505 189
1780567607734 0.9294444444444393 190
1780567607736 0.922222222222217 191
1780567607738 0.9372222222222171 192
1780567607740 0.9277777777777725 193
1780567607742 0.9177777777777726 194
1780567607744 0.9294444444444393 195
1780567607745 0.933333333333328 196
1780567607747 0.932222222222217 197
1780567607749 0.9349999999999948 198
1780567607751 0.9333333333333282 199
1780567607753 0.9316666666666615 200
1780567607755 0.926111111111106 201
1780567607756 0.932222222222217 202
1780567607758 0.9288888888888837 203
1780567607760 0.922222222222217 204
1780567607762 0.931111111111106 205
1780567607764 0.9305555555555504 206
1780567607766 0.9349999999999948 207
1780567607768 0.9249999999999948 208
1780567607769 0.9183333333333283 209
1780567607771 0.934999999999995 210
1780567607773 0.9266666666666616 211
1780567607775 0.9338888888888837 212
1780567607777 0.9299999999999949 213
1780567607779 0.9305555555555504 214
1780567607781 0.9372222222222171 215
1780567607782 0.9344444444444393 216
1780567607784 0.9338888888888837 217
1780567607786 0.9299999999999947 218
1780567607788 0.9294444444444393 219
1780567607790 0.926111111111106 220
1780567607792 0.9238888888888838 221
1780567607793 0.9372222222222171 222
1780567607795 0.9233333333333281 223
1780567607797 0.9283333333333281 224
1780567607799 0.9294444444444393 225
1780567607801 0.9333333333333282 226
1780567607803 0.9272222222222171 227
1780567607805 0.9377777777777725 228
1780567607806 0.9294444444444393 229
1780567607808 0.9327777777777726 230
1780567607810 0.9138888888888838 231
1780567607812 0.9383333333333281 232
1780567607814 0.9283333333333281 233
1780567607816 0.9316666666666615 234
1780567607818 0.9249999999999948 235
1780567607819 0.9338888888888837 236
1780567607821 0.9261111111111061 237
1780567607823 0.928333333333328 238
1780567607825 0.9394444444444392 239
1780567607827 0.9333333333333282 240
1780567607829 0.9277777777777727 241
1780567607830 0.9205555555555505 242
1780567607832 0.933333333333328 243
1780567607834 0.9333333333333282 244
1780567607836 0.933333333333328 245
1780567607838 0.9299999999999947 246
1780567607840 0.9338888888888839 247
1780567607841 0.9327777777777728 248
1780567607843 0.9327777777777726 249
1780567607845 0.9288888888888837 250
1780567607847 0.9355555555555505 251
1780567607849 0.9355555555555505 252
1780567607851 0.9305555555555504 253
1780567607853 0.9299999999999949 254
1780567607854 0.9394444444444392 255
1780567607856 0.9272222222222171 256
1780567607858 0.9344444444444393 257
1780567607860 0.9316666666666615 258
1780567607862 0.9349999999999948 259
1780567607864 0.9299999999999947 260
1780567607865 0.926111111111106 261
1780567607867 0.9416666666666614 262
1780567607869 0.9422222222222171 263
1780567607871 0.9277777777777725 264
1780567607873 0.9383333333333279 265
1780567607875 0.9433333333333282 266
1780567607876 0.9322222222222172 267
1780567607878 0.9355555555555505 268
1780567607880 0.9238888888888838 269
1780567607882 0.926111111111106 270
1780567607884 0.9277777777777727 271
1780567607886 0.9305555555555504 272
1780567607888 0.9288888888888838 273
1780567607889 0.9277777777777727 274
1780567607891 0.9177777777777726 275
1780567607893 0.9283333333333281 276
1780567607895 0.9349999999999948 277
1780567607897 0.9266666666666616 278
1780567607899 0.9355555555555505 279
1780567607900 0.933333333333328 280
1780567607902 0.9316666666666613 281
1780567607904 0.9294444444444393 282
1780567607906 0.9422222222222171 283
1780567607908 0.9294444444444393 284
1780567607910 0.9327777777777726 285
1780567607912 0.926111111111106 286
1780567607913 0.9338888888888839 287
1780567607915 0.9277777777777727 288
1780567607917 0.9266666666666616 289
1780567607919 0.906111111111106 290
1780567607921 0.9294444444444393 291
1780567607923 0.9299999999999949 292
1780567607924 0.9366666666666615 293
1780567607926 0.931111111111106 294
1780567607928 0.9283333333333281 295
1780567607930 0.9322222222222172 296
1780567607932 0.9344444444444392 297
1780567607934 0.9338888888888837 298
