1780546612640 0.0 0
1780546612642 0.08 1
1780546612644 0.07500000000000001 2
1780546612645 0.19000000000000003 3
1780546612647 0.175 4
1780546612649 0.145 5
1780546612650 0.185 6
1780546612652 0.135 7
1780546612654 0.21000000000000002 8
1780546612655 0.2 9
1780546612657 0.195 10
1780546612659 0.225 11
1780546612660 0.23499999999999996 12
1780546612662 0.21000000000000002 13
1780546612664 0.15999999999999998 14
1780546612665 0.21999999999999997 15
1780546612667 0.18000000000000002 16
1780546612669 0.215 17
1780546612670 0.205 18
1780546612672 0.24500000000000002 19
1780546612674 0.21500000000000002 20
1780546612675 0.195 21
1780546612677 0.225 22
1780546612678 0.28500000000000003 23
1780546612680 0.285 24
1780546612682 0.21000000000000002 25
1780546612683 0.265 26
1780546612685 0.2 27
1780546612687 0.27 28
1780546612688 0.205 29
1780546612690 0.24 30
1780546612692 0.22999999999999998 31
1780546612693 0.23500000000000001 32
1780546612695 0.275 33
1780546612696 0.255 34
1780546612698 0.275 35
1780546612700 0.24000000000000005 36
1780546612701 0.22000000000000003 37
1780546612703 0.27999999999999997 38
1780546612705 0.22999999999999998 39
1780546612706 0.21500000000000002 40
1780546612708 0.14 41
1780546612710 0.23500000000000001 42
1780546612721 0.26 43
1780546612723 0.275 44
1780546612724 0.29500000000000004 45
1780546612730 0.285 46
1780546612731 0.25999999999999995 47
1780546612733 0.2899999999999999 48
1780546612735 0.255 49
1780546612737 0.265 50
1780546612738 0.255 51
1780546612740 0.28 52
1780546612742 0.29000000000000004 53
1780546612744 0.25 54
1780546612745 0.35 55
1780546612747 0.21000000000000002 56
1780546612749 0.31000000000000005 57
1780546612750 0.26000000000000006 58
1780546612757 0.335 59
1780546612759 0.24500000000000002 60
1780546612760 0.265 61
1780546612762 0.29 62
1780546612764 0.255 63
1780546612765 0.30999999999999994 64
1780546612767 0.275 65
1780546612768 0.25999999999999995 66
1780546612770 0.24000000000000005 67
1780546612772 0.26 68
1780546612773 0.29500000000000004 69
1780546612775 0.205 70
1780546612777 0.315 71
1780546612778 0.29500000000000004 72
1780546612780 0.31500000000000006 73
1780546612782 0.28 74
1780546612783 0.27999999999999997 75
1780546612785 0.285 76
1780546612787 0.23500000000000001 77
1780546612788 0.28 78
1780546612790 0.3 79
1780546612792 0.23000000000000004 80
1780546612793 0.24500000000000002 81
1780546612795 0.395 82
1780546612797 0.25 83
1780546612798 0.27 84
1780546612800 0.25 85
1780546612801 0.25 86
1780546612803 0.27999999999999997 87
1780546612805 0.255 88
1780546612806 0.29 89
1780546612808 0.24500000000000002 90
1780546612810 0.205 91
1780546612811 0.31999999999999995 92
1780546612813 0.32999999999999996 93
1780546612815 0.305 94
1780546612816 0.35 95
1780546612818 0.21999999999999997 96
1780546612819 0.25999999999999995 97
1780546612821 0.225 98
1780546612823 0.16999999999999998 99
1780546612824 0.26 100
1780546612826 0.31 101
1780546612828 0.35000000000000003 102
1780546612829 0.24500000000000002 103
1780546612831 0.23000000000000004 104
1780546612832 0.26 105
1780546612834 0.315 106
1780546612836 0.24000000000000005 107
1780546612837 0.27 108
1780546612839 0.22999999999999998 109
1780546612841 0.315 110
1780546612842 0.20500000000000002 111
1780546612844 0.24 112
1780546612846 0.255 113
1780546612847 0.325 114
1780546612849 0.21999999999999997 115
1780546612851 0.30999999999999994 116
1780546612852 0.30999999999999994 117
1780546612854 0.30999999999999994 118
1780546612856 0.24500000000000002 119
1780546612857 0.285 120
1780546612859 0.33499999999999996 121
1780546612861 0.30000000000000004 122
1780546612862 0.23500000000000001 123
1780546612864 0.325 124
1780546612865 0.27999999999999997 125
1780546612867 0.29 126
1780546612869 0.315 127
1780546612870 0.29500000000000004 128
1780546612872 0.28500000000000003 129
1780546612874 0.335 130
1780546612875 0.29000000000000004 131
1780546612877 0.29000000000000004 132
1780546612879 0.34 133
1780546612880 0.27499999999999997 134
1780546612882 0.275 135
1780546612884 0.33999999999999997 136
1780546612885 0.27999999999999997 137
1780546612887 0.35 138
1780546612888 0.355 139
1780546612890 0.275 140
1780546612892 0.30500000000000005 141
1780546612893 0.24999999999999994 142
1780546612895 0.29499999999999993 143
1780546612897 0.3 144
1780546612898 0.255 145
1780546612900 0.29500000000000004 146
1780546612902 0.3350000000000001 147
1780546612903 0.30999999999999994 148
1780546612905 0.30500000000000005 149
1780546612906 0.305 150
1780546612908 0.35500000000000004 151
1780546612910 0.26999999999999996 152
1780546612911 0.24 153
1780546612913 0.29 154
1780546612915 0.2 155
1780546612916 0.24499999999999997 156
1780546612918 0.30500000000000005 157
1780546612920 0.325 158
1780546612921 0.31500000000000006 159
1780546612923 0.33999999999999997 160
1780546612925 0.30500000000000005 161
1780546612926 0.30500000000000005 162
1780546612928 0.29 163
1780546612929 0.28 164
1780546612931 0.38 165
1780546612933 0.37 166
1780546612934 0.32999999999999996 167
1780546612936 0.295 168
1780546612938 0.35 169
1780546612939 0.355 170
1780546612941 0.30000000000000004 171
1780546612943 0.37 172
1780546612944 0.3350000000000001 173
1780546612946 0.33999999999999997 174
1780546612948 0.335 175
1780546612949 0.34500000000000003 176
1780546612951 0.325 177
1780546612953 0.37500000000000006 178
1780546612954 0.32 179
1780546612956 0.3350000000000001 180
1780546612957 0.175 181
1780546612959 0.35500000000000004 182
1780546612961 0.29500000000000004 183
1780546612962 0.39 184
1780546612964 0.395 185
1780546612966 0.33 186
1780546612967 0.3350000000000001 187
1780546612969 0.36000000000000004 188
1780546612970 0.335 189
1780546612972 0.365 190
1780546612974 0.33999999999999997 191
1780546612975 0.305 192
1780546612977 0.3350000000000001 193
1780546612979 0.37500000000000006 194
1780546612980 0.33999999999999997 195
1780546612982 0.29 196
1780546612988 0.32500000000000007 197
1780546612994 0.345 198
1780546612995 0.255 199
1780546612997 0.31999999999999995 200
1780546612999 0.36 201
1780546613000 0.275 202
1780546613002 0.35 203
1780546613004 0.23500000000000001 204
1780546613005 0.23000000000000004 205
1780546613007 0.38 206
1780546613009 0.315 207
1780546613010 0.325 208
1780546613012 0.3550000000000001 209
1780546613014 0.36 210
1780546613015 0.41000000000000003 211
1780546613017 0.41000000000000003 212
1780546613019 0.295 213
1780546613020 0.34500000000000003 214
1780546613022 0.38 215
1780546613023 0.34500000000000003 216
1780546613025 0.365 217
1780546613027 0.305 218
1780546613028 0.29999999999999993 219
1780546613030 0.375 220
1780546613032 0.29500000000000004 221
1780546613033 0.4050000000000001 222
1780546613035 0.395 223
1780546613037 0.375 224
1780546613038 0.325 225
1780546613040 0.39 226
1780546613041 0.365 227
1780546613043 0.315 228
1780546613045 0.3350000000000001 229
1780546613046 0.39 230
1780546613048 0.36 231
1780546613050 0.31999999999999995 232
1780546613051 0.31999999999999995 233
1780546613053 0.315 234
1780546613055 0.375 235
1780546613056 0.24 236
1780546613058 0.34500000000000003 237
1780546613059 0.3450000000000001 238
1780546613061 0.41 239
1780546613063 0.325 240
1780546613064 0.305 241
1780546613066 0.325 242
1780546613068 0.32 243
1780546613069 0.36500000000000005 244
1780546613071 0.28500000000000003 245
1780546613073 0.355 246
1780546613074 0.265 247
1780546613076 0.34 248
1780546613078 0.31 249
1780546613079 0.43000000000000005 250
1780546613081 0.31 251
1780546613083 0.32500000000000007 252
1780546613084 0.335 253
1780546613086 0.42000000000000004 254
1780546613088 0.34500000000000003 255
1780546613089 0.375 256
1780546613091 0.335 257
1780546613093 0.365 258
1780546613094 0.3350000000000001 259
1780546613096 0.2700000000000001 260
1780546613097 0.38500000000000006 261
1780546613099 0.385 262
1780546613101 0.355 263
1780546613102 0.33 264
1780546613104 0.4050000000000001 265
1780546613106 0.36 266
1780546613107 0.335 267
1780546613109 0.34500000000000003 268
1780546613111 0.345 269
1780546613112 0.4 270
1780546613114 0.355 271
1780546613116 0.32499999999999996 272
1780546613117 0.425 273
1780546613119 0.41000000000000003 274
1780546613120 0.29500000000000004 275
1780546613122 0.33 276
1780546613124 0.36000000000000004 277
1780546613125 0.43499999999999994 278
1780546613127 0.365 279
1780546613129 0.35 280
1780546613130 0.375 281
1780546613132 0.325 282
1780546613134 0.33999999999999997 283
1780546613135 0.4 284
1780546613137 0.385 285
1780546613138 0.34500000000000003 286
1780546613140 0.38500000000000006 287
1780546613142 0.385 288
1780546613143 0.36 289
1780546613145 0.32 290
1780546613147 0.27999999999999997 291
1780546613148 0.38500000000000006 292
1780546613150 0.36 293
1780546613152 0.38999999999999996 294
1780546613153 0.38 295
1780546613155 0.37500000000000006 296
1780546613157 0.355 297
1780546613158 0.325 298
