1780117880223 0.0 0
1780117880225 0.1709475612107191 1
1780117880227 0.18658451684767474 2
1780117880229 0.5755367317867319 3
1780117880231 0.5886427405090426 4
1780117880233 0.5734929491722638 5
1780117880235 0.6451264563796533 6
1780117880237 0.7294627835932184 7
1780117880239 0.7127090360967082 8
1780117880241 0.7782833931694743 9
1780117880243 0.7988333333333333 10
1780117880244 0.8364515899678274 11
1780117880246 0.80231707834649 12
1780117880248 0.8194183800375751 13
1780117880250 0.8709690893901421 14
1780117880252 0.8633042164234114 15
1780117880254 0.8142449841180491 16
1780117880256 0.8321894222049021 17
1780117880259 0.8969911373929411 18
1780117880262 0.8707092731829572 19
1780117880264 0.8508373648640009 20
1780117880266 0.8927388167388166 21
1780117880268 0.8769284289542736 22
1780117880270 0.8606825999937456 23
1780117880272 0.8889341888761393 24
1780117880274 0.8974796058774388 25
1780117880276 0.8846413046877444 26
1780117880278 0.8553688141923436 27
1780117880281 0.8860588304230635 28
1780117880284 0.8024153978054953 29
1780117880286 0.9060658687231914 30
1780117880288 0.9083811802232855 31
1780117880290 0.8768054151218964 32
1780117880292 0.9066351154566258 33
1780117880294 0.8774891774891774 34
1780117880296 0.8535028398221801 35
1780117880298 0.8494052324487107 36
1780117880300 0.8818766613503456 37
1780117880302 0.9002423166373739 38
1780117880304 0.9101077783585524 39
1780117880306 0.9134181710961897 40
1780117880308 0.8307048627700802 41
1780117880310 0.9235303030303029 42
1780117880312 0.900065380843413 43
1780117880315 0.893309905197777 44
1780117880317 0.9057969606260089 45
1780117880319 0.8784703167267832 46
1780117880322 0.838762526365451 47
1780117880324 0.8631827898623564 48
1780117880326 0.8758907965099916 49
1780117880328 0.8895038398134373 50
1780117880330 0.8784883513422012 51
1780117880332 0.712829236348506 52
1780117880334 0.9096232295359028 53
1780117880336 0.9483418031244119 54
1780117880338 0.8703579508726568 55
1780117880341 0.8485136897001304 56
1780117880343 0.899386809269162 57
1780117880345 0.8923765390283428 58
1780117880347 0.9363241436925648 59
1780117880349 0.9347652145942629 60
1780117880351 0.8958561808561809 61
1780117880354 0.9259094706463129 62
1780117880356 0.9162031230909949 63
1780117880359 0.905502928444105 64
1780117880361 0.8587653913914106 65
1780117880363 0.8939974937343358 66
1780117880365 0.8806794615772944 67
1780117880367 0.9098449186206624 68
1780117880370 0.8684090547134025 69
1780117880372 0.8881292163214362 70
1780117880374 0.8878620711858698 71
1780117880376 0.9220367747147933 72
1780117880378 0.9088982057860775 73
1780117880381 0.9325773920968429 74
1780117880384 0.89517311139015 75
1780117880386 0.9224738550922762 76
1780117880388 0.9313326134836432 77
1780117880390 0.8903413312693498 78
1780117880393 0.9364266892527763 79
1780117880395 0.9141267772624617 80
1780117880397 0.8970461117829538 81
1780117880400 0.8889366978051187 82
1780117880402 0.844611001979423 83
1780117880404 0.9389845991791071 84
1780117880406 0.8869083247334022 85
1780117880408 0.8841607466607467 86
1780117880410 0.9186058520905067 87
1780117880412 0.8894314019314018 88
1780117880414 0.9427777777777777 89
1780117880416 0.8415966386554622 90
1780117880417 0.9329023388891808 91
1780117880419 0.8357583371165713 92
1780117880421 0.841324716473458 93
1780117880423 0.8432398909200899 94
1780117880426 0.936904761904762 95
1780117880429 0.9400967251889314 96
1780117880431 0.8570103425985778 97
1780117880433 0.9099589169000935 98
1780117880435 0.8776213968957871 99
1780117880437 0.9044876898127672 100
1780117880440 0.9070124586829392 101
1780117880442 0.8902349582784364 102
1780117880444 0.8656571669071669 103
1780117880446 0.8970337608727702 104
1780117880448 0.9362605042016806 105
1780117880450 0.9371712296318568 106
1780117880452 0.9274513193391913 107
1780117880454 0.8804749218527992 108
1780117880455 0.9310788334472546 109
1780117880457 0.9440492943588918 110
1780117880460 0.893532315637579 111
1780117880463 0.9207979187098181 112
1780117880465 0.9248019670388091 113
1780117880468 0.9516666666666665 114
1780117880470 0.8666829603559727 115
1780117880472 0.9242477570738439 116
1780117880473 0.9452887901572111 117
1780117880475 0.9119087491455913 118
1780117880477 0.9028682212778321 119
1780117880479 0.8766360952983344 120
1780117880481 0.9068438140806562 121
1780117880483 0.8938824333561175 122
1780117880485 0.9323847497531708 123
1780117880487 0.926064938561237 124
1780117880489 0.8694444444444445 125
1780117880491 0.8577364257037579 126
1780117880494 0.930924812030075 127
1780117880496 0.9390483248635422 128
1780117880498 0.892750499987342 129
1780117880500 0.8972803880584201 130
1780117880503 0.9496935520619731 131
1780117880505 0.895029239766082 132
1780117880507 0.9104007104007105 133
1780117880509 0.9461365535049744 134
1780117880511 0.9193579758024839 135
1780117880513 0.9343412714923012 136
1780117880516 0.9176372750056959 137
1780117880519 0.9202022100706311 138
1780117880522 0.9486736934563021 139
1780117880524 0.9212859465955441 140
1780117880526 0.9609523809523809 141
1780117880528 0.9418796992481202 142
1780117880530 0.9472090469916556 143
1780117880532 0.900364044168392 144
1780117880534 0.9196957590053566 145
1780117880536 0.824205002513826 146
1780117880538 0.9359633933318143 147
1780117880540 0.9246821805645336 148
1780117880541 0.9167357788410421 149
1780117880544 0.9362251894103075 150
1780117880547 0.9472056293566592 151
1780117880549 0.9305030252398673 152
1780117880551 0.9594554568238779 153
1780117880553 0.900144865454463 154
1780117880555 0.9008041821726032 155
1780117880557 0.9217604617604618 156
1780117880560 0.9124322169059012 157
1780117880562 0.8957046210296985 158
1780117880564 0.9286075036075037 159
1780117880566 0.9549749373433583 160
1780117880568 0.9458840282524493 161
1780117880570 0.9568398268398267 162
1780117880572 0.9580848861283643 163
1780117880574 0.9432142857142857 164
1780117880576 0.9718614718614719 165
1780117880578 0.9668614718614718 166
1780117880580 0.9566432385311103 167
1780117880583 0.9606892230576441 168
1780117880586 0.9356140350877193 169
1780117880588 0.9561904761904761 170
1780117880590 0.9579089026915113 171
1780117880592 0.9453507986266606 172
1780117880594 0.9503577124629755 173
1780117880596 0.9279178806416658 174
1780117880598 0.9505268853953064 175
1780117880600 0.9549404761904763 176
1780117880602 0.980952380952381 177
1780117880604 0.9544486215538847 178
1780117880606 0.9571946169772255 179
1780117880608 0.9713602187286396 180
1780117880610 0.9618614718614718 181
1780117880611 0.9722943722943722 182
1780117880614 0.9421962922884985 183
1780117880616 0.9544805194805195 184
1780117880618 0.9688095238095238 185
1780117880620 0.9556616586028349 186
1780117880622 0.9658840282524495 187
1780117880624 0.9665983139667349 188
1780117880627 0.9601731601731602 189
1780117880629 0.945530492898914 190
1780117880632 0.9466403162055336 191
1780117880635 0.9575757575757576 192
1780117880637 0.9504761904761905 193
1780117880639 0.9718181818181819 194
1780117880641 0.9489939770374551 195
1780117880643 0.941064680933102 196
1780117880645 0.981147186147186 197
1780117880647 0.9768398268398268 198
1780117880649 0.9608840282524493 199
1780117880651 0.9616666666666667 200
1780117880653 0.970952380952381 201
1780117880655 0.9857142857142858 202
1780117880658 0.9137984256829756 203
1780117880661 0.953598166539343 204
1780117880663 0.9572727272727273 205
1780117880665 0.9644805194805194 206
1780117880666 0.9521428571428572 207
1780117880668 0.9407066052227343 208
1780117880670 0.9466959972394756 209
1780117880672 0.9490344438170524 210
1780117880674 0.9359357880868178 211
1780117880676 0.9754761904761905 212
1780117880678 0.9615550239234448 213
1780117880680 0.9769314590824889 214
1780117880682 0.9543557891383978 215
1780117880685 0.9761221234905445 216
1780117880687 0.9857142857142858 217
1780117880689 0.9551587301587302 218
1780117880691 0.9756892230576442 219
1780117880693 0.9659273182957392 220
1780117880695 0.96147565884408 221
1780117880697 0.9515516062884484 222
1780117880699 0.9372943722943722 223
1780117880701 0.9519552669552669 224
1780117880703 0.9455747955747956 225
1780117880704 0.9596837944664032 226
1780117880706 0.9636868686868686 227
1780117880708 0.9593795093795094 228
1780117880710 0.9583082706766918 229
1780117880712 0.9713852813852814 230
1780117880714 0.9571946169772257 231
1780117880716 0.96679311916154 232
1780117880718 0.9275713273081696 233
1780117880720 0.908528097737951 234
1780117880722 0.9373753718948226 235
1780117880724 0.9613385737069947 236
1780117880727 0.93187073965106 237
1780117880730 0.9757142857142856 238
1780117880734 0.9857142857142858 239
1780117880736 0.9682539682539681 240
1780117880738 0.9528138528138529 241
1780117880740 0.9291216342996529 242
1780117880742 0.9861471861471861 243
1780117880744 0.966046176046176 244
1780117880746 0.9666599190283401 245
1780117880748 0.9771946169772256 246
1780117880750 0.9434237107921317 247
1780117880752 0.9616233766233767 248
1780117880754 0.9713852813852814 249
1780117880756 0.9621933621933622 250
1780117880758 0.9804761904761904 251
1780117880760 0.965884028252449 252
1780117880762 0.9721946169772255 253
1780117880764 0.955639097744361 254
1780117880766 0.9294772874184639 255
1780117880768 0.9711221234905445 256
1780117880770 0.9561221234905446 257
1780117880772 0.9713852813852814 258
1780117880774 0.9763852813852815 259
1780117880776 0.9564035087719299 260
1780117880778 0.8798587202271413 261
1780117880780 0.9502380952380953 262
1780117880782 0.9769314590824889 263
1780117880784 0.957432712215321 264
1780117880786 0.9616233766233766 265
1780117880788 0.9663602187286398 266
1780117880790 0.9754761904761905 267
1780117880792 0.9483481430849852 268
1780117880794 0.9647186147186148 269
1780117880796 0.9909090909090909 270
1780117880799 0.9571428571428571 271
1780117880801 0.9654511278195488 272
1780117880803 0.9422807893860525 273
1780117880805 0.9754511278195489 274
1780117880807 0.9766233766233766 275
1780117880810 0.9759523809523809 276
1780117880812 0.9809090909090908 277
1780117880814 0.9645502645502646 278
1780117880817 0.9622476646160856 279
1780117880820 0.9813852813852815 280
1780117880822 0.9766233766233767 281
1780117880824 0.9757142857142856 282
1780117880826 0.9425914423740511 283
1780117880829 0.9543795093795093 284
1780117880831 0.9763852813852815 285
1780117880832 0.9861471861471862 286
1780117880834 0.9514285714285714 287
1780117880836 0.9572306920133007 288
1780117880840 0.9668614718614718 289
1780117880842 0.9574327122153209 290
1780117880845 0.9063148066244041 291
1780117880848 0.9726708074534163 292
1780117880850 0.961190476190476 293
1780117880852 0.9692424242424241 294
1780117880854 0.9718614718614719 295
1780117880856 0.9678656126482214 296
1780117880859 0.9672943722943721 297
1780117880862 0.9669063964258472 298
1780117880864 0.965952380952381 299
1780117880867 0.9431502009305215 300
1780117880869 0.9656349206349206 301
1780117880871 0.9525027402265254 302
1780117880873 0.9813852813852814 303
1780117880875 0.9757142857142856 304
1780117880877 0.9730158730158731 305
1780117880879 0.9804761904761904 306
1780117880881 0.9631037078863166 307
1780117880883 0.9768181818181818 308
1780117880885 0.9804761904761904 309
1780117880888 0.9559022556390978 310
1780117880891 0.9770562770562771 311
1780117880893 0.9661221234905444 312
1780117880895 0.9319183246421098 313
