1780117929355 0.0 0
1780117929358 0.06169467787114846 1
1780117929359 0.2156155499669281 2
1780117929361 0.33578195352214957 3
1780117929363 0.32798904083671737 4
1780117929365 0.42704502788091797 5
1780117929367 0.40531363874302884 6
1780117929369 0.5489166556587943 7
1780117929371 0.5363373882981176 8
1780117929373 0.6998668881045222 9
1780117929375 0.6496977906461874 10
1780117929377 0.6284954814276932 11
1780117929378 0.7288846150241728 12
1780117929380 0.7731693514034363 13
1780117929382 0.8163244986705231 14
1780117929384 0.8152006780972008 15
1780117929386 0.8861868641040657 16
1780117929388 0.8478726230266667 17
1780117929390 0.8412602391019798 18
1780117929392 0.5967943940790219 19
1780117929394 0.8881648176385019 20
1780117929395 0.8923976336237974 21
1780117929397 0.8456899693599995 22
1780117929399 0.8401222361212772 23
1780117929401 0.8554644954132001 24
1780117929403 0.8286712592013549 25
1780117929405 0.8295089922996899 26
1780117929407 0.7713912767670469 27
1780117929408 0.5928364189226843 28
1780117929410 0.719100718403044 29
1780117929412 0.8938210823444532 30
1780117929414 0.7830473469669277 31
1780117929416 0.895669634074715 32
1780117929418 0.8694080556596603 33
1780117929420 0.8853695420158836 34
1780117929422 0.7487557141473928 35
1780117929424 0.7990136089095697 36
1780117929425 0.9105367952543819 37
1780117929427 0.9005734853103275 38
1780117929429 0.8991670716946114 39
1780117929431 0.9068868020507761 40
1780117929433 0.9067995547694258 41
1780117929435 0.8708756159540331 42
1780117929437 0.880618212986634 43
1780117929439 0.9274861500545144 44
1780117929441 0.8541007417881993 45
1780117929443 0.8835152967253765 46
1780117929445 0.9147239663927726 47
1780117929446 0.8394566866518087 48
1780117929448 0.8514659496591799 49
1780117929450 0.7397868361854372 50
1780117929452 0.8459699799237669 51
1780117929454 0.8361250583201804 52
1780117929456 0.7933296786324047 53
1780117929458 0.9152796326480537 54
1780117929460 0.9021661469796334 55
1780117929462 0.9249306192310044 56
1780117929463 0.9307361209607679 57
1780117929465 0.889217807233152 58
1780117929467 0.7646254756333588 59
1780117929469 0.9329373112116557 60
1780117929471 0.8943544750839434 61
1780117929473 0.9196723687095959 62
1780117929475 0.9037259754025962 63
1780117929477 0.8317098249646611 64
1780117929479 0.7899992265360948 65
1780117929480 0.907661128785201 66
1780117929482 0.7215397154257229 67
1780117929484 0.8363689016823729 68
1780117929486 0.8934947839825889 69
1780117929488 0.8883317652654037 70
1780117929490 0.9022360555599873 71
1780117929492 0.836417334139367 72
1780117929494 0.8754839842599941 73
1780117929496 0.8282621231305441 74
1780117929498 0.78277125982091 75
1780117929500 0.9545403752014792 76
1780117929501 0.9356873827926458 77
1780117929503 0.9173036982147454 78
1780117929505 0.8550733014865812 79
1780117929507 0.8559840439890196 80
1780117929509 0.8895757424480829 81
1780117929511 0.8234401833245542 82
1780117929513 0.9356373791717255 83
1780117929515 0.894385862364586 84
1780117929517 0.9351988334016577 85
1780117929518 0.8494638642238957 86
1780117929520 0.89043102470138 87
1780117929522 0.8330790201023159 88
1780117929524 0.7794833900224367 89
1780117929526 0.881416091396836 90
1780117929528 0.733228303929409 91
1780117929530 0.8624795443216497 92
1780117929532 0.8515413008731463 93
1780117929533 0.7118301057155546 94
1780117929535 0.9255603405603405 95
1780117929537 0.8532621734912809 96
1780117929539 0.870046818196939 97
1780117929541 0.8891640601827117 98
1780117929543 0.9120779171265141 99
1780117929545 0.9051477662260717 100
1780117929547 0.950489091567397 101
1780117929549 0.8829431293614011 102
1780117929551 0.9302482172066924 103
1780117929553 0.9399409875533111 104
1780117929554 0.8613456301499779 105
1780117929556 0.8685682657876125 106
1780117929558 0.8997588457670943 107
1780117929560 0.92453780850771 108
1780117929562 0.645424081855155 109
1780117929564 0.8947325998715676 110
1780117929566 0.9300014870210708 111
1780117929568 0.9116080963216528 112
1780117929570 0.8556304154439018 113
1780117929571 0.8994609490213575 114
1780117929573 0.9051497026721675 115
1780117929575 0.8758753989528643 116
1780117929577 0.9601318009712791 117
1780117929579 0.8976927308135109 118
1780117929581 0.8843228517211262 119
1780117929583 0.8859313495735188 120
1780117929585 0.9246249147455228 121
1780117929587 0.9185380805342295 122
1780117929589 0.85445950325374 123
1780117929591 0.8786556487659221 124
1780117929593 0.9255454582728083 125
1780117929595 0.95021258587369 126
1780117929596 0.7417429196435308 127
1780117929598 0.9146627077532831 128
1780117929600 0.9000260515408142 129
1780117929602 0.9080307748163975 130
1780117929604 0.9291470377772135 131
1780117929606 0.7352329704383226 132
1780117929608 0.934388410049514 133
1780117929610 0.9201721733116497 134
1780117929611 0.8238459077648809 135
1780117929613 0.8808836532939834 136
1780117929615 0.9076956126580187 137
1780117929617 0.9249416973835579 138
1780117929619 0.7685779566173654 139
1780117929621 0.9494282985746401 140
1780117929623 0.8997955472153162 141
1780117929625 0.8890767591278023 142
1780117929627 0.7419371418782259 143
1780117929628 0.9109771350035878 144
1780117929630 0.8570778885926511 145
1780117929632 0.9144268214358536 146
1780117929634 0.9449253057597089 147
1780117929636 0.8423263283396519 148
1780117929638 0.9132114017982845 149
1780117929640 0.940212139165926 150
1780117929642 0.9473484657443907 151
1780117929643 0.9398932590254201 152
1780117929645 0.9203379493720419 153
1780117929647 0.884073160138463 154
1780117929649 0.9548216695585117 155
1780117929651 0.9650964418551068 156
1780117929653 0.9352145799290319 157
1780117929655 0.9404511748414188 158
1780117929657 0.9306043292092789 159
1780117929659 0.8730174338569119 160
1780117929660 0.9600964418551069 161
1780117929662 0.9252673162873493 162
1780117929664 0.9249952680216584 163
1780117929666 0.9297789171473383 164
1780117929668 0.9332655596505031 165
1780117929670 0.9245983464446311 166
1780117929672 0.9644985899157914 167
1780117929674 0.8926197006684811 168
1780117929675 0.9699906191369605 169
1780117929677 0.970081700498902 170
1780117929679 0.93474708455453 171
1780117929681 0.9445610747201935 172
1780117929683 0.9418277322449338 173
1780117929685 0.8994258567942778 174
1780117929687 0.9548869580948572 175
1780117929689 0.9263925274708331 176
1780117929690 0.9395513706347511 177
1780117929692 0.9648556663704287 178
1780117929694 0.9334852429905134 179
1780117929696 0.980067790226909 180
1780117929698 0.9699843652282677 181
1780117929700 0.9598252902424917 182
1780117929702 0.9344361137364988 183
1780117929704 0.9748525394160825 184
1780117929706 0.9597091462239087 185
1780117929707 0.9751125703564728 186
1780117929709 0.935049359812713 187
1780117929711 0.9396615839670442 188
1780117929713 0.9800937616085241 189
1780117929715 0.944044335718217 190
1780117929717 0.9649494279789529 191
1780117929719 0.96075786514587 192
1780117929721 0.9399512349319796 193
1780117929723 0.9445315296764681 194
1780117929724 0.9494043034415306 195
1780117929726 0.803820035222157 196
1780117929728 0.9054122438383828 197
1780117929730 0.9450713791984653 198
1780117929732 0.9349585029880281 199
1780117929734 0.9351176804308429 200
1780117929736 0.9751125703564728 201
1780117929738 0.9588770249745859 202
1780117929739 0.965234521575985 203
1780117929741 0.8984017334813277 204
1780117929743 0.9598306037137873 205
1780117929745 0.8868777563159405 206
1780117929747 0.971068376068376 207
1780117929749 0.9899968730456535 208
1780117929751 0.9650754465902092 209
1780117929753 0.974965556480319 210
1780117929755 0.9799686834346655 211
1780117929756 0.9899937460913071 212
1780117929758 0.9253044414020024 213
1780117929760 0.9550686989518825 214
1780117929762 0.9440443103009899 215
1780117929764 0.945148981400586 216
1780117929766 0.9453640734128539 217
1780117929768 0.97957481872116 218
1780117929770 0.959239554483457 219
1780117929771 0.9702036517184144 220
1780117929773 0.9594588409736036 221
1780117929775 0.970081700498902 222
1780117929777 0.9303512010142392 223
1780117929779 0.9163905072249101 224
1780117929781 0.9751897414464212 225
1780117929783 0.9647144596952042 226
1780117929785 0.9596206732457742 227
1780117929787 0.9406131808570833 228
1780117929788 0.9552166532654338 229
1780117929790 0.9749906191369606 230
1780117929792 0.9610180262178364 231
1780117929794 0.9499228040691454 232
1780117929796 0.9851067631555438 233
1780117929798 0.9574125275665712 234
1780117929800 0.9552251407129457 235
1780117929802 0.925140352577138 236
1780117929804 0.9389282337376134 237
1780117929806 0.9549315596684018 238
1780117929808 0.9542364275291103 239
1780117929820 0.9447937679109127 240
1780117929822 0.9543794510533324 241
1780117929823 0.9551767398994017 242
1780117929825 0.9751094434021264 243
1780117929827 0.9645893815213457 244
1780117929829 0.9324124585022437 245
1780117929831 0.92433137377699 246
1780117929833 0.965627512995934 247
1780117929835 0.9655213485701291 248
1780117929837 0.9703027585106577 249
1780117929839 0.9599297105060307 250
1780117929841 0.9649566223250433 251
1780117929843 0.9554090279365678 252
1780117929845 0.9538951823469841 253
1780117929847 0.9550906346541777 254
1780117929849 0.9283150183150184 255
1780117929850 0.9245495662641391 256
1780117929852 0.9544314255289864 257
1780117929854 0.9311006233901347 258
1780117929856 0.9547952514691328 259
1780117929858 0.8961256476117156 260
1780117929860 0.9749744906355946 261
1780117929862 0.9553404114379724 262
1780117929864 0.9294092428752249 263
1780117929865 0.8782305882392251 264
1780117929867 0.9454416652519466 265
1780117929869 0.9246677244045666 266
1780117929871 0.9649135820046648 267
1780117929873 0.938959639799118 268
1780117929875 0.9751067631555437 269
1780117929877 0.9655146009318024 270
1780117929879 0.8482744260600485 271
1780117929880 0.9635191637630662 272
1780117929882 0.9496046398485423 273
1780117929884 0.9751125703564728 274
1780117929886 0.9753309481216459 275
1780117929888 0.955454748503529 276
1780117929890 0.9550145379592794 277
1780117929892 0.9701067631555436 278
1780117929894 0.9849906191369605 279
1780117929896 0.9698624140087555 280
1780117929898 0.9699297105060308 281
1780117929899 0.9500973822925044 282
1780117929901 0.8879104284426159 283
1780117929903 0.9642489353464964 284
1780117929905 0.9700995688094534 285
1780117929907 0.9699686834346654 286
1780117929909 0.9751156973108192 287
1780117929911 0.9448665836457281 288
1780117929913 0.8218294247259962 289
1780117929914 0.9498097870049088 290
1780117929916 0.9749686834346655 291
1780117929918 0.9600463482542475 292
1780117929920 0.974865540963102 293
1780117929922 0.9297741662255812 294
1780117929924 0.9410116166695797 295
1780117929926 0.9798624140087554 296
1780117929928 0.9799906191369605 297
1780117929930 0.9751125703564728 298
1780117929931 0.9547029990084592 299
1780117929933 0.9651063164477799 300
1780117929935 0.9801156973108192 301
1780117929937 0.9749088937971525 302
1780117929939 0.9501832129739107 303
1780117929941 0.9550244125519523 304
1780117929943 0.9410434269645478 305
1780117929945 0.9599078699078699 306
1780117929947 0.9193077819466167 307
1780117929949 0.9650843807454847 308
1780117929950 0.9750937616085242 309
1780117929952 0.8901231049333864 310
1780117929954 0.9479503933675948 311
1780117929956 0.921439033945911 312
1780117929958 0.9703197957369973 313
