1780525509188 0.0 0
1780525509190 0.2925 1
1780525509192 0.275 2
1780525509198 0.6691176470588236 3
1780525509200 0.6984982672314208 4
1780525509202 0.8006596103696886 5
1780525509203 0.8293763288447908 6
1780525509205 0.7856173677069199 7
1780525509206 0.8186813186813187 8
1780525509208 0.7351398601398601 9
1780525509210 0.7915136678906569 10
1780525509211 0.7848299074407982 11
1780525509213 0.7421568627450981 12
1780525509215 0.7207160236357316 13
1780525509216 0.2925 14
1780525509218 0.801010101010101 15
1780525509219 0.8191489361702128 16
1780525509221 0.78125 17
1780525509223 0.7690248172175883 18
1780525509224 0.8673316173316173 19
1780525509226 0.7666666666666666 20
1780525509227 0.8380977130977132 21
1780525509229 0.8200000000000001 22
1780525509230 0.7675108029343785 23
1780525509232 0.8117831074035453 24
1780525509234 0.8424136838770986 25
1780525509235 0.8361557545032898 26
1780525509237 0.8534518396031417 27
1780525509238 0.8827956989247312 28
1780525509240 0.8052884615384616 29
1780525509241 0.8073870573870574 30
1780525509243 0.7560240963855422 31
1780525509244 0.8473557692307692 32
1780525509246 0.8641943734015345 33
1780525509248 0.8523809523809524 34
1780525509249 0.7015706806282722 35
1780525509251 0.7813067150635209 36
1780525509252 0.875 37
1780525509254 0.8307322929171668 38
1780525509255 0.8212233169129721 39
1780525509257 0.8611111111111112 40
1780525509259 0.830220713073005 41
1780525509260 0.7476611226611227 42
1780525509262 0.8593987245672638 43
1780525509263 0.793121202759757 44
1780525509265 0.8605860586058607 45
1780525509266 0.839349376114082 46
1780525509268 0.8041666666666667 47
1780525509270 0.7449664429530202 48
1780525509271 0.8948717948717949 49
1780525509273 0.84655681009053 50
1780525509276 0.8501179459263292 51
1780525509277 0.8315326130452181 52
1780525509279 0.8331998798919027 53
1780525509280 0.8466666666666667 54
1780525509282 0.8972257250945775 55
1780525509284 0.8261904761904761 56
1780525509285 0.8216619981325863 57
1780525509287 0.855191256830601 58
1780525509288 0.830331140114335 59
1780525509290 0.8311121594527657 60
1780525509291 0.8467395967395968 61
1780525509293 0.8528401423138265 62
1780525509295 0.835075493612079 63
1780525509296 0.8058823529411765 64
1780525509298 0.8920531175433136 65
1780525509299 0.817363442172719 66
1780525509301 0.8722426470588236 67
1780525509302 0.8533333333333333 68
1780525509304 0.6843434343434344 69
1780525509305 0.8546666666666667 70
1780525509307 0.830316978763469 71
1780525509309 0.7380952380952381 72
1780525509310 0.8595756183268008 73
1780525509312 0.8768472906403941 74
1780525509313 0.8432165318957772 75
1780525509315 0.8010110294117647 76
1780525509317 0.8864889705882353 77
1780525509318 0.8784381404379247 78
1780525509320 0.8453525641025641 79
1780525509321 0.7981155390793946 80
1780525509323 0.8458333333333333 81
1780525509324 0.8179055633473586 82
1780525509326 0.8376154154957849 83
1780525509327 0.9159340659340659 84
1780525509329 0.8328320802005013 85
1780525509331 0.8561726169010698 86
1780525509332 0.8824538824538825 87
1780525509334 0.9066666666666667 88
1780525509335 0.8547953699875982 89
1780525509337 0.7297979797979798 90
1780525509338 0.8823561524183863 91
1780525509340 0.8670725520040589 92
1780525509341 0.8500000000000001 93
1780525509343 0.8625 94
1780525509345 0.8803257469528638 95
1780525509347 0.8878194490540989 96
1780525509348 0.8343334333433343 97
1780525509350 0.8494849484948495 98
1780525509351 0.8323419699566489 99
1780525509353 0.8391304347826087 100
1780525509355 0.755863539445629 101
1780525509356 0.89726507713885 102
1780525509358 0.8391209324915008 103
1780525509359 0.8429667519181585 104
1780525509361 0.8221421552571242 105
1780525509362 0.8874643874643875 106
1780525509364 0.8686332767402376 107
1780525509365 0.9094669117647058 108
1780525509367 0.88744248681405 109
1780525509369 0.8543354335433544 110
1780525509371 0.8435978418212923 111
1780525509373 0.8411174630568439 112
1780525509374 0.8505050505050505 113
1780525509376 0.8274428274428274 114
1780525509377 0.8773333333333333 115
1780525509379 0.8094253823894171 116
1780525509380 0.8746844572664985 117
1780525509382 0.7578721623600795 118
1780525509384 0.8624145521955742 119
1780525509385 0.8153846153846154 120
1780525509387 0.856853203568532 121
1780525509388 0.7499693289166973 122
1780525509390 0.8275622305659853 123
1780525509391 0.8560439560439561 124
1780525509393 0.8810395687112196 125
1780525509394 0.8873863763887331 126
1780525509396 0.8400000000000001 127
1780525509398 0.904973075704783 128
1780525509399 0.9150375939849624 129
1780525509401 0.8582969689821913 130
1780525509402 0.8560583054965077 131
1780525509404 0.862406015037594 132
1780525509405 0.7929292929292929 133
1780525509407 0.8092045569109789 134
1780525509408 0.9000633512828635 135
1780525509410 0.7134894091415831 136
1780525509412 0.8552429667519181 137
1780525509413 0.7904581757040774 138
1780525509415 0.8509615384615384 139
1780525509416 0.8747947454844007 140
1780525509418 0.868922305764411 141
1780525509419 0.8096364373563996 142
1780525509421 0.8614718614718615 143
1780525509423 0.853763440860215 144
1780525509424 0.8666466586634654 145
1780525509426 0.8165413533834587 146
1780525509427 0.892156862745098 147
1780525509429 0.7046130952380952 148
1780525509430 0.8425925925925926 149
1780525509432 0.44867427047844766 150
1780525509434 0.41414141414141414 151
1780525509435 0.4075 152
1780525509437 0.4125 153
1780525509438 0.4075 154
1780525509440 0.6388888888888888 155
1780525509441 0.4035532994923858 156
1780525509443 0.41 157
1780525509444 0.4175 158
1780525509446 0.4 159
1780525509448 0.405 160
1780525509449 0.3875 161
1780525509451 0.907035175879397 162
1780525509452 0.3925 163
1780525509454 0.41 164
1780525509456 0.405 165
1780525509457 0.435 166
1780525509459 0.4075 167
1780525509460 0.41 168
1780525509462 0.42 169
1780525509464 0.3525 170
1780525509465 0.6317934782608696 171
1780525509467 0.3975 172
1780525509468 0.4 173
1780525509470 0.3975 174
1780525509472 0.395 175
1780525509473 0.9095477386934674 176
1780525509475 0.4025 177
1780525509476 0.4075 178
1780525509478 0.4125 179
1780525509479 0.415 180
1780525509481 0.3875 181
1780525509483 0.3725 182
1780525509484 0.3975 183
1780525509486 0.3975 184
1780525509487 0.9015151515151515 185
1780525509489 0.4075 186
1780525509491 0.4075 187
1780525509492 0.7248046071575484 188
1780525509494 0.4225 189
1780525509495 0.6637103809246874 190
1780525509497 0.4025 191
1780525509498 0.4025 192
1780525509500 0.4 193
1780525509502 0.42 194
1780525509503 0.4075 195
1780525509505 0.7092391304347826 196
1780525509506 0.9111675126903553 197
1780525509508 0.7794871794871795 198
1780525509510 0.5935823463913351 199
1780525509511 0.42 200
1780525509513 0.3725 201
1780525509514 0.4025 202
1780525509516 0.3775 203
1780525509517 0.405 204
1780525509519 0.395 205
1780525509520 0.375 206
1780525509522 0.6607142857142857 207
1780525509524 0.3825 208
1780525509525 0.6029341029341029 209
1780525509527 0.6009798584648884 210
1780525509528 0.8943298969072164 211
1780525509530 0.6229481014757089 212
1780525509531 0.3975 213
1780525509533 0.7611111111111111 214
1780525509534 0.6927886013375981 215
1780525509536 0.7749999999999999 216
1780525509538 0.8964646464646464 217
1780525509539 0.6051235284364119 218
1780525509541 0.38 219
1780525509542 0.6615384615384615 220
1780525509544 0.5942460317460317 221
1780525509546 0.7758152173913043 222
1780525509547 0.3975 223
1780525509549 0.5974910394265234 224
1780525509550 0.415 225
1780525509552 0.4325 226
1780525509553 0.4275 227
1780525509555 0.4325 228
1780525509556 0.3825 229
1780525509558 0.7128205128205127 230
1780525509560 0.7157894736842105 231
1780525509561 0.9035532994923858 232
1780525509563 0.7600349040139616 233
1780525509564 0.6472222222222223 234
1780525509566 0.7704081632653061 235
1780525509568 0.6438401591775825 236
1780525509569 0.9240837696335078 237
1780525509571 0.6632653061224489 238
1780525509572 0.5791212090881794 239
1780525509574 0.395 240
1780525509575 0.3975 241
1780525509577 0.6666666666666667 242
1780525509578 0.7402482269503545 243
1780525509580 0.7571912013536379 244
1780525509582 0.7341048151104017 245
1780525509583 0.5938057040998217 246
1780525509585 0.8944723618090452 247
1780525509586 0.3875 248
1780525509588 0.4 249
1780525509589 0.9081632653061225 250
1780525509591 0.5786402841197362 251
1780525509592 0.8888888888888888 252
1780525509594 0.6363636363636364 253
1780525509596 0.615840118430792 254
1780525509597 0.6065323565323565 255
1780525509599 0.625 256
1780525509600 0.42 257
1780525509602 0.4025 258
1780525509603 0.6872686898593634 259
1780525509605 0.6159597192554165 260
1780525509606 0.8131578947368421 261
1780525509608 0.8857868020304569 262
1780525509610 0.6077082650944426 263
1780525509611 0.6803059737736765 264
1780525509613 0.7495769881556684 265
1780525509614 0.6089436878910564 266
1780525509616 0.41 267
1780525509617 0.6974358974358974 268
1780525509619 0.868421052631579 269
1780525509621 0.6923076923076923 270
1780525509622 0.41 271
1780525509624 0.4025 272
1780525509625 0.3969849246231156 273
1780525509627 0.7265625 274
1780525509628 0.8718592964824121 275
1780525509630 0.6747747747747748 276
1780525509632 0.7826086956521738 277
1780525509633 0.704734219269103 278
1780525509635 0.6858359237734829 279
1780525509636 0.5273813474941919 280
1780525509638 0.7882653061224489 281
1780525509640 0.3875 282
1780525509641 0.7405498281786942 283
1780525509644 0.3825 284
1780525509645 0.8128205128205128 285
1780525509647 0.6610014922898358 286
1780525509649 0.6543956043956044 287
1780525509899 0.8863636363636364 288
1780525509901 0.6510416666666667 289
1780525509903 0.4 290
1780525509904 0.7549923195084485 291
1780525509906 0.4025 292
1780525509907 0.9025641025641026 293
1780525509909 0.7252252252252251 294
1780525509911 0.6663499102523494 295
1780525509912 0.6454081632653061 296
1780525509914 0.6151515151515152 297
1780525509916 0.7605923488276429 298
