1780119159832 0.0 0
1780119159835 0.095 1
1780119159837 0.20500000000000002 2
1780119159839 0.29500000000000004 3
1780119159841 0.3 4
1780119159843 0.3 5
1780119159845 0.375 6
1780119159847 0.40499999999999997 7
1780119159849 0.46499999999999997 8
1780119159851 0.425 9
1780119159853 0.43 10
1780119159855 0.43 11
1780119159857 0.45999999999999996 12
1780119159859 0.5399999999999999 13
1780119159861 0.48999999999999994 14
1780119159863 0.475 15
1780119159865 0.465 16
1780119159867 0.475 17
1780119159869 0.5249999999999999 18
1780119159871 0.525 19
1780119159873 0.5149999999999999 20
1780119159875 0.5399999999999999 21
1780119159877 0.56 22
1780119159879 0.6000000000000001 23
1780119159881 0.55 24
1780119159883 0.5299999999999999 25
1780119159885 0.55 26
1780119159887 0.5700000000000001 27
1780119159889 0.51 28
1780119159891 0.675 29
1780119159893 0.535 30
1780119159895 0.615 31
1780119159897 0.6 32
1780119159899 0.5650000000000001 33
1780119159901 0.6749999999999999 34
1780119159903 0.64 35
1780119159905 0.635 36
1780119159907 0.605 37
1780119159909 0.6749999999999999 38
1780119159911 0.635 39
1780119159913 0.6699999999999999 40
1780119159915 0.6700000000000002 41
1780119159917 0.6649999999999999 42
1780119159919 0.6599999999999999 43
1780119159921 0.71 44
1780119159923 0.645 45
1780119159925 0.6900000000000001 46
1780119159927 0.6649999999999999 47
1780119159930 0.7150000000000001 48
1780119159932 0.6900000000000001 49
1780119159934 0.715 50
1780119159936 0.7150000000000001 51
1780119159938 0.705 52
1780119159940 0.6849999999999999 53
1780119159942 0.7 54
1780119159944 0.72 55
1780119159946 0.765 56
1780119159948 0.76 57
1780119159950 0.725 58
1780119159952 0.72 59
1780119159954 0.76 60
1780119159961 0.76 61
1780119159963 0.715 62
1780119159965 0.705 63
1780119159967 0.72 64
1780119159969 0.74 65
1780119159971 0.7499999999999999 66
1780119159973 0.6900000000000001 67
1780119159975 0.725 68
1780119159977 0.7500000000000001 69
1780119159979 0.755 70
1780119159981 0.7100000000000001 71
1780119159983 0.7699999999999999 72
1780119159985 0.79 73
1780119159987 0.73 74
1780119159989 0.8300000000000001 75
1780119159991 0.76 76
1780119159993 0.8099999999999999 77
1780119159995 0.8 78
1780119159997 0.77 79
1780119159999 0.7899999999999999 80
1780119160001 0.7699999999999999 81
1780119160003 0.76 82
1780119160005 0.8 83
1780119160007 0.7650000000000001 84
1780119160009 0.8300000000000001 85
1780119160011 0.74 86
1780119160013 0.8300000000000001 87
1780119160015 0.75 88
1780119160017 0.845 89
1780119160019 0.7899999999999999 90
1780119160021 0.7949999999999999 91
1780119160023 0.68 92
1780119160025 0.7599999999999999 93
1780119160027 0.825 94
1780119160029 0.795 95
1780119160031 0.8049999999999999 96
1780119160033 0.805 97
1780119160035 0.7750000000000001 98
1780119160037 0.8550000000000001 99
1780119160039 0.8150000000000001 100
1780119160041 0.7949999999999999 101
1780119160043 0.8699999999999999 102
1780119160045 0.8549999999999999 103
1780119160047 0.86 104
1780119160049 0.76 105
1780119160052 0.8100000000000002 106
1780119160054 0.795 107
1780119160056 0.89 108
1780119160058 0.8099999999999999 109
1780119160060 0.775 110
1780119160062 0.8399999999999999 111
1780119160064 0.8 112
1780119160066 0.78 113
1780119160068 0.825 114
1780119160070 0.85 115
1780119160072 0.8400000000000001 116
1780119160074 0.8799999999999999 117
1780119160076 0.74 118
1780119160078 0.835 119
1780119160080 0.8550000000000001 120
1780119160082 0.8299999999999998 121
1780119160084 0.8700000000000001 122
1780119160086 0.9049999999999999 123
1780119160088 0.7999999999999999 124
1780119160090 0.835 125
1780119160092 0.885 126
1780119160094 0.8400000000000001 127
1780119160096 0.8600000000000001 128
1780119160098 0.8549999999999999 129
1780119160101 0.8799999999999999 130
1780119160103 0.8049999999999999 131
1780119160105 0.9 132
1780119160107 0.8049999999999999 133
1780119160109 0.885 134
1780119160111 0.8850000000000001 135
1780119160113 0.8400000000000001 136
1780119160115 0.9000000000000001 137
1780119160117 0.85 138
1780119160119 0.8300000000000001 139
1780119160121 0.835 140
1780119160123 0.8150000000000001 141
1780119160125 0.8649999999999999 142
1780119160127 0.7949999999999999 143
1780119160129 0.8799999999999999 144
1780119160131 0.85 145
1780119160133 0.8400000000000001 146
1780119160135 0.8450000000000001 147
1780119160137 0.875 148
1780119160139 0.8550000000000001 149
1780119160141 0.825 150
1780119160144 0.8099999999999999 151
1780119160146 0.8300000000000001 152
1780119160148 0.845 153
1780119160151 0.795 154
1780119160153 0.8149999999999998 155
1780119160155 0.885 156
1780119160157 0.9099999999999999 157
1780119160159 0.9049999999999999 158
1780119160161 0.8949999999999999 159
1780119160163 0.875 160
1780119160165 0.925 161
1780119160167 0.9400000000000001 162
1780119160169 0.885 163
1780119160171 0.885 164
1780119160173 0.9549999999999998 165
1780119160175 0.8699999999999999 166
1780119160177 0.89 167
1780119160179 0.945 168
1780119160181 0.93 169
1780119160183 0.945 170
1780119160185 0.8549999999999999 171
1780119160188 0.775 172
1780119160190 0.925 173
1780119160192 0.9199999999999999 174
1780119160194 0.9400000000000001 175
1780119160196 0.8999999999999998 176
1780119160198 0.9049999999999999 177
1780119160200 0.89 178
1780119160202 0.95 179
1780119160204 0.9400000000000001 180
1780119160206 0.9099999999999999 181
1780119160208 0.93 182
1780119160210 0.915 183
1780119160212 0.915 184
1780119160214 0.9499999999999998 185
1780119160216 0.9550000000000001 186
1780119160218 0.9199999999999999 187
1780119160220 0.945 188
1780119160222 0.9399999999999998 189
1780119160224 0.9099999999999999 190
1780119160226 0.9149999999999998 191
1780119160228 0.925 192
1780119160230 0.925 193
1780119160232 0.925 194
1780119160235 0.8899999999999999 195
1780119160237 0.885 196
1780119160239 0.8949999999999999 197
1780119160241 0.925 198
1780119160243 0.89 199
1780119160245 0.9099999999999999 200
1780119160247 0.915 201
1780119160249 0.9199999999999999 202
1780119160251 0.9400000000000001 203
1780119160253 0.9149999999999998 204
1780119160255 0.885 205
1780119160257 0.9099999999999999 206
1780119160259 0.9800000000000001 207
1780119160261 0.9550000000000001 208
1780119160263 0.945 209
1780119160265 0.96 210
1780119160267 0.9200000000000002 211
1780119160269 0.9349999999999999 212
1780119160271 0.89 213
1780119160274 0.9399999999999998 214
1780119160276 0.915 215
1780119160278 0.9199999999999999 216
1780119160280 0.9400000000000001 217
1780119160282 0.8949999999999999 218
1780119160284 0.89 219
1780119160286 0.93 220
1780119160288 0.9299999999999999 221
1780119160290 0.9349999999999999 222
1780119160292 0.8850000000000001 223
1780119160294 0.95 224
1780119160296 0.95 225
1780119160298 0.915 226
1780119160300 0.9349999999999999 227
1780119160302 0.9650000000000001 228
1780119160304 0.9299999999999999 229
1780119160306 0.925 230
1780119160308 0.945 231
1780119160310 0.93 232
1780119160312 0.9299999999999999 233
1780119160314 0.9349999999999999 234
1780119160316 0.9299999999999999 235
1780119160318 0.8949999999999999 236
1780119160320 0.9349999999999999 237
1780119160322 0.9549999999999998 238
1780119160324 0.915 239
1780119160326 0.9249999999999998 240
1780119160328 0.925 241
1780119160330 0.9199999999999999 242
1780119160333 0.945 243
1780119160335 0.96 244
1780119160337 0.95 245
1780119160339 0.8950000000000001 246
1780119160341 0.9400000000000001 247
1780119160343 0.9249999999999998 248
1780119160345 0.925 249
1780119160347 0.915 250
1780119160349 0.96 251
1780119160351 0.945 252
1780119160353 0.945 253
1780119160355 0.9450000000000001 254
1780119160357 0.9400000000000001 255
1780119160359 0.9399999999999998 256
1780119160361 0.9099999999999999 257
1780119160363 0.93 258
1780119160365 0.9649999999999999 259
1780119160367 0.8850000000000001 260
1780119160369 0.945 261
1780119160371 0.8899999999999999 262
1780119160373 0.9349999999999999 263
1780119160375 0.8550000000000001 264
1780119160377 0.93 265
1780119160379 0.9349999999999999 266
1780119160381 0.9199999999999999 267
1780119160383 0.9299999999999999 268
1780119160385 0.9100000000000001 269
1780119160387 0.9149999999999998 270
1780119160389 0.9149999999999998 271
1780119160391 0.95 272
1780119160393 0.95 273
1780119160395 0.9650000000000001 274
1780119160397 0.9349999999999999 275
1780119160399 0.93 276
1780119160401 0.9399999999999998 277
1780119160403 0.9299999999999999 278
1780119160405 0.9649999999999999 279
1780119160407 0.8949999999999999 280
1780119160409 0.95 281
1780119160411 0.925 282
1780119160413 0.9599999999999997 283
1780119160415 0.96 284
1780119160417 0.9049999999999999 285
1780119160419 0.945 286
1780119160421 0.9299999999999999 287
1780119160423 0.9099999999999999 288
1780119160425 0.945 289
1780119160427 0.9349999999999999 290
1780119160429 0.885 291
1780119160431 0.915 292
1780119160433 0.9049999999999999 293
1780119160435 0.8700000000000001 294
1780119160437 0.925 295
1780119160439 0.945 296
1780119160441 0.9400000000000001 297
1780119160443 0.9199999999999999 298
1780119160445 0.945 299
1780119160447 0.9299999999999999 300
1780119160449 0.97 301
1780119160451 0.95 302
1780119160453 0.9299999999999999 303
1780119160455 0.9200000000000002 304
1780119160457 0.89 305
1780119160459 0.9199999999999999 306
1780119160461 0.925 307
1780119160463 0.9400000000000001 308
1780119160465 0.9400000000000001 309
1780119160467 0.9149999999999998 310
1780119160469 0.96 311
1780119160471 0.9299999999999999 312
1780119160473 0.89 313
