1780543328607 0.0 0
1780543328609 0.07519743273572477 1
1780543328611 0.06279746681281209 2
1780543328612 0.1015604116546378 3
1780543328614 0.08849300788906131 4
1780543328615 0.09266104010931597 5
1780543328617 0.1891841010187975 6
1780543328618 0.12441941063695605 7
1780543328620 0.17798705255162608 8
1780543328622 0.21912335028379118 9
1780543328623 0.12242345617345615 10
1780543328625 0.249452810024001 11
1780543328626 0.10167256985438804 12
1780543328628 0.15188222889058292 13
1780543328630 0.10818967431532198 14
1780543328631 0.11105765409142734 15
1780543328633 0.08127999261720191 16
1780543328634 0.1701718015738614 17
1780543328636 0.2168212845580722 18
1780543328637 0.2663728850708655 19
1780543328639 0.1513100842778262 20
1780543328640 0.1596207918192047 21
1780543328642 0.23029811284646456 22
1780543328643 0.21297169238300037 23
1780543328645 0.17075276575276574 24
1780543328647 0.17905702917771885 25
1780543328648 0.21437241145151895 26
1780543328650 0.13159477678592366 27
1780543328651 0.16452387310497957 28
1780543328653 0.20605417802367212 29
1780543328654 0.2510298445692264 30
1780543328656 0.23552227779214405 31
1780543328658 0.2874642965435804 32
1780543328659 0.3303742054569728 33
1780543328661 0.10414574731441066 34
1780543328662 0.12117077110009104 35
1780543328664 0.22624730398801396 36
1780543328665 0.1739098575254497 37
1780543328667 0.2691412333049162 38
1780543328669 0.19794048141874226 39
1780543328670 0.20790921527420325 40
1780543328672 0.17505189947542005 41
1780543328673 0.2835850332820776 42
1780543328675 0.08797126663820631 43
1780543328676 0.3088715255126974 44
1780543328678 0.15478806374595677 45
1780543328679 0.24633087967490047 46
1780543328681 0.24113538269394189 47
1780543328683 0.2723863162749739 48
1780543328684 0.24833140466819809 49
1780543328686 0.18048420922437525 50
1780543328688 0.21155338684299627 51
1780543328689 0.1711723461723462 52
1780543328691 0.2447389637008281 53
1780543328693 0.2297962238640205 54
1780543328694 0.2560784984995511 55
1780543328696 0.1892512077294686 56
1780543328697 0.2010818715789718 57
1780543328699 0.29932379890952343 58
1780543328700 0.18739391872668615 59
1780543328702 0.23622275253047942 60
1780543328704 0.22114296740542586 61
1780543328705 0.27566652034918115 62
1780543328707 0.25467470118409624 63
1780543328708 0.23230885657908268 64
1780543328710 0.2325840661727429 65
1780543328711 0.2621228822944447 66
1780543328713 0.3210500822287128 67
1780543328715 0.3465709396669149 68
1780543328716 0.23311150400245198 69
1780543328718 0.27289361531940715 70
1780543328719 0.26366350212055445 71
1780543328721 0.3639658621411688 72
1780543328722 0.2305604561389541 73
1780543328724 0.304734860164687 74
1780543328726 0.2586410736676506 75
1780543328727 0.27122441571883693 76
1780543328729 0.2172345989253138 77
1780543328730 0.29948398089958894 78
1780543328732 0.32291888440639277 79
1780543328733 0.27002530368724026 80
1780543328735 0.23816478225739796 81
1780543328737 0.23768441421961758 82
1780543328738 0.3422737682289686 83
1780543328740 0.24542526309313914 84
1780543328741 0.24380830809402237 85
1780543328743 0.3308175155416316 86
1780543328744 0.23839192688302932 87
1780543328746 0.31792346411611927 88
1780543328748 0.26610788703971794 89
1780543328749 0.15411028474156163 90
1780543328751 0.29209923992397047 91
1780543328753 0.28555215152787133 92
1780543328754 0.3590797997520687 93
1780543328756 0.24653096056168003 94
1780543328757 0.32856212430822734 95
1780543328759 0.17278527522005782 96
1780543328761 0.2971867742563252 97
1780543328763 0.24079082392425719 98
1780543328765 0.3574099717570004 99
1780543328766 0.24685795665374138 100
1780543328768 0.27541414408265996 101
1780543328770 0.2846763436469791 102
1780543328771 0.3271242056143827 103
1780543328773 0.273400531975732 104
1780543328775 0.22434262710019742 105
1780543328776 0.24027129108496198 106
1780543328778 0.25148519991341234 107
1780543328780 0.34555780080467435 108
1780543328781 0.331164789371955 109
1780543328783 0.29035657123323005 110
1780543328784 0.20384946471257126 111
1780543328786 0.37579067211342565 112
1780543328788 0.2571609325388149 113
1780543328799 0.2240848169344602 114
1780543328801 0.2262653848318541 115
1780543328803 0.2603831198956307 116
1780543328804 0.2909682991860252 117
1780543328806 0.24053019425166672 118
1780543328808 0.3259875481948646 119
1780543328809 0.29074143427793464 120
1780543328811 0.29435658740582016 121
1780543328813 0.23912978737366947 122
1780543328814 0.25773772134298445 123
1780543328816 0.32487191259121084 124
1780543328818 0.25358866768263677 125
1780543328819 0.21363884757471935 126
1780543328821 0.26965683229813664 127
1780543328823 0.3060775264069372 128
1780543328824 0.21051041251585048 129
1780543328826 0.3549023023759866 130
1780543328828 0.26185150430277215 131
1780543328829 0.2784441793238424 132
1780543328831 0.21934845353270468 133
1780543328833 0.3294667837771286 134
1780543328834 0.30656843788722343 135
1780543328836 0.3466295463164633 136
1780543328837 0.3248796408299128 137
1780543328839 0.2493135611878176 138
1780543328841 0.2606367452704497 139
1780543328842 0.3059577997790239 140
1780543328844 0.27792991433618053 141
1780543328846 0.2844141041470129 142
1780543328847 0.27927074696425097 143
1780543328849 0.32078977420478133 144
1780543328851 0.23859785438732808 145
1780543328852 0.28292611488838115 146
1780543328854 0.28781272150585435 147
1780543328856 0.3464142354136294 148
1780543328857 0.3135799435799436 149
1780543328859 0.2789902745328394 150
1780543328860 0.3295117111293582 151
1780543328862 0.34235831443252734 152
1780543328864 0.24927467024178038 153
1780543328865 0.27881877157558493 154
1780543328867 0.20222127966759867 155
1780543328869 0.2405761324131443 156
1780543328870 0.2890060277477107 157
1780543328872 0.27327625467160355 158
1780543328874 0.10630736896360182 159
1780543328875 0.17603105286960724 160
1780543328877 0.2582808816915433 161
1780543328879 0.294639201594058 162
1780543328880 0.3327207263578243 163
1780543328882 0.27574946860968697 164
1780543328884 0.32468920013163616 165
1780543328885 0.2986421777492983 166
1780543328887 0.2390352649420972 167
1780543328888 0.403970130818327 168
1780543328890 0.2968785717348724 169
1780543328892 0.27975817148230947 170
1780543328893 0.25281154850474497 171
1780543328895 0.34286234328345533 172
1780543328897 0.30701513154196847 173
1780543328898 0.30201419828442083 174
1780543328900 0.31583483685634217 175
1780543328902 0.2783247965467896 176
1780543328903 0.3068656169444458 177
1780543328905 0.33527829740300596 178
1780543328907 0.35604056004056006 179
1780543328908 0.21433253641223712 180
1780543328910 0.37771379083034173 181
1780543328911 0.3448765691395708 182
1780543328913 0.3769379760503091 183
1780543328915 0.33628246337790685 184
1780543328916 0.3802353204430772 185
1780543328918 0.377354380802993 186
1780543328920 0.37512754987653535 187
1780543328921 0.355421169042266 188
1780543328923 0.33689912581049625 189
1780543328925 0.3664313484201502 190
1780543328926 0.38372363078688376 191
1780543328928 0.3493338213338213 192
1780543328930 0.37996171364212245 193
1780543328931 0.32269837123221257 194
1780543328933 0.3132459920264 195
1780543328935 0.3049791726348404 196
1780543328936 0.3305135333307513 197
1780543328938 0.3142851036939707 198
1780543328940 0.2852900407868074 199
1780543328941 0.2726102290973772 200
1780543328943 0.28998736181670137 201
1780543328945 0.32020657125287266 202
1780543328946 0.41446272488281527 203
1780543328948 0.35463509514154995 204
1780543328950 0.44916769461075956 205
1780543328951 0.38334942496287633 206
1780543328953 0.33354654260261973 207
1780543328955 0.4172038571155537 208
1780543328956 0.28647571351133105 209
1780543328958 0.24612328883676132 210
1780543328960 0.36768442137785684 211
1780543328961 0.30183292671907475 212
1780543328963 0.3518701526726281 213
1780543328965 0.27240152470882073 214
1780543328966 0.3726757491020096 215
1780543328968 0.22865646855856375 216
1780543328974 0.3197407036940219 217
1780543328976 0.2281453185960441 218
1780543328978 0.27512269585253457 219
1780543328979 0.2977759438629004 220
1780543328981 0.3480297337108483 221
1780543328983 0.34190599247710113 222
1780543328984 0.33665256500160273 223
1780543328986 0.32834896256957513 224
1780543328988 0.34824432754640877 225
1780543328989 0.305857072324338 226
1780543328991 0.33348296205383954 227
1780543328993 0.3233655898572002 228
1780543328994 0.37210603871498876 229
1780543328996 0.3217794996450794 230
1780543328998 0.2913787899400754 231
1780543328999 0.366437690666748 232
1780543329001 0.4018764069405161 233
1780543329002 0.3805817929887777 234
1780543329004 0.37710315338256517 235
1780543329006 0.3040809403954646 236
1780543329007 0.3519453463203463 237
1780543329009 0.36445585727599056 238
1780543329011 0.4109742080954756 239
1780543329012 0.34134525354432654 240
1780543329014 0.39130287377203415 241
1780543329016 0.4564349438059575 242
1780543329017 0.4012879282857405 243
1780543329019 0.30549128628774436 244
1780543329020 0.34663451846261306 245
1780543329022 0.4810794322446898 246
1780543329024 0.37797392756157433 247
1780543329025 0.37683730337577737 248
1780543329027 0.4186326194152194 249
1780543329029 0.31142763834092435 250
1780543329030 0.3241566280357152 251
1780543329032 0.2991920275815079 252
1780543329034 0.34843113752330346 253
1780543329036 0.35223531987937584 254
1780543329037 0.35113031802141814 255
1780543329039 0.4041903382130775 256
1780543329041 0.35567006955969643 257
1780543329042 0.31121348253423725 258
1780543329044 0.34647112045942247 259
1780543329045 0.3367129056893996 260
1780543329047 0.22904654479200226 261
1780543329049 0.41818408262017287 262
1780543329050 0.3915222765617412 263
1780543329052 0.35871744469267686 264
1780543329054 0.2811840386923635 265
1780543329055 0.3009968309826705 266
1780543329057 0.3478176597797883 267
1780543329059 0.36346284799535666 268
1780543329060 0.31958927854513597 269
1780543329062 0.3546185512459692 270
1780543329063 0.3367006194145413 271
1780543329065 0.3800919530169563 272
1780543329067 0.3228767179846951 273
1780543329068 0.37698100802581846 274
1780543329070 0.4447243338414816 275
1780543329072 0.3257606460449912 276
1780543329073 0.36453017630945694 277
1780543329075 0.3445694364649262 278
1780543329077 0.3169581360111774 279
1780543329078 0.3681250019621178 280
1780543329080 0.3967489268985361 281
1780543329081 0.17779392137547526 282
1780543329083 0.34520563883927097 283
1780543329085 0.3776253692381927 284
1780543329086 0.351980409437306 285
1780543329088 0.38694100846140317 286
1780543329090 0.427175575871228 287
1780543329091 0.2295398259959663 288
1780543329093 0.39278693071564075 289
1780543329094 0.37794081579795863 290
1780543329096 0.3472224657280347 291
1780543329098 0.31293897457741854 292
1780543329099 0.3797668520728289 293
1780543329101 0.22235878763794678 294
1780543329103 0.42091617952873844 295
1780543329104 0.4365925970276985 296
1780543329106 0.2876812928948479 297
1780543329108 0.36690579861489475 298
