1780238787769 0.0 0
1780238787772 0.11 1
1780238787774 0.265 2
1780238787776 0.225 3
1780238787778 0.565 4
1780238787779 0.595 5
1780238787781 0.695 6
1780238787783 0.73 7
1780238787784 0.655 8
1780238787786 0.72 9
1780238787787 0.66 10
1780238787789 0.7 11
1780238787791 0.84 12
1780238787792 0.765 13
1780238787794 0.73 14
1780238787796 0.9 15
1780238787797 0.92 16
1780238787799 0.75 17
1780238787801 0.84 18
1780238787802 0.895 19
1780238787804 0.805 20
1780238787805 0.93 21
1780238787807 0.895 22
1780238787809 0.845 23
1780238787810 0.895 24
1780238787812 0.855 25
1780238787814 0.93 26
1780238787815 0.9 27
1780238787817 0.905 28
1780238787818 0.93 29
1780238787820 0.9 30
1780238787822 0.89 31
1780238787823 0.9 32
1780238787825 0.67 33
1780238787826 0.89 34
1780238787828 0.9 35
1780238787830 0.865 36
1780238787831 0.91 37
1780238787833 0.825 38
1780238787835 0.815 39
1780238787836 0.92 40
1780238787838 0.88 41
1780238787839 0.92 42
1780238787841 0.86 43
1780238787843 0.935 44
1780238787844 0.905 45
1780238787846 0.765 46
1780238787847 0.92 47
1780238787849 0.885 48
1780238787850 0.955 49
1780238787852 0.925 50
1780238787854 0.855 51
1780238787855 0.92 52
1780238787857 0.825 53
1780238787858 0.815 54
1780238787860 0.935 55
1780238787862 0.935 56
1780238787863 0.935 57
1780238787865 0.9 58
1780238787866 0.825 59
1780238787868 0.865 60
1780238787869 0.915 61
1780238787871 0.915 62
1780238787873 0.925 63
1780238787874 0.855 64
1780238787876 0.82 65
1780238787877 0.82 66
1780238787879 0.645 67
1780238787880 0.875 68
1780238787882 0.875 69
1780238787884 0.905 70
1780238787885 0.915 71
1780238787887 0.945 72
1780238787888 0.845 73
1780238787890 0.895 74
1780238787892 0.96 75
1780238787893 0.945 76
1780238787895 0.94 77
1780238787896 0.945 78
1780238787898 0.89 79
1780238787900 0.955 80
1780238787901 0.935 81
1780238787906 0.825 82
1780238787907 0.9 83
1780238787909 0.85 84
1780238787911 0.95 85
1780238787912 0.925 86
1780238787914 0.76 87
1780238787915 0.905 88
1780238787917 0.91 89
1780238787919 0.79 90
1780238787920 0.89 91
1780238787922 0.83 92
1780238787923 0.905 93
1780238787925 0.92 94
1780238787927 0.91 95
1780238787928 0.915 96
1780238787930 0.92 97
1780238787932 0.895 98
1780238787933 0.92 99
1780238787935 0.92 100
1780238787937 0.885 101
1780238787938 0.92 102
1780238787940 0.93 103
1780238787941 0.915 104
1780238787943 0.925 105
1780238787945 0.95 106
1780238787946 0.9 107
1780238787948 0.975 108
1780238787949 0.93 109
1780238787951 0.94 110
1780238787953 0.92 111
1780238787954 0.965 112
1780238787956 0.925 113
1780238787957 0.915 114
1780238787959 0.955 115
1780238787961 0.945 116
1780238787962 0.965 117
1780238787964 0.94 118
1780238787965 0.775 119
1780238787967 0.715 120
1780238787969 0.93 121
1780238787970 0.935 122
1780238787972 0.935 123
1780238787973 0.91 124
1780238787975 0.95 125
1780238787977 0.94 126
1780238787978 0.915 127
1780238787980 0.845 128
1780238787981 0.925 129
1780238787983 0.975 130
1780238787985 0.9 131
1780238787986 0.8 132
1780238787988 0.875 133
1780238787989 0.945 134
1780238787991 0.945 135
1780238787993 0.935 136
1780238787994 0.9 137
1780238787996 0.905 138
1780238787997 0.905 139
1780238787999 0.95 140
1780238788001 0.86 141
1780238788002 0.945 142
1780238788004 0.92 143
1780238788005 0.845 144
1780238788007 0.95 145
1780238788009 0.92 146
1780238788010 0.895 147
1780238788012 0.92 148
1780238788014 0.95 149
1780238788015 0.895 150
1780238788017 0.95 151
1780238788018 0.94 152
1780238788020 0.945 153
1780238788022 0.885 154
1780238788023 0.905 155
1780238788025 0.945 156
1780238788026 0.855 157
1780238788028 0.94 158
1780238788030 0.95 159
1780238788031 0.96 160
1780238788033 0.92 161
1780238788034 0.955 162
1780238788036 0.96 163
1780238788038 0.88 164
1780238788039 0.99 165
1780238788041 0.94 166
1780238788042 0.945 167
1780238788044 0.95 168
1780238788046 0.955 169
1780238788047 0.97 170
1780238788049 0.92 171
1780238788050 0.88 172
1780238788052 0.955 173
1780238788054 0.99 174
1780238788055 0.955 175
1780238788057 0.96 176
1780238788058 0.955 177
1780238788060 0.955 178
1780238788062 0.97 179
1780238788063 0.975 180
1780238788065 0.98 181
1780238788066 0.965 182
1780238788068 0.94 183
1780238788070 0.965 184
1780238788071 0.935 185
1780238788073 0.955 186
1780238788074 0.965 187
1780238788076 0.935 188
1780238788078 0.98 189
1780238788079 0.955 190
1780238788081 0.97 191
1780238788083 0.97 192
1780238788085 0.945 193
1780238788086 0.96 194
1780238788088 0.955 195
1780238788089 0.96 196
1780238788091 0.945 197
1780238788093 0.935 198
1780238788094 0.945 199
1780238788096 0.94 200
1780238788097 0.965 201
1780238788099 0.96 202
1780238788105 0.985 203
1780238788107 0.98 204
1780238788108 0.94 205
1780238788110 0.98 206
1780238788112 0.99 207
1780238788113 0.975 208
1780238788115 0.955 209
1780238788116 0.975 210
1780238788118 0.975 211
1780238788120 0.99 212
1780238788121 0.97 213
1780238788123 0.96 214
1780238788124 0.96 215
1780238788126 0.97 216
1780238788128 0.965 217
1780238788129 0.95 218
1780238788131 0.95 219
1780238788132 0.985 220
1780238788134 0.98 221
1780238788136 0.965 222
1780238788137 0.96 223
1780238788139 0.965 224
1780238788140 0.965 225
1780238788142 0.96 226
1780238788144 0.975 227
1780238788145 0.97 228
1780238788147 0.905 229
1780238788148 0.96 230
1780238788150 0.965 231
1780238788152 0.95 232
1780238788153 0.98 233
1780238788155 0.96 234
1780238788156 0.975 235
1780238788158 0.955 236
1780238788160 0.97 237
1780238788161 0.98 238
1780238788163 0.965 239
1780238788164 0.98 240
1780238788166 0.915 241
1780238788167 0.95 242
1780238788169 0.93 243
1780238788171 0.95 244
1780238788172 0.965 245
1780238788174 0.94 246
1780238788176 0.895 247
1780238788177 0.99 248
1780238788179 0.965 249
1780238788181 0.965 250
1780238788182 0.98 251
1780238788184 0.96 252
1780238788185 0.965 253
1780238788187 0.935 254
1780238788189 0.97 255
1780238788190 0.965 256
1780238788192 0.96 257
1780238788194 0.985 258
1780238788195 0.97 259
1780238788197 0.945 260
1780238788198 0.925 261
1780238788200 0.955 262
1780238788202 0.955 263
1780238788203 0.88 264
1780238788205 0.92 265
1780238788206 0.99 266
1780238788208 0.965 267
1780238788210 0.945 268
1780238788211 0.975 269
1780238788213 0.95 270
1780238788214 0.955 271
1780238788216 0.955 272
1780238788218 0.955 273
1780238788219 0.98 274
1780238788221 0.97 275
1780238788222 0.975 276
1780238788224 0.965 277
1780238788226 0.97 278
1780238788227 0.95 279
1780238788229 0.955 280
1780238788230 0.985 281
1780238788232 0.955 282
1780238788234 0.95 283
1780238788235 0.975 284
1780238788237 0.965 285
1780238788239 0.955 286
1780238788240 0.97 287
1780238788242 0.97 288
1780238788243 0.97 289
1780238788245 0.97 290
1780238788247 0.965 291
1780238788248 0.95 292
1780238788250 0.955 293
1780238788251 0.96 294
1780238788253 0.975 295
1780238788255 0.935 296
1780238788256 0.93 297
1780238788258 0.965 298
1780238788259 0.96 299
1780238788261 0.96 300
1780238788263 0.985 301
1780238788264 0.975 302
1780238788266 0.96 303
1780238788268 0.965 304
1780238788269 0.94 305
1780238788271 0.955 306
1780238788272 0.95 307
1780238788274 0.955 308
1780238788276 0.97 309
1780238788278 0.97 310
1780238788280 0.94 311
1780238788281 0.97 312
1780238788283 0.975 313
