1780132038452 0.0 0
1780132038455 0.09 1
1780132038457 0.14500000000000002 2
1780132038459 0.24499999999999997 3
1780132038461 0.335 4
1780132038463 0.32999999999999996 5
1780132038465 0.40499999999999997 6
1780132038467 0.53 7
1780132038469 0.4999999999999999 8
1780132038471 0.585 9
1780132038473 0.57 10
1780132038475 0.63 11
1780132038477 0.7100000000000001 12
1780132038479 0.705 13
1780132038481 0.7050000000000001 14
1780132038483 0.7949999999999999 15
1780132038485 0.735 16
1780132038487 0.77 17
1780132038489 0.765 18
1780132038491 0.8099999999999999 19
1780132038493 0.7949999999999999 20
1780132038495 0.7749999999999999 21
1780132038497 0.86 22
1780132038499 0.845 23
1780132038502 0.85 24
1780132038504 0.7950000000000002 25
1780132038506 0.72 26
1780132038508 0.8299999999999998 27
1780132038510 0.8700000000000001 28
1780132038512 0.8150000000000001 29
1780132038514 0.765 30
1780132038516 0.8150000000000001 31
1780132038518 0.8299999999999998 32
1780132038520 0.8049999999999999 33
1780132038522 0.845 34
1780132038524 0.7899999999999999 35
1780132038526 0.7350000000000001 36
1780132038528 0.745 37
1780132038530 0.8149999999999998 38
1780132038533 0.8550000000000001 39
1780132038535 0.8450000000000001 40
1780132038537 0.785 41
1780132038539 0.8149999999999998 42
1780132038541 0.7849999999999999 43
1780132038543 0.86 44
1780132038545 0.8800000000000001 45
1780132038547 0.835 46
1780132038549 0.7650000000000001 47
1780132038551 0.905 48
1780132038553 0.9049999999999999 49
1780132038555 0.8549999999999999 50
1780132038557 0.82 51
1780132038559 0.795 52
1780132038562 0.73 53
1780132038564 0.8699999999999999 54
1780132038566 0.85 55
1780132038568 0.8700000000000001 56
1780132038570 0.86 57
1780132038572 0.8300000000000001 58
1780132038574 0.865 59
1780132038576 0.8700000000000001 60
1780132038578 0.9 61
1780132038580 0.835 62
1780132038582 0.845 63
1780132038584 0.8700000000000001 64
1780132038586 0.8949999999999999 65
1780132038588 0.8949999999999999 66
1780132038590 0.8850000000000001 67
1780132038592 0.85 68
1780132038594 0.845 69
1780132038596 0.8300000000000001 70
1780132038598 0.8700000000000001 71
1780132038600 0.8450000000000001 72
1780132038602 0.8949999999999999 73
1780132038604 0.705 74
1780132038606 0.9299999999999999 75
1780132038608 0.9 76
1780132038611 0.8400000000000001 77
1780132038612 0.89 78
1780132038615 0.915 79
1780132038617 0.93 80
1780132038618 0.9100000000000001 81
1780132038621 0.875 82
1780132038623 0.8799999999999999 83
1780132038625 0.9 84
1780132038627 0.915 85
1780132038629 0.8400000000000001 86
1780132038631 0.8950000000000001 87
1780132038633 0.835 88
1780132038635 0.885 89
1780132038637 0.7499999999999999 90
1780132038639 0.905 91
1780132038641 0.8649999999999999 92
1780132038643 0.915 93
1780132038645 0.865 94
1780132038647 0.9099999999999999 95
1780132038649 0.835 96
1780132038651 0.945 97
1780132038653 0.89 98
1780132038655 0.8699999999999999 99
1780132038657 0.8400000000000001 100
1780132038659 0.9100000000000001 101
1780132038661 0.8699999999999999 102
1780132038663 0.9 103
1780132038665 0.925 104
1780132038667 0.9049999999999999 105
1780132038669 0.885 106
1780132038671 0.905 107
1780132038673 0.9 108
1780132038675 0.89 109
1780132038677 0.835 110
1780132038680 0.8949999999999999 111
1780132038682 0.8049999999999999 112
1780132038684 0.9199999999999999 113
1780132038686 0.93 114
1780132038688 0.8649999999999999 115
1780132038690 0.915 116
1780132038692 0.8599999999999998 117
1780132038694 0.9099999999999999 118
1780132038696 0.9399999999999998 119
1780132038698 0.8800000000000001 120
1780132038700 0.805 121
1780132038702 0.925 122
1780132038705 0.8700000000000001 123
1780132038707 0.875 124
1780132038709 0.82 125
1780132038711 0.8549999999999999 126
1780132038713 0.8899999999999999 127
1780132038715 0.8400000000000001 128
1780132038717 0.8800000000000001 129
1780132038719 0.89 130
1780132038721 0.9349999999999999 131
1780132038724 0.9099999999999999 132
1780132038726 0.885 133
1780132038728 0.8800000000000001 134
1780132038730 0.925 135
1780132038732 0.89 136
1780132038734 0.8049999999999999 137
1780132038736 0.865 138
1780132038738 0.885 139
1780132038740 0.8999999999999998 140
1780132038742 0.9 141
1780132038744 0.9049999999999999 142
1780132038746 0.9 143
1780132038748 0.7549999999999999 144
1780132038750 0.9399999999999998 145
1780132038752 0.8550000000000001 146
1780132038754 0.825 147
1780132038756 0.905 148
1780132038758 0.9299999999999999 149
1780132038760 0.8150000000000001 150
1780132038762 0.9299999999999999 151
1780132038764 0.8850000000000001 152
1780132038766 0.9 153
1780132038769 0.9550000000000001 154
1780132038771 0.875 155
1780132038773 0.905 156
1780132038775 0.875 157
1780132038777 0.9399999999999998 158
1780132038779 0.9550000000000001 159
1780132038781 0.89 160
1780132038783 0.945 161
1780132038785 0.945 162
1780132038787 0.945 163
1780132038789 0.8949999999999999 164
1780132038791 0.9399999999999998 165
1780132038793 0.9049999999999999 166
1780132038795 0.93 167
1780132038798 0.925 168
1780132038800 0.95 169
1780132038802 0.9199999999999999 170
1780132038804 0.96 171
1780132038806 0.945 172
1780132038808 0.9349999999999999 173
1780132038810 0.9 174
1780132038812 0.9349999999999999 175
1780132038814 0.9349999999999998 176
1780132038817 0.8949999999999999 177
1780132038819 0.9549999999999998 178
1780132038821 0.945 179
1780132038823 0.96 180
1780132038825 0.945 181
1780132038835 0.8949999999999999 182
1780132038838 0.9499999999999998 183
1780132038840 0.9349999999999999 184
1780132038842 0.9349999999999999 185
1780132038844 0.9349999999999999 186
1780132038846 0.9199999999999999 187
1780132038848 0.9099999999999999 188
1780132038850 0.86 189
1780132038852 0.9399999999999998 190
1780132038854 0.925 191
1780132038856 0.9399999999999998 192
1780132038859 0.9299999999999999 193
1780132038861 0.925 194
1780132038863 0.945 195
1780132038865 0.95 196
1780132038867 0.9349999999999999 197
1780132038869 0.96 198
1780132038871 0.89 199
1780132038873 0.8950000000000001 200
1780132038875 0.9649999999999999 201
1780132038877 0.905 202
1780132038879 0.9549999999999998 203
1780132038881 0.9349999999999999 204
1780132038884 0.9049999999999999 205
1780132038886 0.9399999999999998 206
1780132038888 0.9649999999999999 207
1780132038890 0.96 208
1780132038892 0.9099999999999999 209
1780132038894 0.9399999999999998 210
1780132038896 0.96 211
1780132038898 0.93 212
1780132038901 0.945 213
1780132038903 0.945 214
1780132038905 0.875 215
1780132038907 0.8800000000000001 216
1780132038909 0.945 217
1780132038911 0.96 218
1780132038913 0.945 219
1780132038916 0.96 220
1780132038918 0.95 221
1780132038920 0.9549999999999998 222
1780132038922 0.9350000000000002 223
1780132038924 0.93 224
1780132038926 0.93 225
1780132038928 0.925 226
1780132038930 0.9749999999999999 227
1780132038932 0.9549999999999998 228
1780132038934 0.97 229
1780132038936 0.9549999999999998 230
1780132038938 0.9549999999999998 231
1780132038940 0.945 232
1780132038942 0.945 233
1780132038944 0.9549999999999998 234
1780132038946 0.9400000000000001 235
1780132038948 0.9400000000000001 236
1780132038950 0.9349999999999999 237
1780132038952 0.905 238
1780132038954 0.9550000000000001 239
1780132038956 0.9650000000000001 240
1780132038958 0.9399999999999998 241
1780132038961 0.9549999999999998 242
1780132038963 0.97 243
1780132038965 0.9599999999999997 244
1780132038967 0.9800000000000001 245
1780132038969 0.97 246
1780132038971 0.9649999999999999 247
1780132038973 0.95 248
1780132038975 0.9549999999999998 249
1780132038977 0.96 250
1780132038979 0.97 251
1780132038981 0.97 252
1780132038983 0.96 253
1780132038985 0.9549999999999998 254
1780132038987 0.96 255
1780132038989 0.915 256
1780132038991 0.9400000000000001 257
1780132038994 0.9549999999999998 258
1780132038996 0.9199999999999999 259
1780132038998 0.9649999999999999 260
1780132039000 0.9549999999999998 261
1780132039002 0.97 262
1780132039004 0.96 263
1780132039006 0.9649999999999999 264
1780132039008 0.95 265
1780132039010 0.9349999999999999 266
1780132039012 0.945 267
1780132039014 0.9800000000000001 268
1780132039016 0.9799999999999999 269
1780132039023 0.96 270
1780132039025 0.96 271
1780132039027 0.9550000000000001 272
1780132039029 0.95 273
1780132039031 0.9299999999999999 274
1780132039033 0.9549999999999998 275
1780132039035 0.9349999999999999 276
1780132039037 0.945 277
1780132039039 0.9299999999999999 278
1780132039042 0.96 279
1780132039044 0.95 280
1780132039046 0.9549999999999998 281
1780132039048 0.9 282
1780132039050 0.8949999999999999 283
1780132039052 0.9000000000000001 284
1780132039054 0.9649999999999999 285
1780132039056 0.95 286
1780132039058 0.8800000000000001 287
1780132039060 0.96 288
1780132039062 0.99 289
1780132039064 0.9400000000000001 290
1780132039066 0.9550000000000001 291
1780132039068 0.9649999999999999 292
1780132039070 0.9400000000000001 293
1780132039072 0.945 294
1780132039074 0.9249999999999998 295
1780132039076 0.915 296
1780132039078 0.8799999999999999 297
1780132039080 0.975 298
1780132039082 0.9349999999999999 299
1780132039085 0.945 300
1780132039087 0.9799999999999999 301
1780132039089 0.9649999999999999 302
1780132039091 0.9549999999999998 303
1780132039093 0.9649999999999999 304
1780132039095 0.975 305
1780132039097 0.9400000000000001 306
1780132039099 0.95 307
1780132039101 0.9549999999999998 308
1780132039103 0.9550000000000001 309
1780132039105 0.945 310
1780132039107 0.925 311
1780132039109 0.9599999999999997 312
1780132039111 0.9650000000000001 313
