1780558482569 0.0 0
1780558482572 0.5 1
1780558482574 0.5 2
1780558482577 0.6631970661201596 3
1780558482579 0.7334267040149394 4
1780558482582 0.5 5
1780558482585 0.7907992665300398 6
1780558482587 0.6841109709962169 7
1780558482590 0.6270525451559934 8
1780558482592 0.5619469026548672 9
1780558482595 0.7163789642713769 10
1780558482597 0.6562924992153991 11
1780558482600 0.6977426865067314 12
1780558482602 0.8027472527472528 13
1780558482605 0.7408608794150963 14
1780558482607 0.6147372742200329 15
1780558482610 0.6833333333333333 16
1780558482613 0.7914141414141415 17
1780558482615 0.8026666666666666 18
1780558482618 0.8240000000000001 19
1780558482620 0.7745932962113767 20
1780558482623 0.7445259411066767 21
1780558482625 0.5041666666666667 22
1780558482628 0.5840017825311943 23
1780558482630 0.7614239086087311 24
1780558482633 0.7245762711864407 25
1780558482635 0.7960560728109635 26
1780558482638 0.6729166666666667 27
1780558482640 0.8627450980392157 28
1780558482643 0.8332260832260833 29
1780558482646 0.7735191637630662 30
1780558482648 0.8629156010230179 31
1780558482651 0.8248311321705817 32
1780558482653 0.8547077922077921 33
1780558482656 0.7865699873896594 34
1780558482658 0.859465737514518 35
1780558482661 0.7954545454545454 36
1780558482663 0.8311076197957581 37
1780558482666 0.7636491368928142 38
1780558482668 0.7104859335038364 39
1780558482671 0.7851293809367835 40
1780558482673 0.8017826825127334 41
1780558482676 0.6790123456790124 42
1780558482679 0.8250327653997379 43
1780558482681 0.8019980347199476 44
1780558482684 0.8695212065998583 45
1780558482686 0.8075007780890133 46
1780558482689 0.7404919388176933 47
1780558482691 0.7073670585697336 48
1780558482694 0.8361706599411518 49
1780558482696 0.5468684321143338 50
1780558482699 0.8359729701193116 51
1780558482702 0.8674010607915137 52
1780558482704 0.8555691554467564 53
1780558482707 0.8836805555555556 54
1780558482709 0.86875 55
1780558482712 0.8468375361719719 56
1780558482714 0.7536876242284758 57
1780558482717 0.8 58
1780558482719 0.8360000000000001 59
1780558482722 0.7741687979539642 60
1780558482724 0.8195382599052324 61
1780558482727 0.8616727941176471 62
1780558482729 0.8458852110537504 63
1780558482732 0.6538624787775891 64
1780558482735 0.8497312939231088 65
1780558482737 0.7 66
1780558482740 0.7979166666666666 67
1780558482742 0.7807902480033627 68
1780558482745 0.8154460144536728 69
1780558482747 0.8225010725010724 70
1780558482750 0.8214833759590793 71
1780558482752 0.8375 72
1780558482755 0.6785129380936783 73
1780558482757 0.590927750410509 74
1780558482760 0.7941297208538587 75
1780558482762 0.8312020460358056 76
1780558482765 0.8714270305252939 77
1780558482768 0.8432143247079376 78
1780558482770 0.88996138996139 79
1780558482773 0.6917582417582417 80
1780558482775 0.7005208333333334 81
1780558482778 0.825 82
1780558482780 0.827922077922078 83
1780558482783 0.8992698307334882 84
1780558482785 0.8272569444444444 85
1780558482788 0.834047327621379 86
1780558482790 0.6101694915254238 87
1780558482793 0.8148337595907928 88
1780558482796 0.8182789136405249 89
1780558482798 0.8440871055549954 90
1780558482801 0.6370967741935484 91
1780558482803 0.8738965952080706 92
1780558482806 0.7171286808327041 93
1780558482808 0.7639119371611904 94
1780558482811 0.7601867572156198 95
1780558482813 0.8426704014939309 96
1780558482816 0.8412892696858425 97
1780558482818 0.8054965077436987 98
1780558482821 0.8432583676486116 99
1780558482824 0.8497312939231088 100
1780558482826 0.83125 101
1780558482829 0.8545692761218473 102
1780558482831 0.8152610441767068 103
1780558482834 0.6977331388171922 104
1780558482836 0.8248700077442195 105
1780558482839 0.8458333333333333 106
1780558482841 0.8049308415162073 107
1780558482844 0.6220472440944882 108
1780558482846 0.8237851662404092 109
1780558482849 0.840983272133823 110
1780558482851 0.8403741067675494 111
1780558482854 0.8306666666666667 112
1780558482856 0.7614239086087311 113
1780558482859 0.83125 114
1780558482862 0.801397532481712 115
1780558482864 0.7882180009045681 116
1780558482867 0.7162162162162162 117
1780558482869 0.8346153846153846 118
1780558482872 0.8632305194805194 119
1780558482874 0.7667087011349307 120
1780558482877 0.5520833333333334 121
1780558482879 0.8546666666666667 122
1780558482882 0.8566778557623843 123
1780558482884 0.7489388794567062 124
1780558482887 0.7865353037766831 125
1780558482889 0.9005681818181819 126
1780558482892 0.7981146897093481 127
1780558482894 0.8659064512723049 128
1780558482897 0.7724358974358975 129
1780558482900 0.860632183908046 130
1780558482902 0.8503836317135549 131
1780558482905 0.7471440228478172 132
1780558482908 0.7020833333333334 133
1780558482911 0.8016945516945517 134
1780558482914 0.8525091799265606 135
1780558482924 0.8486243330892353 136
1780558482927 0.8731335598805479 137
1780558482929 0.8478353140916808 138
1780558482932 0.8399852180339986 139
1780558482934 0.7240064231232437 140
1780558482937 0.797077922077922 141
1780558482939 0.8235841256717652 142
1780558482942 0.812 143
1780558482945 0.8651145602365115 144
1780558482947 0.8849104859335037 145
1780558482950 0.8336937493564 146
1780558482952 0.74375 147
1780558482955 0.8346666666666667 148
1780558482958 0.7750424448217317 149
1780558482960 0.46747967479674796 150
1780558482963 0.5451722190852626 151
1780558482965 0.5 152
1780558482968 0.5 153
1780558482971 0.5 154
1780558482973 0.5464587394411955 155
1780558482976 0.5 156
1780558482978 0.5500992063492064 157
1780558482981 0.5333333333333333 158
1780558482983 0.5683982683982683 159
1780558482986 0.6492275840101926 160
1780558482988 0.5 161
1780558482991 0.5 162
1780558482994 0.5 163
1780558482996 0.6030832949838932 164
1780558482999 0.5 165
1780558483001 0.5 166
1780558483004 0.5 167
1780558483007 0.5970279720279721 168
1780558483009 0.6339744652628088 169
1780558483012 0.5 170
1780558483014 0.7659227000544366 171
1780558483017 0.5 172
1780558483019 0.5605786618444846 173
1780558483022 0.51 174
1780558483025 0.5201429499675113 175
1780558483027 0.5641025641025641 176
1780558483030 0.5 177
1780558483032 0.5 178
1780558483035 0.5 179
1780558483037 0.5 180
1780558483040 0.5 181
1780558483042 0.5229335881509795 182
1780558483045 0.593185209749627 183
1780558483047 0.5087402049427365 184
1780558483050 0.5128205128205128 185
1780558483053 0.5108695652173914 186
1780558483055 0.6762540266912103 187
1780558483058 0.6346562721474132 188
1780558483060 0.7076558265582655 189
1780558483063 0.5 190
1780558483065 0.5 191
1780558483068 0.5121951219512195 192
1780558483070 0.5 193
1780558483073 0.5394736842105263 194
1780558483075 0.5119047619047619 195
1780558483078 0.5859044162129462 196
1780558483081 0.5596166341780376 197
1780558483083 0.5365853658536586 198
1780558483086 0.5232558139534884 199
1780558483088 0.659375 200
1780558483091 0.5625 201
1780558483093 0.5 202
1780558483101 0.581140350877193 203
1780558483103 0.5433269145311805 204
1780558483106 0.5 205
1780558483108 0.5433269145311805 206
1780558483111 0.5526315789473684 207
1780558483113 0.5766233766233766 208
1780558483116 0.5119047619047619 209
1780558483119 0.5540540540540541 210
1780558483121 0.590625 211
1780558483124 0.6086056143580304 212
1780558483126 0.5563592525617842 213
1780558483129 0.6371020142949968 214
1780558483131 0.532608695652174 215
1780558483134 0.6030418856505813 216
1780558483136 0.6495016611295681 217
1780558483139 0.7063690724516757 218
1780558483141 0.5601935874168179 219
1780558483144 0.6646493118885757 220
1780558483147 0.5256410256410257 221
1780558483149 0.5772357723577236 222
1780558483152 0.5688111424307744 223
1780558483154 0.6589912280701754 224
1780558483157 0.6058823529411764 225
1780558483159 0.5184923771880294 226
1780558483162 0.5914634146341464 227
1780558483164 0.5217391304347826 228
1780558483167 0.584375 229
1780558483170 0.5571428571428572 230
1780558483172 0.7412447831609508 231
1780558483175 0.5394736842105263 232
1780558483177 0.5998566650740564 233
1780558483180 0.6014336917562724 234
1780558483182 0.56875 235
1780558483185 0.5 236
1780558483187 0.6129032258064516 237
1780558483190 0.5212455898143887 238
1780558483193 0.6130536130536131 239
1780558483195 0.7231170424911797 240
1780558483198 0.5192307692307693 241
1780558483200 0.5125 242
1780558483203 0.6204609517492953 243
1780558483205 0.5 244
1780558483208 0.5715686274509804 245
1780558483211 0.5 246
1780558483213 0.5 247
1780558483216 0.5903444381705252 248
1780558483218 0.5333333333333333 249
1780558483221 0.546875 250
1780558483223 0.7133333333333334 251
1780558483226 0.5714285714285714 252
1780558483228 0.7662748643761301 253
1780558483231 0.5125 254
1780558483233 0.646875 255
1780558483236 0.6619951778179627 256
1780558483238 0.5263157894736842 257
1780558483241 0.6215375499925937 258
1780558483244 0.715625 259
1780558483246 0.6836622807017544 260
1780558483249 0.6930735930735931 261
1780558483251 0.56875 262
1780558483254 0.5645007166746296 263
1780558483256 0.568089430894309 264
1780558483259 0.5121951219512195 265
1780558483262 0.7820651439383701 266
1780558483264 0.5195221445221445 267
1780558483267 0.6279385171790235 268
1780558483269 0.6497289972899729 269
1780558483272 0.6093189964157706 270
1780558483275 0.6939421338155516 271
1780558483277 0.542952208106473 272
1780558483280 0.5433269145311805 273
1780558483283 0.5812937062937062 274
1780558483285 0.703125 275
1780558483288 0.65 276
1780558483290 0.5979854836320545 277
1780558483293 0.5639629831246598 278
1780558483295 0.5450708711578277 279
1780558483298 0.532608695652174 280
1780558483300 0.5201429499675113 281
1780558483303 0.7350367024280068 282
1780558483305 0.5272727272727272 283
1780558483308 0.5542560103963613 284
1780558483310 0.5666666666666667 285
1780558483313 0.6451612903225807 286
1780558483316 0.6317088708393056 287
1780558483318 0.5353559483994267 288
1780558483321 0.615782767956681 289
1780558483323 0.5759856630824373 290
1780558483326 0.6833709768492378 291
1780558483328 0.6483100233100233 292
1780558483331 0.6751137102014295 293
1780558483333 0.6130952380952381 294
1780558483336 0.7250000000000001 295
1780558483338 0.6609195402298851 296
1780558483341 0.540625 297
1780558483343 0.5135135135135135 298
