1780566303601 0.0 0
1780566303603 0.07290196500304234 1
1780566303605 0.037682289777261846 2
1780566303607 0.07018310404324693 3
1780566303609 0.10390837330095119 4
1780566303611 0.05308073313161292 5
1780566303613 0.18900948572656662 6
1780566303614 0.1325131620778703 7
1780566303616 0.10855940634039615 8
1780566303618 0.1598141742473644 9
1780566303620 0.12005717470934862 10
1780566303622 0.28294567611539845 11
1780566303624 0.06998263264261081 12
1780566303625 0.13259402023692496 13
1780566303627 0.236471080040505 14
1780566303629 0.1800877539711256 15
1780566303631 0.20761648494407114 16
1780566303633 0.14630100261448456 17
1780566303634 0.19563830338855617 18
1780566303636 0.19199115929924174 19
1780566303638 0.27670099100644785 20
1780566303640 0.2601212757830405 21
1780566303642 0.1663005672445762 22
1780566303643 0.23366432980140686 23
1780566303645 0.15570054945054942 24
1780566303647 0.20243111067843436 25
1780566303649 0.1827888116599297 26
1780566303651 0.1910106799121732 27
1780566303653 0.29749808888938317 28
1780566303654 0.2014256357671159 29
1780566303656 0.17142146092778482 30
1780566303658 0.2283785188890378 31
1780566303660 0.22533995167383253 32
1780566303662 0.25012472626386495 33
1780566303663 0.17513975155279504 34
1780566303665 0.18995779583676958 35
1780566303667 0.1405379832183657 36
1780566303669 0.277776716747305 37
1780566303671 0.15734237920213529 38
1780566303673 0.2249448535351961 39
1780566303674 0.2697107359881349 40
1780566303676 0.148794800690972 41
1780566303678 0.2337476066463347 42
1780566303680 0.15738621299160405 43
1780566303682 0.2742142901221534 44
1780566303683 0.24258882652374547 45
1780566303685 0.22565070335722512 46
1780566303687 0.23608597593417432 47
1780566303689 0.27070087750517435 48
1780566303691 0.28321178845512496 49
1780566303692 0.24098984396286044 50
1780566303694 0.21685866884888694 51
1780566303696 0.19123224728487886 52
1780566303698 0.237457654477641 53
1780566303700 0.20178570211553176 54
1780566303702 0.1991896457374291 55
1780566303703 0.273038970594787 56
1780566303705 0.265207395387661 57
1780566303707 0.16582036079862167 58
1780566303709 0.19124950340905442 59
1780566303711 0.2742970901757623 60
1780566303712 0.21909632982687227 61
1780566303714 0.2583241715489383 62
1780566303716 0.22506401679809165 63
1780566303718 0.23571916811424706 64
1780566303720 0.2964702381685789 65
1780566303721 0.28365669291093737 66
1780566303723 0.273220701203536 67
1780566303725 0.24533425195079578 68
1780566303727 0.30812838893484057 69
1780566303729 0.16087873930771818 70
1780566303731 0.26369870990054534 71
1780566303732 0.3522004111675761 72
1780566303734 0.22304068919245784 73
1780566303736 0.3004491756589876 74
1780566303738 0.12919763465042894 75
1780566303740 0.3655492766407425 76
1780566303742 0.28957075115147013 77
1780566303743 0.34468896453241105 78
1780566303745 0.3064401329746203 79
1780566303747 0.3052559036425608 80
1780566303749 0.3074440864167878 81
1780566303751 0.2427448474721353 82
1780566303752 0.24619262888766924 83
1780566303754 0.19002539443991753 84
1780566303756 0.27223874806853393 85
1780566303758 0.19027456980303778 86
1780566303760 0.2720091210963679 87
1780566303761 0.3000318957778123 88
1780566303763 0.22401915318665466 89
1780566303765 0.19951357293489477 90
1780566303767 0.18100117648911399 91
1780566303769 0.3637900212903906 92
1780566303775 0.27015214848498337 93
1780566303777 0.28975331273757055 94
1780566303779 0.20026468955880722 95
1780566303781 0.3617219109866169 96
1780566303782 0.31786246689828745 97
1780566303784 0.22558948180446112 98
1780566303786 0.2780896384349098 99
1780566303788 0.22207323983964508 100
1780566303790 0.3383489345842287 101
1780566303791 0.2647241569064851 102
1780566303793 0.3230098876993787 103
1780566303795 0.3285034345438354 104
1780566303797 0.2841576266228614 105
1780566303799 0.3124001092117034 106
1780566303801 0.23877401537191165 107
1780566303802 0.2954087520857708 108
1780566303804 0.28871616399071903 109
1780566303806 0.23941532087101708 110
1780566303808 0.2684661859424401 111
1780566303810 0.33229216435738174 112
1780566303811 0.257938137019575 113
1780566303813 0.3415849249823687 114
1780566303815 0.27870933172865237 115
1780566303817 0.2581479049930626 116
1780566303819 0.2680179072300871 117
1780566303820 0.29419099368039037 118
1780566303822 0.30239833643757025 119
1780566303824 0.3795351776701618 120
1780566303826 0.40256765293880886 121
1780566303828 0.2513323318737593 122
1780566303830 0.21501494356084971 123
1780566303831 0.34583626591880445 124
1780566303833 0.22042783932348212 125
1780566303835 0.2849863314137909 126
1780566303837 0.29135972215804146 127
1780566303839 0.28532708178305816 128
1780566303840 0.31227619019807673 129
1780566303842 0.3640072196277 130
1780566303844 0.40716966428491447 131
1780566303846 0.27899183955154067 132
1780566303848 0.38046165348796934 133
1780566303849 0.2661047011445586 134
1780566303851 0.2600359251166308 135
1780566303853 0.37376064814173343 136
1780566303855 0.2317157934787668 137
1780566303857 0.24678545340933017 138
1780566303858 0.33945191179681145 139
1780566303860 0.34623407632054054 140
1780566303862 0.17993842472703042 141
1780566303864 0.30847132120825976 142
1780566303866 0.3396598806676094 143
1780566303868 0.3073001572329649 144
1780566303869 0.2554347451175951 145
1780566303871 0.2797315033331559 146
1780566303873 0.44033092984405664 147
1780566303875 0.30617867706427837 148
1780566303877 0.27251001429546495 149
1780566303879 0.27779404782390393 150
1780566303880 0.26860462976901334 151
1780566303882 0.30517724442265337 152
1780566303884 0.36558349732416806 153
1780566303886 0.3019961740753428 154
1780566303888 0.3815885414914725 155
1780566303889 0.3996407006598168 156
1780566303891 0.4174455135260221 157
1780566303893 0.36087057828930896 158
1780566303895 0.36555695593544024 159
1780566303897 0.2887480755504517 160
1780566303899 0.29153634624985775 161
1780566303900 0.30331061984226537 162
1780566303902 0.3386064423312659 163
1780566303904 0.3245885617937616 164
1780566303906 0.3664771811827844 165
1780566303908 0.3937572138882207 166
1780566303909 0.30694500741076236 167
1780566303911 0.3848362150770873 168
1780566303913 0.36114683439064327 169
1780566303915 0.30335358719039335 170
1780566303917 0.3161558829785431 171
1780566303919 0.37110922068690944 172
1780566303920 0.28096722791735573 173
1780566303922 0.2749370920567675 174
1780566303924 0.3708170843384258 175
1780566303926 0.32410160529664483 176
1780566303928 0.29176850722296044 177
1780566303929 0.35814877163509695 178
1780566303931 0.31259168277045013 179
1780566303933 0.34616576805899496 180
1780566303935 0.34259958394123163 181
1780566303937 0.3044283629649483 182
1780566303939 0.3921770360147969 183
1780566303940 0.2889582219782442 184
1780566303942 0.26032883299524456 185
1780566303944 0.2591348060471231 186
1780566303947 0.35156522635000614 187
1780566303949 0.412240732136081 188
1780566303950 0.3702586267277693 189
1780566303952 0.3010662230588189 190
1780566303954 0.3799738625378157 191
1780566303956 0.3699336688801916 192
1780566303958 0.40776377808903613 193
1780566303959 0.2880393267748679 194
1780566303961 0.33233795271464667 195
1780566303963 0.30062457665824505 196
1780566303965 0.3926430584932703 197
1780566303967 0.37532987449569605 198
1780566303969 0.33779333444850684 199
1780566303970 0.36709286148377673 200
1780566303972 0.37301314748000747 201
1780566303974 0.4502428508775658 202
1780566303976 0.44355772944352934 203
1780566303978 0.2946140419285358 204
1780566303979 0.4008401379663845 205
1780566303981 0.3372920351989273 206
1780566303983 0.39025057706431054 207
1780566303985 0.34898617443524704 208
1780566303987 0.2906689009728497 209
1780566303989 0.28255657155657155 210
1780566303990 0.35841432641432636 211
1780566303992 0.43279585954333166 212
1780566303994 0.43015135081283784 213
1780566303996 0.31942804505394173 214
1780566303998 0.3298557334049539 215
1780566303999 0.3283433822272298 216
1780566304001 0.33948753210324034 217
1780566304003 0.31627533917077855 218
1780566304005 0.35055230100578416 219
1780566304007 0.31470113951117057 220
1780566304009 0.3565672374898805 221
1780566304010 0.3612122555530034 222
1780566304012 0.3330979368392598 223
1780566304014 0.362164109366405 224
1780566304016 0.3379526051927484 225
1780566304018 0.3502500947487309 226
1780566304019 0.43414146535868026 227
1780566304021 0.3431375581948324 228
1780566304023 0.33984986422257646 229
1780566304025 0.397484673136847 230
1780566304027 0.36545227673377434 231
1780566304029 0.3847570755945683 232
1780566304030 0.4079952650365268 233
1780566304032 0.4156693306693306 234
1780566304034 0.3846984573064398 235
1780566304036 0.35399439518083586 236
1780566304038 0.4307865801551457 237
1780566304039 0.34090556345812867 238
1780566304041 0.3632059450610708 239
1780566304043 0.3339285968071576 240
1780566304045 0.38284255215106744 241
1780566304047 0.43119485245863787 242
1780566304048 0.3278126402564329 243
1780566304050 0.37143432866474346 244
1780566304052 0.3589130939339255 245
1780566304054 0.4018877504719603 246
1780566304056 0.2016584460227709 247
1780566304057 0.38664149591033775 248
1780566304059 0.3122914765379142 249
1780566304061 0.3358029505860202 250
1780566304063 0.2797952466724226 251
1780566304065 0.2890158521602621 252
1780566304067 0.4069120582310517 253
1780566304068 0.425005421798876 254
1780566304070 0.3241275603631766 255
1780566304072 0.39477076808202755 256
1780566304074 0.3389502654208537 257
1780566304076 0.24020628646715605 258
1780566304077 0.3544103904309062 259
1780566304079 0.3477402342145964 260
1780566304081 0.4195061518896545 261
1780566304083 0.3165022633290201 262
1780566304085 0.2879179493898837 263
1780566304087 0.3657314812063096 264
1780566304088 0.38649228520181966 265
1780566304090 0.3436801870333199 266
1780566304092 0.3060598704128116 267
1780566304094 0.35948743910349257 268
1780566304096 0.39531082501371123 269
1780566304097 0.4013589745459248 270
1780566304099 0.3784555393621269 271
1780566304101 0.30219881266784754 272
1780566304103 0.44184553248135083 273
1780566304105 0.32542170636048595 274
1780566304107 0.3373535159995115 275
1780566304108 0.28287694718920214 276
1780566304110 0.35920066327286937 277
1780566304112 0.4076777370378978 278
1780566304114 0.3496302043302716 279
1780566304116 0.41043863782985096 280
1780566304118 0.42797593039056947 281
1780566304119 0.4142517628219899 282
1780566304121 0.34426468421143874 283
1780566304123 0.4448614093816933 284
1780566304125 0.21820792077997003 285
1780566304127 0.3959924791284898 286
1780566304128 0.37535719742753354 287
1780566304130 0.34021553245811714 288
1780566304132 0.294752515405218 289
1780566304134 0.4251453876791208 290
1780566304136 0.4462241935338631 291
1780566304138 0.39658243309933394 292
1780566304139 0.4103803395048319 293
1780566304141 0.31878528993279204 294
1780566304143 0.3634291818617024 295
1780566304145 0.44059527976945734 296
1780566304147 0.36967563061347747 297
1780566304148 0.3504383705583106 298
