1780546459185 0.0 0
1780546459187 0.095 1
1780546459189 0.13999999999999999 2
1780546459191 0.19 3
1780546459193 0.15 4
1780546459196 0.09 5
1780546459198 0.265 6
1780546459201 0.25 7
1780546459205 0.26 8
1780546459208 0.25 9
1780546459211 0.24499999999999997 10
1780546459214 0.185 11
1780546459218 0.24000000000000005 12
1780546459221 0.265 13
1780546459224 0.265 14
1780546459227 0.28 15
1780546459230 0.27999999999999997 16
1780546459233 0.29500000000000004 17
1780546459236 0.225 18
1780546459240 0.145 19
1780546459243 0.26 20
1780546459246 0.275 21
1780546459249 0.24 22
1780546459252 0.3 23
1780546459255 0.22999999999999998 24
1780546459258 0.20500000000000002 25
1780546459261 0.19 26
1780546459264 0.25999999999999995 27
1780546459267 0.36499999999999994 28
1780546459270 0.335 29
1780546459273 0.325 30
1780546459276 0.305 31
1780546459279 0.27999999999999997 32
1780546459282 0.35000000000000003 33
1780546459285 0.365 34
1780546459288 0.31500000000000006 35
1780546459291 0.37500000000000006 36
1780546459294 0.34500000000000003 37
1780546459297 0.22499999999999995 38
1780546459300 0.38 39
1780546459303 0.33 40
1780546459307 0.18 41
1780546459310 0.315 42
1780546459313 0.37499999999999994 43
1780546459316 0.38000000000000006 44
1780546459319 0.32999999999999996 45
1780546459322 0.30999999999999994 46
1780546459327 0.265 47
1780546459330 0.30999999999999994 48
1780546459333 0.305 49
1780546459337 0.27999999999999997 50
1780546459340 0.29999999999999993 51
1780546459343 0.29 52
1780546459346 0.36 53
1780546459349 0.20500000000000002 54
1780546459352 0.37 55
1780546459355 0.43500000000000005 56
1780546459358 0.355 57
1780546459361 0.36 58
1780546459364 0.32 59
1780546459367 0.27999999999999997 60
1780546459370 0.355 61
1780546459374 0.42000000000000004 62
1780546459377 0.34500000000000003 63
1780546459380 0.31999999999999995 64
1780546459383 0.36 65
1780546459387 0.375 66
1780546459390 0.375 67
1780546459392 0.385 68
1780546459396 0.34500000000000003 69
1780546459399 0.285 70
1780546459402 0.315 71
1780546459405 0.41000000000000003 72
1780546459408 0.27999999999999997 73
1780546459411 0.325 74
1780546459414 0.4 75
1780546459417 0.35500000000000004 76
1780546459420 0.30999999999999994 77
1780546459422 0.4 78
1780546459425 0.365 79
1780546459428 0.36 80
1780546459431 0.305 81
1780546459434 0.395 82
1780546459437 0.37 83
1780546459440 0.36 84
1780546459443 0.335 85
1780546459446 0.43 86
1780546459449 0.40499999999999997 87
1780546459452 0.36000000000000004 88
1780546459454 0.33999999999999997 89
1780546459455 0.27999999999999997 90
1780546459457 0.36500000000000005 91
1780546459459 0.4149999999999999 92
1780546459461 0.32 93
1780546459463 0.29999999999999993 94
1780546459465 0.265 95
1780546459466 0.36 96
1780546459468 0.29500000000000004 97
1780546459470 0.29999999999999993 98
1780546459472 0.355 99
1780546459474 0.39 100
1780546459475 0.39499999999999996 101
1780546459477 0.3949999999999999 102
1780546459479 0.39 103
1780546459481 0.345 104
1780546459483 0.33 105
1780546459485 0.36000000000000004 106
1780546459486 0.43 107
1780546459488 0.29999999999999993 108
1780546459490 0.39000000000000007 109
1780546459492 0.33999999999999997 110
1780546459494 0.37 111
1780546459496 0.34500000000000003 112
1780546459498 0.31500000000000006 113
1780546459499 0.26499999999999996 114
1780546459501 0.28 115
1780546459503 0.45999999999999996 116
1780546459505 0.39 117
1780546459507 0.43000000000000005 118
1780546459508 0.34500000000000003 119
1780546459510 0.42000000000000004 120
1780546459512 0.4149999999999999 121
1780546459514 0.38499999999999995 122
1780546459516 0.34500000000000003 123
1780546459518 0.445 124
1780546459519 0.38 125
1780546459521 0.38999999999999996 126
1780546459523 0.335 127
1780546459525 0.4050000000000001 128
1780546459528 0.355 129
1780546459530 0.39 130
1780546459533 0.285 131
1780546459536 0.41 132
1780546459539 0.40499999999999997 133
1780546459542 0.375 134
1780546459545 0.4149999999999999 135
1780546459547 0.36 136
1780546459549 0.35 137
1780546459550 0.37 138
1780546459552 0.42000000000000004 139
1780546459554 0.365 140
1780546459556 0.375 141
1780546459558 0.425 142
1780546459559 0.32999999999999996 143
1780546459561 0.39499999999999996 144
1780546459563 0.39000000000000007 145
1780546459565 0.2700000000000001 146
1780546459567 0.47000000000000003 147
1780546459568 0.37 148
1780546459570 0.41 149
1780546459572 0.385 150
1780546459574 0.335 151
1780546459575 0.38 152
1780546459577 0.37 153
1780546459579 0.36500000000000005 154
1780546459581 0.38 155
1780546459582 0.27 156
1780546459584 0.30500000000000005 157
1780546459586 0.4 158
1780546459588 0.33999999999999997 159
1780546459589 0.265 160
1780546459591 0.26999999999999996 161
1780546459593 0.28 162
1780546459595 0.35 163
1780546459596 0.33499999999999996 164
1780546459598 0.33999999999999997 165
1780546459600 0.35500000000000004 166
1780546459602 0.43000000000000005 167
1780546459603 0.36 168
1780546459605 0.33499999999999996 169
1780546459607 0.38 170
1780546459609 0.22999999999999998 171
1780546459611 0.3 172
1780546459613 0.35500000000000004 173
1780546459614 0.31 174
1780546459616 0.295 175
1780546459618 0.29500000000000004 176
1780546459620 0.29000000000000004 177
1780546459622 0.34 178
1780546459624 0.40499999999999997 179
1780546459626 0.26 180
1780546459627 0.375 181
1780546459629 0.26999999999999996 182
1780546459631 0.29 183
1780546459633 0.36000000000000004 184
1780546459635 0.27 185
1780546459637 0.33999999999999997 186
1780546459639 0.30500000000000005 187
1780546459640 0.305 188
1780546459642 0.385 189
1780546459644 0.25 190
1780546459646 0.43499999999999994 191
1780546459648 0.4050000000000001 192
1780546459650 0.23500000000000001 193
1780546459651 0.34500000000000003 194
1780546459653 0.31 195
1780546459655 0.31000000000000005 196
1780546459657 0.4 197
1780546459658 0.42000000000000004 198
1780546459660 0.4 199
1780546459662 0.275 200
1780546459664 0.3550000000000001 201
1780546459666 0.35 202
1780546459668 0.37 203
1780546459670 0.34500000000000003 204
1780546459671 0.34500000000000003 205
1780546459673 0.325 206
1780546459675 0.34500000000000003 207
1780546459677 0.39 208
1780546459679 0.37499999999999994 209
1780546459693 0.315 210
1780546459695 0.38499999999999995 211
1780546459696 0.31 212
1780546459698 0.4 213
1780546459700 0.335 214
1780546459702 0.29000000000000004 215
1780546459704 0.35 216
1780546459705 0.25999999999999995 217
1780546459707 0.3 218
1780546459709 0.37 219
1780546459711 0.285 220
1780546459713 0.4 221
1780546459715 0.42000000000000004 222
1780546459716 0.30999999999999994 223
1780546459718 0.39 224
1780546459720 0.3749999999999999 225
1780546459722 0.29999999999999993 226
1780546459724 0.41500000000000004 227
1780546459725 0.40499999999999997 228
1780546459727 0.37 229
1780546459729 0.39999999999999997 230
1780546459731 0.33999999999999997 231
1780546459732 0.23000000000000004 232
1780546459734 0.365 233
1780546459736 0.425 234
1780546459738 0.41500000000000004 235
1780546459740 0.34 236
1780546459741 0.35 237
1780546459743 0.37499999999999994 238
1780546459745 0.36 239
1780546459747 0.39 240
1780546459748 0.355 241
1780546459750 0.395 242
1780546459752 0.375 243
1780546459754 0.30999999999999994 244
1780546459755 0.38 245
1780546459757 0.4 246
1780546459759 0.35 247
1780546459761 0.35 248
1780546459763 0.29000000000000004 249
1780546459764 0.28500000000000003 250
1780546459766 0.325 251
1780546459768 0.355 252
1780546459770 0.39499999999999996 253
1780546459771 0.32500000000000007 254
1780546459773 0.36500000000000005 255
1780546459775 0.40499999999999997 256
1780546459777 0.42000000000000004 257
1780546459779 0.31999999999999995 258
1780546459780 0.37 259
1780546459782 0.31999999999999995 260
1780546459784 0.33999999999999997 261
1780546459786 0.39 262
1780546459787 0.33999999999999997 263
1780546459789 0.36 264
1780546459791 0.33 265
1780546459793 0.33999999999999997 266
1780546459794 0.47000000000000003 267
1780546459796 0.44000000000000006 268
1780546459798 0.39 269
1780546459799 0.4250000000000001 270
1780546459801 0.37 271
1780546459803 0.39999999999999997 272
1780546459805 0.43500000000000005 273
1780546459806 0.40499999999999997 274
1780546459808 0.4 275
1780546459810 0.33 276
1780546459812 0.40499999999999997 277
1780546459813 0.41000000000000003 278
1780546459815 0.36 279
1780546459817 0.4149999999999999 280
1780546459819 0.325 281
1780546459820 0.395 282
1780546459822 0.33999999999999997 283
1780546459824 0.33999999999999997 284
1780546459825 0.355 285
1780546459827 0.35000000000000003 286
1780546459829 0.4149999999999999 287
1780546459831 0.33 288
1780546459832 0.35500000000000004 289
1780546459834 0.39 290
1780546459836 0.43000000000000005 291
1780546459838 0.37499999999999994 292
1780546459839 0.43 293
1780546459841 0.20500000000000002 294
1780546459843 0.35 295
1780546459844 0.31500000000000006 296
1780546459846 0.295 297
1780546459848 0.375 298
