1780542292403 0.0 0
1780542292408 0.105 1
1780542292410 0.145 2
1780542292412 0.155 3
1780542292413 0.175 4
1780542292415 0.12 5
1780542292417 0.22 6
1780542292419 0.245 7
1780542292420 0.215 8
1780542292422 0.235 9
1780542292424 0.27 10
1780542292425 0.285 11
1780542292427 0.195 12
1780542292428 0.205 13
1780542292430 0.33 14
1780542292432 0.285 15
1780542292433 0.26 16
1780542292435 0.25 17
1780542292436 0.32 18
1780542292438 0.235 19
1780542292439 0.26 20
1780542292441 0.345 21
1780542292443 0.295 22
1780542292444 0.31 23
1780542292446 0.245 24
1780542292447 0.255 25
1780542292449 0.28 26
1780542292450 0.26 27
1780542292452 0.295 28
1780542292454 0.37 29
1780542292455 0.305 30
1780542292457 0.22 31
1780542292458 0.39 32
1780542292460 0.315 33
1780542292461 0.31 34
1780542292463 0.265 35
1780542292464 0.29 36
1780542292466 0.365 37
1780542292468 0.3 38
1780542292470 0.28 39
1780542292471 0.32 40
1780542292473 0.315 41
1780542292475 0.43 42
1780542292476 0.265 43
1780542292478 0.33 44
1780542292480 0.345 45
1780542292481 0.28 46
1780542292483 0.35 47
1780542292484 0.27 48
1780542292486 0.215 49
1780542292488 0.345 50
1780542292489 0.35 51
1780542292491 0.29 52
1780542292492 0.355 53
1780542292494 0.385 54
1780542292495 0.275 55
1780542292497 0.195 56
1780542292498 0.37 57
1780542292500 0.315 58
1780542292502 0.335 59
1780542292503 0.37 60
1780542292505 0.275 61
1780542292506 0.39 62
1780542292508 0.325 63
1780542292509 0.225 64
1780542292511 0.22 65
1780542292513 0.345 66
1780542292514 0.4 67
1780542292516 0.275 68
1780542292518 0.365 69
1780542292519 0.33 70
1780542292521 0.285 71
1780542292522 0.325 72
1780542292524 0.36 73
1780542292525 0.285 74
1780542292527 0.37 75
1780542292529 0.405 76
1780542292530 0.395 77
1780542292532 0.355 78
1780542292533 0.435 79
1780542292535 0.385 80
1780542292536 0.35 81
1780542292538 0.39 82
1780542292540 0.285 83
1780542292541 0.37 84
1780542292543 0.275 85
1780542292544 0.28 86
1780542292546 0.33 87
1780542292547 0.32 88
1780542292549 0.3 89
1780542292551 0.345 90
1780542292552 0.34 91
1780542292554 0.37 92
1780542292556 0.445 93
1780542292557 0.365 94
1780542292559 0.385 95
1780542292560 0.335 96
1780542292562 0.28 97
1780542292564 0.36 98
1780542292565 0.415 99
1780542292567 0.375 100
1780542292568 0.34 101
1780542292570 0.435 102
1780542292571 0.305 103
1780542292573 0.355 104
1780542292574 0.39 105
1780542292576 0.315 106
1780542292578 0.37 107
1780542292579 0.26 108
1780542292581 0.295 109
1780542292583 0.37 110
1780542292584 0.4 111
1780542292586 0.315 112
1780542292588 0.335 113
1780542292589 0.425 114
1780542292591 0.4 115
1780542292592 0.415 116
1780542292594 0.36 117
1780542292596 0.4 118
1780542292597 0.355 119
1780542292599 0.405 120
1780542292600 0.395 121
1780542292602 0.32 122
1780542292604 0.375 123
1780542292605 0.33 124
1780542292607 0.455 125
1780542292608 0.375 126
1780542292610 0.37 127
1780542292611 0.385 128
1780542292613 0.29 129
1780542292615 0.345 130
1780542292616 0.34 131
1780542292618 0.35 132
1780542292619 0.4 133
1780542292621 0.39 134
1780542292623 0.42 135
1780542292624 0.485 136
1780542292626 0.375 137
1780542292627 0.35 138
1780542292629 0.31 139
1780542292631 0.33 140
1780542292632 0.31 141
1780542292634 0.35 142
1780542292635 0.3 143
1780542292637 0.355 144
1780542292638 0.415 145
1780542292640 0.36 146
1780542292642 0.425 147
1780542292643 0.425 148
1780542292645 0.405 149
1780542292647 0.31 150
1780542292648 0.22 151
1780542292650 0.395 152
1780542292651 0.265 153
1780542292653 0.315 154
1780542292655 0.43 155
1780542292656 0.38 156
1780542292658 0.375 157
1780542292659 0.295 158
1780542292662 0.345 159
1780542292663 0.325 160
1780542292665 0.37 161
1780542292666 0.325 162
1780542292668 0.295 163
1780542292669 0.31 164
1780542292671 0.34 165
1780542292673 0.3 166
1780542292674 0.41 167
1780542292676 0.325 168
1780542292678 0.33 169
1780542292679 0.305 170
1780542292681 0.255 171
1780542292682 0.37 172
1780542292684 0.365 173
1780542292685 0.3 174
1780542292687 0.275 175
1780542292689 0.375 176
1780542292690 0.375 177
1780542292692 0.365 178
1780542292693 0.29 179
1780542292695 0.335 180
1780542292697 0.415 181
1780542292698 0.36 182
1780542292700 0.345 183
1780542292701 0.27 184
1780542292703 0.285 185
1780542292705 0.325 186
1780542292706 0.3 187
1780542292708 0.32 188
1780542292709 0.315 189
1780542292711 0.28 190
1780542292712 0.34 191
1780542292714 0.35 192
1780542292716 0.22 193
1780542292717 0.41 194
1780542292719 0.325 195
1780542292720 0.3 196
1780542292722 0.295 197
1780542292724 0.36 198
1780542292725 0.38 199
1780542292727 0.37 200
1780542292728 0.285 201
1780542292730 0.405 202
1780542292732 0.39 203
1780542292733 0.335 204
1780542292735 0.365 205
1780542292736 0.355 206
1780542292738 0.315 207
1780542292740 0.365 208
1780542292741 0.36 209
1780542292743 0.335 210
1780542292744 0.3 211
1780542292746 0.35 212
1780542292747 0.365 213
1780542292749 0.4 214
1780542292750 0.255 215
1780542292752 0.38 216
1780542292754 0.325 217
1780542292755 0.39 218
1780542292757 0.36 219
1780542292758 0.3 220
1780542292760 0.37 221
1780542292762 0.38 222
1780542292763 0.29 223
1780542292765 0.38 224
1780542292766 0.315 225
1780542292768 0.345 226
1780542292770 0.315 227
1780542292771 0.41 228
1780542292773 0.35 229
1780542292774 0.34 230
1780542292776 0.395 231
1780542292777 0.33 232
1780542292779 0.25 233
1780542292781 0.385 234
1780542292782 0.39 235
1780542292784 0.43 236
1780542292785 0.375 237
1780542292787 0.395 238
1780542292789 0.38 239
1780542292790 0.265 240
1780542292792 0.21 241
1780542292793 0.42 242
1780542292795 0.315 243
1780542292796 0.375 244
1780542292798 0.385 245
1780542292800 0.42 246
1780542292801 0.41 247
1780542292803 0.34 248
1780542292804 0.33 249
1780542292806 0.285 250
1780542292807 0.365 251
1780542292809 0.395 252
1780542292811 0.295 253
1780542292812 0.36 254
1780542292814 0.35 255
1780542292816 0.405 256
1780542292817 0.375 257
1780542292819 0.325 258
1780542292821 0.285 259
1780542292822 0.315 260
1780542292824 0.28 261
1780542292826 0.425 262
1780542292827 0.405 263
1780542292829 0.39 264
1780542292830 0.365 265
1780542292832 0.365 266
1780542292833 0.445 267
1780542292835 0.35 268
1780542292837 0.46 269
1780542292838 0.39 270
1780542292840 0.34 271
1780542292841 0.36 272
1780542292843 0.33 273
1780542292845 0.38 274
1780542292846 0.33 275
1780542292848 0.29 276
1780542292849 0.33 277
1780542292851 0.435 278
1780542292853 0.365 279
1780542292854 0.395 280
1780542292856 0.38 281
1780542292857 0.435 282
1780542292859 0.39 283
1780542292861 0.445 284
1780542292862 0.36 285
1780542292864 0.45 286
1780542292865 0.43 287
1780542292867 0.3 288
1780542292869 0.345 289
1780542292870 0.37 290
1780542292872 0.39 291
1780542292873 0.36 292
1780542292875 0.405 293
1780542292877 0.405 294
1780542292878 0.365 295
1780542292880 0.365 296
1780542292881 0.32 297
1780542292883 0.385 298
