1780544593653 0.0 0
1780544593655 0.02485034830650973 1
1780544593657 0.11634861166638724 2
1780544593658 0.11698665354502373 3
1780544593660 0.21906115659662712 4
1780544593662 0.17077483255741657 5
1780544593664 0.15752174631124666 6
1780544593666 0.17605259041937252 7
1780544593668 0.1982956722771838 8
1780544593669 0.20777979552728473 9
1780544593671 0.2220010485222541 10
1780544593673 0.25540185031057244 11
1780544593675 0.19989976155273018 12
1780544593677 0.18628578371969512 13
1780544593678 0.21367861790160997 14
1780544593680 0.17891032707628085 15
1780544593682 0.1729053173599538 16
1780544593684 0.2596387562045072 17
1780544593686 0.2138445361058062 18
1780544593687 0.17698721725915872 19
1780544593689 0.2910766379381021 20
1780544593691 0.24097233381442423 21
1780544593693 0.2705920166789732 22
1780544593694 0.24105009794952728 23
1780544593696 0.21292526068826248 24
1780544593698 0.2512226737735884 25
1780544593700 0.3035116131891895 26
1780544593701 0.17226809566548756 27
1780544593703 0.2552477347771466 28
1780544593705 0.2659921880986838 29
1780544593707 0.3296696099882567 30
1780544593708 0.27768291628312836 31
1780544593710 0.20512622018504367 32
1780544593712 0.23789346428319966 33
1780544593714 0.17960197339167722 34
1780544593715 0.304268133269568 35
1780544593717 0.31506844781990917 36
1780544593719 0.2556539722714833 37
1780544593721 0.17939502804362023 38
1780544593722 0.1814042095695231 39
1780544593724 0.21217781099718774 40
1780544593726 0.17619116844519903 41
1780544593728 0.23078227364200918 42
1780544593730 0.3512899601220659 43
1780544593732 0.301574700776912 44
1780544593734 0.1570672338414274 45
1780544593735 0.34822859291083197 46
1780544593737 0.2498064811499329 47
1780544593739 0.2940313788749657 48
1780544593741 0.3673160683513818 49
1780544593743 0.34919902736008124 50
1780544593744 0.3630367108184054 51
1780544593746 0.32476418117722466 52
1780544593748 0.28621310660255184 53
1780544593750 0.3362875808600343 54
1780544593752 0.29351860797055196 55
1780544593754 0.20295930260215975 56
1780544593755 0.3135537996957232 57
1780544593757 0.2540524108247852 58
1780544593759 0.3545646034589764 59
1780544593761 0.24958895131569553 60
1780544593762 0.28083149947432845 61
1780544593764 0.3129114112008849 62
1780544593766 0.2820549279759806 63
1780544593768 0.38378851937825614 64
1780544593769 0.35344713465941263 65
1780544593771 0.2711715417069319 66
1780544593773 0.30031739389522744 67
1780544593775 0.2553756388538997 68
1780544593777 0.30589506141093725 69
1780544593778 0.24714702429284996 70
1780544593780 0.287974987974988 71
1780544593783 0.2952580862626563 72
1780544593785 0.32949383424698553 73
1780544593787 0.2582734580816292 74
1780544593788 0.24382104083646863 75
1780544593790 0.33737928786111854 76
1780544593792 0.21693871942688672 77
1780544593794 0.32659175092997544 78
1780544593796 0.27080044647907775 79
1780544593798 0.26184476755128927 80
1780544593800 0.2718282156685518 81
1780544593802 0.2868315047347305 82
1780544593803 0.24579506703867318 83
1780544593805 0.2020626917129995 84
1780544593807 0.33220360713455344 85
1780544593809 0.3118338038323706 86
1780544593810 0.3466604709024209 87
1780544593812 0.34253507149012896 88
1780544593814 0.37220130661307127 89
1780544593816 0.3197325459189866 90
1780544593818 0.2677650932384523 91
1780544593819 0.26393773347040134 92
1780544593821 0.2787468293164342 93
1780544593823 0.231981165225947 94
1780544593825 0.34501914567387715 95
1780544593827 0.27736436740455406 96
1780544593829 0.20459016751746653 97
1780544593830 0.33080781447654517 98
1780544593832 0.2902399188113474 99
1780544593834 0.30563429882435494 100
1780544593836 0.39670574322569785 101
1780544593838 0.30300574650574646 102
1780544593840 0.3573808335571321 103
1780544593842 0.3662488370868089 104
1780544593844 0.3888023338981842 105
1780544593845 0.3339079190985381 106
1780544593847 0.33462749345797105 107
1780544593849 0.32817501427522633 108
1780544593851 0.3360746379981367 109
1780544593853 0.3350190008319519 110
1780544593855 0.29888323144255025 111
1780544593857 0.25083964412252696 112
1780544593859 0.30443464556158056 113
1780544593861 0.38931574951895154 114
1780544593862 0.31162341007644695 115
1780544593864 0.27233055296573755 116
1780544593866 0.383140988980031 117
1780544593868 0.23002302739625705 118
1780544593870 0.3807967185625247 119
1780544593871 0.40689219356993445 120
1780544593873 0.39234998796169007 121
1780544593875 0.3850701282306478 122
1780544593877 0.17872109741438233 123
1780544593879 0.3706370782822913 124
1780544593881 0.3783695732303897 125
1780544593882 0.29329602333132804 126
1780544593884 0.34824264418831763 127
1780544593886 0.31300179322937416 128
1780544593888 0.2894972871358302 129
1780544593890 0.276282524572743 130
1780544593891 0.2720865496022328 131
1780544593893 0.37319295574129857 132
1780544593895 0.2759112225077234 133
1780544593897 0.377274061469718 134
1780544593898 0.29664012287641606 135
1780544593900 0.35284702658060413 136
1780544593902 0.3139009207289209 137
1780544593904 0.24145225843339052 138
1780544593905 0.3388139211442499 139
1780544593907 0.34602273032685904 140
1780544593909 0.251340323150668 141
1780544593911 0.36882252803830007 142
1780544593913 0.33153352199118785 143
1780544593914 0.3348858653380077 144
1780544593916 0.29152327679689377 145
1780544593918 0.3554456473422668 146
1780544593920 0.3073610324887872 147
1780544593921 0.24432044006303494 148
1780544593923 0.3789296811562821 149
1780544593925 0.30120179247535045 150
1780544593927 0.24547644890025308 151
1780544593928 0.3021749098613757 152
1780544593930 0.29607467452295044 153
1780544593932 0.23738040117232667 154
1780544593934 0.27544239390452796 155
1780544593936 0.3165439544090084 156
1780544593937 0.3078008671699374 157
1780544593939 0.25540015853786213 158
1780544593941 0.2474817053270632 159
1780544593943 0.20677712202419246 160
1780544593944 0.28122053461396895 161
1780544593946 0.32272833630947223 162
1780544593948 0.2910305403408852 163
1780544593950 0.2740481310248752 164
1780544593951 0.23886200128700835 165
1780544593953 0.20781741832963854 166
1780544593955 0.24223205151937335 167
1780544593957 0.286568380232601 168
1780544593959 0.24839256868993745 169
1780544593961 0.24614370124312407 170
1780544593962 0.25569967900476376 171
1780544593964 0.28585430353178093 172
1780544593966 0.13910308567171312 173
1780544593968 0.2455877016059163 174
1780544593970 0.24614495765377634 175
1780544593971 0.2325425835766449 176
1780544593973 0.28416023933628604 177
1780544593975 0.32331794536140485 178
1780544593977 0.20138824091092142 179
1780544593979 0.34597752396798953 180
1780544593980 0.17642608540133292 181
1780544593982 0.33939009476502036 182
1780544593984 0.265882502157374 183
1780544593985 0.22852598164664734 184
1780544593987 0.26831608480254954 185
1780544593989 0.31790436491098617 186
1780544593991 0.2707913174697813 187
1780544593993 0.22689090750145038 188
1780544593994 0.301862857130075 189
1780544593996 0.25022972848895875 190
1780544593998 0.3236656316656317 191
1780544594000 0.3046068426948101 192
1780544594001 0.3462894315432266 193
1780544594003 0.2539533285305399 194
1780544594005 0.23738796226594489 195
1780544594007 0.2736368726702151 196
1780544594008 0.2600240007443458 197
1780544594010 0.29497524898496047 198
1780544594012 0.2955244156307619 199
1780544594014 0.29042246619978657 200
1780544594016 0.25760256143635984 201
1780544594017 0.26377157234583903 202
1780544594019 0.25062295967956344 203
1780544594021 0.22869467808355273 204
1780544594023 0.2863148236094067 205
1780544594024 0.26055496476148643 206
1780544594026 0.25863393205132457 207
1780544594028 0.2309290403119054 208
1780544594030 0.2740727542058187 209
1780544594032 0.3153923163629986 210
1780544594034 0.2924658911858656 211
1780544594036 0.25475486352536864 212
1780544594038 0.29871038359708313 213
1780544594039 0.3400673400037572 214
1780544594041 0.3826152886182251 215
1780544594043 0.27886503138350427 216
1780544594045 0.3581605519040461 217
1780544594047 0.29407061546959334 218
1780544594049 0.27443839314807056 219
1780544594051 0.20389273046761466 220
1780544594052 0.2527437642514775 221
1780544594054 0.24965176096642927 222
1780544594056 0.2659798813215865 223
1780544594058 0.3433609964607043 224
1780544594059 0.29105748923679475 225
1780544594061 0.36720601189644064 226
1780544594063 0.2745794669663884 227
1780544594065 0.20011709840338873 228
1780544594066 0.22413664247610893 229
1780544594068 0.31589362500188534 230
1780544594070 0.23791766184007562 231
1780544594072 0.25636727745529164 232
1780544594073 0.3525597308234608 233
1780544594075 0.16504512047346256 234
1780544594077 0.36053595606958516 235
1780544594079 0.26882733600725817 236
1780544594080 0.13258572770071958 237
1780544594082 0.2861886481300723 238
1780544594084 0.3605452317077858 239
1780544594086 0.2874070351444807 240
1780544594087 0.3175301556680867 241
1780544594089 0.3470057784600514 242
1780544594091 0.2720852254799623 243
1780544594093 0.31295166331298285 244
1780544594094 0.29943763663007267 245
1780544594096 0.3061126864529568 246
1780544594098 0.25549698900918416 247
1780544594100 0.23530916687745335 248
1780544594101 0.42406450502357185 249
1780544594103 0.38925140639729716 250
1780544594105 0.226476933333802 251
1780544594107 0.27221384405836296 252
1780544594108 0.3323668652423223 253
1780544594110 0.34440456001331515 254
1780544594112 0.2807635079887644 255
1780544594114 0.3006685208572001 256
1780544594115 0.29803001875236895 257
1780544594117 0.30498423873351815 258
1780544594119 0.25829419387989366 259
1780544594121 0.36674457242312275 260
1780544594123 0.3761238395422314 261
1780544594124 0.3301123538545184 262
1780544594126 0.3080161877660511 263
1780544594128 0.3753850902294256 264
1780544594130 0.22777304336430731 265
1780544594131 0.35653666055963595 266
1780544594133 0.37385348664817314 267
1780544594135 0.2494432453947662 268
1780544594137 0.3305400505508713 269
1780544594138 0.363485802917501 270
1780544594140 0.33271130795074294 271
1780544594142 0.30201810957596875 272
1780544594144 0.28892010174487703 273
1780544594145 0.3336620249403669 274
1780544594147 0.2916453795534984 275
1780544594149 0.3049264295629774 276
1780544594151 0.3053079775109496 277
1780544594152 0.3972083785092106 278
1780544594154 0.33803241962686337 279
1780544594156 0.30675566970747015 280
1780544594158 0.3059768769155513 281
1780544594159 0.23233517800787667 282
1780544594161 0.29552313671737146 283
1780544594163 0.29451057240935563 284
1780544594165 0.2473685982712352 285
1780544594166 0.20670801662106011 286
1780544594168 0.33456207487659106 287
1780544594170 0.3608364841284881 288
1780544594172 0.25462914012557103 289
1780544594173 0.33881925291903287 290
1780544594175 0.3496035953345936 291
1780544594177 0.30631520219634395 292
1780544594179 0.33978094218296256 293
1780544594180 0.315885926505288 294
1780544594182 0.31572786948890996 295
1780544594184 0.38553694114257864 296
1780544594186 0.31905545522546963 297
1780544594188 0.3831711107825713 298
