1780539270401 0.0 0
1780539270404 0.49696969696969695 1
1780539270406 0.5 2
1780539270408 0.5 3
1780539270410 0.5401422011553844 4
1780539270412 0.584653559839664 5
1780539270414 0.5 6
1780539270416 0.5 7
1780539270418 0.533772774403792 8
1780539270420 0.5572493224932249 9
1780539270422 0.6258958432871476 10
1780539270424 0.5 11
1780539270426 0.5286469197608121 12
1780539270428 0.6668173598553345 13
1780539270430 0.5782106354614132 14
1780539270432 0.5255411255411255 15
1780539270434 0.5102040816326531 16
1780539270436 0.5232558139534884 17
1780539270438 0.7696728558797524 18
1780539270440 0.5 19
1780539270442 0.6321866539257843 20
1780539270444 0.5932473323777672 21
1780539270446 0.7172320433189998 22
1780539270448 0.5657894736842105 23
1780539270450 0.5138888888888888 24
1780539270452 0.6527313266443702 25
1780539270454 0.5 26
1780539270456 0.6046747967479674 27
1780539270458 0.6983433041877589 28
1780539270460 0.549923515505493 29
1780539270462 0.5138888888888888 30
1780539270464 0.5657894736842105 31
1780539270466 0.5969170800850461 32
1780539270468 0.575 33
1780539270470 0.6952252599152868 34
1780539270472 0.643845285149633 35
1780539270474 0.5301075268817205 36
1780539270476 0.5 37
1780539270478 0.5 38
1780539270480 0.5888888888888889 39
1780539270482 0.5480134990029145 40
1780539270484 0.6270343580470163 41
1780539270486 0.6938972004147533 42
1780539270489 0.6684149184149184 43
1780539270491 0.7101328903654485 44
1780539270493 0.5494579945799458 45
1780539270494 0.6399666249478515 46
1780539270496 0.5119047619047619 47
1780539270498 0.5742156394330308 48
1780539270500 0.619684663162924 49
1780539270502 0.5256410256410257 50
1780539270504 0.509714922758401 51
1780539270506 0.6088004822182037 52
1780539270508 0.5 53
1780539270510 0.5125 54
1780539270512 0.6091617933723197 55
1780539270514 0.7183544303797469 56
1780539270516 0.5419652810957158 57
1780539270518 0.5434782608695652 58
1780539270520 0.5104166666666666 59
1780539270522 0.5444444444444444 60
1780539270524 0.6267482517482517 61
1780539270526 0.6392773892773893 62
1780539270528 0.5927706847952247 63
1780539270530 0.6093189964157706 64
1780539270532 0.5479190847289006 65
1780539270534 0.5227272727272727 66
1780539270536 0.5256410256410257 67
1780539270538 0.5766233766233766 68
1780539270540 0.5256410256410257 69
1780539270542 0.5 70
1780539270544 0.5375050682524666 71
1780539270546 0.6188811188811189 72
1780539270548 0.5328073089700996 73
1780539270550 0.5510204081632653 74
1780539270553 0.5888888888888889 75
1780539270555 0.6071684587813619 76
1780539270557 0.5782106354614132 77
1780539270559 0.6130753304666348 78
1780539270561 0.6082221199570487 79
1780539270563 0.5961250267608649 80
1780539270565 0.5696008900013906 81
1780539270567 0.5279605263157895 82
1780539270569 0.7227089417327215 83
1780539270571 0.5 84
1780539270573 0.5838815789473684 85
1780539270575 0.5294117647058824 86
1780539270577 0.5563592525617842 87
1780539270579 0.5870361522535436 88
1780539270581 0.5306122448979592 89
1780539270583 0.6223921006529702 90
1780539270585 0.5428571428571428 91
1780539270587 0.5 92
1780539270590 0.5728319783197832 93
1780539270592 0.5135135135135135 94
1780539270593 0.6209591093984157 95
1780539270596 0.5316990075544363 96
1780539270598 0.5256410256410257 97
1780539270600 0.6127855115556157 98
1780539270602 0.665679158643164 99
1780539270604 0.5824372759856631 100
1780539270606 0.541289933694997 101
1780539270608 0.5239595423644503 102
1780539270610 0.5866538290623611 103
1780539270612 0.6647613863182725 104
1780539270614 0.5796134376438105 105
1780539270616 0.7424661139623634 106
1780539270618 0.6211236267556668 107
1780539270620 0.5520833333333334 108
1780539270622 0.5375 109
1780539270624 0.5766233766233766 110
1780539270626 0.5 111
1780539270628 0.5849909584086799 112
1780539270630 0.53125 113
1780539270632 0.628493950771798 114
1780539270634 0.7049457994579946 115
1780539270636 0.6152802893309223 116
1780539270638 0.5 117
1780539270640 0.5776865814086658 118
1780539270642 0.5790765454824359 119
1780539270644 0.5333333333333333 120
1780539270646 0.6083887043189369 121
1780539270648 0.6041666666666667 122
1780539270650 0.502411091018686 123
1780539270652 0.5676063067367415 124
1780539270654 0.6082209377007064 125
1780539270656 0.548051948051948 126
1780539270658 0.6424336533032186 127
1780539270660 0.5135135135135135 128
1780539270662 0.5727745289148798 129
1780539270664 0.7033659426297463 130
1780539270666 0.584375 131
1780539270668 0.6595528455284553 132
1780539270670 0.5963977676306443 133
1780539270672 0.5763403263403264 134
1780539270674 0.65625 135
1780539270676 0.5826839826839827 136
1780539270678 0.7525286022218538 137
1780539270680 0.5619706380575946 138
1780539270682 0.5405405405405406 139
1780539270684 0.559375 140
1780539270686 0.6121540814907523 141
1780539270688 0.5930232558139534 142
1780539270690 0.7184721466158592 143
1780539270692 0.5540540540540541 144
1780539270694 0.6071428571428571 145
1780539270696 0.5 146
1780539270698 0.6156250000000001 147
1780539270700 0.6716395418927064 148
1780539270702 0.621458710066305 149
1780539270704 0.4770914988511961 150
1780539270706 0.5694542877391922 151
1780539270708 0.4938650306748466 152
1780539270710 0.48095238095238096 153
1780539270712 0.5 154
1780539270714 0.5 155
1780539270716 0.5 156
1780539270718 0.510840108401084 157
1780539270720 0.5 158
1780539270722 0.5 159
1780539270724 0.5 160
1780539270726 0.5293906810035842 161
1780539270728 0.49691358024691357 162
1780539270730 0.5 163
1780539270732 0.5 164
1780539270734 0.5 165
1780539270737 0.5 166
1780539270738 0.5 167
1780539270740 0.5 168
1780539270742 0.5 169
1780539270744 0.5084745762711864 170
1780539270746 0.5299410734193343 171
1780539270748 0.6029298972235005 172
1780539270750 0.496875 173
1780539270752 0.5 174
1780539270754 0.5310427968655816 175
1780539270756 0.5 176
1780539270758 0.5 177
1780539270760 0.527027027027027 178
1780539270762 0.5965367965367965 179
1780539270764 0.5 180
1780539270766 0.5 181
1780539270768 0.5 182
1780539270770 0.5 183
1780539270772 0.5 184
1780539270774 0.5 185
1780539270776 0.5 186
1780539270778 0.5209749626927541 187
1780539270781 0.5 188
1780539270783 0.5 189
1780539270785 0.5 190
1780539270787 0.6177735308170091 191
1780539270789 0.5039018952062431 192
1780539270791 0.5 193
1780539270793 0.5126488095238095 194
1780539270795 0.5 195
1780539270797 0.5 196
1780539270803 0.5 197
1780539270809 0.5098039215686274 198
1780539270811 0.6362939101089125 199
1780539270813 0.515625 200
1780539270815 0.5 201
1780539270817 0.5524765089982481 202
1780539270819 0.5 203
1780539270821 0.5 204
1780539270823 0.5 205
1780539270826 0.5 206
1780539270828 0.5 207
1780539270829 0.5 208
1780539270831 0.5 209
1780539270833 0.5746137920050963 210
1780539270835 0.5 211
1780539270837 0.5452523393158459 212
1780539270839 0.6448074858107071 213
1780539270841 0.5 214
1780539270843 0.5 215
1780539270845 0.5177174413253567 216
1780539270847 0.5833209894830396 217
1780539270849 0.5 218
1780539270851 0.5 219
1780539270853 0.6000490737332842 220
1780539270855 0.5 221
1780539270857 0.7398373983739838 222
1780539270859 0.5090504678631692 223
1780539270861 0.6651785714285714 224
1780539270863 0.5294117647058824 225
1780539270865 0.654035538428602 226
1780539270867 0.5 227
1780539270869 0.5 228
1780539270871 0.5 229
1780539270873 0.5 230
1780539270875 0.6471734892787524 231
1780539270877 0.5 232
1780539270879 0.6775336640680368 233
1780539270882 0.5526653821451509 234
1780539270884 0.5 235
1780539270886 0.5 236
1780539270888 0.5758609486679662 237
1780539270890 0.5 238
1780539270892 0.5551273817169771 239
1780539270894 0.5 240
1780539270896 0.5629697806412026 241
1780539270898 0.5 242
1780539270900 0.5506591616056881 243
1780539270902 0.5 244
1780539270904 0.496875 245
1780539270905 0.5 246
1780539270907 0.5992445563620205 247
1780539270909 0.5 248
1780539270912 0.5 249
1780539270914 0.5 250
1780539270916 0.5 251
1780539270918 0.5108695652173914 252
1780539270920 0.6098249576510446 253
1780539270922 0.5 254
1780539270924 0.5 255
1780539270926 0.5 256
1780539270928 0.5 257
1780539270930 0.5641025641025641 258
1780539270932 0.5468655816757082 259
1780539270934 0.534375 260
1780539270936 0.5 261
1780539270938 0.6217105263157895 262
1780539270940 0.5508207594097164 263
1780539270942 0.5 264
1780539270944 0.5255411255411255 265
1780539270946 0.5 266
1780539270948 0.4969512195121951 267
1780539270950 0.5 268
1780539270952 0.5625 269
1780539270954 0.5333333333333333 270
1780539270956 0.5633468834688347 271
1780539270958 0.5512820512820513 272
1780539270960 0.5 273
1780539270962 0.5069850552306693 274
1780539270964 0.5927754677754677 275
1780539270966 0.5468655816757082 276
1780539270968 0.5076228119706381 277
1780539270970 0.5 278
1780539270972 0.5166666666666666 279
1780539270974 0.5376344086021505 280
1780539270976 0.527027027027027 281
1780539270983 0.7053763440860215 282
1780539270985 0.55625 283
1780539270987 0.5 284
1780539270989 0.5100714749837557 285
1780539270991 0.5761871013465627 286
1780539270993 0.5135135135135135 287
1780539270995 0.5188429981921847 288
1780539270997 0.5 289
1780539270999 0.5125 290
1780539271001 0.5383771929824561 291
1780539271003 0.6126771778945692 292
1780539271005 0.5 293
1780539271007 0.51 294
1780539271009 0.5 295
1780539271011 0.5 296
1780539271013 0.5 297
1780539271015 0.5121951219512195 298
