1780528955519 0.0 0
1780528955521 0.4999999999999957 1
1780528955522 0.6853535353535283 2
1780528955524 0.6603386905403876 3
1780528955526 0.6760037348272577 4
1780528955528 0.7770833333333256 5
1780528955529 0.767177219285937 6
1780528955531 0.7531525851197907 7
1780528955533 0.5773809523809472 8
1780528955534 0.5575221238937991 9
1780528955536 0.7981734243275713 10
1780528955538 0.7229835756878258 11
1780528955539 0.7806964267638347 12
1780528955541 0.7148351648351576 13
1780528955543 0.6980228606734564 14
1780528955544 0.7641625615763472 15
1780528955546 0.8041666666666584 16
1780528955548 0.8388888888888804 17
1780528955549 0.7839999999999914 18
1780528955551 0.7386666666666594 19
1780528955553 0.7918440877825006 20
1780528955554 0.6428109157588119 21
1780528955556 0.7895833333333251 22
1780528955558 0.7811942959001699 23
1780528955559 0.828131374948992 24
1780528955561 0.8184167011161556 25
1780528955563 0.8381629877602175 26
1780528955564 0.8062499999999915 27
1780528955566 0.806595365418886 28
1780528955568 0.8549978549978461 29
1780528955570 0.8611551050575352 30
1780528955571 0.7265984654731388 31
1780528955573 0.8305272708942352 32
1780528955575 0.8198051948051868 33
1780528955576 0.836696090794443 34
1780528955578 0.7726744799915455 35
1780528955580 0.8176767676767596 36
1780528955581 0.7820109976433527 37
1780528955583 0.846547571256515 38
1780528955585 0.8774936061380985 39
1780528955586 0.7939731411726088 40
1780528955588 0.6907894736842041 41
1780528955590 0.7570287374208868 42
1780528955591 0.8543199919346622 43
1780528955593 0.8076209193143263 44
1780528955595 0.8762526571515248 45
1780528955596 0.8532005394750402 46
1780528955598 0.8198635799917235 47
1780528955600 0.7073670585697268 48
1780528955601 0.6639344262295005 49
1780528955603 0.7708070617906606 50
1780528955605 0.7516101784394393 51
1780528955606 0.8820889432884449 52
1780528955608 0.8530191758465847 53
1780528955610 0.8546006944444355 54
1780528955611 0.849999999999991 55
1780528955613 0.8595494005787427 56
1780528955615 0.8375353070404766 57
1780528955616 0.7729166666666591 58
1780528955618 0.667999999999992 59
1780528955620 0.8209718670076644 60
1780528955621 0.7939308398023917 61
1780528955623 0.8547794117646959 62
1780528955625 0.7886931875695843 63
1780528955626 0.8868845500848803 64
1780528955628 0.8751550227366591 65
1780528955630 0.8437499999999911 66
1780528955631 0.7062499999999933 67
1780528955633 0.8587641866330302 68
1780528955635 0.727915003775206 69
1780528955636 0.8574646074645982 70
1780528955638 0.8521739130434697 71
1780528955640 0.7104166666666588 72
1780528955641 0.8795174145648992 73
1780528955643 0.7931034482758537 74
1780528955645 0.863095238095229 75
1780528955646 0.8652173913043391 76
1780528955648 0.8393916513860338 77
1780528955650 0.8819740146304084 78
1780528955651 0.8084513084513003 79
1780528955653 0.8225274725274636 80
1780528955655 0.8315972222222137 81
1780528955656 0.8020833333333253 82
1780528955658 0.8538961038960953 83
1780528955660 0.8515322491425945 84
1780528955661 0.813802083333325 85
1780528955663 0.7895756833945247 86
1780528955665 0.8104588673005293 87
1780528955666 0.8797953964194285 88
1780528955668 0.872190011189087 89
1780528955670 0.8497832442786487 90
1780528955671 0.7748302207130653 91
1780528955673 0.9018495166036056 92
1780528955675 0.8625283140977147 93
1780528955676 0.7490319725633292 94
1780528955678 0.8325551782682428 95
1780528955680 0.8047515302417176 96
1780528955681 0.8233374133006851 97
1780528955683 0.8437088774167342 98
1780528955685 0.8651673529722219 99
1780528955687 0.7439024390243831 100
1780528955688 0.599999999999993 101
1780528955690 0.8777704989627593 102
1780528955692 0.8904335289877366 103
1780528955693 0.8543373358769968 104
1780528955695 0.8268060626175373 105
1780528955697 0.804166666666658 106
1780528955698 0.7691373666983338 107
1780528955700 0.846240966454527 108
1780528955702 0.84066496163682 109
1780528955703 0.8630150958792242 110
1780528955705 0.8308112652374862 111
1780528955707 0.8466666666666578 112
1780528955708 0.8383312933496447 113
1780528955710 0.7812499999999916 114
1780528955712 0.8996069439895087 115
1780528955713 0.7689959294436828 116
1780528955715 0.8880308880308785 117
1780528955717 0.8379120879120788 118
1780528955718 0.8047889610389531 119
1780528955720 0.7166876839007905 120
1780528955722 0.7874999999999923 121
1780528955723 0.8226666666666584 122
1780528955725 0.7364967958498555 123
1780528955727 0.7930814940577171 124
1780528955728 0.8856732348111567 125
1780528955730 0.8648538961038875 126
1780528955732 0.8503534956794879 127
1780528955734 0.7491817125963395 128
1780528955735 0.6438301282051216 129
1780528955737 0.8150656814449837 130
1780528955739 0.7092071611253128 131
1780528955740 0.5175438596491169 132
1780528955742 0.8062499999999919 133
1780528955744 0.6852209352209288 134
1780528955745 0.8647490820073354 135
1780528955747 0.8193325661680004 136
1780528955749 0.8117083719493278 137
1780528955750 0.8073005093378526 138
1780528955752 0.804350121423284 139
1780528955754 0.7736852669610522 140
1780528955755 0.7642045454545374 141
1780528955757 0.7584745762711782 142
1780528955759 0.7946666666666585 143
1780528955760 0.8611551050575352 144
1780528955762 0.897698209718661 145
1780528955764 0.8500154464009798 146
1780528955766 0.8833333333333244 147
1780528955767 0.8573333333333242 148
1780528955769 0.8355263157894647 149
1780528955771 0.4098915989159815 150
1780528955772 0.4999999999999968 151
1780528955774 0.560121038381896 152
1780528955776 0.499999999999997 153
1780528955777 0.4999999999999967 154
1780528955779 0.5441845354126009 155
1780528955781 0.4966442953020101 156
1780528955782 0.5292658730158688 157
1780528955784 0.5046594982078819 158
1780528955786 0.5683982683982634 159
1780528955787 0.4999999999999969 160
1780528955789 0.4999999999999969 161
1780528955791 0.5333333333333293 162
1780528955792 0.5102040816326496 163
1780528955794 0.5121951219512161 164
1780528955796 0.5128205128205093 165
1780528955797 0.5116279069767408 166
1780528955799 0.5087719298245578 167
1780528955801 0.49999999999999684 168
1780528955803 0.49999999999999695 169
1780528955804 0.5161290322580611 170
1780528955806 0.499999999999997 171
1780528955808 0.49999999999999706 172
1780528955809 0.5238095238095201 173
1780528955811 0.5966666666666612 174
1780528955813 0.5363872644574358 175
1780528955814 0.656235069278539 176
1780528955816 0.4999999999999971 177
1780528955818 0.499999999999997 178
1780528955819 0.5804268195572491 179
1780528955821 0.7184620836286206 180
1780528955823 0.5467753366406757 181
1780528955824 0.5299410734193297 182
1780528955826 0.5780135964184991 183
1780528955828 0.5119047619047584 184
1780528955829 0.6492275840101847 185
1780528955831 0.5543478260869521 186
1780528955833 0.6277036355269094 187
1780528955834 0.5294117647058785 188
1780528955836 0.7056233062330529 189
1780528955838 0.5990196078431306 190
1780528955839 0.5131578947368387 191
1780528955841 0.5487804878048738 192
1780528955843 0.4999999999999967 193
1780528955844 0.5844704353476223 194
1780528955846 0.6487341772151813 195
1780528955848 0.5315587820124984 196
1780528955849 0.49999999999999695 197
1780528955851 0.5424911796287731 198
1780528955853 0.5675455488075789 199
1780528955854 0.5124999999999966 200
1780528955856 0.5944940476190413 201
1780528955858 0.522727272727269 202
1780528955859 0.5559210526315744 203
1780528955861 0.5415494000888644 204
1780528955863 0.6584415584415503 205
1780528955864 0.49681528662420066 206
1780528955866 0.5363872644574358 207
1780528955868 0.499999999999997 208
1780528955870 0.5881555153706997 209
1780528955871 0.6425136793234882 210
1780528955873 0.537499999999996 211
1780528955875 0.5487804878048738 212
1780528955876 0.559523809523805 213
1780528955878 0.5696881091617882 214
1780528955880 0.5880858272162567 215
1780528955881 0.5738174868609601 216
1780528955883 0.6258305647840448 217
1780528955885 0.6547768043387492 218
1780528955887 0.6539624924379813 219
1780528955888 0.5270270270270232 220
1780528955890 0.5707118967988483 221
1780528955892 0.6673441734417256 222
1780528955893 0.6382855247885841 223
1780528955895 0.5312499999999961 224
1780528955897 0.5852941176470526 225
1780528955898 0.5848390739695034 226
1780528955900 0.6829268292682831 227
1780528955902 0.5652173913043432 228
1780528955903 0.6687499999999904 229
1780528955905 0.6471861471861394 230
1780528955907 0.5697695518054747 231
1780528955908 0.5627030539311193 232
1780528955910 0.7467749641662571 233
1780528955912 0.6935483870967649 234
1780528955913 0.5593749999999953 235
1780528955915 0.5602678571428519 236
1780528955917 0.634663103645726 237
1780528955918 0.5243902439024353 238
1780528955920 0.5340909090909052 239
1780528955922 0.7093112440558279 240
1780528955923 0.6116268788682503 241
1780528955925 0.5593749999999951 242
1780528955927 0.5509865693914728 243
1780528955928 0.5353559483994226 244
1780528955930 0.49705882352940883 245
1780528955932 0.6625249271360555 246
1780528955934 0.5263157894736805 247
1780528955935 0.6088368153585484 248
1780528955937 0.582437275985658 249
1780528955939 0.6218749999999917 250
1780528955940 0.6799999999999924 251
1780528955942 0.5428571428571386 252
1780528955944 0.5801687763713029 253
1780528955945 0.6749999999999908 254
1780528955947 0.6187499999999938 255
1780528955949 0.6469258589511682 256
1780528955950 0.5363872644574358 257
1780528955952 0.5348837209302286 258
1780528955954 0.7593749999999889 259
1780528955955 0.5805921052631527 260
1780528955957 0.6831168831168716 261
1780528955959 0.6312499999999934 262
1780528955960 0.6192865105908518 263
1780528955962 0.49999999999999695 264
1780528955964 0.5944163215217003 265
1780528955965 0.551020408163261 266
1780528955967 0.7115384615384529 267
1780528955969 0.6763110307414024 268
1780528955970 0.5880758807588019 269
1780528955972 0.5856630824372708 270
1780528955974 0.6214587100662987 271
1780528955975 0.5774349667271569 272
1780528955977 0.578210635461408 273
1780528955979 0.5585664335664289 274
1780528955980 0.6249999999999936 275
1780528955982 0.5468749999999957 276
1780528955984 0.6461264997778009 277
1780528955985 0.5942660134276836 278
1780528955987 0.5742156394330254 279
1780528955989 0.6438452851496215 280
1780528955990 0.6673164392462554 281
1780528955992 0.5434782608695611 282
1780528955994 0.5714733542319701 283
1780528955995 0.5627030539311193 284
1780528955997 0.674910394265223 285
1780528955999 0.5867383512544746 286
1780528956000 0.7094282529065046 287
1780528956002 0.5516802038541122 288
1780528956004 0.6822742474916293 289
1780528956005 0.5491039426523253 290
1780528956007 0.6994635798983531 291
1780528956009 0.6832750582750491 292
1780528956010 0.678200129954507 293
1780528956012 0.5974702380952318 294
1780528956014 0.5843749999999948 295
1780528956015 0.49999999999999717 296
1780528956017 0.5593749999999953 297
1780528956019 0.5958381694577954 298
