1780138639754 0.0 0
1780138639756 0.8983333333333284 1
1780138639759 0.9105555555555507 2
1780138639761 0.9405555555555501 3
1780138639763 0.9399999999999947 4
1780138639775 0.9222222222222172 5
1780138639779 0.9488888888888838 6
1780138639781 0.9666666666666612 7
1780138639784 0.9722222222222168 8
1780138639788 0.9688888888888835 9
1780138639791 0.9766666666666612 10
1780138639793 0.9861111111111056 11
1780138639795 0.9805555555555501 12
1780138639798 0.9866666666666613 13
1780138639800 0.9822222222222166 14
1780138639802 0.9877777777777721 15
1780138639805 0.9866666666666613 16
1780138639807 0.9511111111111058 17
1780138639809 0.9899999999999943 18
1780138639812 0.9877777777777723 19
1780138639814 0.9783333333333278 20
1780138639816 0.9816666666666611 21
1780138639819 0.9944444444444389 22
1780138639821 0.9922222222222166 23
1780138639823 0.9927777777777722 24
1780138639826 0.9883333333333277 25
1780138639828 0.9866666666666613 26
1780138639830 0.986666666666661 27
1780138639832 0.9916666666666611 28
1780138639834 0.9849999999999944 29
1780138639837 0.9849999999999944 30
1780138639839 0.9872222222222167 31
1780138639841 0.9155555555555506 32
1780138639844 0.974444444444439 33
1780138639846 0.9855555555555501 34
1780138639848 0.9877777777777723 35
1780138639850 0.9877777777777723 36
1780138639853 0.9838888888888834 37
1780138639855 0.9833333333333278 38
1780138639857 0.99055555555555 39
1780138639859 0.9811111111111057 40
1780138639862 0.9822222222222168 41
1780138639865 0.9888888888888834 42
1780138639867 0.9866666666666613 43
1780138639869 0.9872222222222167 44
1780138639871 0.99055555555555 45
1780138639874 0.9877777777777723 46
1780138639876 0.9833333333333278 47
1780138639878 0.9911111111111055 48
1780138639881 0.9805555555555501 49
1780138639883 0.9899999999999946 50
1780138639885 0.9855555555555501 51
1780138639887 0.974444444444439 52
1780138639890 0.986666666666661 53
1780138639892 0.9922222222222168 54
1780138639894 0.9922222222222168 55
1780138639897 0.9883333333333277 56
1780138639899 0.9933333333333276 57
1780138639901 0.9811111111111055 58
1780138639904 0.9922222222222168 59
1780138639906 0.9899999999999943 60
1780138639908 0.9838888888888835 61
1780138639911 0.9916666666666611 62
1780138639913 0.9894444444444389 63
1780138639915 0.9866666666666613 64
1780138639918 0.9899999999999943 65
1780138639920 0.9911111111111055 66
1780138639923 0.9916666666666611 67
1780138639925 0.9894444444444389 68
1780138639927 0.9938888888888833 69
1780138639929 0.9872222222222167 70
1780138639932 0.9788888888888835 71
1780138639934 0.978333333333328 72
1780138639936 0.9927777777777722 73
1780138639938 0.9861111111111056 74
1780138639941 0.9944444444444389 75
1780138639943 0.9861111111111056 76
1780138639945 0.99055555555555 77
1780138639952 0.9899999999999946 78
1780138639955 0.9888888888888834 79
1780138639957 0.9949999999999944 80
1780138639959 0.9888888888888834 81
1780138639962 0.9688888888888834 82
1780138639964 0.9877777777777723 83
1780138639966 0.9883333333333277 84
1780138639969 0.9849999999999944 85
1780138639971 0.9883333333333277 86
1780138639973 0.9949999999999944 87
1780138639975 0.978333333333328 88
1780138639978 0.9877777777777721 89
1780138639980 0.9844444444444388 90
1780138639982 0.9916666666666611 91
1780138639984 0.9944444444444388 92
1780138639987 0.9933333333333276 93
1780138639989 0.9927777777777722 94
1780138639991 0.9916666666666611 95
1780138639994 0.9883333333333277 96
1780138639996 0.9927777777777722 97
1780138639998 0.9916666666666611 98
1780138640000 0.9916666666666611 99
1780138640003 0.9933333333333279 100
1780138640005 0.9922222222222166 101
1780138640007 0.9883333333333277 102
1780138640010 0.9922222222222168 103
1780138640012 0.9961111111111055 104
1780138640015 0.9944444444444389 105
1780138640017 0.9899999999999946 106
1780138640019 0.9877777777777723 107
1780138640021 0.9838888888888834 108
1780138640024 0.9922222222222166 109
1780138640026 0.9927777777777722 110
1780138640028 0.9933333333333276 111
1780138640030 0.99055555555555 112
1780138640033 0.9922222222222166 113
1780138640035 0.9911111111111056 114
1780138640037 0.9833333333333277 115
1780138640039 0.9966666666666611 116
1780138640042 0.9894444444444389 117
1780138640044 0.9911111111111056 118
1780138640046 0.9888888888888834 119
1780138640048 0.9916666666666611 120
1780138640051 0.9944444444444389 121
1780138640053 0.9944444444444389 122
1780138640056 0.9938888888888833 123
1780138640058 0.9788888888888835 124
1780138640060 0.9911111111111056 125
1780138640062 0.9944444444444388 126
1780138640065 0.9933333333333276 127
1780138640067 0.9855555555555501 128
1780138640069 0.9916666666666611 129
1780138640071 0.9922222222222166 130
1780138640074 0.9894444444444389 131
1780138640076 0.9938888888888833 132
1780138640078 0.99055555555555 133
1780138640081 0.9944444444444389 134
1780138640083 0.9955555555555501 135
1780138640085 0.9933333333333276 136
1780138640088 0.98555555555555 137
1780138640090 0.9888888888888834 138
1780138640092 0.9911111111111056 139
1780138640095 0.9883333333333277 140
1780138640097 0.9916666666666611 141
1780138640099 0.9949999999999944 142
1780138640101 0.9861111111111056 143
1780138640104 0.9933333333333276 144
1780138640106 0.9938888888888833 145
1780138640108 0.9938888888888833 146
1780138640111 0.9955555555555499 147
1780138640113 0.9972222222222167 148
1780138640115 0.9838888888888834 149
1780138640118 0.9944444444444388 150
1780138640120 0.9933333333333279 151
1780138640123 0.9894444444444389 152
1780138640126 0.9788888888888835 153
1780138640128 0.9944444444444389 154
1780138640130 0.9961111111111055 155
1780138640133 0.9899999999999943 156
1780138640135 0.9922222222222166 157
1780138640137 0.9955555555555499 158
1780138640140 0.9955555555555499 159
1780138640142 0.9949999999999944 160
1780138640144 0.9972222222222167 161
1780138640146 0.9933333333333276 162
1780138640149 0.9955555555555501 163
1780138640151 0.9827777777777724 164
1780138640153 0.996666666666661 165
1780138640156 0.9911111111111055 166
1780138640158 0.996666666666661 167
1780138640160 0.9955555555555499 168
1780138640162 0.9933333333333276 169
1780138640165 0.9961111111111055 170
1780138640167 0.9977777777777723 171
1780138640169 0.9927777777777722 172
1780138640172 0.9944444444444388 173
1780138640174 0.9933333333333276 174
1780138640176 0.9938888888888833 175
1780138640178 0.9916666666666611 176
1780138640181 0.9961111111111055 177
1780138640183 0.9949999999999944 178
1780138640185 0.9933333333333276 179
1780138640187 0.9977777777777723 180
1780138640190 0.9949999999999944 181
1780138640192 0.9938888888888833 182
1780138640195 0.9899999999999943 183
1780138640197 0.9955555555555501 184
1780138640199 0.9955555555555501 185
1780138640202 0.9816666666666611 186
1780138640204 0.9944444444444388 187
1780138640206 0.9877777777777723 188
1780138640209 0.9949999999999944 189
1780138640211 0.9949999999999944 190
1780138640213 0.9911111111111055 191
1780138640216 0.9944444444444388 192
1780138640218 0.9944444444444389 193
1780138640220 0.9938888888888833 194
1780138640222 0.9883333333333277 195
1780138640225 0.9933333333333276 196
1780138640227 0.9949999999999944 197
1780138640229 0.9833333333333278 198
1780138640232 0.9944444444444388 199
1780138640234 0.9933333333333279 200
1780138640236 0.9972222222222167 201
1780138640238 0.9922222222222166 202
1780138640241 0.9949999999999944 203
1780138640243 0.9894444444444389 204
1780138640245 0.9938888888888833 205
1780138640247 0.9966666666666611 206
1780138640250 0.9955555555555501 207
1780138640252 0.9955555555555499 208
1780138640254 0.9927777777777722 209
1780138640257 0.9961111111111055 210
1780138640259 0.9972222222222167 211
1780138640261 0.9933333333333276 212
1780138640264 0.9949999999999944 213
1780138640266 0.9949999999999944 214
1780138640268 0.9983333333333277 215
1780138640271 0.9922222222222166 216
1780138640273 0.9972222222222167 217
1780138640275 0.9972222222222167 218
1780138640277 0.9994444444444388 219
1780138640280 0.9983333333333277 220
1780138640282 0.996666666666661 221
1780138640284 0.9972222222222167 222
1780138640286 0.9972222222222167 223
1780138640289 0.9972222222222167 224
1780138640291 0.9955555555555499 225
1780138640294 0.9972222222222167 226
1780138640296 0.9966666666666611 227
1780138640298 0.9938888888888833 228
1780138640301 0.9955555555555499 229
1780138640303 0.984444444444439 230
1780138640305 0.9961111111111055 231
1780138640308 0.9972222222222167 232
1780138640310 0.9955555555555499 233
1780138640312 0.9933333333333279 234
1780138640315 0.9827777777777722 235
1780138640317 0.9966666666666611 236
1780138640319 0.9894444444444389 237
1780138640321 0.9961111111111055 238
1780138640324 0.9966666666666611 239
1780138640326 0.9961111111111055 240
1780138640328 0.9949999999999944 241
1780138640331 0.9961111111111055 242
1780138640333 0.9972222222222167 243
1780138640335 0.9944444444444389 244
1780138640337 0.9988888888888834 245
1780138640340 0.996666666666661 246
1780138640342 0.9972222222222167 247
1780138640344 0.9955555555555501 248
1780138640347 0.9827777777777724 249
1780138640349 0.996666666666661 250
1780138640351 0.9961111111111055 251
1780138640354 0.9927777777777722 252
1780138640356 0.9927777777777722 253
1780138640358 0.9961111111111055 254
1780138640361 0.9972222222222167 255
1780138640363 0.9972222222222167 256
1780138640365 0.9938888888888833 257
1780138640367 0.9961111111111055 258
1780138640370 0.9972222222222167 259
1780138640372 0.9977777777777723 260
1780138640375 0.9922222222222166 261
1780138640377 0.9933333333333279 262
1780138640379 0.9955555555555499 263
1780138640381 0.9977777777777721 264
1780138640384 0.9966666666666611 265
1780138640386 0.9944444444444389 266
1780138640388 0.9949999999999944 267
1780138640391 0.9899999999999946 268
1780138640393 0.9961111111111055 269
1780138640395 0.9944444444444389 270
1780138640398 0.9972222222222167 271
1780138640400 0.9966666666666611 272
1780138640402 0.9944444444444389 273
1780138640405 0.9966666666666611 274
1780138640407 0.9972222222222167 275
1780138640409 0.9933333333333276 276
1780138640411 0.9966666666666611 277
1780138640414 0.9949999999999944 278
1780138640416 0.9888888888888834 279
1780138640418 0.9799999999999945 280
1780138640420 0.9877777777777723 281
1780138640423 0.9927777777777722 282
1780138640425 0.9933333333333279 283
1780138640427 0.9961111111111055 284
1780138640430 0.9977777777777723 285
1780138640432 0.9972222222222167 286
1780138640435 0.9966666666666611 287
1780138640437 0.996666666666661 288
1780138640439 0.9983333333333277 289
1780138640442 0.9949999999999944 290
1780138640444 0.9983333333333277 291
1780138640446 0.9961111111111055 292
1780138640449 0.996666666666661 293
1780138640451 0.9933333333333279 294
1780138640453 0.9949999999999944 295
1780138640456 0.9961111111111055 296
1780138640458 0.9955555555555501 297
1780138640460 0.9883333333333277 298
1780138640463 0.9944444444444389 299
1780138640465 0.9927777777777722 300
1780138640467 0.9988888888888832 301
1780138640470 0.9972222222222167 302
1780138640472 0.9938888888888833 303
1780138640474 0.9861111111111056 304
1780138640477 0.9938888888888833 305
1780138640479 0.9972222222222167 306
1780138640481 0.9961111111111055 307
1780138640484 0.9899999999999943 308
1780138640486 0.9944444444444389 309
1780138640488 0.9949999999999944 310
1780138640491 0.9938888888888833 311
1780138640493 0.9961111111111055 312
1780138640496 0.9883333333333277 313
