1780546663691 0.0 0
1780546663694 0.9016666666666616 1
1780546663695 0.9061111111111062 2
1780546663697 0.9027777777777727 3
1780546663699 0.906111111111106 4
1780546663701 0.9138888888888838 5
1780546663703 0.906111111111106 6
1780546663704 0.9083333333333282 7
1780546663706 0.9066666666666616 8
1780546663708 0.916111111111106 9
1780546663710 0.9072222222222173 10
1780546663711 0.9094444444444392 11
1780546663713 0.9083333333333284 12
1780546663715 0.9133333333333283 13
1780546663717 0.9116666666666615 14
1780546663719 0.917222222222217 15
1780546663720 0.9083333333333282 16
1780546663722 0.9211111111111061 17
1780546663724 0.9099999999999948 18
1780546663726 0.9177777777777727 19
1780546663728 0.9205555555555506 20
1780546663729 0.9194444444444393 21
1780546663731 0.906111111111106 22
1780546663733 0.9149999999999949 23
1780546663735 0.9183333333333282 24
1780546663736 0.9227777777777726 25
1780546663738 0.916111111111106 26
1780546663740 0.9005555555555507 27
1780546663742 0.9183333333333282 28
1780546663743 0.9144444444444393 29
1780546663745 0.9205555555555505 30
1780546663747 0.9188888888888839 31
1780546663749 0.9144444444444393 32
1780546663750 0.9238888888888838 33
1780546663752 0.9083333333333282 34
1780546663754 0.9211111111111061 35
1780546663756 0.917222222222217 36
1780546663758 0.9272222222222171 37
1780546663759 0.931111111111106 38
1780546663761 0.9194444444444393 39
1780546663763 0.9205555555555505 40
1780546663765 0.9183333333333283 41
1780546663767 0.9261111111111061 42
1780546663768 0.9188888888888836 43
1780546663770 0.9199999999999949 44
1780546663772 0.9222222222222172 45
1780546663774 0.917222222222217 46
1780546663775 0.9188888888888836 47
1780546663777 0.917222222222217 48
1780546663779 0.9166666666666614 49
1780546663781 0.9227777777777726 50
1780546663783 0.9249999999999948 51
1780546663784 0.9149999999999949 52
1780546663786 0.9233333333333281 53
1780546663788 0.9211111111111059 54
1780546663790 0.9244444444444394 55
1780546663791 0.9222222222222172 56
1780546663793 0.9116666666666617 57
1780546663795 0.9216666666666615 58
1780546663797 0.9205555555555505 59
1780546663798 0.9127777777777727 60
1780546663800 0.9194444444444395 61
1780546663802 0.9222222222222172 62
1780546663804 0.9199999999999948 63
1780546663805 0.9166666666666614 64
1780546663807 0.9238888888888835 65
1780546663809 0.9166666666666614 66
1780546663810 0.9227777777777728 67
1780546663812 0.9194444444444393 68
1780546663814 0.9205555555555505 69
1780546663816 0.9149999999999949 70
1780546663817 0.9133333333333283 71
1780546663819 0.9266666666666616 72
1780546663821 0.9227777777777726 73
1780546663822 0.926111111111106 74
1780546663824 0.9205555555555506 75
1780546663826 0.9222222222222172 76
1780546663828 0.9177777777777727 77
1780546663829 0.9222222222222172 78
1780546663831 0.9149999999999949 79
1780546663833 0.9199999999999949 80
1780546663834 0.9222222222222172 81
1780546663836 0.9272222222222173 82
1780546663838 0.924999999999995 83
1780546663840 0.9244444444444394 84
1780546663841 0.916111111111106 85
1780546663843 0.9105555555555505 86
1780546663845 0.9244444444444394 87
1780546663847 0.9266666666666616 88
1780546663848 0.9283333333333281 89
1780546663850 0.9233333333333281 90
1780546663852 0.9277777777777727 91
1780546663854 0.9211111111111061 92
1780546663856 0.916111111111106 93
1780546663858 0.9283333333333281 94
1780546663859 0.9272222222222168 95
1780546663861 0.9205555555555505 96
1780546663863 0.917222222222217 97
1780546663864 0.9272222222222171 98
1780546663866 0.9183333333333282 99
1780546663868 0.9227777777777726 100
1780546663870 0.916111111111106 101
1780546663871 0.9299999999999947 102
1780546663873 0.9255555555555505 103
1780546663875 0.9255555555555504 104
1780546663877 0.9177777777777727 105
1780546663878 0.9327777777777726 106
1780546663880 0.9244444444444392 107
1780546663882 0.9194444444444393 108
1780546663883 0.9183333333333283 109
1780546663885 0.9266666666666616 110
1780546663887 0.9227777777777726 111
1780546663888 0.9249999999999948 112
1780546663890 0.9283333333333281 113
1780546663892 0.9305555555555506 114
1780546663894 0.926111111111106 115
1780546663895 0.9205555555555506 116
1780546663897 0.9172222222222169 117
1780546663899 0.9266666666666616 118
1780546663900 0.9244444444444392 119
1780546663902 0.9155555555555503 120
1780546663904 0.9272222222222171 121
1780546663905 0.9199999999999948 122
1780546663907 0.9211111111111059 123
1780546663909 0.9272222222222171 124
1780546663911 0.9161111111111058 125
1780546663912 0.9344444444444395 126
1780546663914 0.9238888888888838 127
1780546663916 0.9233333333333281 128
1780546663918 0.9294444444444394 129
1780546663919 0.9255555555555504 130
1780546663921 0.922222222222217 131
1780546663923 0.9283333333333283 132
1780546663924 0.9166666666666616 133
1780546663926 0.9283333333333281 134
1780546663928 0.9283333333333281 135
1780546663930 0.9294444444444393 136
1780546663931 0.916111111111106 137
1780546663933 0.924999999999995 138
1780546663935 0.9249999999999948 139
1780546663936 0.9349999999999948 140
1780546663938 0.9272222222222173 141
1780546663940 0.9277777777777727 142
1780546663942 0.9222222222222172 143
1780546663944 0.9249999999999948 144
1780546663945 0.9233333333333282 145
1780546663947 0.9255555555555504 146
1780546663949 0.9111111111111061 147
1780546663951 0.9188888888888836 148
1780546663952 0.9272222222222173 149
1780546663954 0.9283333333333281 150
1780546663956 0.9277777777777725 151
1780546663957 0.926111111111106 152
1780546663959 0.9249999999999948 153
1780546663961 0.9244444444444392 154
1780546663963 0.9255555555555505 155
1780546663965 0.9255555555555504 156
1780546663966 0.9261111111111058 157
1780546663968 0.9255555555555504 158
1780546663970 0.9277777777777725 159
1780546663971 0.9333333333333282 160
1780546663974 0.9216666666666615 161
1780546663975 0.9355555555555505 162
1780546663977 0.9333333333333282 163
1780546663979 0.9216666666666615 164
1780546663981 0.9166666666666614 165
1780546663982 0.9338888888888837 166
1780546663984 0.9344444444444392 167
1780546663986 0.931111111111106 168
1780546663988 0.933333333333328 169
1780546663989 0.9255555555555505 170
1780546663991 0.9299999999999949 171
1780546663993 0.9383333333333281 172
1780546663994 0.9344444444444393 173
1780546663996 0.9333333333333282 174
1780546663998 0.9233333333333281 175
1780546664000 0.926111111111106 176
1780546664001 0.9316666666666615 177
1780546664003 0.9327777777777726 178
1780546664005 0.9216666666666613 179
1780546664007 0.926111111111106 180
1780546664008 0.9155555555555506 181
1780546664010 0.916111111111106 182
1780546664012 0.9266666666666616 183
1780546664013 0.9299999999999947 184
1780546664015 0.9294444444444393 185
1780546664017 0.9294444444444391 186
1780546664019 0.9288888888888837 187
1780546664020 0.933333333333328 188
1780546664022 0.9199999999999949 189
1780546664024 0.9288888888888838 190
1780546664026 0.9227777777777726 191
1780546664027 0.9222222222222172 192
1780546664029 0.926111111111106 193
1780546664031 0.9316666666666615 194
1780546664033 0.9255555555555505 195
1780546664034 0.9233333333333282 196
1780546664036 0.9299999999999947 197
1780546664038 0.9288888888888838 198
1780546664040 0.9272222222222173 199
1780546664041 0.9249999999999947 200
1780546664043 0.9338888888888837 201
1780546664045 0.9344444444444393 202
1780546664047 0.932222222222217 203
1780546664048 0.9216666666666615 204
1780546664050 0.9283333333333283 205
1780546664052 0.9333333333333282 206
1780546664054 0.9233333333333282 207
1780546664055 0.9238888888888838 208
1780546664057 0.9233333333333281 209
1780546664059 0.9266666666666614 210
1780546664062 0.9361111111111059 211
1780546664064 0.9299999999999947 212
1780546664066 0.9377777777777727 213
1780546664067 0.9316666666666615 214
1780546664069 0.932222222222217 215
1780546664071 0.9344444444444393 216
1780546664073 0.9244444444444392 217
1780546664074 0.9238888888888838 218
1780546664076 0.9255555555555505 219
1780546664078 0.9366666666666614 220
1780546664079 0.9288888888888838 221
1780546664081 0.931111111111106 222
1780546664083 0.9316666666666615 223
1780546664085 0.9266666666666616 224
1780546664086 0.9344444444444393 225
1780546664088 0.9238888888888838 226
1780546664090 0.9299999999999947 227
1780546664092 0.933333333333328 228
1780546664093 0.9349999999999948 229
1780546664095 0.9361111111111061 230
1780546664097 0.932222222222217 231
1780546664099 0.9361111111111059 232
1780546664100 0.932222222222217 233
1780546664102 0.9299999999999947 234
1780546664104 0.9399999999999948 235
1780546664106 0.9299999999999949 236
1780546664107 0.9344444444444392 237
1780546664109 0.9305555555555504 238
1780546664111 0.9316666666666615 239
1780546664113 0.9327777777777726 240
1780546664114 0.933333333333328 241
1780546664116 0.9283333333333281 242
1780546664118 0.932222222222217 243
1780546664120 0.9238888888888838 244
1780546664122 0.9288888888888838 245
1780546664123 0.9322222222222172 246
1780546664125 0.9333333333333282 247
1780546664127 0.9283333333333281 248
1780546664129 0.9322222222222172 249
1780546664130 0.9383333333333284 250
1780546664132 0.9294444444444391 251
1780546664134 0.9238888888888838 252
1780546664136 0.9377777777777725 253
1780546664138 0.9399999999999947 254
1780546664139 0.9338888888888837 255
1780546664141 0.9316666666666616 256
1780546664143 0.9288888888888837 257
1780546664145 0.9283333333333281 258
1780546664147 0.9316666666666613 259
1780546664148 0.9361111111111059 260
1780546664150 0.9327777777777726 261
1780546664152 0.9144444444444394 262
1780546664154 0.9272222222222171 263
1780546664155 0.9377777777777727 264
1780546664157 0.9249999999999948 265
1780546664159 0.9277777777777727 266
1780546664161 0.9338888888888837 267
1780546664162 0.9305555555555504 268
1780546664164 0.9377777777777725 269
1780546664166 0.9311111111111059 270
1780546664168 0.9344444444444393 271
1780546664169 0.9333333333333282 272
1780546664171 0.9338888888888837 273
1780546664173 0.9394444444444392 274
1780546664175 0.9327777777777726 275
1780546664177 0.9327777777777724 276
1780546664179 0.9366666666666615 277
1780546664181 0.9361111111111059 278
1780546664183 0.926111111111106 279
1780546664185 0.9361111111111059 280
1780546664187 0.932222222222217 281
1780546664188 0.9366666666666614 282
1780546664190 0.9338888888888837 283
1780546664192 0.9388888888888836 284
1780546664194 0.9294444444444393 285
1780546664195 0.9316666666666615 286
1780546664197 0.9266666666666614 287
1780546664199 0.9433333333333282 288
1780546664201 0.9316666666666615 289
1780546664202 0.9238888888888838 290
1780546664204 0.9305555555555506 291
1780546664206 0.9277777777777727 292
1780546664207 0.9199999999999949 293
1780546664209 0.9299999999999949 294
1780546664211 0.9183333333333283 295
1780546664213 0.9227777777777726 296
1780546664214 0.9361111111111059 297
1780546664216 0.9377777777777727 298
