1780557141786 0.0 0
1780557141789 0.5215734733807023 1
1780557141791 0.7404040404040404 2
1780557141794 0.6579117678783303 3
1780557141796 0.7419338105612615 4
1780557141799 0.8083333333333333 5
1780557141801 0.5118110236220472 6
1780557141804 0.739281210592686 7
1780557141806 0.5043103448275862 8
1780557141809 0.5938358254501068 9
1780557141812 0.6016659975913288 10
1780557141814 0.693168741500157 11
1780557141817 0.6464723150116408 12
1780557141819 0.7626373626373626 13
1780557141822 0.7499227679950572 14
1780557141824 0.6851395730706076 15
1780557141833 0.6708333333333333 16
1780557141835 0.8045454545454546 17
1780557141838 0.5786666666666667 18
1780557141840 0.7786666666666666 19
1780557141843 0.7112130145212359 20
1780557141846 0.5068493150684932 21
1780557141848 0.7104166666666667 22
1780557141851 0.5441176470588235 23
1780557141853 0.7888616891064872 24
1780557141856 0.7245762711864407 25
1780557141858 0.8045820692541061 26
1780557141861 0.79375 27
1780557141863 0.7604723707664884 28
1780557141866 0.7397039897039897 29
1780557141868 0.8919332699820505 30
1780557141871 0.8138107416879796 31
1780557141873 0.8039116846456296 32
1780557141876 0.7755681818181819 33
1780557141878 0.7955023118957545 34
1780557141881 0.7187203040861577 35
1780557141883 0.6161616161616161 36
1780557141886 0.7221972842554147 37
1780557141888 0.7815134484142915 38
1780557141891 0.8092071611253197 39
1780557141893 0.6822251337482258 40
1780557141896 0.8083616298811545 41
1780557141898 0.7195248469758273 42
1780557141901 0.8075914910777295 43
1780557141903 0.685555191614805 44
1780557141906 0.8482133819212472 45
1780557141908 0.8241518829754124 46
1780557141911 0.6824100868127325 47
1780557141913 0.7219285945421205 48
1780557141916 0.7441151744430432 49
1780557141918 0.6135981504833964 50
1780557141921 0.7808045612923662 51
1780557141923 0.6257649938800489 52
1780557141926 0.706344349245206 53
1780557141928 0.7873263888888888 54
1780557141931 0.8020833333333333 55
1780557141933 0.670214964861513 56
1780557141936 0.7915576943194895 57
1780557141938 0.8354166666666667 58
1780557141941 0.6266666666666667 59
1780557141943 0.667774936061381 60
1780557141946 0.7608125819134994 61
1780557141948 0.8598345588235294 62
1780557141951 0.7861625670614434 63
1780557141953 0.7748302207130731 64
1780557141956 0.7836916081025217 65
1780557141958 0.7520833333333333 66
1780557141961 0.76875 67
1780557141963 0.7772173182009248 68
1780557141966 0.6907561212382699 69
1780557141968 0.62998712998713 70
1780557141971 0.5780051150895141 71
1780557141973 0.7770833333333333 72
1780557141976 0.7922262255704771 73
1780557141978 0.8649425287356323 74
1780557141981 0.8499589490968802 75
1780557141983 0.7948849104859335 76
1780557141986 0.8012619997842736 77
1780557141988 0.7811988208319685 78
1780557141991 0.7126769626769627 79
1780557141993 0.7736263736263737 80
1780557141996 0.7339409722222222 81
1780557141998 0.8145833333333334 82
1780557142001 0.7796266233766234 83
1780557142003 0.8370394955194158 84
1780557142006 0.7912326388888888 85
1780557142008 0.8293553651570787 86
1780557142011 0.6482017362546507 87
1780557142013 0.8498721227621484 88
1780557142016 0.6706337096938256 89
1780557142018 0.773767516886783 90
1780557142021 0.8314940577249575 91
1780557142023 0.7674443043295502 92
1780557142026 0.6692913385826772 93
1780557142033 0.7742006859165838 94
1780557142036 0.7379032258064516 95
1780557142038 0.8505550368295467 96
1780557142041 0.805079559363525 97
1780557142043 0.7415224212977022 98
1780557142046 0.822088480625066 99
1780557142048 0.8234807771806532 100
1780557142051 0.7645833333333334 101
1780557142053 0.8570258761873567 102
1780557142056 0.6506024096385542 103
1780557142058 0.6828077656828638 104
1780557142061 0.7558911384002656 105
1780557142063 0.8375 106
1780557142066 0.6128180762327103 107
1780557142068 0.8325423363175493 108
1780557142071 0.8360613810741688 109
1780557142074 0.8158914728682171 110
1780557142076 0.6311475409836066 111
1780557142079 0.784 112
1780557142081 0.7860057119543044 113
1780557142084 0.7854166666666667 114
1780557142086 0.6753466535647996 115
1780557142089 0.7504522840343736 116
1780557142092 0.7190047190047191 117
1780557142094 0.8005494505494506 118
1780557142097 0.8413149350649352 119
1780557142099 0.7236233711643547 120
1780557142102 0.8166666666666667 121
1780557142104 0.8480000000000001 122
1780557142107 0.7364967958498627 123
1780557142109 0.7981748726655349 124
1780557142112 0.8130131362889984 125
1780557142114 0.8790584415584416 126
1780557142117 0.779542138929413 127
1780557142119 0.8481680920705311 128
1780557142122 0.8076923076923077 129
1780557142124 0.7327586206896552 130
1780557142127 0.7933503836317135 131
1780557142129 0.8108935128518971 132
1780557142132 0.7375 133
1780557142134 0.8545688545688546 134
1780557142137 0.700530395756834 135
1780557142139 0.8713777591798305 136
1780557142142 0.8152095561734116 137
1780557142144 0.8058149405772496 138
1780557142147 0.7710906979199662 139
1780557142149 0.8399237254114813 140
1780557142152 0.5357142857142857 141
1780557142154 0.7259198015708971 142
1780557142157 0.7906666666666666 143
1780557142159 0.7800126702565726 144
1780557142162 0.7265984654731458 145
1780557142164 0.7297909587066214 146
1780557142167 0.8187500000000001 147
1780557142170 0.8426666666666667 148
1780557142172 0.8418930390492361 149
1780557142175 0.4560075685903501 150
1780557142177 0.5 151
1780557142180 0.5 152
1780557142182 0.5 153
1780557142185 0.5 154
1780557142187 0.5394265232974911 155
1780557142190 0.5383365821962313 156
1780557142192 0.5 157
1780557142195 0.5213209943748865 158
1780557142197 0.5 159
1780557142200 0.5 160
1780557142203 0.5218637992831541 161
1780557142206 0.5 162
1780557142208 0.5 163
1780557142211 0.5 164
1780557142213 0.5 165
1780557142216 0.5 166
1780557142218 0.5 167
1780557142221 0.5 168
1780557142223 0.5 169
1780557142226 0.5 170
1780557142228 0.5144131231087753 171
1780557142231 0.5 172
1780557142233 0.5375 173
1780557142236 0.5 174
1780557142238 0.5 175
1780557142241 0.5135135135135135 176
1780557142243 0.6064659977703456 177
1780557142246 0.5 178
1780557142248 0.5 179
1780557142251 0.5 180
1780557142254 0.5 181
1780557142256 0.5 182
1780557142258 0.5330572173646265 183
1780557142261 0.5291455744746126 184
1780557142263 0.5496241754870379 185
1780557142266 0.49693251533742333 186
1780557142268 0.5252031172276571 187
1780557142271 0.5256410256410257 188
1780557142273 0.5 189
1780557142276 0.5369847543760587 190
1780557142278 0.6384774645644211 191
1780557142281 0.4906832298136646 192
1780557142283 0.521875 193
1780557142286 0.5357142857142857 194
1780557142288 0.5 195
1780557142291 0.5104166666666666 196
1780557142293 0.5914554905782976 197
1780557142296 0.645479668377418 198
1780557142298 0.5 199
1780557142301 0.5 200
1780557142303 0.5 201
1780557142306 0.5 202
1780557142308 0.6852953101770509 203
1780557142311 0.611598440545809 204
1780557142314 0.5611814345991561 205
1780557142316 0.5133333333333333 206
1780557142318 0.5635881280053059 207
1780557142321 0.5737032401613128 208
1780557142324 0.5 209
1780557142326 0.5874343048256092 210
1780557142329 0.5785704352663051 211
1780557142331 0.5181009357263384 212
1780557142334 0.735695658843381 213
1780557142336 0.5304912478825522 214
1780557142339 0.5152456239412762 215
1780557142341 0.524390243902439 216
1780557142344 0.5348837209302325 217
1780557142346 0.5403116531165312 218
1780557142349 0.5646929824561403 219
1780557142351 0.5087719298245614 220
1780557142354 0.5727598566308244 221
1780557142356 0.6659891598915989 222
1780557142359 0.6255560668814235 223
1780557142361 0.5282738095238095 224
1780557142364 0.5 225
1780557142366 0.5156283451081138 226
1780557142369 0.5619076426698931 227
1780557142371 0.5509526867908371 228
1780557142374 0.49673202614379086 229
1780557142377 0.6005637539379871 230
1780557142379 0.5402858999350227 231
1780557142382 0.5759318913943856 232
1780557142384 0.6376683203401843 233
1780557142387 0.6285591950331835 234
1780557142389 0.5 235
1780557142392 0.5111111111111111 236
1780557142394 0.5 237
1780557142397 0.5 238
1780557142399 0.5 239
1780557142402 0.5238095238095238 240
1780557142404 0.5302960576775579 241
1780557142407 0.5 242
1780557142409 0.5 243
1780557142412 0.5 244
1780557142415 0.521875 245
1780557142417 0.5983253191842148 246
1780557142420 0.5 247
1780557142422 0.5 248
1780557142425 0.5125 249
1780557142427 0.65625 250
1780557142430 0.5125 251
1780557142432 0.5293619424054207 252
1780557142435 0.5827216261998871 253
1780557142437 0.5090504678631692 254
1780557142440 0.615782767956681 255
1780557142442 0.6095238095238096 256
1780557142445 0.6956845238095238 257
1780557142447 0.6845835324096193 258
1780557142450 0.5087402049427365 259
1780557142452 0.5 260
1780557142455 0.6455744746126707 261
1780557142457 0.6326754385964912 262
1780557142460 0.5 263
1780557142462 0.7363636363636363 264
1780557142465 0.5225108225108225 265
1780557142467 0.7008928571428572 266
1780557142470 0.5 267
1780557142472 0.5 268
1780557142475 0.5875 269
1780557142477 0.5 270
1780557142480 0.5077913279132791 271
1780557142482 0.5 272
1780557142485 0.6826967326277036 273
1780557142487 0.5 274
1780557142490 0.6205821205821206 275
1780557142492 0.6725437010247137 276
1780557142495 0.6054488989271598 277
1780557142497 0.5 278
1780557142500 0.6799999999999999 279
1780557142502 0.5688172043010753 280
1780557142505 0.6948267285690599 281
1780557142507 0.7254480286738352 282
1780557142510 0.56875 283
1780557142512 0.5106382978723404 284
1780557142515 0.5100714749837557 285
1780557142517 0.5 286
1780557142520 0.5 287
1780557142522 0.5319148936170213 288
1780557142525 0.5444544906570223 289
1780557142527 0.5 290
1780557142530 0.5104166666666666 291
1780557142532 0.6422200987418378 292
1780557142535 0.6564212709228263 293
1780557142537 0.6466666666666666 294
1780557142540 0.5657436577681976 295
1780557142542 0.5538438749814842 296
1780557142545 0.5650994575045208 297
1780557142547 0.6522472771897531 298
