1780136399649 0.0 0
1780136399652 0.8966666666666617 1
1780136399654 0.9133333333333281 2
1780136399657 0.9272222222222171 3
1780136399659 0.9233333333333282 4
1780136399661 0.9266666666666614 5
1780136399663 0.9427777777777726 6
1780136399666 0.9299999999999947 7
1780136399668 0.9466666666666615 8
1780136399670 0.9194444444444393 9
1780136399672 0.933333333333328 10
1780136399675 0.9494444444444392 11
1780136399677 0.9466666666666613 12
1780136399679 0.9433333333333282 13
1780136399682 0.9449999999999946 14
1780136399684 0.9527777777777725 15
1780136399686 0.9494444444444392 16
1780136399688 0.9544444444444391 17
1780136399691 0.9388888888888836 18
1780136399693 0.9494444444444392 19
1780136399695 0.953333333333328 20
1780136399697 0.9544444444444391 21
1780136399700 0.9616666666666612 22
1780136399702 0.9599999999999946 23
1780136399704 0.9644444444444391 24
1780136399706 0.953333333333328 25
1780136399709 0.9483333333333279 26
1780136399711 0.9661111111111058 27
1780136399714 0.949444444444439 28
1780136399716 0.9672222222222168 29
1780136399718 0.9661111111111058 30
1780136399720 0.9616666666666612 31
1780136399723 0.9577777777777724 32
1780136399725 0.9616666666666612 33
1780136399727 0.9599999999999946 34
1780136399730 0.9722222222222168 35
1780136399732 0.9611111111111057 36
1780136399734 0.9394444444444391 37
1780136399736 0.9755555555555502 38
1780136399739 0.9511111111111059 39
1780136399741 0.9638888888888836 40
1780136399743 0.9566666666666613 41
1780136399745 0.9683333333333278 42
1780136399747 0.9655555555555502 43
1780136399750 0.9616666666666613 44
1780136399752 0.97555555555555 45
1780136399754 0.9805555555555501 46
1780136399756 0.9811111111111055 47
1780136399758 0.9805555555555501 48
1780136399761 0.9872222222222167 49
1780136399763 0.9788888888888835 50
1780136399765 0.9794444444444389 51
1780136399767 0.9772222222222167 52
1780136399770 0.9788888888888833 53
1780136399772 0.9716666666666611 54
1780136399775 0.9716666666666611 55
1780136399777 0.9627777777777725 56
1780136399779 0.9738888888888836 57
1780136399781 0.9749999999999945 58
1780136399784 0.9738888888888834 59
1780136399786 0.9705555555555501 60
1780136399788 0.9516666666666614 61
1780136399790 0.984444444444439 62
1780136399793 0.9727777777777723 63
1780136399795 0.9777777777777722 64
1780136399797 0.9366666666666615 65
1780136399799 0.9811111111111057 66
1780136399802 0.9838888888888834 67
1780136399804 0.9777777777777723 68
1780136399806 0.9733333333333279 69
1780136399808 0.9833333333333278 70
1780136399811 0.9738888888888834 71
1780136399813 0.9722222222222168 72
1780136399815 0.9883333333333277 73
1780136399818 0.9761111111111058 74
1780136399820 0.9699999999999946 75
1780136399822 0.984444444444439 76
1780136399825 0.9738888888888834 77
1780136399827 0.9733333333333277 78
1780136399829 0.9833333333333277 79
1780136399832 0.984444444444439 80
1780136399834 0.9861111111111056 81
1780136399836 0.9788888888888835 82
1780136399838 0.9733333333333279 83
1780136399841 0.984444444444439 84
1780136399843 0.9861111111111056 85
1780136399845 0.9855555555555501 86
1780136399847 0.9716666666666611 87
1780136399850 0.9816666666666611 88
1780136399852 0.9827777777777722 89
1780136399854 0.9861111111111056 90
1780136399856 0.9661111111111056 91
1780136399859 0.9822222222222168 92
1780136399861 0.9899999999999943 93
1780136399863 0.9838888888888835 94
1780136399865 0.9805555555555501 95
1780136399868 0.9716666666666611 96
1780136399870 0.9911111111111056 97
1780136399872 0.9794444444444389 98
1780136399874 0.9799999999999944 99
1780136399877 0.974444444444439 100
1780136399879 0.9877777777777723 101
1780136399881 0.9794444444444391 102
1780136399883 0.9805555555555501 103
1780136399885 0.9849999999999944 104
1780136399888 0.9911111111111055 105
1780136399890 0.9733333333333277 106
1780136399892 0.9766666666666612 107
1780136399895 0.9861111111111056 108
1780136399897 0.9888888888888833 109
1780136399899 0.9883333333333277 110
1780136399901 0.9816666666666611 111
1780136399904 0.9638888888888836 112
1780136399906 0.99055555555555 113
1780136399908 0.9816666666666614 114
1780136399910 0.9861111111111056 115
1780136399913 0.9944444444444388 116
1780136399915 0.9922222222222168 117
1780136399917 0.99055555555555 118
1780136399919 0.9916666666666611 119
1780136399922 0.9888888888888834 120
1780136399924 0.9833333333333278 121
1780136399926 0.9877777777777721 122
1780136399928 0.99055555555555 123
1780136399931 0.9922222222222166 124
1780136399933 0.9861111111111056 125
1780136399935 0.9783333333333278 126
1780136399937 0.9772222222222167 127
1780136399940 0.9799999999999944 128
1780136399942 0.9827777777777722 129
1780136399944 0.9766666666666612 130
1780136399946 0.9894444444444389 131
1780136399948 0.9849999999999944 132
1780136399951 0.99055555555555 133
1780136399953 0.9872222222222167 134
1780136399955 0.9938888888888833 135
1780136399957 0.9922222222222166 136
1780136399960 0.984444444444439 137
1780136399962 0.9849999999999944 138
1780136399964 0.9883333333333277 139
1780136399967 0.9894444444444389 140
1780136399969 0.9861111111111056 141
1780136399971 0.9838888888888834 142
1780136399973 0.9838888888888834 143
1780136399976 0.9727777777777723 144
1780136399978 0.9899999999999943 145
1780136399980 0.9883333333333277 146
1780136399982 0.99055555555555 147
1780136399985 0.9888888888888834 148
1780136399987 0.9861111111111056 149
1780136399989 0.9844444444444388 150
1780136399991 0.98555555555555 151
1780136399993 0.9888888888888834 152
1780136399996 0.9911111111111056 153
1780136399998 0.9855555555555501 154
1780136400000 0.984444444444439 155
1780136400003 0.9788888888888835 156
1780136400005 0.9838888888888834 157
1780136400007 0.99055555555555 158
1780136400010 0.9944444444444389 159
1780136400012 0.9899999999999946 160
1780136400014 0.9949999999999944 161
1780136400017 0.9916666666666611 162
1780136400021 0.9849999999999944 163
1780136400023 0.9911111111111056 164
1780136400025 0.9855555555555501 165
1780136400027 0.9922222222222168 166
1780136400030 0.9938888888888833 167
1780136400032 0.9944444444444388 168
1780136400034 0.9927777777777722 169
1780136400036 0.9949999999999944 170
1780136400038 0.9961111111111055 171
1780136400041 0.9822222222222168 172
1780136400043 0.9922222222222166 173
1780136400045 0.9738888888888836 174
1780136400047 0.9944444444444389 175
1780136400049 0.9922222222222166 176
1780136400052 0.9949999999999944 177
1780136400054 0.9949999999999944 178
1780136400056 0.9927777777777722 179
1780136400059 0.9961111111111055 180
1780136400061 0.9944444444444388 181
1780136400063 0.9916666666666611 182
1780136400065 0.9922222222222166 183
1780136400068 0.9899999999999946 184
1780136400070 0.9916666666666611 185
1780136400072 0.9927777777777722 186
1780136400074 0.99055555555555 187
1780136400076 0.9916666666666611 188
1780136400079 0.9933333333333279 189
1780136400081 0.9949999999999944 190
1780136400083 0.9944444444444388 191
1780136400085 0.9938888888888833 192
1780136400088 0.9883333333333277 193
1780136400090 0.986666666666661 194
1780136400092 0.9883333333333277 195
1780136400094 0.9911111111111055 196
1780136400097 0.9938888888888833 197
1780136400099 0.9961111111111055 198
1780136400101 0.9949999999999944 199
1780136400103 0.9949999999999944 200
1780136400106 0.9955555555555501 201
1780136400108 0.9877777777777723 202
1780136400110 0.9894444444444389 203
1780136400113 0.9944444444444389 204
1780136400115 0.9933333333333276 205
1780136400117 0.9899999999999946 206
1780136400119 0.9961111111111055 207
1780136400122 0.9877777777777723 208
1780136400124 0.9911111111111055 209
1780136400126 0.9972222222222167 210
1780136400128 0.9955555555555499 211
1780136400130 0.9933333333333279 212
1780136400133 0.9944444444444389 213
1780136400135 0.9933333333333276 214
1780136400137 0.9816666666666614 215
1780136400139 0.9955555555555499 216
1780136400142 0.9899999999999946 217
1780136400144 0.9949999999999944 218
1780136400146 0.9933333333333276 219
1780136400148 0.9972222222222167 220
1780136400151 0.9961111111111055 221
1780136400153 0.9972222222222167 222
1780136400155 0.9944444444444389 223
1780136400157 0.9955555555555501 224
1780136400160 0.9922222222222166 225
1780136400162 0.9949999999999944 226
1780136400164 0.9977777777777721 227
1780136400166 0.9927777777777722 228
1780136400169 0.9955555555555499 229
1780136400171 0.9955555555555499 230
1780136400173 0.9972222222222167 231
1780136400175 0.9961111111111055 232
1780136400178 0.9938888888888833 233
1780136400180 0.9938888888888833 234
1780136400182 0.9855555555555501 235
1780136400184 0.9933333333333279 236
1780136400187 0.9883333333333277 237
1780136400189 0.9955555555555501 238
1780136400191 0.9883333333333277 239
1780136400193 0.9955555555555501 240
1780136400196 0.9922222222222168 241
1780136400198 0.9927777777777722 242
1780136400200 0.9861111111111056 243
1780136400203 0.9922222222222166 244
1780136400205 0.9988888888888834 245
1780136400207 0.9972222222222167 246
1780136400210 0.9949999999999944 247
1780136400212 0.9955555555555501 248
1780136400214 0.9972222222222167 249
1780136400216 0.9955555555555501 250
1780136400218 0.9927777777777722 251
1780136400221 0.9944444444444388 252
1780136400223 0.9955555555555499 253
1780136400225 0.9883333333333277 254
1780136400227 0.9916666666666611 255
1780136400229 0.9961111111111055 256
1780136400232 0.9833333333333277 257
1780136400234 0.9911111111111056 258
1780136400236 0.9899999999999943 259
1780136400238 0.9944444444444388 260
1780136400241 0.9944444444444389 261
1780136400243 0.9972222222222167 262
1780136400245 0.9955555555555499 263
1780136400247 0.996666666666661 264
1780136400250 0.9961111111111055 265
1780136400252 0.9949999999999944 266
1780136400254 0.9944444444444389 267
1780136400256 0.9988888888888834 268
1780136400259 0.9983333333333277 269
1780136400261 0.9949999999999944 270
1780136400263 0.9966666666666611 271
1780136400265 0.9944444444444389 272
1780136400267 0.9972222222222167 273
1780136400270 0.9966666666666611 274
1780136400272 0.9972222222222167 275
1780136400274 0.9927777777777722 276
1780136400276 0.9944444444444389 277
1780136400279 0.9827777777777724 278
1780136400281 0.9955555555555501 279
1780136400283 0.9916666666666611 280
1780136400285 0.9955555555555501 281
1780136400287 0.9888888888888834 282
1780136400290 0.9977777777777721 283
1780136400292 0.9955555555555501 284
1780136400294 0.9961111111111055 285
1780136400297 0.996666666666661 286
1780136400299 0.9955555555555499 287
1780136400301 0.9894444444444389 288
1780136400303 0.9983333333333277 289
1780136400306 0.9944444444444389 290
1780136400308 0.9944444444444388 291
1780136400310 0.9955555555555499 292
1780136400312 0.9949999999999944 293
1780136400315 0.9866666666666613 294
1780136400317 0.9944444444444389 295
1780136400319 0.9949999999999944 296
1780136400321 0.9966666666666611 297
1780136400324 0.9972222222222167 298
1780136400326 0.9933333333333279 299
1780136400328 0.9944444444444388 300
1780136400330 0.9966666666666611 301
1780136400332 0.9977777777777723 302
1780136400335 0.9961111111111055 303
1780136400337 0.9944444444444389 304
1780136400339 0.9961111111111055 305
1780136400342 0.9983333333333277 306
1780136400344 0.9966666666666611 307
1780136400346 0.9955555555555499 308
1780136400348 0.9922222222222168 309
1780136400351 0.9899999999999943 310
1780136400353 0.9949999999999944 311
1780136400355 0.9944444444444389 312
1780136400357 0.9983333333333277 313
