1780705517091 0.0 0
1780705517111 0.05575945793337098 1
1780705517134 0.07282839173405212 2
1780705517157 0.0903254168434434 3
1780705517178 0.16212762856449575 4
1780705517202 0.09569117884489411 5
1780705517223 0.14569629119984837 6
1780705517265 0.1867056030623393 7
1780705517289 0.19190809711566778 8
1780705517311 0.17136957045402576 9
1780705517330 0.19871418848475195 10
1780705517353 0.14442768174475493 11
1780705517375 0.19470266781479598 12
1780705517401 0.18436257704350936 13
1780705517429 0.14085780231838085 14
1780705517470 0.1431025384978373 15
1780705517491 0.14526574511868628 16
1780705517518 0.15647452711121937 17
1780705517542 0.14643545109520162 18
1780705517570 0.1632463236797602 19
1780705517596 0.16688167060439205 20
1780705517617 0.1606585279862442 21
1780705517662 0.14363492021867932 22
1780705517682 0.15793375952643945 23
1780705517701 0.17131831099733405 24
1780705517725 0.16030864727912225 25
1780705517742 0.15223423196163513 26
1780705517767 0.13615168715013917 27
1780705517809 0.13694919763519936 28
1780705517827 0.18435080066902457 29
1780705517854 0.14827586066158638 30
1780705517874 0.14453718366821228 31
1780705517888 0.15017363144373647 32
1780705517908 0.1967537663282344 33
1780705517926 0.11994294701328168 34
1780705517951 0.18298129666307078 35
1780705517973 0.19454940651988148 36
1780705517988 0.15380694292566996 37
1780705518027 0.17931447828326655 38
1780705518046 0.1920264610508513 39
1780705518066 0.13189286768413258 40
1780705518086 0.17267846125263006 41
1780705518108 0.1735609329991345 42
1780705518125 0.1386280258301282 43
1780705518144 0.1813769572584655 44
1780705518167 0.12857754596214058 45
1780705518203 0.18595355906255767 46
1780705518226 0.11268621428900176 47
1780705518253 0.17128062102105615 48
1780705518275 0.11591047998498885 49
1780705518298 0.16542576327672426 50
1780705518323 0.1554196726167158 51
1780705518342 0.12032716170635727 52
1780705518367 0.14992086187170264 53
1780705518396 0.18579587079587082 54
1780705518424 0.13726474106042597 55
1780705518446 0.15937122600109319 56
1780705518471 0.1590215086175129 57
1780705518496 0.1631861545752342 58
1780705518522 0.18295507391194724 59
1780705518544 0.15480475317294767 60
1780705518564 0.15657383172500755 61
1780705518603 0.12337688151641639 62
1780705518625 0.16207327981151007 63
1780705518646 0.1901896074944478 64
1780705518671 0.1594121021950437 65
1780705518691 0.1472982363606529 66
1780705518711 0.14540093978994675 67
1780705518736 0.12101217063794216 68
1780705518755 0.19853157913919167 69
1780705518788 0.17735555829670027 70
1780705518809 0.20136535255632843 71
1780705518828 0.19189401959113325 72
1780705518848 0.17692042468105748 73
1780705518867 0.1782067855782666 74
1780705518890 0.2014875837203794 75
1780705518916 0.12796702091061452 76
1780705518937 0.1858132273260364 77
1780705518979 0.16683825881006345 78
1780705518997 0.14733618498692852 79
1780705519018 0.16259019245526768 80
1780705519041 0.1383791499683701 81
1780705519066 0.13486792496991853 82
1780705519086 0.15567928826864594 83
1780705519109 0.10328138608933682 84
1780705519142 0.19564386074718346 85
1780705519165 0.172917427293324 86
1780705519189 0.18352741091685149 87
1780705519215 0.14841587093087227 88
1780705519255 0.10609720530699632 89
1780705519273 0.16747337650020883 90
1780705519294 0.19124904163734008 91
1780705519315 0.1453765173728158 92
1780705519352 0.1458092190538483 93
1780705519371 0.13662440369302206 94
1780705519389 0.13817642222617627 95
1780705519409 0.1664336820243501 96
1780705519431 0.13949372385633746 97
1780705519446 0.12623095544919763 98
1780705519468 0.1508992329343247 99
1780705519488 0.1631684953742431 100
1780705519523 0.13533541778878938 101
1780705519547 0.17935234526563432 102
1780705519567 0.17065525498962034 103
1780705519587 0.18480810406821044 104
1780705519607 0.14129336129336129 105
1780705519635 0.17671738890304783 106
1780705519655 0.20248868172871495 107
1780705519675 0.16198525351601437 108
1780705519716 0.13447877703691657 109
1780705519741 0.18914245945254943 110
1780705519759 0.1698006122000419 111
1780705519782 0.09628851032526255 112
1780705519803 0.1597450691667359 113
1780705519832 0.16078428513447354 114
1780705519859 0.08964905854379537 115
1780705519889 0.15464961446215694 116
1780705519914 0.13032989072221818 117
1780705519930 0.15959369230401668 118
1780705519949 0.13448311565580245 119
1780705519969 0.13816520951694372 120
1780705519990 0.12883398118083314 121
1780705520013 0.19332927039945577 122
1780705520036 0.1422297726171454 123
1780705520064 0.16668953028392153 124
1780705520108 0.11645160964046412 125
1780705520130 0.20295456503010928 126
1780705520151 0.17779676561006483 127
1780705520173 0.17351531342331947 128
1780705520203 0.1269892217139414 129
1780705520242 0.17337246523003394 130
1780705520270 0.1590488312644056 131
1780705520311 0.19601818104406837 132
1780705520337 0.15318482477377304 133
1780705520365 0.15234600960407413 134
1780705520389 0.15822490525880997 135
1780705520418 0.19123662508520334 136
1780705520445 0.13489700941167068 137
1780705520472 0.1842446889742754 138
1780705520515 0.1743153243184147 139
1780705520537 0.1976059423374012 140
1780705520563 0.14407685439815182 141
1780705520585 0.13009742708272118 142
1780705520603 0.17944387650446905 143
1780705520622 0.16934633684059958 144
1780705520642 0.1932766401726365 145
1780705520663 0.20847521613867176 146
1780705520712 0.17145630448262025 147
1780705520738 0.17715793556547954 148
1780705520765 0.10573488714675727 149
1780705520789 0.19447744511043744 150
1780705520808 0.14570373184734886 151
1780705520835 0.13639721785671585 152
1780705520857 0.16345309808109248 153
1780705520879 0.1281738515932223 154
1780705520914 0.16566053873292802 155
1780705520931 0.16790980203421313 156
1780705520952 0.1053330655145743 157
1780705520975 0.14266170194962763 158
1780705520995 0.1497372902810401 159
1780705521013 0.13731944562980963 160
1780705521035 0.14579862110448044 161
1780705521053 0.16903022690670916 162
1780705521090 0.1936278570278966 163
1780705521112 0.18774768484973875 164
1780705521133 0.16194295900178254 165
1780705521152 0.15216245648388504 166
1780705521177 0.27783779382653045 167
1780705521196 0.1903690259787821 168
1780705521225 0.25464341570376375 169
1780705521261 0.18549946120045785 170
1780705521279 0.22189564370446724 171
1780705521303 0.24097373448088333 172
1780705521328 0.19841579757462982 173
1780705521350 0.2050718954248366 174
1780705521376 0.21617511750614815 175
1780705521396 0.24269625173880488 176
1780705521415 0.22828103325982435 177
1780705521453 0.23409239768403264 178
1780705521475 0.24529071306409259 179
1780705521501 0.19289454148165786 180
1780705521525 0.21831510558674716 181
1780705521543 0.2532071431813515 182
1780705521564 0.18673212286034238 183
1780705521584 0.1944732791783498 184
1780705521614 0.2212135614231896 185
1780705521657 0.22388990315811785 186
1780705521677 0.24579279315528094 187
1780705521698 0.19673093295492317 188
1780705521724 0.2359090600094272 189
1780705521749 0.23462452516701973 190
1780705521773 0.20503361126256073 191
1780705521795 0.27963938961033163 192
1780705521828 0.21136326006295048 193
1780705521854 0.2505598206590264 194
1780705521870 0.2957751893475984 195
1780705521890 0.2859310670430696 196
1780705521912 0.2517836946851619 197
1780705521933 0.2442892366512392 198
1780705521951 0.22900020270895446 199
1780705521972 0.24143473397691792 200
1780705521989 0.26698581142059397 201
1780705522021 0.23948106153494458 202
1780705522041 0.23977417303303858 203
1780705522065 0.23947528883183572 204
1780705522086 0.16030625771318968 205
1780705522107 0.20124975818260574 206
1780705522131 0.19770723356199765 207
1780705522154 0.20693667848358924 208
1780705522173 0.19705190968886224 209
1780705522192 0.21391435641741635 210
1780705522219 0.20133697440168796 211
1780705522239 0.2552688572181233 212
1780705522256 0.21644705740751796 213
1780705522282 0.2529680846838291 214
1780705522300 0.26746515491531997 215
1780705522319 0.2234372506783337 216
1780705522341 0.2535189998718979 217
1780705522357 0.21142836431352566 218
1780705522374 0.20699265199810676 219
1780705522404 0.23511618886183347 220
1780705522423 0.24908861620919803 221
1780705522446 0.20952965009945665 222
1780705522471 0.2663341493165709 223
1780705522492 0.2611276988044965 224
1780705522515 0.2393912787830746 225
1780705522537 0.2075267100172625 226
1780705522576 0.25319173222105473 227
1780705522597 0.19683411866004977 228
1780705522617 0.21153933640768047 229
1780705522637 0.21459351726731707 230
1780705522657 0.18217323629222942 231
1780705522674 0.19361311506601878 232
1780705522697 0.22258014587949004 233
1780705522716 0.25691147368343537 234
1780705522753 0.23623477246392915 235
1780705522780 0.23087792025381698 236
1780705522802 0.2077003580288946 237
1780705522822 0.2382948840093763 238
1780705522848 0.24781537315202268 239
1780705522866 0.20545665686970035 240
1780705522889 0.23325123281937293 241
1780705522913 0.2829320369201004 242
1780705522954 0.2510186975880567 243
1780705522975 0.25141987379102965 244
1780705523001 0.26292831723022014 245
1780705523024 0.2014995194745207 246
1780705523043 0.2594119976310919 247
1780705523063 0.24471081925274474 248
1780705523087 0.2963458402468155 249
1780705523119 0.2091221536049122 250
1780705523140 0.24184090993873605 251
1780705523164 0.21491030906653977 252
1780705523187 0.2294174309310962 253
1780705523205 0.1808369282736517 254
1780705523228 0.24815498930554014 255
1780705523251 0.25364218049640047 256
1780705523275 0.27042715359223435 257
1780705523312 0.23474455512727435 258
1780705523332 0.26620414279400456 259
1780705523353 0.23306985902273541 260
1780705523376 0.27716952719937316 261
1780705523402 0.21523204416299047 262
1780705523428 0.24887537346631813 263
1780705523455 0.24927076295898692 264
1780705523484 0.2366373735024751 265
1780705523531 0.26315447484895493 266
1780705523559 0.2485878266655051 267
1780705523580 0.17596572509615988 268
1780705523597 0.17393495893495894 269
1780705523629 0.23628218537042828 270
1780705523670 0.25829127936360124 271
1780705523699 0.2672489909526187 272
1780705523726 0.2240948810974243 273
1780705523777 0.19916825975486357 274
1780705523801 0.2205054471842225 275
1780705523824 0.20186822968239815 276
1780705523846 0.2466431276667312 277
1780705523873 0.26262418524775977 278
1780705523898 0.20499084414503826 279
1780705523923 0.24663741585236668 280
1780705523948 0.24096275086633706 281
1780705523990 0.2462415564895581 282
1780705524010 0.27327329820134055 283
1780705524036 0.22766160632113444 284
1780705524061 0.2169205772373853 285
1780705524085 0.1928269431071155 286
1780705524109 0.23480405681309802 287
1780705524132 0.1894785103656707 288
1780705524152 0.2629346565850799 289
1780705524187 0.2046343933819931 290
1780705524209 0.23389343327998452 291
1780705524239 0.23231366699446676 292
1780705524260 0.24057181090992025 293
1780705524283 0.2447692172950847 294
1780705524309 0.2238967802543294 295
1780705524338 0.26498948199616745 296
1780705524365 0.23517210756679963 297
1780705524391 0.24348884333545392 298
