1780535392843 0.0 0
1780535392845 0.5 1
1780535392847 0.5 2
1780535392849 0.528125 3
1780535392851 0.5 4
1780535392853 0.5 5
1780535392854 0.5 6
1780535392856 0.5113934260939705 7
1780535392858 0.5 8
1780535392860 0.5 9
1780535392862 0.5 10
1780535392864 0.5454690237298934 11
1780535392866 0.5 12
1780535392867 0.5285142941786402 13
1780535392869 0.5 14
1780535392871 0.4968152866242038 15
1780535392873 0.5 16
1780535392875 0.6866666666666666 17
1780535392877 0.5063509344946471 18
1780535392879 0.6105762109317139 19
1780535392881 0.6112807787745753 20
1780535392883 0.5294117647058824 21
1780535392885 0.612987012987013 22
1780535392887 0.567016317016317 23
1780535392888 0.5157706093189964 24
1780535392890 0.5 25
1780535392892 0.5 26
1780535392894 0.5968957203134418 27
1780535392896 0.5634301913536499 28
1780535392898 0.51 29
1780535392900 0.624750499001996 30
1780535392901 0.5 31
1780535392903 0.51875 32
1780535392905 0.5 33
1780535392907 0.5 34
1780535392909 0.578544061302682 35
1780535392911 0.4968944099378882 36
1780535392913 0.657925407925408 37
1780535392915 0.575 38
1780535392917 0.690625 39
1780535392919 0.5645000829049909 40
1780535392921 0.6475472418400459 41
1780535392923 0.6385759977749965 42
1780535392925 0.5 43
1780535392926 0.5 44
1780535392928 0.5 45
1780535392930 0.5989159891598916 46
1780535392932 0.5 47
1780535392934 0.5447487295313382 48
1780535392936 0.532608695652174 49
1780535392938 0.5 50
1780535392940 0.6346377051898524 51
1780535392942 0.622953133822699 52
1780535392944 0.5468655816757082 53
1780535392946 0.559375 54
1780535392948 0.584375 55
1780535392950 0.5543028071790151 56
1780535392951 0.5 57
1780535392953 0.5147058823529411 58
1780535392955 0.6372294372294371 59
1780535392957 0.5 60
1780535392959 0.5748644986449865 61
1780535392961 0.6904761904761905 62
1780535392963 0.682790837854129 63
1780535392965 0.5929174788823912 64
1780535392967 0.6567099567099568 65
1780535392969 0.5142857142857142 66
1780535392970 0.5727745289148798 67
1780535392972 0.7121760096443641 68
1780535392974 0.5 69
1780535392976 0.6663885412320957 70
1780535392978 0.6153346328784925 71
1780535392980 0.6233333333333333 72
1780535392982 0.6627705627705628 73
1780535392984 0.6075268817204301 74
1780535392985 0.49683544303797467 75
1780535392987 0.5696386946386947 76
1780535392989 0.7439893881611673 77
1780535392991 0.5734649122807017 78
1780535392993 0.571326164874552 79
1780535392995 0.5 80
1780535392997 0.6550203974207133 81
1780535392998 0.5443978916069739 82
1780535393000 0.5 83
1780535393002 0.6441558441558441 84
1780535393004 0.6351981351981352 85
1780535393006 0.6283172265684921 86
1780535393008 0.6125 87
1780535393010 0.530214424951267 88
1780535393012 0.4935483870967742 89
1780535393014 0.5 90
1780535393015 0.5758551925141893 91
1780535393017 0.6245741371648645 92
1780535393019 0.6299807435935417 93
1780535393021 0.56875 94
1780535393023 0.7130758807588076 95
1780535393025 0.5333333333333333 96
1780535393027 0.6867849444536561 97
1780535393029 0.5325816614160173 98
1780535393031 0.6239453903973002 99
1780535393032 0.5897696476964769 100
1780535393035 0.5 101
1780535393037 0.5172764227642276 102
1780535393038 0.5 103
1780535393040 0.7333887043189369 104
1780535393042 0.49693251533742333 105
1780535393044 0.5282738095238095 106
1780535393046 0.5 107
1780535393048 0.51 108
1780535393050 0.5894522144522144 109
1780535393052 0.609375 110
1780535393054 0.6858349577647823 111
1780535393056 0.609375 112
1780535393057 0.7105384261389784 113
1780535393059 0.6367285169101198 114
1780535393061 0.530214424951267 115
1780535393063 0.6260964912280702 116
1780535393065 0.521875 117
1780535393067 0.5534437946718649 118
1780535393069 0.6198024948024948 119
1780535393070 0.5125 120
1780535393072 0.7440351212063371 121
1780535393074 0.638768258981445 122
1780535393076 0.784375 123
1780535393078 0.5885304659498207 124
1780535393080 0.5 125
1780535393082 0.6416083916083916 126
1780535393084 0.539044289044289 127
1780535393086 0.6130943563916457 128
1780535393088 0.5147058823529411 129
1780535393089 0.5 130
1780535393091 0.7032170727822902 131
1780535393093 0.652379373238269 132
1780535393095 0.6875 133
1780535393097 0.5119047619047619 134
1780535393099 0.5666666666666667 135
1780535393101 0.5375 136
1780535393103 0.5303030303030303 137
1780535393105 0.5106382978723404 138
1780535393107 0.5512820512820513 139
1780535393109 0.6285610596987843 140
1780535393111 0.5 141
1780535393112 0.7642140468227425 142
1780535393114 0.6676047992889942 143
1780535393116 0.5282738095238095 144
1780535393118 0.6195175438596491 145
1780535393120 0.5263157894736842 146
1780535393122 0.5 147
1780535393124 0.49693251533742333 148
1780535393126 0.73125 149
1780535393128 0.46436403508771934 150
1780535393130 0.5 151
1780535393131 0.5 152
1780535393133 0.48125 153
1780535393135 0.5 154
1780535393137 0.5 155
1780535393139 0.5 156
1780535393141 0.5780141843971631 157
1780535393143 0.5 158
1780535393145 0.5 159
1780535393147 0.5 160
1780535393149 0.5 161
1780535393150 0.5 162
1780535393152 0.5256410256410257 163
1780535393154 0.5732880119383187 164
1780535393156 0.5 165
1780535393158 0.5917118620497844 166
1780535393160 0.5 167
1780535393162 0.5076754385964912 168
1780535393164 0.5649766899766899 169
1780535393166 0.5 170
1780535393167 0.6836764923715005 171
1780535393169 0.5380935506732814 172
1780535393171 0.5555555555555556 173
1780535393173 0.6334639816191378 174
1780535393175 0.7017316017316018 175
1780535393177 0.5 176
1780535393179 0.5 177
1780535393181 0.5 178
1780535393182 0.6046133853151396 179
1780535393184 0.5394736842105263 180
1780535393186 0.6010752688172043 181
1780535393188 0.6282847587195413 182
1780535393190 0.5 183
1780535393192 0.5816885964912281 184
1780535393194 0.5667249417249417 185
1780535393196 0.5 186
1780535393197 0.5617715617715617 187
1780535393199 0.6919259400648979 188
1780535393201 0.5849909584086799 189
1780535393203 0.5931899641577061 190
1780535393205 0.5429467084639499 191
1780535393207 0.61875 192
1780535393209 0.5135135135135135 193
1780535393211 0.6044602885093683 194
1780535393212 0.5 195
1780535393214 0.4968152866242038 196
1780535393216 0.5 197
1780535393218 0.6016949152542372 198
1780535393220 0.5967741935483871 199
1780535393222 0.5 200
1780535393224 0.5274904735982581 201
1780535393226 0.5915178571428572 202
1780535393227 0.5 203
1780535393229 0.5 204
1780535393231 0.5333333333333333 205
1780535393233 0.5116959064327485 206
1780535393235 0.5638297872340425 207
1780535393237 0.5492558469170801 208
1780535393239 0.5 209
1780535393241 0.5 210
1780535393243 0.6098249576510446 211
1780535393244 0.59426601342769 212
1780535393246 0.5232558139534884 213
1780535393248 0.5 214
1780535393250 0.5 215
1780535393252 0.5125 216
1780535393254 0.5412186379928315 217
1780535393256 0.5984394846670296 218
1780535393258 0.5509865693914774 219
1780535393260 0.5 220
1780535393261 0.5051948051948052 221
1780535393263 0.5132186653925784 222
1780535393265 0.548756415317805 223
1780535393267 0.5222222222222223 224
1780535393269 0.6008137432188065 225
1780535393271 0.5641025641025641 226
1780535393273 0.6466666666666667 227
1780535393274 0.7352320675105485 228
1780535393276 0.5394736842105263 229
1780535393278 0.5408163265306123 230
1780535393280 0.6525341130604289 231
1780535393282 0.5476190476190477 232
1780535393284 0.5 233
1780535393286 0.6322288694585059 234
1780535393288 0.6606060606060606 235
1780535393289 0.5500301386377335 236
1780535393291 0.6403089663959229 237
1780535393293 0.5581395348837209 238
1780535393295 0.5466555416492839 239
1780535393297 0.5116279069767442 240
1780535393299 0.5119047619047619 241
1780535393301 0.5121951219512195 242
1780535393302 0.5444544906570223 243
1780535393304 0.5494579945799458 244
1780535393306 0.5 245
1780535393308 0.5092592592592593 246
1780535393310 0.6825880758807588 247
1780535393312 0.5217391304347826 248
1780535393314 0.684375 249
1780535393316 0.6904761904761905 250
1780535393318 0.5798368298368298 251
1780535393319 0.5546180366539648 252
1780535393321 0.622482131254061 253
1780535393323 0.5487804878048781 254
1780535393325 0.5375 255
1780535393327 0.5989553924336534 256
1780535393329 0.5884596252694412 257
1780535393331 0.5386178861788617 258
1780535393333 0.5817812031684864 259
1780535393334 0.5375 260
1780535393336 0.5142857142857142 261
1780535393349 0.596875 262
1780535393350 0.5172413793103449 263
1780535393352 0.5116279069767442 264
1780535393354 0.5433269145311805 265
1780535393356 0.5 266
1780535393358 0.672077922077922 267
1780535393360 0.5116279069767442 268
1780535393362 0.5759390310288514 269
1780535393364 0.5837097684923772 270
1780535393366 0.6201565184195457 271
1780535393368 0.5932473323777672 272
1780535393376 0.5919123092875129 273
1780535393379 0.6401960784313725 274
1780535393381 0.5738396624472574 275
1780535393383 0.5511010728402033 276
1780535393385 0.5853046594982079 277
1780535393386 0.66967856613835 278
1780535393388 0.5456358337168278 279
1780535393390 0.6239847109412326 280
1780535393392 0.6095989838504808 281
1780535393394 0.5813953488372093 282
1780535393396 0.6484327908378542 283
1780535393398 0.5398268398268398 284
1780535393400 0.5 285
1780535393402 0.5 286
1780535393403 0.5348837209302325 287
1780535393405 0.6911631282888768 288
1780535393407 0.6050135501355014 289
1780535393409 0.6471734892787524 290
1780535393411 0.5912716674336554 291
1780535393413 0.6127185051235684 292
1780535393415 0.5394736842105263 293
1780535393417 0.6865649533402458 294
1780535393419 0.5355691056910569 295
1780535393420 0.5583651135798375 296
1780535393422 0.5121575031754673 297
1780535393424 0.6927058448797578 298
