1780139874467 0.0 0
1780139874470 0.04814285714285714 1
1780139874473 0.24730028974856558 2
1780139874476 0.26712275833038546 3
1780139874478 0.41376515606880265 4
1780139874481 0.500610058881911 5
1780139874484 0.5832812742812743 6
1780139874486 0.7665758322490366 7
1780139874489 0.7325553198246015 8
1780139874492 0.7813112547802799 9
1780139874495 0.5861196685696315 10
1780139874502 0.6326085903281147 11
1780139874505 0.43884567432954535 12
1780139874507 0.7778140335780404 13
1780139874510 0.6190803512455627 14
1780139874513 0.8430858248459229 15
1780139874515 0.8143154068125147 16
1780139874518 0.7536150115922127 17
1780139874521 0.7639204248323744 18
1780139874523 0.8143615315766854 19
1780139874526 0.7603766662816727 20
1780139874529 0.8031568860235856 21
1780139874531 0.8321081991243282 22
1780139874534 0.7157690974090771 23
1780139874537 0.608211484453878 24
1780139874539 0.8079058533885106 25
1780139874542 0.8759099010415546 26
1780139874545 0.726798325765252 27
1780139874547 0.33304667644586394 28
1780139874550 0.8131314820037892 29
1780139874553 0.8544561748968114 30
1780139874555 0.824011470643432 31
1780139874558 0.8010652138559117 32
1780139874561 0.7567048403216491 33
1780139874563 0.757179532842571 34
1780139874566 0.890177035645585 35
1780139874569 0.8491116946335865 36
1780139874571 0.8525400909853573 37
1780139874574 0.8173236009126669 38
1780139874577 0.7372781707878662 39
1780139874579 0.9254513295761765 40
1780139874582 0.7684867455920086 41
1780139874585 0.8558804258804258 42
1780139874587 0.7305976604237913 43
1780139874590 0.8737421591827372 44
1780139874593 0.8076932984009172 45
1780139874595 0.8429291865268158 46
1780139874598 0.8863996909386762 47
1780139874601 0.9011280189625233 48
1780139874603 0.8473364135018271 49
1780139874606 0.8231483440722729 50
1780139874608 0.7027446474814896 51
1780139874611 0.7665749588134056 52
1780139874614 0.7724804381891547 53
1780139874617 0.8163021330946284 54
1780139874619 0.909979658667153 55
1780139874622 0.8338365242898836 56
1780139874625 0.86175557915229 57
1780139874627 0.9108318374871944 58
1780139874630 0.9257776711948728 59
1780139874633 0.9499722458524156 60
1780139874635 0.9002320124129539 61
1780139874638 0.796624365600988 62
1780139874640 0.8409586708179223 63
1780139874643 0.8640008341002139 64
1780139874646 0.8994907609862681 65
1780139874648 0.7342148697593027 66
1780139874651 0.8362984976109878 67
1780139874654 0.8267510208973624 68
1780139874656 0.9143350008305079 69
1780139874659 0.8752719641551477 70
1780139874662 0.8539746426729738 71
1780139874664 0.831734468067266 72
1780139874667 0.8571642503493683 73
1780139874669 0.8172345862715922 74
1780139874673 0.9403199494521106 75
1780139874676 0.9191520863330279 76
1780139874678 0.9345455888510491 77
1780139874681 0.9238570399262402 78
1780139874684 0.8771729633305021 79
1780139874686 0.8860207103847026 80
1780139874689 0.4738188555795061 81
1780139874692 0.8640892661752739 82
1780139874694 0.940819901263614 83
1780139874697 0.9102465112740152 84
1780139874700 0.9050817435111551 85
1780139874702 0.893239871860936 86
1780139874705 0.9361105871888927 87
1780139874708 0.6233572187623472 88
1780139874710 0.8488783245437379 89
1780139874713 0.9134297281665702 90
1780139874715 0.8663892993619748 91
1780139874718 0.8059946968770498 92
1780139874721 0.8461709493065426 93
1780139874723 0.7686684720695018 94
1780139874726 0.8733963518990226 95
1780139874729 0.9158181631673289 96
1780139874731 0.8888081433492898 97
1780139874734 0.7276533924003841 98
1780139874737 0.9143740690370766 99
1780139874739 0.8658526994619509 100
1780139874742 0.8897186638457498 101
1780139874745 0.874405762676591 102
1780139874747 0.9068207453550917 103
1780139874750 0.8493666378900088 104
1780139874753 0.9180881313808144 105
1780139874755 0.9290770547381587 106
1780139874758 0.8828568375794994 107
1780139874761 0.841881997856557 108
1780139874763 0.9151870182430544 109
1780139874766 0.9099582977439203 110
1780139874768 0.8790438676314233 111
1780139874771 0.9143184518459917 112
1780139874774 0.9073289461928743 113
1780139874776 0.7826336226242977 114
1780139874779 0.9394624616575836 115
1780139874782 0.9181869301239691 116
1780139874784 0.9401002172738447 117
1780139874787 0.8737637207050293 118
1780139874790 0.8535943033308552 119
1780139874792 0.8814193621561269 120
1780139874795 0.7092399580208342 121
1780139874797 0.9093119358021408 122
1780139874800 0.9285910317072746 123
1780139874803 0.9397643498991382 124
1780139874805 0.9499717855481059 125
1780139874808 0.8771370658301295 126
1780139874811 0.8689352037208262 127
1780139874813 0.9144129630329887 128
1780139874816 0.8796534160819874 129
1780139874819 0.9305143116793351 130
1780139874821 0.9244127054113023 131
1780139874824 0.8347237251409266 132
1780139874827 0.8573657980457743 133
1780139874829 0.8945918467140743 134
1780139874832 0.9149613523214672 135
1780139874835 0.9100922336288189 136
1780139874837 0.939905766842806 137
1780139874840 0.8956192697656112 138
1780139874842 0.8984709200956342 139
1780139874845 0.9398533229021033 140
1780139874848 0.8779766883972722 141
1780139874851 0.930323187238732 142
1780139874853 0.8543706717145086 143
1780139874856 0.78660930964409 144
1780139874859 0.8993699715650936 145
1780139874861 0.9245382456023709 146
1780139874864 0.8293179123909175 147
1780139874867 0.9092407362268844 148
1780139874869 0.9309883861371274 149
1780139874872 0.9253036833524639 150
1780139874874 0.8615099948049432 151
1780139874877 0.8721027565364805 152
1780139874880 0.9196330959745594 153
1780139874883 0.8274807230180418 154
1780139874885 0.9598472259447869 155
1780139874888 0.9440622357411922 156
1780139874890 0.9253269335297578 157
1780139874893 0.9356074561636254 158
1780139874896 0.8405585639330126 159
1780139874898 0.9548494124617359 160
1780139874901 0.9240351831569669 161
1780139874903 0.96491386991387 162
1780139874906 0.9447096399535424 163
1780139874909 0.9348702043297081 164
1780139874911 0.902029305886327 165
1780139874914 0.9649467477323703 166
1780139874917 0.9196022388287896 167
1780139874919 0.9494071544071543 168
1780139874922 0.9496536461684085 169
1780139874925 0.9749088937971525 170
1780139874927 0.9011056613495638 171
1780139874930 0.8973412169968842 172
1780139874933 0.955053510887914 173
1780139874935 0.965181716016119 174
1780139874938 0.9595466291101722 175
1780139874941 0.9452726484754725 176
1780139874943 0.9500185736385994 177
1780139874946 0.9499552351798822 178
1780139874948 0.9378320628320628 179
1780139874951 0.9597991699582888 180
1780139874954 0.8892716717084571 181
1780139874956 0.9604417469565094 182
1780139874959 0.9336191180093619 183
1780139874961 0.9542547425474256 184
1780139874964 0.9650964418551069 185
1780139874967 0.9654067528435382 186
1780139874970 0.8853116578491281 187
1780139874972 0.9545513173176845 188
1780139874975 0.9703126331033308 189
1780139874977 0.9222664669877213 190
1780139874980 0.9545284728904158 191
1780139874983 0.9703475386402216 192
1780139874985 0.9341870782293805 193
1780139874988 0.823106479437939 194
1780139874991 0.9246011133986176 195
1780139874993 0.9446706416076808 196
1780139874996 0.9449320533980353 197
1780139874999 0.9454797863192645 198
1780139875001 0.9549624295259725 199
1780139875004 0.9455421993397035 200
1780139875007 0.9698624140087555 201
1780139875009 0.9453412128687526 202
1780139875012 0.9749655564803191 203
1780139875015 0.9188341344455149 204
1780139875017 0.9699906191369607 205
1780139875020 0.9598561601000626 206
1780139875022 0.9207321158484646 207
1780139875025 0.9899937460913071 208
1780139875028 0.9650754465902089 209
1780139875030 0.9849906191369605 210
1780139875033 0.9898587933247753 211
1780139875036 0.9851067631555438 212
1780139875038 0.9498132602112062 213
1780139875041 0.9371879150070253 214
1780139875044 0.959953495370697 215
1780139875046 0.9396983380653561 216
1780139875049 0.9544351732991014 217
1780139875051 0.9697878513026138 218
1780139875054 0.9503434712484777 219
1780139875057 0.9702036517184143 220
1780139875060 0.9749843652282678 221
1780139875062 0.9546897735780322 222
1780139875065 0.9109804786602647 223
1780139875068 0.9402153332641138 224
1780139875070 0.954987492182614 225
1780139875073 0.959977617589941 226
1780139875076 0.9694480576559569 227
1780139875078 0.9647708140762743 228
1780139875081 0.949345823909367 229
1780139875084 0.9498795851927477 230
1780139875086 0.9600906346541777 231
1780139875089 0.9107544629385279 232
1780139875092 0.9647676871219278 233
1780139875094 0.9553354775305994 234
1780139875097 0.9752197802197802 235
1780139875099 0.9403506407536619 236
1780139875102 0.9798556663704288 237
1780139875105 0.9749686834346655 238
1780139875108 0.9550651570021962 239
1780139875110 0.964895892250133 240
1780139875113 0.9652036517184142 241
1780139875115 0.9653278211672992 242
1780139875118 0.9471384275556292 243
1780139875121 0.9798624140087554 244
1780139875123 0.9798587933247752 245
1780139875126 0.953850111884712 246
1780139875128 0.9849937460913072 247
1780139875131 0.9199926163775597 248
1780139875134 0.9703863958035972 249
1780139875136 0.9650817004989021 250
1780139875139 0.9599654982140888 251
1780139875142 0.9553126331033308 252
1780139875144 0.9648525394160824 253
1780139875147 0.9447888486578518 254
1780139875150 0.936336346232307 255
1780139875152 0.9650328529775944 256
1780139875155 0.9453828091803134 257
1780139875158 0.7932638112459223 258
1780139875160 0.9700906346541778 259
1780139875163 0.9196450789262085 260
1780139875166 0.8605698099968905 261
1780139875168 0.9497394975109398 262
1780139875171 0.9549431740702602 263
1780139875174 0.9400964418551068 264
1780139875176 0.980103636201197 265
1780139875179 0.9441547021893022 266
1780139875182 0.984993746091307 267
1780139875185 0.9298381443118287 268
1780139875187 0.9801156973108194 269
1780139875190 0.9551526176801574 270
1780139875193 0.9604386200021631 271
1780139875195 0.9443177733591801 272
1780139875198 0.9398149689420551 273
1780139875201 0.8978035289689424 274
1780139875203 0.9443679004654614 275
1780139875206 0.9649785580273385 276
1780139875208 0.9750906346541777 277
1780139875211 0.9257823246655084 278
1780139875214 0.9849906191369605 279
1780139875216 0.9701125703564728 280
1780139875219 0.9748556663704289 281
1780139875222 0.940090187946414 282
1780139875224 0.9798525394160826 283
1780139875227 0.9547884939348353 284
1780139875230 0.9399104451543476 285
1780139875232 0.96531844030426 286
1780139875235 0.9653148196202798 287
1780139875238 0.9600355332241769 288
1780139875240 0.9452758957196086 289
1780139875243 0.9600615363182161 290
1780139875246 0.984855666370429 291
1780139875248 0.955063385480587 292
1780139875251 0.9436881760373417 293
1780139875254 0.9554265588925409 294
1780139875256 0.9450115895609523 295
1780139875259 0.984865540963102 296
1780139875262 0.9649624295259723 297
1780139875264 0.9608657132341343 298
1780139875267 0.9503176402983847 299
1780139875270 0.9700547886798894 300
1780139875272 0.9271326263899102 301
1780139875275 0.916674173821346 302
1780139875277 0.9454883232739458 303
1780139875280 0.9699785580273386 304
1780139875283 0.9488930047274078 305
1780139875285 0.8538518821230706 306
1780139875288 0.9367470645326872 307
1780139875291 0.9649467477323703 308
1780139875293 0.969469993358252 309
1780139875296 0.6458766979355215 310
1780139875299 0.9647708140762743 311
1780139875301 0.9600973822925042 312
1780139875304 0.9749744906355946 313
