1780531283263 0.0 0
1780531283265 0.5 1
1780531283267 0.5 2
1780531283269 0.5125 3
1780531283271 0.5712696426088166 4
1780531283272 0.5142857142857142 5
1780531283274 0.5 6
1780531283276 0.5 7
1780531283278 0.5 8
1780531283280 0.5 9
1780531283281 0.5 10
1780531283283 0.5 11
1780531283285 0.5 12
1780531283286 0.5914679306769368 13
1780531283288 0.5 14
1780531283290 0.5159235668789809 15
1780531283292 0.5 16
1780531283293 0.5 17
1780531283295 0.5883687171112321 18
1780531283297 0.5168863872018961 19
1780531283299 0.5365527772475663 20
1780531283301 0.6139262934089298 21
1780531283302 0.5623376623376624 22
1780531283304 0.5 23
1780531283306 0.4935483870967742 24
1780531283308 0.5948509485094851 25
1780531283309 0.5 26
1780531283311 0.5 27
1780531283313 0.5 28
1780531283315 0.5366666666666666 29
1780531283316 0.5949011068771548 30
1780531283318 0.5225354355789138 31
1780531283320 0.5 32
1780531283322 0.5285714285714286 33
1780531283323 0.5989010989010989 34
1780531283325 0.5 35
1780531283327 0.5128205128205128 36
1780531283329 0.5113636363636364 37
1780531283331 0.5 38
1780531283333 0.6875 39
1780531283335 0.5509865693914774 40
1780531283337 0.6117579690780683 41
1780531283339 0.525378945904603 42
1780531283340 0.5149562816382881 43
1780531283342 0.5 44
1780531283344 0.5 45
1780531283346 0.521680216802168 46
1780531283347 0.633130081300813 47
1780531283349 0.5926030491247882 48
1780531283351 0.6885940146809713 49
1780531283353 0.6209349593495935 50
1780531283354 0.5325816614160173 51
1780531283356 0.5773574251835122 52
1780531283358 0.5 53
1780531283360 0.5 54
1780531283362 0.603125 55
1780531283363 0.5786930510814542 56
1780531283365 0.5116279069767442 57
1780531283367 0.6637136782423813 58
1780531283369 0.7298701298701299 59
1780531283370 0.5106382978723404 60
1780531283372 0.5901084010840109 61
1780531283374 0.5 62
1780531283376 0.5143158529234478 63
1780531283377 0.7131254061078622 64
1780531283379 0.6779220779220779 65
1780531283381 0.5 66
1780531283383 0.5627030539311241 67
1780531283385 0.5325497287522604 68
1780531283386 0.5 69
1780531283388 0.5294812960645251 70
1780531283390 0.7108512020792722 71
1780531283392 0.53 72
1780531283393 0.5337662337662338 73
1780531283395 0.60752688172043 74
1780531283397 0.5 75
1780531283399 0.5812937062937062 76
1780531283401 0.5 77
1780531283403 0.5466008771929824 78
1780531283404 0.5111111111111111 79
1780531283406 0.5 80
1780531283408 0.5 81
1780531283410 0.5 82
1780531283411 0.532258064516129 83
1780531283413 0.5 84
1780531283415 0.5 85
1780531283417 0.5 86
1780531283418 0.5 87
1780531283420 0.5402858999350227 88
1780531283422 0.6057347670250897 89
1780531283424 0.5108695652173914 90
1780531283425 0.5578309556680472 91
1780531283427 0.5369574877795882 92
1780531283429 0.5602133017330766 93
1780531283431 0.5 94
1780531283433 0.7266260162601625 95
1780531283434 0.5523297491039426 96
1780531283436 0.5 97
1780531283438 0.5 98
1780531283440 0.6239453903973002 99
1780531283441 0.5386178861788617 100
1780531283443 0.6885198135198135 101
1780531283445 0.5 102
1780531283447 0.6302437406731886 103
1780531283449 0.5178571428571429 104
1780531283450 0.5823246559442878 105
1780531283452 0.5096726190476191 106
1780531283454 0.5848484848484848 107
1780531283456 0.5266666666666666 108
1780531283457 0.6177156177156178 109
1780531283459 0.61875 110
1780531283461 0.6648797920727745 111
1780531283463 0.515625 112
1780531283465 0.49056603773584906 113
1780531283466 0.6900250032899066 114
1780531283468 0.5232293697205977 115
1780531283470 0.6463815789473684 116
1780531283472 0.71875 117
1780531283473 0.5 118
1780531283475 0.5797817047817048 119
1780531283477 0.5125 120
1780531283479 0.6553731628173316 121
1780531283480 0.5585603368864325 122
1780531283482 0.678125 123
1780531283484 0.5157706093189964 124
1780531283486 0.6258958432871476 125
1780531283488 0.6185897435897436 126
1780531283489 0.6273310023310024 127
1780531283491 0.566582728484669 128
1780531283493 0.6086109142452162 129
1780531283495 0.553125 130
1780531283496 0.6582258321388756 131
1780531283498 0.6347206101807329 132
1780531283500 0.5125 133
1780531283502 0.5230560578661845 134
1780531283503 0.5222222222222223 135
1780531283505 0.596875 136
1780531283508 0.4940119760479042 137
1780531283510 0.5360172437769434 138
1780531283512 0.5 139
1780531283513 0.5972600254037379 140
1780531283515 0.5125 141
1780531283517 0.5128205128205128 142
1780531283519 0.6709376388683158 143
1780531283520 0.5 144
1780531283522 0.5696271929824561 145
1780531283524 0.5 146
1780531283526 0.6385941644562334 147
1780531283527 0.5 148
1780531283529 0.509375 149
1780531283531 0.4680928967465216 150
1780531283533 0.5261904761904762 151
1780531283534 0.6355498721227621 152
1780531283536 0.7114121510673235 153
1780531283538 0.6467297324788933 154
1780531283540 0.6737011355642649 155
1780531283541 0.7489766567098131 156
1780531283543 0.506578947368421 157
1780531283545 0.7570478302185619 158
1780531283547 0.5556006493506493 159
1780531283548 0.6643842722274095 160
1780531283550 0.5083333333333333 161
1780531283552 0.6767583153125322 162
1780531283554 0.7701630201630201 163
1780531283556 0.6804511278195489 164
1780531283557 0.7393920848633211 165
1780531283559 0.625 166
1780531283561 0.7849104859335039 167
1780531283563 0.7020833333333334 168
1780531283564 0.6895789367902723 169
1780531283566 0.7756076388888888 170
1780531283568 0.6976381461675579 171
1780531283570 0.7595704948646125 172
1780531283571 0.5499440545214118 173
1780531283573 0.8258312020460358 174
1780531283575 0.7208557255064076 175
1780531283577 0.7661054541788487 176
1780531283578 0.7770833333333333 177
1780531283580 0.7431693989071038 178
1780531283582 0.7507584475363531 179
1780531283584 0.7376555600160578 180
1780531283585 0.7373156187885762 181
1780531283587 0.7121583027335782 182
1780531283589 0.7860780984719864 183
1780531283591 0.7135594978732234 184
1780531283593 0.7515597147950089 185
1780531283594 0.6237054085155351 186
1780531283596 0.7797886808243539 187
1780531283598 0.7195022439820482 188
1780531283600 0.6583333333333333 189
1780531283601 0.7586666666666666 190
1780531283603 0.8304051260851593 191
1780531283605 0.6309998921367705 192
1780531283607 0.8134550084889643 193
1780531283608 0.7092071611253197 194
1780531283610 0.5551782682512734 195
1780531283612 0.7508267879288963 196
1780531283622 0.5487804878048781 197
1780531283624 0.7762215997510116 198
1780531283626 0.7213114754098361 199
1780531283628 0.5131578947368421 200
1780531283630 0.636 201
1780531283631 0.7385265700483092 202
1780531283633 0.7561751698845863 203
1780531283635 0.6306666666666667 204
1780531283637 0.787760024118179 205
1780531283639 0.7913706106477191 206
1780531283641 0.7426151829821555 207
1780531283642 0.7178457419421275 208
1780531283644 0.830220713073005 209
1780531283646 0.6244101244101244 210
1780531283648 0.7439393939393939 211
1780531283650 0.7541666666666667 212
1780531283651 0.8186212694409416 213
1780531283653 0.7337662337662337 214
1780531283655 0.5888752052545156 215
1780531283657 0.7978896103896104 216
1780531283659 0.7793513957307061 217
1780531283660 0.7813170313170312 218
1780531283662 0.7620537158882537 219
1780531283664 0.8280000000000001 220
1780531283666 0.8094227504244482 221
1780531283668 0.5844721125620002 222
1780531283669 0.7901103565365025 223
1780531283671 0.7373444873444873 224
1780531283673 0.8253284072249589 225
1780531283675 0.727915003775213 226
1780531283676 0.7533333333333334 227
1780531283678 0.7942708333333333 228
1780531283680 0.7383720930232558 229
1780531283682 0.8038194444444444 230
1780531283683 0.7767713365539453 231
1780531283685 0.6141855842661366 232
1780531283687 0.7568993506493507 233
1780531283689 0.8005115089514067 234
1780531283691 0.8433447453055296 235
1780531283692 0.858080808080808 236
1780531283694 0.5043103448275862 237
1780531283696 0.6301582033410775 238
1780531283698 0.7878592878592878 239
1780531283699 0.8424242424242425 240
1780531283701 0.8708333333333333 241
1780531283703 0.7968684321143338 242
1780531283705 0.7823232323232323 243
1780531283706 0.8224010527381314 244
1780531283708 0.8166597767672592 245
1780531283710 0.8346998684077336 246
1780531283712 0.6917584659322725 247
1780531283714 0.7904756768417647 248
1780531283715 0.7439820481436148 249
1780531283717 0.7430555555555556 250
1780531283719 0.6859504132231404 251
1780531283721 0.8183361629881154 252
1780531283722 0.8187500000000001 253
1780531283724 0.7036124794745484 254
1780531283726 0.80695407496734 255
1780531283728 0.8 256
1780531283729 0.7222222222222222 257
1780531283731 0.8640000000000001 258
1780531283733 0.781447062728178 259
1780531283735 0.6083333333333334 260
1780531283737 0.8219305498139727 261
1780531283739 0.755431984347647 262
1780531283741 0.8027532576712905 263
1780531283742 0.7788149350649352 264
1780531283744 0.8483483483483484 265
1780531283746 0.7808159722222222 266
1780531283748 0.8622665534804754 267
1780531283749 0.8312582245166514 268
1780531283751 0.86 269
1780531283753 0.7627334465195246 270
1780531283755 0.8099421248449773 271
1780531283756 0.7590275658630862 272
1780531283758 0.8583603896103896 273
1780531283760 0.8424136838770986 274
1780531283762 0.7506950880444856 275
1780531283763 0.8733711643547709 276
1780531283765 0.7703993055555556 277
1780531283767 0.5737704918032787 278
1780531283769 0.8810458867300537 279
1780531283771 0.7864923747276689 280
1780531283772 0.7970647238939922 281
1780531283774 0.7783760954492662 282
1780531283776 0.7933333333333333 283
1780531283778 0.8222222222222222 284
1780531283779 0.7807692307692308 285
1780531283781 0.8577133249264397 286
1780531283783 0.8091327544722251 287
1780531283785 0.855110367193221 288
1780531283786 0.8408995376208491 289
1780531283788 0.7827095243231583 290
1780531283790 0.8435667662352031 291
1780531283792 0.7846153846153846 292
1780531283794 0.7310281517747859 293
1780531283795 0.8392857142857143 294
1780531283797 0.8291208791208791 295
1780531283799 0.7866666666666666 296
1780531283801 0.8888146167557933 297
1780531283802 0.825 298
