1780237680846 0.0 0
1780237680848 0.899999999999995 1
1780237680849 0.953333333333328 2
1780237680851 0.9566666666666613 3
1780237680852 0.947222222222217 4
1780237680854 0.9699999999999946 5
1780237680855 0.9794444444444391 6
1780237680857 0.9833333333333278 7
1780237680858 0.9672222222222169 8
1780237680859 0.9699999999999946 9
1780237680861 0.9888888888888834 10
1780237680862 0.9927777777777722 11
1780237680864 0.9916666666666611 12
1780237680866 0.9899999999999943 13
1780237680867 0.9883333333333277 14
1780237680868 0.9966666666666611 15
1780237680870 0.9944444444444388 16
1780237680871 0.9927777777777722 17
1780237680873 0.9955555555555499 18
1780237680874 0.9938888888888833 19
1780237680876 0.99055555555555 20
1780237680877 0.9911111111111056 21
1780237680879 0.9955555555555501 22
1780237680880 0.9972222222222167 23
1780237680882 0.996666666666661 24
1780237680883 0.9927777777777722 25
1780237680885 0.9955555555555501 26
1780237680886 0.9927777777777722 27
1780237680888 0.9966666666666611 28
1780237680889 0.9961111111111055 29
1780237680891 0.9927777777777722 30
1780237680892 0.9922222222222168 31
1780237680893 0.9933333333333279 32
1780237680895 0.9911111111111056 33
1780237680896 0.9799999999999945 34
1780237680898 0.9938888888888833 35
1780237680899 0.9949999999999944 36
1780237680901 0.99055555555555 37
1780237680902 0.9816666666666614 38
1780237680904 0.9922222222222168 39
1780237680905 0.9822222222222168 40
1780237680907 0.9927777777777722 41
1780237680908 0.9799999999999945 42
1780237680910 0.9944444444444388 43
1780237680911 0.9961111111111055 44
1780237680913 0.9894444444444389 45
1780237680914 0.9961111111111055 46
1780237680916 0.9961111111111055 47
1780237680917 0.9944444444444389 48
1780237680918 0.9977777777777723 49
1780237680920 0.9938888888888833 50
1780237680921 0.9938888888888833 51
1780237680923 0.9849999999999947 52
1780237680924 0.9955555555555501 53
1780237680926 0.9949999999999944 54
1780237680927 0.9938888888888833 55
1780237680929 0.9894444444444389 56
1780237680930 0.9899999999999943 57
1780237680932 0.9955555555555499 58
1780237680933 0.9972222222222167 59
1780237680935 0.9949999999999944 60
1780237680936 0.9944444444444389 61
1780237680938 0.9877777777777721 62
1780237680939 0.9938888888888833 63
1780237680940 0.9588888888888836 64
1780237680942 0.9916666666666611 65
1780237680943 0.9972222222222167 66
1780237680945 0.9961111111111055 67
1780237680946 0.9938888888888833 68
1780237680948 0.9972222222222167 69
1780237680949 0.9949999999999944 70
1780237680951 0.9944444444444389 71
1780237680952 0.9955555555555501 72
1780237680954 0.9927777777777722 73
1780237680955 0.9949999999999944 74
1780237680957 0.9961111111111055 75
1780237680958 0.9922222222222168 76
1780237680959 0.9949999999999944 77
1780237680961 0.99055555555555 78
1780237680962 0.9927777777777722 79
1780237680964 0.9983333333333277 80
1780237680965 0.9777777777777723 81
1780237680967 0.9949999999999944 82
1780237680968 0.9933333333333279 83
1780237680970 0.9961111111111055 84
1780237680971 0.9983333333333277 85
1780237680973 0.9949999999999944 86
1780237680974 0.9938888888888833 87
1780237680976 0.9927777777777722 88
1780237680977 0.9949999999999944 89
1780237680979 0.9949999999999944 90
1780237680980 0.9849999999999944 91
1780237680982 0.9994444444444388 92
1780237680983 0.9988888888888832 93
1780237680985 0.9972222222222167 94
1780237680986 0.9966666666666611 95
1780237680988 0.9944444444444389 96
1780237680989 0.9833333333333278 97
1780237680990 0.9955555555555499 98
1780237680992 0.9888888888888834 99
1780237680993 0.9949999999999944 100
1780237680995 0.9955555555555499 101
1780237680996 0.9949999999999944 102
1780237680998 0.9827777777777722 103
1780237680999 0.9961111111111055 104
1780237681001 0.9966666666666611 105
1780237681002 0.9961111111111055 106
1780237681004 0.9938888888888833 107
1780237681005 0.9933333333333279 108
1780237681007 0.9966666666666611 109
1780237681008 0.9944444444444388 110
1780237681010 0.996666666666661 111
1780237681011 0.9961111111111055 112
1780237681012 0.9777777777777723 113
1780237681014 0.986666666666661 114
1780237681015 0.9944444444444389 115
1780237681017 0.9972222222222167 116
1780237681018 0.9944444444444389 117
1780237681020 0.9894444444444389 118
1780237681021 0.996666666666661 119
1780237681023 0.9911111111111055 120
1780237681024 0.9972222222222167 121
1780237681026 0.9972222222222167 122
1780237681027 0.9972222222222167 123
1780237681029 0.9961111111111055 124
1780237681030 0.9955555555555501 125
1780237681032 0.9955555555555499 126
1780237681033 0.9961111111111055 127
1780237681035 0.9944444444444389 128
1780237681036 0.9927777777777722 129
1780237681037 0.9944444444444389 130
1780237681039 0.9983333333333277 131
1780237681040 0.9955555555555501 132
1780237681042 0.9911111111111056 133
1780237681043 0.9972222222222167 134
1780237681045 0.9911111111111056 135
1780237681046 0.9894444444444389 136
1780237681048 0.9933333333333276 137
1780237681049 0.99055555555555 138
1780237681051 0.9966666666666611 139
1780237681052 0.9888888888888833 140
1780237681053 0.9911111111111056 141
1780237681055 0.9977777777777721 142
1780237681056 0.9961111111111055 143
1780237681058 0.9977777777777723 144
1780237681059 0.9972222222222167 145
1780237681061 0.9888888888888834 146
1780237681062 0.996666666666661 147
1780237681064 0.9972222222222167 148
1780237681065 0.9961111111111055 149
1780237681067 0.9955555555555499 150
1780237681068 0.9966666666666611 151
1780237681070 0.9949999999999944 152
1780237681071 0.9961111111111055 153
1780237681072 0.9916666666666611 154
1780237681074 0.9966666666666611 155
1780237681075 0.9949999999999944 156
1780237681077 0.9955555555555499 157
1780237681078 0.9966666666666611 158
1780237681080 0.9977777777777723 159
1780237681081 0.9883333333333277 160
1780237681083 0.9955555555555501 161
1780237681084 0.9838888888888834 162
1780237681086 0.9877777777777723 163
1780237681087 0.9938888888888833 164
1780237681089 0.9916666666666611 165
1780237681090 0.9933333333333279 166
1780237681092 0.9922222222222166 167
1780237681093 0.9788888888888835 168
1780237681094 0.9733333333333279 169
1780237681096 0.9894444444444389 170
1780237681097 0.9911111111111056 171
1780237681099 0.9922222222222168 172
1780237681100 0.9911111111111055 173
1780237681102 0.9911111111111056 174
1780237681103 0.9938888888888833 175
1780237681105 0.9855555555555501 176
1780237681106 0.9699999999999946 177
1780237681108 0.9761111111111056 178
1780237681109 0.9761111111111056 179
1780237681111 0.9933333333333276 180
1780237681112 0.9827777777777722 181
1780237681114 0.9794444444444389 182
1780237681115 0.9916666666666611 183
1780237681116 0.9899999999999946 184
1780237681118 0.9949999999999944 185
1780237681119 0.9938888888888833 186
1780237681121 0.9911111111111056 187
1780237681122 0.9861111111111056 188
1780237681124 0.9794444444444391 189
1780237681125 0.9916666666666611 190
1780237681127 0.9811111111111057 191
1780237681128 0.9733333333333279 192
1780237681130 0.9855555555555501 193
1780237681131 0.9899999999999946 194
1780237681133 0.9927777777777722 195
1780237681134 0.9899999999999943 196
1780237681136 0.9805555555555502 197
1780237681137 0.9927777777777722 198
1780237681138 0.9927777777777722 199
1780237681140 0.9927777777777722 200
1780237681141 0.9899999999999943 201
1780237681143 0.9894444444444389 202
1780237681144 0.9955555555555501 203
1780237681146 0.9894444444444389 204
1780237681147 0.9888888888888833 205
1780237681149 0.99055555555555 206
1780237681150 0.9938888888888833 207
1780237681152 0.9927777777777722 208
1780237681153 0.9911111111111056 209
1780237681155 0.9955555555555501 210
1780237681156 0.988333333333328 211
1780237681158 0.9927777777777722 212
1780237681159 0.9772222222222167 213
1780237681160 0.9594444444444392 214
1780237681162 0.9888888888888833 215
1780237681163 0.9955555555555499 216
1780237681165 0.9894444444444389 217
1780237681167 0.9899999999999943 218
1780237681169 0.9933333333333276 219
1780237681170 0.9949999999999944 220
1780237681175 0.9955555555555499 221
1780237681177 0.9944444444444388 222
1780237681178 0.974444444444439 223
1780237681181 0.99055555555555 224
1780237681183 0.9922222222222168 225
1780237681184 0.9811111111111057 226
1780237681186 0.9955555555555501 227
1780237681187 0.9933333333333276 228
1780237681189 0.9966666666666611 229
1780237681190 0.9922222222222168 230
1780237681192 0.9938888888888833 231
1780237681193 0.9933333333333276 232
1780237681194 0.9772222222222167 233
1780237681196 0.9922222222222168 234
1780237681197 0.9899999999999946 235
1780237681199 0.9955555555555501 236
1780237681200 0.9949999999999944 237
1780237681202 0.9933333333333276 238
1780237681203 0.9922222222222168 239
1780237681205 0.9716666666666611 240
1780237681206 0.9816666666666614 241
1780237681208 0.9927777777777722 242
1780237681209 0.9955555555555501 243
1780237681211 0.9927777777777722 244
1780237681212 0.9911111111111056 245
1780237681214 0.9944444444444389 246
1780237681215 0.9911111111111055 247
1780237681217 0.9944444444444389 248
1780237681218 0.9966666666666611 249
1780237681220 0.9944444444444388 250
1780237681221 0.9911111111111056 251
1780237681223 0.9877777777777723 252
1780237681224 0.9949999999999944 253
1780237681225 0.9961111111111055 254
1780237681227 0.9944444444444388 255
1780237681228 0.996666666666661 256
1780237681230 0.9911111111111055 257
1780237681231 0.9949999999999944 258
1780237681233 0.9955555555555499 259
1780237681234 0.9961111111111055 260
1780237681236 0.9944444444444388 261
1780237681237 0.9966666666666611 262
1780237681239 0.9916666666666611 263
1780237681240 0.9961111111111055 264
1780237681242 0.9949999999999944 265
1780237681243 0.9872222222222167 266
1780237681245 0.9883333333333277 267
1780237681247 0.9977777777777721 268
1780237681248 0.9972222222222167 269
1780237681249 0.9938888888888833 270
1780237681251 0.9944444444444388 271
1780237681252 0.9955555555555499 272
1780237681254 0.9922222222222166 273
1780237681255 0.9938888888888833 274
1780237681257 0.9927777777777722 275
1780237681258 0.9766666666666612 276
1780237681260 0.9855555555555501 277
1780237681261 0.9961111111111055 278
1780237681263 0.99055555555555 279
1780237681264 0.9911111111111056 280
1780237681266 0.9933333333333276 281
1780237681267 0.9927777777777722 282
1780237681269 0.9944444444444388 283
1780237681270 0.9933333333333279 284
1780237681272 0.9949999999999944 285
1780237681273 0.9877777777777721 286
1780237681275 0.986666666666661 287
1780237681276 0.9944444444444389 288
1780237681278 0.9911111111111056 289
1780237681279 0.9883333333333277 290
1780237681281 0.9922222222222166 291
1780237681282 0.9955555555555499 292
1780237681284 0.9955555555555499 293
1780237681285 0.9938888888888833 294
1780237681287 0.9861111111111057 295
1780237681288 0.9938888888888833 296
1780237681290 0.9927777777777722 297
1780237681291 0.9927777777777722 298
1780237681293 0.9933333333333276 299
1780237681294 0.9916666666666611 300
1780237681296 0.996666666666661 301
1780237681297 0.9949999999999944 302
1780237681299 0.9955555555555499 303
1780237681300 0.9955555555555501 304
1780237681302 0.9933333333333276 305
1780237681303 0.9933333333333279 306
1780237681305 0.9816666666666611 307
1780237681306 0.9766666666666612 308
1780237681308 0.9955555555555501 309
1780237681309 0.9961111111111055 310
1780237681311 0.9805555555555502 311
1780237681312 0.9966666666666611 312
1780237681314 0.9955555555555499 313
