1773268474973 0.0 0
1773268474991 0.48 1
1773268475020 0.485 2
1773268475037 0.575 3
1773268475055 0.685 4
1773268475074 0.69 5
1773268475091 0.675 6
1773268475106 0.745 7
1773268475119 0.725 8
1773268475133 0.68 9
1773268475145 0.665 10
1773268475157 0.475 11
1773268475169 0.54 12
1773268475181 0.465 13
1773268475193 0.48 14
1773268475205 0.505 15
1773268475218 0.645 16
1773268475243 0.68 17
1773268475259 0.695 18
1773268475274 0.685 19
1773268475287 0.705 20
1773268475302 0.615 21
1773268475315 0.52 22
1773268475329 0.505 23
1773268475344 0.79 24
1773268475359 0.665 25
1773268475373 0.74 26
1773268475385 0.78 27
1773268475398 0.77 28
1773268475409 0.77 29
1773268475422 0.695 30
1773268475434 0.575 31
1773268475459 0.62 32
1773268475473 0.53 33
1773268475485 0.635 34
1773268475498 0.81 35
1773268475510 0.78 36
1773268475524 0.74 37
1773268475536 0.795 38
1773268475548 0.84 39
1773268475561 0.82 40
1773268475576 0.805 41
1773268475589 0.645 42
1773268475602 0.525 43
1773268475617 0.63 44
1773268475630 0.785 45
1773268475643 0.67 46
1773268475660 0.785 47
1773268475683 0.73 48
1773268475696 0.84 49
1773268475710 0.82 50
1773268475723 0.81 51
1773268475736 0.79 52
1773268475749 0.84 53
1773268475762 0.855 54
1773268475774 0.825 55
1773268475786 0.855 56
1773268475799 0.775 57
1773268475811 0.78 58
1773268475824 0.77 59
1773268475839 0.74 60
1773268475851 0.77 61
1773268475863 0.805 62
1773268475888 0.805 63
1773268475903 0.845 64
1773268475917 0.84 65
1773268475930 0.82 66
1773268475945 0.825 67
1773268475958 0.815 68
1773268475971 0.855 69
1773268475985 0.86 70
1773268475999 0.82 71
1773268476012 0.835 72
1773268476025 0.895 73
1773268476039 0.795 74
1773268476054 0.66 75
1773268476067 0.625 76
1773268476080 0.71 77
1773268476112 0.77 78
1773268476140 0.87 79
1773268476156 0.85 80
1773268476172 0.835 81
1773268476188 0.79 82
1773268476203 0.815 83
1773268476219 0.795 84
1773268476235 0.83 85
1773268476254 0.8 86
1773268476268 0.84 87
1773268476283 0.835 88
1773268476298 0.84 89
1773268476312 0.815 90
1773268476325 0.79 91
1773268476339 0.82 92
1773268476365 0.825 93
1773268476379 0.87 94
1773268476395 0.87 95
1773268476408 0.865 96
1773268476421 0.81 97
1773268476436 0.81 98
1773268476450 0.675 99
1773268476463 0.7 100
1773268476477 0.65 101
1773268476495 0.725 102
1773268476509 0.8 103
1773268476522 0.87 104
1773268476535 0.85 105
1773268476548 0.85 106
1773268476564 0.835 107
1773268476590 0.855 108
1773268476605 0.825 109
1773268476620 0.8 110
1773268476634 0.795 111
1773268476649 0.8 112
1773268476662 0.885 113
1773268476675 0.855 114
1773268476692 0.78 115
1773268476704 0.815 116
1773268476718 0.815 117
1773268476731 0.81 118
1773268476745 0.83 119
1773268476758 0.825 120
1773268476771 0.84 121
1773268476786 0.79 122
1773268476812 0.855 123
1773268476825 0.87 124
1773268476838 0.84 125
1773268476850 0.815 126
1773268476863 0.845 127
1773268476876 0.805 128
1773268476889 0.85 129
1773268476904 0.815 130
1773268476918 0.88 131
1773268476931 0.845 132
1773268476944 0.815 133
1773268476961 0.84 134
1773268476975 0.84 135
1773268476990 0.81 136
1773268477003 0.81 137
1773268477031 0.815 138
1773268477044 0.82 139
1773268477058 0.86 140
1773268477073 0.84 141
1773268477090 0.84 142
1773268477104 0.85 143
1773268477117 0.845 144
1773268477133 0.84 145
1773268477153 0.845 146
1773268477169 0.865 147
1773268477188 0.815 148
1773268477205 0.815 149
1773268477218 0.84 150
1773268477232 0.84 151
1773268477245 0.8 152
1773268477269 0.815 153
1773268477283 0.765 154
1773268477296 0.87 155
1773268477309 0.85 156
1773268477324 0.855 157
1773268477337 0.815 158
1773268477351 0.855 159
1773268477365 0.815 160
1773268477378 0.875 161
1773268477391 0.835 162
1773268477404 0.85 163
1773268477417 0.875 164
1773268477429 0.91 165
1773268477442 0.85 166
1773268477455 0.88 167
1773268477478 0.855 168
1773268477492 0.875 169
1773268477508 0.885 170
1773268477521 0.87 171
1773268477534 0.885 172
1773268477547 0.835 173
1773268477560 0.79 174
1773268477573 0.735 175
1773268477587 0.89 176
1773268477600 0.85 177
1773268477613 0.845 178
1773268477626 0.855 179
1773268477639 0.905 180
1773268477653 0.855 181
1773268477667 0.84 182
1773268477690 0.87 183
1773268477707 0.88 184
1773268477721 0.855 185
1773268477737 0.885 186
1773268477751 0.855 187
1773268477766 0.865 188
1773268477780 0.83 189
1773268477793 0.835 190
1773268477808 0.84 191
1773268477822 0.775 192
1773268477835 0.585 193
1773268477850 0.51 194
1773268477868 0.535 195
1773268477893 0.695 196
1773268477923 0.74 197
1773268477945 0.76 198
