1780113888280 0.0 0
1780113888282 0.03943788041532402 1
1780113888284 0.15758738733460675 2
1780113888285 0.37786918988291984 3
1780113888287 0.4745221050250762 4
1780113888289 0.43635278024253177 5
1780113888291 0.37609057254855427 6
1780113888293 0.6185858896736616 7
1780113888295 0.5517786098018311 8
1780113888297 0.4066509264885805 9
1780113888298 0.55196030480241 10
1780113888300 0.5837995537148263 11
1780113888302 0.5492318678430423 12
1780113888304 0.7357552138952276 13
1780113888306 0.6762888036900049 14
1780113888308 0.7183999282051217 15
1780113888310 0.6354715817227339 16
1780113888311 0.6737587941469225 17
1780113888313 0.705497259324047 18
1780113888315 0.5221961822376794 19
1780113888317 0.7734843882085408 20
1780113888319 0.8364877097828225 21
1780113888321 0.7111768231944315 22
1780113888322 0.7350548307564314 23
1780113888324 0.8069730523264933 24
1780113888326 0.7670634365664792 25
1780113888328 0.824135961736941 26
1780113888330 0.7152488507431741 27
1780113888332 0.8204626845846471 28
1780113888333 0.7043791151729838 29
1780113888335 0.8407823627061873 30
1780113888337 0.7387278326909438 31
1780113888339 0.7591570311391934 32
1780113888341 0.7591758519614744 33
1780113888343 0.7921153904515534 34
1780113888344 0.8164764170050784 35
1780113888346 0.645304315903227 36
1780113888348 0.8583991956635776 37
1780113888350 0.744452606217312 38
1780113888352 0.7416108479773296 39
1780113888354 0.7846588438382883 40
1780113888355 0.6559261706035899 41
1780113888357 0.8952471676019803 42
1780113888359 0.6218375805770616 43
1780113888361 0.892081598333203 44
1780113888363 0.8602989863429604 45
1780113888365 0.7951078911625774 46
1780113888367 0.799329940823209 47
1780113888368 0.8464721551093859 48
1780113888370 0.8919021740074372 49
1780113888372 0.8156790645921544 50
1780113888374 0.8679674866720688 51
1780113888376 0.7129545171050531 52
1780113888378 0.8055620566389579 53
1780113888379 0.7992698218534785 54
1780113888381 0.7835055838470473 55
1780113888383 0.8265531053011677 56
1780113888385 0.8352777444609789 57
1780113888387 0.6486178898895492 58
1780113888389 0.8879997779997781 59
1780113888390 0.7978263687121532 60
1780113888392 0.8765175586228218 61
1780113888394 0.8821184371184371 62
1780113888396 0.9042118505533141 63
1780113888398 0.8480557492476997 64
1780113888404 0.7814266695613955 65
1780113888406 0.8199854050301074 66
1780113888408 0.8222068047142657 67
1780113888410 0.6741025461751414 68
1780113888412 0.7227918913880418 69
1780113888414 0.8015291613930824 70
1780113888416 0.8709711818180071 71
1780113888417 0.9135974279115983 72
1780113888419 0.8883258213188462 73
1780113888421 0.8540210623369958 74
1780113888423 0.8868980633110519 75
1780113888425 0.8624673849898498 76
1780113888426 0.8389986550474354 77
1780113888428 0.9450506718969567 78
1780113888430 0.8945814240377933 79
1780113888432 0.6980597968212089 80
1780113888434 0.8336506356115787 81
1780113888436 0.880285330273883 82
1780113888437 0.9258595908595909 83
1780113888439 0.8651209151189395 84
1780113888441 0.8758406273553898 85
1780113888443 0.9350467409517474 86
1780113888445 0.8488398526872555 87
1780113888446 0.8985858983993849 88
1780113888448 0.759549128178403 89
1780113888450 0.9398315911730546 90
1780113888452 0.8897673140453091 91
1780113888454 0.8278159118324343 92
1780113888456 0.9114949564749038 93
1780113888457 0.8414654506117921 94
1780113888459 0.8451198277801024 95
1780113888461 0.9250726644629085 96
1780113888463 0.7969482832208381 97
1780113888465 0.5544672067779615 98
1780113888467 0.8219944453665382 99
1780113888468 0.90452795501576 100
1780113888470 0.9256659163270203 101
1780113888472 0.9187646355976355 102
1780113888474 0.9546726477214282 103
1780113888476 0.9139224721303714 104
1780113888478 0.9055561509294681 105
1780113888479 0.9256693012223358 106
1780113888481 0.893706582546665 107
1780113888483 0.9547905315491967 108
1780113888485 0.9146711607545415 109
1780113888487 0.9146115189802686 110
1780113888489 0.9245203686667102 111
1780113888490 0.8629581026965495 112
1780113888492 0.7666813941509503 113
1780113888494 0.9155041919996991 114
1780113888496 0.8844574305743216 115
1780113888498 0.9008724296960111 116
1780113888500 0.9347769364508178 117
1780113888501 0.8710812055648202 118
1780113888503 0.7644212068073688 119
1780113888505 0.7614430860928209 120
1780113888507 0.9349328527698233 121
1780113888509 0.9259066918116983 122
1780113888511 0.8632134629503051 123
1780113888513 0.800609839953051 124
1780113888515 0.9250627249577903 125
1780113888516 0.8164545477212929 126
1780113888518 0.7889996340527419 127
1780113888520 0.8854337428809658 128
1780113888522 0.9104955439716781 129
1780113888524 0.9364395258297697 130
1780113888526 0.8668888655859395 131
1780113888527 0.7267901297275307 132
1780113888529 0.8818746958972523 133
1780113888531 0.8620064639707159 134
1780113888533 0.9347723753294404 135
1780113888535 0.8974195195772248 136
1780113888537 0.9252337635264466 137
1780113888538 0.8940932100046876 138
1780113888540 0.9082773978810149 139
1780113888542 0.8532392408602745 140
1780113888544 0.8614605883837981 141
1780113888546 0.8847616001419653 142
1780113888547 0.9337916795271186 143
1780113888549 0.9550562228469206 144
1780113888551 0.9044782977196848 145
1780113888553 0.9253258441897725 146
1780113888555 0.9450411816265476 147
1780113888556 0.9503193490292334 148
1780113888558 0.9496048326536132 149
1780113888560 0.9349270455688942 150
1780113888562 0.9283292485731509 151
1780113888564 0.9399273962688597 152
1780113888565 0.9349561756172797 153
1780113888567 0.8589612698375818 154
1780113888569 0.9132666123226999 155
1780113888571 0.955585518113058 156
1780113888573 0.9021780376873634 157
1780113888575 0.9652166532654338 158
1780113888577 0.9597082057865112 159
1780113888578 0.9301183131670937 160
1780113888580 0.9432501986674003 161
1780113888582 0.9600843807454847 162
1780113888584 0.9450894196529627 163
1780113888586 0.9201662598004063 164
1780113888588 0.9359019417363449 165
1780113888590 0.9342307542858339 166
1780113888592 0.9500405093408943 167
1780113888594 0.9600358211333822 168
1780113888596 0.9795748187211603 169
1780113888597 0.979971810389012 170
1780113888599 0.8369879517225284 171
1780113888601 0.888832288051557 172
1780113888603 0.964955681887646 173
1780113888605 0.9801067631555437 174
1780113888606 0.8700944835604657 175
1780113888608 0.9499530486629333 176
1780113888610 0.954949427978953 177
1780113888612 0.9599525549332995 178
1780113888614 0.9849718103890119 179
1780113888616 0.9698274767594409 180
1780113888617 0.9649744906355947 181
1780113888619 0.950242062174026 182
1780113888621 0.9592714101058132 183
1780113888623 0.9344252721526223 184
1780113888625 0.969975431072992 185
1780113888626 0.9601005092468509 186
1780113888628 0.8693039200129643 187
1780113888630 0.9644480576559568 188
1780113888632 0.9704466454324653 189
1780113888634 0.9400698353137378 190
1780113888636 0.9795716917668138 191
1780113888637 0.8414304413637719 192
1780113888639 0.9353434242266079 193
1780113888641 0.949927077281318 194
1780113888643 0.9297179784984664 195
1780113888645 0.94961963241033 196
1780113888646 0.5393345081208396 197
1780113888648 0.9048999909186423 198
1780113888650 0.9600973822925042 199
1780113888652 0.9458905428193722 200
1780113888654 0.9503770149405579 201
1780113888656 0.9102914030770256 202
1780113888658 0.9655146009318024 203
1780113888660 0.9592641153616764 204
1780113888661 0.9649624295259726 205
1780113888663 0.9646967699406723 206
1780113888665 0.98510989010989 207
1780113888667 0.9696835898376335 208
1780113888669 0.9300398098450163 209
1780113888670 0.9696567731227551 210
1780113888672 0.9849968730456535 211
1780113888674 0.9601736129450551 212
1780113888676 0.9249921348880956 213
1780113888678 0.9501364891787916 214
1780113888679 0.9602507840350036 215
1780113888681 0.9032838232228476 216
1780113888683 0.9507557518480105 217
1780113888685 0.9753148196202798 218
1780113888687 0.9599404938236775 219
1780113888689 0.9700973822925043 220
1780113888690 0.9899968730456535 221
1780113888692 0.9650964418551068 222
1780113888694 0.9243712891397176 223
1780113888696 0.9699686834346654 224
1780113888698 0.9503612281468508 225
1780113888699 0.9603863958035973 226
1780113888701 0.9899999999999999 227
1780113888703 0.9557713999177414 228
1780113888705 0.9752166532654337 229
1780113888707 0.9751094434021264 230
1780113888709 0.984993746091307 231
1780113888710 0.9646804628832871 232
1780113888712 0.9751897414464212 233
1780113888714 0.8503693507865524 234
1780113888716 0.955450681111785 235
1780113888718 0.9600584093638694 236
1780113888719 0.9450510265657892 237
1780113888721 0.9849906191369605 238
1780113888723 0.959853033145716 239
1780113888725 0.9648530331457161 240
1780113888727 0.8972177205072625 241
1780113888729 0.9700686989518825 242
1780113888731 0.9849906191369605 243
1780113888732 0.9849906191369605 244
1780113888734 0.9799807445442876 245
1780113888736 0.8690813879696467 246
1780113888738 0.9699937460913072 247
1780113888740 0.9799776175899412 248
1780113888742 0.9608020912192927 249
1780113888743 0.9654984724304365 250
1780113888745 0.9799906191369606 251
1780113888747 0.9598284171968382 252
1780113888749 0.8680439415099235 253
1780113888751 0.805013286528049 254
1780113888753 0.9651745533824526 255
1780113888755 0.9401843756015772 256
1780113888756 0.9495591839494277 257
1780113888758 0.93000076974542 258
1780113888760 0.9698185426041652 259
1780113888762 0.9406453906261352 260
1780113888764 0.9601897414464211 261
1780113888766 0.9749754310729921 262
1780113888767 0.9598561601000626 263
1780113888769 0.9441801403460657 264
1780113888771 0.9702255874207093 265
1780113888773 0.9747243342878775 266
1780113888775 0.9695893815213456 267
1780113888777 0.9449544668864311 268
1780113888779 0.9749785580273386 269
1780113888780 0.9598351648351648 270
1780113888782 0.9455822861586064 271
1780113888784 0.9044155320570415 272
1780113888786 0.9647708140762742 273
1780113888788 0.9752067786727607 274
1780113888790 0.9749744906355946 275
1780113888791 0.9751156973108193 276
1780113888793 0.9456115235553693 277
1780113888795 0.9545273736544597 278
1780113888797 0.9750817004989021 279
1780113888799 0.9699754310729919 280
1780113888801 0.9180024490010459 281
1780113888802 0.959959302571626 282
1780113888804 0.9282624326961566 283
1780113888806 0.9696847088310502 284
1780113888808 0.9448042210558256 285
1780113888810 0.9703116926659334 286
1780113888812 0.8911726826874453 287
1780113888813 0.9650646632725625 288
1780113888815 0.9700785735445555 289
1780113888817 0.9702345215759849 290
1780113888819 0.9750547886798895 291
1780113888821 0.9493918737821178 292
1780113888822 0.846693222465443 293
1780113888824 0.9448396787228622 294
1780113888826 0.9552041454480481 295
1780113888828 0.984865540963102 296
1780113888830 0.9696847088310502 297
1780113888832 0.9081858727494158 298
1780113888833 0.9554832843664679 299
1780113888835 0.9798587933247754 300
1780113888837 0.9849906191369605 301
1780113888839 0.9135306963262494 302
1780113888841 0.9700875076998312 303
1780113888842 0.9598373513521139 304
1780113888844 0.93918489976122 305
1780113888846 0.9270028153633509 306
1780113888848 0.9599265835516843 307
1780113888850 0.928433842580184 308
1780113888852 0.9021857018487095 309
1780113888853 0.9212294242782046 310
1780113888855 0.9448609056096295 311
1780113888857 0.9550593180888433 312
1780113888859 0.9699686834346656 313
