1780109399193 0.0 0
1780109399195 0.044883687740830604 1
1780109399197 0.09018827208597029 2
1780109399198 0.27138325281803544 3
1780109399200 0.6090152489418383 4
1780109399202 0.6501770642926863 5
1780109399203 0.4562399030758549 6
1780109399205 0.7690104666982103 7
1780109399206 0.8235461046330613 8
1780109399208 0.7871484167245608 9
1780109399209 0.8042255007781683 10
1780109399211 0.7688781540743033 11
1780109399212 0.846770366974188 12
1780109399214 0.8506963591828962 13
1780109399216 0.6814500661860319 14
1780109399217 0.9198499061913695 15
1780109399219 0.9106358850261289 16
1780109399220 0.8657756538757821 17
1780109399222 0.8003415119249195 18
1780109399223 0.7748653213304848 19
1780109399225 0.8802206646787611 20
1780109399227 0.8832313237848236 21
1780109399228 0.9041596899748378 22
1780109399230 0.900954055849121 23
1780109399231 0.894336386182671 24
1780109399233 0.8518319669442903 25
1780109399234 0.9306449210621226 26
1780109399236 0.8610783772334234 27
1780109399238 0.8471684673275861 28
1780109399239 0.9052126799688294 29
1780109399241 0.4088708393056219 30
1780109399242 0.652179789812598 31
1780109399244 0.8621226775896353 32
1780109399245 0.9548252902424916 33
1780109399247 0.9389057305552813 34
1780109399248 0.8701972699962786 35
1780109399250 0.9039998136326165 36
1780109399252 0.9347899062854135 37
1780109399253 0.788784044518227 38
1780109399255 0.9097441670952733 39
1780109399256 0.9297601554212594 40
1780109399258 0.93037498957044 41
1780109399259 0.8836185248336292 42
1780109399261 0.7464711350200657 43
1780109399263 0.9024152156858923 44
1780109399264 0.920776539603352 45
1780109399266 0.8221807225979241 46
1780109399267 0.9194762075057327 47
1780109399269 0.8989016546327973 48
1780109399270 0.9394234887289489 49
1780109399272 0.9398306507356573 50
1780109399273 0.8805356264842189 51
1780109399275 0.8496607377095182 52
1780109399277 0.7706818205363096 53
1780109399278 0.8694458677566834 54
1780109399280 0.8434206445278958 55
1780109399281 0.9134573617166089 56
1780109399283 0.9248850197800849 57
1780109399284 0.9348799629287434 58
1780109399286 0.9501063164477799 59
1780109399288 0.9310588463027487 60
1780109399289 0.9068615769246389 61
1780109399291 0.925670908039329 62
1780109399292 0.9028648552874602 63
1780109399294 0.885245627769131 64
1780109399295 0.9303138880802553 65
1780109399297 0.9070132648694909 66
1780109399298 0.8591898735393888 67
1780109399300 0.8805016126712036 68
1780109399301 0.8828808774270991 69
1780109399303 0.911651607900078 70
1780109399305 0.8356275348234874 71
1780109399306 0.9503215355461826 72
1780109399308 0.8608302733578131 73
1780109399309 0.9054572253531863 74
1780109399311 0.8739851792290818 75
1780109399312 0.9241214750957415 76
1780109399314 0.9356090699063204 77
1780109399315 0.8592612139563359 78
1780109399317 0.9310236553209057 79
1780109399319 0.8291594400022536 80
1780109399320 0.9202260530167508 81
1780109399322 0.9196218693587115 82
1780109399332 0.8683618043295462 83
1780109399334 0.9304056375109007 84
1780109399336 0.8290452312082387 85
1780109399337 0.9354603938630284 86
1780109399339 0.9498019991074594 87
1780109399341 0.9050384028291006 88
1780109399342 0.8424719663063694 89
1780109399344 0.9058962725597501 90
1780109399345 0.9061900774780082 91
1780109399347 0.7072283993901711 92
1780109399348 0.811034644524851 93
1780109399350 0.8619055749711763 94
1780109399352 0.7739737784931472 95
1780109399353 0.9206094147333662 96
1780109399355 0.9087996506417559 97
1780109399356 0.9150399454429667 98
1780109399358 0.9495502497941523 99
1780109399359 0.9398581159556769 100
1780109399361 0.8337326981444628 101
1780109399362 0.9548008528496335 102
1780109399364 0.9648869580948574 103
1780109399366 0.8917556995413222 104
1780109399367 0.9400468419838811 105
1780109399369 0.9598004061418696 106
1780109399370 0.9091938413889634 107
1780109399372 0.9402419571739212 108
1780109399373 0.9504986158985025 109
1780109399375 0.8764356011981173 110
1780109399376 0.9197161361397429 111
1780109399378 0.9396427226915032 112
1780109399379 0.8814553985606617 113
1780109399381 0.8764198968093997 114
1780109399383 0.8236765725667328 115
1780109399384 0.9497903529931773 116
1780109399386 0.9605484532483965 117
1780109399387 0.9294811059816881 118
1780109399389 0.9046311686542154 119
1780109399390 0.8304961647424092 120
1780109399392 0.9450821942285357 121
1780109399394 0.9115131471765163 122
1780109399395 0.9521502759472682 123
1780109399397 0.9345122949978609 124
1780109399398 0.9354815509693559 125
1780109399400 0.878640200944718 126
1780109399401 0.919216622905013 127
1780109399403 0.9305272430547828 128
1780109399404 0.9311372976489256 129
1780109399406 0.965061536318216 130
1780109399408 0.9343680107594785 131
1780109399409 0.9414594512637559 132
1780109399411 0.847696876312806 133
1780109399412 0.9445474220698866 134
1780109399414 0.8899374322330648 135
1780109399415 0.915157455733776 136
1780109399417 0.8884415862272089 137
1780109399419 0.8586395340343455 138
1780109399420 0.92876882638115 139
1780109399422 0.9645919445777643 140
1780109399423 0.9147701571000673 141
1780109399425 0.9099143316358809 142
1780109399427 0.9285954827418242 143
1780109399428 0.9649534953706969 144
1780109399430 0.9455386983101404 145
1780109399431 0.929885710834305 146
1780109399433 0.965061536318216 147
1780109399434 0.9295146179613445 148
1780109399436 0.9349828227684455 149
1780109399437 0.9749843652282678 150
1780109399439 0.96010631644778 151
1780109399441 0.959959302571626 152
1780109399442 0.9357592107368207 153
1780109399444 0.8203443473497508 154
1780109399445 0.934600288900674 155
1780109399447 0.9547614332132349 156
1780109399449 0.9393177832009668 157
1780109399450 0.9385207393602176 158
1780109399452 0.969546629110172 159
1780109399453 0.9323964195332689 160
1780109399455 0.9598462855073896 161
1780109399456 0.959375283263542 162
1780109399458 0.9547180803791845 163
1780109399460 0.9390055191646379 164
1780109399461 0.9799776175899412 165
1780109399463 0.9698624140087556 166
1780109399464 0.9695596306571916 167
1780109399466 0.9651767398994016 168
1780109399467 0.9646905160319795 169
1780109399469 0.9745685648124673 170
1780109399470 0.924692002477625 171
1780109399472 0.8605533455104709 172
1780109399474 0.9601201109545141 173
1780109399475 0.9799906191369605 174
1780109399477 0.9441024151999763 175
1780109399478 0.935658090880499 176
1780109399480 0.954574193457377 177
1780109399481 0.8940541681032613 178
1780109399483 0.974833730668134 179
1780109399485 0.9698373513521139 180
1780109399486 0.9702514430370656 181
1780109399488 0.9501709326984725 182
1780109399489 0.9135165448293139 183
1780109399491 0.9598332839603702 184
1780109399492 0.9597556260123057 185
1780109399494 0.9701125703564728 186
1780109399496 0.9596695207670818 187
1780109399497 0.9649228040691454 188
1780109399499 0.9608020912192927 189
1780109399500 0.9695654378581209 190
1780109399502 0.9646835898376335 191
1780109399503 0.9702337532825338 192
1780109399505 0.9745497560645185 193
1780109399507 0.9748436052608069 194
1780109399508 0.9498190363337988 195
1780109399510 0.872120782955186 196
1780109399516 0.9548171554590039 197
1780109399518 0.9403193490292336 198
1780109399519 0.9499843652282678 199
1780109399521 0.9452539787883252 200
1780109399522 0.9399942149800345 201
1780109399524 0.860734972075678 202
1780109399525 0.9448471676785569 203
1780109399527 0.9703278211672993 204
1780109399529 0.9451269652860841 205
1780109399530 0.9649593025716261 206
1780109399532 0.984993746091307 207
1780109399533 0.9851067631555438 208
1780109399535 0.9650579156342358 209
1780109399536 0.979855666370429 210
1780109399538 0.9849906191369605 211
1780109399540 0.9450156045791477 212
1780109399541 0.9393533645074083 213
1780109399543 0.9549556818876459 214
1780109399544 0.9701866144920747 215
1780109399546 0.9648525394160824 216
1780109399548 0.9599781113195748 217
1780109399549 0.969503488391747 218
1780109399551 0.9506908004276425 219
1780109399552 0.9650219108613891 220
1780109399554 0.9699624295259726 221
1780109399555 0.8649608877465104 222
1780109399557 0.9547546855749083 223
1780109399559 0.9180160408067385 224
1780109399560 0.9698556663704287 225
1780109399562 0.9748556663704291 226
1780109399563 0.9748494124617361 227
1780109399565 0.937592797070149 228
1780109399567 0.9649781113195749 229
1780109399568 0.9701897414464211 230
1780109399570 0.9701897414464211 231
1780109399571 0.9649494279789531 232
1780109399573 0.9748306037137875 233
1780109399574 0.9749937460913071 234
1780109399576 0.6806841099797756 235
1780109399578 0.9400459015464836 236
1780109399579 0.9651848429704655 237
1780109399581 0.9699906191369607 238
1780109399582 0.9450422808625035 239
1780109399584 0.965152796236177 240
1780109399586 0.9748337306681337 241
1780109399587 0.9798587933247752 242
1780109399589 0.9849718103890119 243
1780109399590 0.9600785735445555 244
1780109399592 0.984993746091307 245
1780109399593 0.9494021782904369 246
1780109399595 0.8337843693331498 247
1780109399596 0.9851067631555438 248
1780109399598 0.9751125703564728 249
1780109399600 0.8595313612227873 250
1780109399601 0.9700547886798894 251
1780109399603 0.9111941897986278 252
1780109399604 0.9306487956487957 253
1780109399606 0.964849412461736 254
1780109399607 0.9800848274532485 255
1780109399609 0.9293997743805189 256
1780109399611 0.9400521237427528 257
1780109399612 0.9123144917482156 258
1780109399614 0.9851156973108193 259
1780109399615 0.9449796007099647 260
1780109399617 0.9498843248701446 261
1780109399619 0.9449157191304248 262
1780109399620 0.9649467477323702 263
1780109399622 0.9397459780171665 264
1780109399623 0.9801036362011972 265
1780109399625 0.9799906191369608 266
1780109399626 0.9801067631555437 267
1780109399628 0.9444533630784638 268
1780109399630 0.9851156973108193 269
1780109399631 0.9699566223250434 270
1780109399633 0.9600655719975361 271
1780109399634 0.9537478781381221 272
1780109399636 0.9645497560645186 273
1780109399637 0.9899937460913071 274
1780109399639 0.9851067631555436 275
1780109399641 0.9385219295494334 276
1780109399642 0.9495543345543347 277
1780109399644 0.9445839191474622 278
1780109399645 0.7869883375528257 279
1780109399647 0.9696847088310502 280
1780109399648 0.9541660372148177 281
1780109399650 0.94538286604397 282
1780109399652 0.979993746091307 283
1780109399653 0.9848587933247753 284
1780109399655 0.9596238002001204 285
1780109399656 0.9899937460913071 286
1780109399658 0.95504540781685 287
1780109399659 0.9299352679840485 288
1780109399661 0.974977617589941 289
1780109399662 0.9599807445442876 290
1780109399664 0.9849718103890119 291
1780109399666 0.9501844279751257 292
1780109399667 0.9543405104380713 293
1780109399669 0.9507506223753364 294
1780109399670 0.9392851956621495 295
1780109399672 0.9849906191369605 296
1780109399673 0.9652074213049822 297
1780109399675 0.9503403442941313 298
1780109399677 0.9601767398994017 299
1780109399678 0.96021258587369 300
1780109399680 0.9899937460913071 301
1780109399681 0.9799686834346655 302
1780109399683 0.9650906346541775 303
1780109399684 0.936439989905972 304
1780109399686 0.9265714540975866 305
1780109399687 0.925971850081002 306
1780109399689 0.9275446194169292 307
1780109399691 0.9700817004989022 308
1780109399693 0.964367759611662 309
1780109399695 0.6996076146076146 310
1780109399696 0.9541561626221448 311
1780109399698 0.9544718425206231 312
1780109399699 0.9753796481652707 313
