1780125151321 0.0 0
1780125151323 0.9016666666666617 1
1780125151325 0.9133333333333283 2
1780125151327 0.9361111111111059 3
1780125151329 0.9372222222222171 4
1780125151331 0.9438888888888837 5
1780125151333 0.9466666666666613 6
1780125151334 0.9499999999999946 7
1780125151336 0.9444444444444393 8
1780125151338 0.9549999999999947 9
1780125151340 0.9605555555555501 10
1780125151342 0.9711111111111055 11
1780125151343 0.9705555555555503 12
1780125151345 0.974444444444439 13
1780125151347 0.9733333333333277 14
1780125151349 0.9816666666666611 15
1780125151351 0.9699999999999946 16
1780125151352 0.9811111111111057 17
1780125151354 0.9822222222222168 18
1780125151356 0.9833333333333278 19
1780125151358 0.9811111111111057 20
1780125151360 0.9805555555555501 21
1780125151362 0.9822222222222168 22
1780125151363 0.9822222222222166 23
1780125151365 0.974444444444439 24
1780125151367 0.9822222222222166 25
1780125151369 0.974444444444439 26
1780125151371 0.9772222222222169 27
1780125151372 0.9861111111111056 28
1780125151374 0.9849999999999944 29
1780125151376 0.9844444444444388 30
1780125151378 0.9816666666666611 31
1780125151380 0.9822222222222166 32
1780125151382 0.9799999999999944 33
1780125151383 0.9805555555555501 34
1780125151385 0.9827777777777722 35
1780125151387 0.9672222222222168 36
1780125151389 0.9827777777777722 37
1780125151391 0.984444444444439 38
1780125151393 0.9722222222222168 39
1780125151395 0.9605555555555503 40
1780125151397 0.9805555555555501 41
1780125151399 0.9822222222222168 42
1780125151401 0.9799999999999944 43
1780125151402 0.9861111111111056 44
1780125151404 0.9833333333333277 45
1780125151406 0.9749999999999945 46
1780125151408 0.9833333333333277 47
1780125151410 0.9888888888888833 48
1780125151412 0.9911111111111055 49
1780125151414 0.9872222222222167 50
1780125151415 0.9833333333333278 51
1780125151417 0.9794444444444389 52
1780125151419 0.9766666666666612 53
1780125151421 0.9749999999999945 54
1780125151423 0.984444444444439 55
1780125151424 0.9877777777777723 56
1780125151426 0.9833333333333278 57
1780125151428 0.9861111111111056 58
1780125151430 0.9872222222222167 59
1780125151432 0.9849999999999944 60
1780125151433 0.986666666666661 61
1780125151435 0.9727777777777723 62
1780125151437 0.9849999999999944 63
1780125151439 0.9877777777777723 64
1780125151441 0.986666666666661 65
1780125151442 0.9861111111111056 66
1780125151444 0.9849999999999944 67
1780125151447 0.9872222222222167 68
1780125151449 0.9777777777777723 69
1780125151451 0.9861111111111056 70
1780125151452 0.9822222222222166 71
1780125151454 0.9633333333333279 72
1780125151456 0.984444444444439 73
1780125151458 0.9866666666666613 74
1780125151460 0.9894444444444389 75
1780125151461 0.9727777777777723 76
1780125151463 0.9883333333333277 77
1780125151465 0.9899999999999943 78
1780125151467 0.9922222222222168 79
1780125151469 0.9894444444444389 80
1780125151470 0.9883333333333277 81
1780125151472 0.986666666666661 82
1780125151474 0.9861111111111056 83
1780125151476 0.9861111111111056 84
1780125151478 0.9872222222222167 85
1780125151480 0.9849999999999944 86
1780125151482 0.9861111111111056 87
1780125151484 0.9794444444444389 88
1780125151485 0.9899999999999943 89
1780125151487 0.9833333333333277 90
1780125151489 0.99055555555555 91
1780125151491 0.9911111111111055 92
1780125151493 0.9888888888888834 93
1780125151495 0.9922222222222168 94
1780125151497 0.9861111111111056 95
1780125151498 0.9855555555555501 96
1780125151500 0.9849999999999944 97
1780125151502 0.99055555555555 98
1780125151504 0.9833333333333278 99
1780125151506 0.9894444444444389 100
1780125151507 0.99055555555555 101
1780125151509 0.9877777777777721 102
1780125151511 0.984444444444439 103
1780125151513 0.9788888888888835 104
1780125151515 0.9888888888888833 105
1780125151517 0.9916666666666611 106
1780125151518 0.9855555555555501 107
1780125151520 0.99055555555555 108
1780125151522 0.9933333333333276 109
1780125151524 0.9888888888888834 110
1780125151525 0.9844444444444388 111
1780125151527 0.99055555555555 112
1780125151529 0.9877777777777721 113
1780125151531 0.99055555555555 114
1780125151533 0.9772222222222169 115
1780125151535 0.9894444444444389 116
1780125151537 0.9888888888888834 117
1780125151539 0.9883333333333277 118
1780125151540 0.9916666666666611 119
1780125151542 0.9822222222222166 120
1780125151544 0.9705555555555501 121
1780125151546 0.9933333333333276 122
1780125151548 0.9833333333333278 123
1780125151550 0.9894444444444389 124
1780125151551 0.9849999999999944 125
1780125151553 0.9911111111111055 126
1780125151555 0.9911111111111055 127
1780125151557 0.986666666666661 128
1780125151559 0.9872222222222167 129
1780125151561 0.9844444444444388 130
1780125151562 0.9944444444444388 131
1780125151564 0.99055555555555 132
1780125151566 0.9899999999999946 133
1780125151568 0.9872222222222167 134
1780125151570 0.9866666666666613 135
1780125151572 0.9922222222222168 136
1780125151574 0.9894444444444389 137
1780125151576 0.9833333333333277 138
1780125151578 0.9888888888888834 139
1780125151580 0.9883333333333277 140
1780125151581 0.986666666666661 141
1780125151583 0.9927777777777722 142
1780125151585 0.9894444444444389 143
1780125151587 0.99055555555555 144
1780125151589 0.9761111111111056 145
1780125151591 0.9699999999999946 146
1780125151593 0.98555555555555 147
1780125151594 0.98555555555555 148
1780125151596 0.99055555555555 149
1780125151598 0.9877777777777721 150
1780125151600 0.9872222222222167 151
1780125151602 0.9911111111111055 152
1780125151604 0.9888888888888834 153
1780125151605 0.9772222222222169 154
1780125151607 0.9883333333333277 155
1780125151609 0.9888888888888834 156
1780125151611 0.9922222222222168 157
1780125151613 0.9933333333333279 158
1780125151614 0.9938888888888833 159
1780125151616 0.9911111111111055 160
1780125151618 0.9883333333333277 161
1780125151620 0.99055555555555 162
1780125151622 0.9949999999999944 163
1780125151623 0.9911111111111055 164
1780125151625 0.9799999999999945 165
1780125151627 0.9955555555555499 166
1780125151629 0.9949999999999944 167
1780125151631 0.9933333333333276 168
1780125151633 0.9916666666666611 169
1780125151635 0.9949999999999944 170
1780125151636 0.9955555555555501 171
1780125151638 0.9916666666666611 172
1780125151640 0.9922222222222168 173
1780125151642 0.9955555555555499 174
1780125151644 0.9938888888888833 175
1780125151646 0.9938888888888833 176
1780125151647 0.9849999999999947 177
1780125151649 0.9966666666666611 178
1780125151651 0.9949999999999944 179
1780125151653 0.9955555555555501 180
1780125151655 0.9949999999999944 181
1780125151657 0.9916666666666611 182
1780125151659 0.9927777777777722 183
1780125151660 0.9883333333333277 184
1780125151662 0.9966666666666611 185
1780125151664 0.9949999999999944 186
1780125151666 0.9927777777777722 187
1780125151668 0.9888888888888834 188
1780125151670 0.9916666666666611 189
1780125151672 0.9938888888888833 190
1780125151674 0.9888888888888834 191
1780125151675 0.9955555555555501 192
1780125151677 0.9922222222222166 193
1780125151679 0.9899999999999943 194
1780125151681 0.9927777777777722 195
1780125151683 0.9949999999999944 196
1780125151684 0.996666666666661 197
1780125151686 0.9911111111111055 198
1780125151688 0.9911111111111056 199
1780125151690 0.9927777777777722 200
1780125151692 0.9966666666666611 201
1780125151694 0.9883333333333277 202
1780125151695 0.9949999999999944 203
1780125151697 0.9916666666666611 204
1780125151699 0.9922222222222166 205
1780125151701 0.9938888888888833 206
1780125151703 0.9949999999999944 207
1780125151704 0.9977777777777723 208
1780125151706 0.9938888888888833 209
1780125151708 0.9949999999999944 210
1780125151710 0.9933333333333276 211
1780125151712 0.9894444444444389 212
1780125151714 0.9933333333333276 213
1780125151715 0.9877777777777723 214
1780125151717 0.9899999999999943 215
1780125151719 0.9922222222222168 216
1780125151721 0.9961111111111055 217
1780125151723 0.9861111111111057 218
1780125151725 0.9983333333333277 219
1780125151726 0.9961111111111055 220
1780125151728 0.9961111111111055 221
1780125151730 0.9949999999999944 222
1780125151732 0.9955555555555501 223
1780125151734 0.9938888888888833 224
1780125151736 0.9961111111111055 225
1780125151737 0.9949999999999944 226
1780125151739 0.9927777777777722 227
1780125151741 0.9944444444444388 228
1780125151743 0.9961111111111055 229
1780125151745 0.9972222222222167 230
1780125151747 0.9938888888888833 231
1780125151749 0.9944444444444389 232
1780125151750 0.9933333333333276 233
1780125151752 0.9966666666666611 234
1780125151754 0.9955555555555499 235
1780125151756 0.9944444444444388 236
1780125151758 0.9949999999999944 237
1780125151760 0.9944444444444388 238
1780125151762 0.9938888888888833 239
1780125151763 0.9972222222222167 240
1780125151765 0.9944444444444388 241
1780125151767 0.9955555555555499 242
1780125151769 0.9933333333333279 243
1780125151771 0.9944444444444389 244
1780125151773 0.9966666666666611 245
1780125151774 0.9972222222222167 246
1780125151776 0.9949999999999944 247
1780125151778 0.9888888888888834 248
1780125151780 0.9888888888888834 249
1780125151782 0.9927777777777722 250
1780125151783 0.9944444444444389 251
1780125151785 0.9944444444444389 252
1780125151787 0.9955555555555501 253
1780125151789 0.9972222222222167 254
1780125151791 0.9949999999999944 255
1780125151793 0.9944444444444389 256
1780125151795 0.99055555555555 257
1780125151796 0.9927777777777722 258
1780125151798 0.9938888888888833 259
1780125151800 0.9966666666666611 260
1780125151803 0.9938888888888833 261
1780125151805 0.9972222222222167 262
1780125151807 0.9938888888888833 263
1780125151809 0.9955555555555499 264
1780125151810 0.9955555555555499 265
1780125151812 0.9916666666666611 266
1780125151814 0.9938888888888833 267
1780125151816 0.9911111111111056 268
1780125151817 0.9983333333333277 269
1780125151819 0.9972222222222167 270
1780125151821 0.9949999999999944 271
1780125151823 0.9927777777777722 272
1780125151825 0.996666666666661 273
1780125151827 0.9872222222222167 274
1780125151828 0.9955555555555499 275
1780125151830 0.9933333333333276 276
1780125151832 0.9949999999999944 277
1780125151834 0.9944444444444389 278
1780125151836 0.9949999999999944 279
1780125151838 0.9916666666666611 280
1780125151839 0.9961111111111055 281
1780125151852 0.9938888888888833 282
1780125151854 0.9972222222222167 283
1780125151855 0.9961111111111055 284
1780125151857 0.9961111111111055 285
1780125151859 0.9966666666666611 286
1780125151861 0.9955555555555499 287
1780125151863 0.9938888888888833 288
1780125151865 0.9994444444444388 289
1780125151866 0.9955555555555501 290
1780125151868 0.9944444444444388 291
1780125151870 0.9961111111111055 292
1780125151872 0.9922222222222168 293
1780125151874 0.9955555555555499 294
1780125151876 0.9927777777777722 295
1780125151878 0.9949999999999944 296
1780125151879 0.9966666666666611 297
1780125151881 0.9966666666666611 298
1780125151883 0.9949999999999944 299
1780125151885 0.9949999999999944 300
1780125151886 0.9916666666666611 301
1780125151888 0.9944444444444388 302
1780125151890 0.9961111111111055 303
1780125151892 0.9961111111111055 304
1780125151894 0.9949999999999944 305
1780125151896 0.9955555555555499 306
1780125151897 0.9961111111111055 307
1780125151899 0.9961111111111055 308
1780125151901 0.9961111111111055 309
1780125151903 0.9933333333333279 310
1780125151905 0.9922222222222168 311
1780125151907 0.9955555555555499 312
1780125151908 0.9949999999999944 313
