1780551778728 0.0 0
1780551778730 0.27008547008547007 1
1780551778733 0.395 2
1780551778735 0.38 3
1780551778737 0.43 4
1780551778740 0.4025 5
1780551778742 0.4125 6
1780551778744 0.385 7
1780551778747 0.4125 8
1780551778749 0.425 9
1780551778751 0.42 10
1780551778754 0.4125 11
1780551778756 0.39 12
1780551778758 0.38 13
1780551778761 0.3925 14
1780551778763 0.4075 15
1780551778765 0.435 16
1780551778768 0.4025 17
1780551778770 0.39 18
1780551778772 0.3925 19
1780551778775 0.39 20
1780551778777 0.4175 21
1780551778779 0.38 22
1780551778782 0.9246231155778895 23
1780551778784 0.415 24
1780551778786 0.41 25
1780551778789 0.4275 26
1780551778791 0.4175 27
1780551778793 0.3975 28
1780551778796 0.4225 29
1780551778798 0.3975 30
1780551778801 0.395 31
1780551778803 0.38190954773869346 32
1780551778805 0.9065656565656566 33
1780551778807 0.395 34
1780551778810 0.4025 35
1780551778812 0.9045226130653266 36
1780551778815 0.39 37
1780551778818 0.6388888888888888 38
1780551778820 0.9145077720207253 39
1780551778822 0.3825 40
1780551778825 0.8138528138528138 41
1780551778827 0.9285714285714286 42
1780551778829 0.41 43
1780551778832 0.9095477386934674 44
1780551778834 0.9107142857142857 45
1780551778836 0.907035175879397 46
1780551778839 0.648989898989899 47
1780551778841 0.9271356783919598 48
1780551778843 0.425 49
1780551778846 0.8944723618090452 50
1780551778848 0.8943298969072164 51
1780551778850 0.7560137457044673 52
1780551778853 0.8969849246231156 53
1780551778855 0.9170854271356783 54
1780551778857 0.8959390862944163 55
1780551778860 0.7755102040816326 56
1780551778862 0.898989898989899 57
1780551778864 0.9045226130653266 58
1780551778867 0.7864583333333333 59
1780551778869 0.7327905255366396 60
1780551778871 0.7394736842105263 61
1780551778874 0.763157894736842 62
1780551778876 0.6478494623655914 63
1780551778878 0.6607142857142857 64
1780551778881 0.8894472361809045 65
1780551778883 0.8787878787878788 66
1780551778885 0.3975 67
1780551778888 0.8463541666666667 68
1780551778890 0.4125 69
1780551778892 0.8969849246231156 70
1780551778895 0.8813131313131313 71
1780551778897 0.6050986050986051 72
1780551778899 0.3925 73
1780551778902 0.41959798994974873 74
1780551778904 0.8939393939393939 75
1780551778906 0.8052631578947369 76
1780551778909 0.7947368421052632 77
1780551778911 0.7209474463360473 78
1780551778913 0.9015151515151515 79
1780551778916 0.8 80
1780551778918 0.7534364261168385 81
1780551778920 0.9065656565656566 82
1780551778923 0.879396984924623 83
1780551778925 0.6992437463641652 84
1780551778927 0.6025641025641026 85
1780551778930 0.7495769881556684 86
1780551778932 0.7755102040816326 87
1780551778934 0.8888888888888888 88
1780551778937 0.9238578680203046 89
1780551778939 0.9035532994923858 90
1780551778941 0.7602040816326531 91
1780551778944 0.8098958333333333 92
1780551778946 0.9086294416243654 93
1780551778948 0.6726804123711341 94
1780551778951 0.7768319763138416 95
1780551778953 0.834192439862543 96
1780551778955 0.9464285714285714 97
1780551778958 0.8903061224489797 98
1780551778960 0.6410703897614892 99
1780551778962 0.8994974874371859 100
1780551778965 0.41959798994974873 101
1780551778967 0.8928571428571428 102
1780551778969 0.7831632653061225 103
1780551778972 0.9141414141414141 104
1780551778974 0.8157894736842106 105
1780551778976 0.6710526315789473 106
1780551778979 0.907035175879397 107
1780551778981 0.6916906622788976 108
1780551778983 0.800531914893617 109
1780551778986 0.7755102040816326 110
1780551778988 0.9441624365482233 111
1780551778990 0.8264604810996563 112
1780551778993 0.9120603015075377 113
1780551778995 0.717948717948718 114
1780551778997 0.8944723618090452 115
1780551779000 0.7890625 116
1780551779002 0.9187817258883249 117
1780551779004 0.41 118
1780551779007 0.9166666666666667 119
1780551779009 0.9005102040816326 120
1780551779011 0.7161458333333333 121
1780551779014 0.9065656565656566 122
1780551779016 0.7908163265306123 123
1780551779018 0.9329896907216495 124
1780551779021 0.8923076923076922 125
1780551779023 0.7424847033785582 126
1780551779025 0.9191919191919191 127
1780551779028 0.8863636363636364 128
1780551779030 0.405 129
1780551779032 0.8580570098894706 130
1780551779035 0.8072916666666667 131
1780551779037 0.6843434343434344 132
1780551779039 0.4025 133
1780551779042 0.8944723618090452 134
1780551779044 0.7213541666666667 135
1780551779046 0.8470790378006874 136
1780551779049 0.8813131313131313 137
1780551779051 0.898989898989899 138
1780551779053 0.6454081632653061 139
1780551779056 0.8943298969072164 140
1780551779058 0.8979591836734694 141
1780551779060 0.7882653061224489 142
1780551779063 0.648989898989899 143
1780551779065 0.6857142857142857 144
1780551779067 0.7135416666666667 145
1780551779070 0.8939393939393939 146
1780551779072 0.921875 147
1780551779075 0.9141414141414141 148
1780551779077 0.7573352573352573 149
1780551779079 0.26054774241302736 150
1780551779082 0.49898280948021567 151
1780551779084 0.4952651515151515 152
1780551779086 0.5571428571428572 153
1780551779089 0.5762170790103751 154
1780551779091 0.5507158701351078 155
1780551779093 0.5378239903556359 156
1780551779095 0.5831415861328424 157
1780551779098 0.5783549783549784 158
1780551779100 0.6336805555555556 159
1780551779103 0.6001770107312756 160
1780551779105 0.6675902148939046 161
1780551779107 0.6373537249449658 162
1780551779110 0.704354169004601 163
1780551779112 0.6025983487129675 164
1780551779114 0.7050928056450376 165
1780551779117 0.7325478482132979 166
1780551779119 0.6726190476190477 167
1780551779121 0.6327885597548519 168
1780551779124 0.7203463203463203 169
1780551779126 0.6714424477901895 170
1780551779128 0.7744594305287946 171
1780551779131 0.682983682983683 172
1780551779133 0.6672043552777498 173
1780551779135 0.7379641677509758 174
1780551779138 0.7701863354037267 175
1780551779140 0.7381010199125789 176
1780551779142 0.7294336502687061 177
1780551779145 0.6641298833079655 178
1780551779147 0.7256493506493507 179
1780551779149 0.6789703739679456 180
1780551779152 0.7014006791171477 181
1780551779154 0.7409247829270844 182
1780551779156 0.7127346337872653 183
1780551779159 0.751984126984127 184
1780551779161 0.7363171355498721 185
1780551779164 0.6905834405834406 186
1780551779166 0.7490403568834941 187
1780551779168 0.7042023663810689 188
1780551779171 0.7567144860317119 189
1780551779173 0.6969416126042631 190
1780551779175 0.7622984704423315 191
1780551779178 0.7206208425720622 192
1780551779180 0.697062423500612 193
1780551779183 0.6676195426195426 194
1780551779185 0.7718505123568415 195
1780551779187 0.7711404646774384 196
1780551779190 0.7614889705882353 197
1780551779192 0.7039722572509457 198
1780551779194 0.7461246124612462 199
1780551779197 0.8038940184664793 200
1780551779199 0.72303894063517 201
1780551779201 0.7672998643147897 202
1780551779204 0.7219967532467533 203
1780551779206 0.7442952287367617 204
1780551779208 0.7712465440557759 205
1780551779211 0.7203679679207453 206
1780551779213 0.7730769230769231 207
1780551779215 0.6929851199514121 208
1780551779218 0.7559422750424448 209
1780551779220 0.7963296329632963 210
1780551779222 0.7481203007518797 211
1780551779225 0.8532763532763532 212
1780551779227 0.7661200526369065 213
1780551779229 0.7652307042550945 214
1780551779232 0.7875633696472872 215
1780551779234 0.8163510827492415 216
1780551779236 0.8000919117647058 217
1780551779239 0.8133333333333332 218
1780551779241 0.7759699624530663 219
1780551779243 0.8353228083686305 220
1780551779246 0.7473855030652723 221
1780551779248 0.809634974533107 222
1780551779250 0.7277158074565371 223
1780551779253 0.7523649679584986 224
1780551779255 0.7862547288776798 225
1780551779257 0.7498739792317775 226
1780551779260 0.7268902512321193 227
1780551779262 0.8154885654885655 228
1780551779264 0.805026311014335 229
1780551779267 0.7765710495771846 230
1780551779269 0.8041666666666667 231
1780551779271 0.7405686469742228 232
1780551779274 0.7698612862547289 233
1780551779276 0.79 234
1780551779278 0.7821428571428571 235
1780551779281 0.8144213137741343 236
1780551779283 0.8152709359605912 237
1780551779285 0.7157224958949097 238
1780551779288 0.8807711821410451 239
1780551779290 0.7829233728110132 240
1780551779292 0.7918198529411764 241
1780551779295 0.796073717948718 242
1780551779297 0.809011988424969 243
1780551779299 0.784043659043659 244
1780551779302 0.8226666666666667 245
1780551779304 0.7950549450549451 246
1780551779306 0.7761904761904762 247
1780551779309 0.7895833333333333 248
1780551779311 0.7551975051975053 249
1780551779313 0.7637453493179 250
1780551779316 0.8113860069167331 251
1780551779318 0.7691622103386809 252
1780551779320 0.7926453600308048 253
1780551779322 0.7301801315931399 254
1780551779325 0.7493961352657005 255
1780551779327 0.8075635526728737 256
1780551779329 0.865530303030303 257
1780551779332 0.8316410088437602 258
1780551779334 0.7655890301271144 259
1780551779336 0.8097147950089126 260
1780551779339 0.8176236309326252 261
1780551779341 0.8196969696969697 262
1780551779343 0.7944600562023284 263
1780551779346 0.8074581430745814 264
1780551779348 0.8258888461044795 265
1780551779350 0.8470613470613471 266
1780551779353 0.8136649160745546 267
1780551779355 0.8032435740514076 268
1780551779357 0.8229166666666666 269
1780551779360 0.8405032467532467 270
1780551779362 0.8021832846613823 271
1780551779364 0.7768025078369906 272
1780551779367 0.776002029426687 273
1780551779369 0.7885762109007218 274
1780551779371 0.7730186480186481 275
1780551779374 0.8411330049261083 276
1780551779376 0.8046875 277
1780551779378 0.8058811107591596 278
1780551779389 0.8153221714865551 279
1780551779391 0.7922973947070333 280
1780551779394 0.7941297208538587 281
1780551779396 0.8100935726338395 282
1780551779398 0.775 283
1780551779401 0.7774294670846396 284
1780551779403 0.828125 285
1780551779406 0.820013101867016 286
1780551779408 0.8062499999999999 287
1780551779410 0.8424110384894699 288
1780551779413 0.8264957264957264 289
1780551779415 0.8250783699059561 290
1780551779418 0.7531525851197982 291
1780551779420 0.7927034499338863 292
1780551779422 0.8681932924630364 293
1780551779425 0.8159722222222222 294
1780551779427 0.7472527472527473 295
1780551779429 0.8286347798542921 296
1780551779432 0.8774765380604796 297
1780551779434 0.8567447045707914 298
