1780133637504 0.0 0
1780133637507 0.07619047619047618 1
1780133637509 0.17657079829493622 2
1780133637511 0.2395705155676461 3
1780133637513 0.43226885460778386 4
1780133637515 0.34349364479060585 5
1780133637517 0.5460414769030579 6
1780133637520 0.5305920022006978 7
1780133637522 0.541338253250018 8
1780133637524 0.5625643323745008 9
1780133637526 0.6503230291666824 10
1780133637528 0.6192312084632002 11
1780133637530 0.6523809082401962 12
1780133637532 0.701955968402745 13
1780133637534 0.6918313555803633 14
1780133637537 0.7261819096088568 15
1780133637539 0.7713453726752959 16
1780133637541 0.7245806525720139 17
1780133637543 0.7771020817269064 18
1780133637545 0.8013163497722321 19
1780133637547 0.7981018981018981 20
1780133637549 0.7559661556343478 21
1780133637551 0.8231197174521983 22
1780133637554 0.8200896603396604 23
1780133637556 0.7935907605466429 24
1780133637558 0.7823722731516849 25
1780133637560 0.782777334751019 26
1780133637562 0.7653747868918147 27
1780133637565 0.7933009954553902 28
1780133637567 0.7846822114933569 29
1780133637569 0.7823969690440278 30
1780133637572 0.8006678372796795 31
1780133637574 0.7910507328928382 32
1780133637577 0.7674254476771639 33
1780133637579 0.7975723991027196 34
1780133637581 0.7566225392541182 35
1780133637583 0.7994888736994 36
1780133637585 0.7670734519104084 37
1780133637587 0.8158685220195517 38
1780133637589 0.7920499076442171 39
1780133637592 0.8210017880670055 40
1780133637594 0.7650499138542616 41
1780133637596 0.7991544538400521 42
1780133637598 0.7491499674160964 43
1780133637600 0.7968649557319634 44
1780133637602 0.85153227319636 45
1780133637604 0.8595921800040793 46
1780133637606 0.7928950232773763 47
1780133637608 0.8333531746031746 48
1780133637610 0.8393323343323342 49
1780133637613 0.8421928685349739 50
1780133637615 0.7911657495672841 51
1780133637617 0.8172533386606613 52
1780133637619 0.8344408160601458 53
1780133637621 0.8204524340393906 54
1780133637623 0.8217453135473731 55
1780133637625 0.7636661399876503 56
1780133637628 0.8224446113704426 57
1780133637630 0.8446918175078089 58
1780133637632 0.7969829852543101 59
1780133637634 0.8356203359763732 60
1780133637636 0.8569210617122517 61
1780133637638 0.822606990962254 62
1780133637640 0.8077693140193141 63
1780133637642 0.8325211411395623 64
1780133637644 0.8538292589763177 65
1780133637646 0.8380655405726076 66
1780133637649 0.8481703885175133 67
1780133637651 0.8141258385863649 68
1780133637653 0.8994305056118556 69
1780133637655 0.8313928761297182 70
1780133637657 0.8383487975732556 71
1780133637660 0.8465186805947675 72
1780133637662 0.8844293984683 73
1780133637664 0.8197954578475175 74
1780133637666 0.8570816464237516 75
1780133637668 0.8449432210301776 76
1780133637671 0.8446131028053225 77
1780133637673 0.8551493977037457 78
1780133637675 0.9093505209101183 79
1780133637677 0.8609772367445002 80
1780133637679 0.8741799725042758 81
1780133637681 0.8041791098590465 82
1780133637683 0.8666493233662435 83
1780133637685 0.8197471210706505 84
1780133637687 0.8955705083965952 85
1780133637689 0.8914331282752335 86
1780133637691 0.873029178872159 87
1780133637693 0.8057601612727471 88
1780133637695 0.8654167177851388 89
1780133637698 0.8255147630147629 90
1780133637700 0.8416992481203007 91
1780133637702 0.8658365788800572 92
1780133637704 0.8951642996379838 93
1780133637706 0.8380296756383713 94
1780133637708 0.8416975409538339 95
1780133637710 0.845595708639187 96
1780133637712 0.8339192768016297 97
1780133637714 0.8270108202770741 98
1780133637717 0.882080697080697 99
1780133637719 0.8624940064198376 100
1780133637721 0.8326684283171696 101
1780133637723 0.8602380952380952 102
1780133637725 0.8586936090225563 103
1780133637727 0.8422405156501267 104
1780133637729 0.8755397205134047 105
1780133637731 0.8312089548738155 106
1780133637733 0.8559748032288079 107
1780133637735 0.9083975662243262 108
1780133637738 0.8664018469453252 109
1780133637740 0.8967414707717912 110
1780133637742 0.892352246025015 111
1780133637744 0.8717483060417844 112
1780133637746 0.8438106737342167 113
1780133637748 0.8757131087007248 114
1780133637751 0.8651649623166652 115
1780133637753 0.9000925844021819 116
1780133637755 0.8952024035420619 117
1780133637757 0.8930773904458116 118
1780133637759 0.9072378601790365 119
1780133637762 0.8377194635429929 120
1780133637764 0.8665671995702955 121
1780133637766 0.8782286524391788 122
1780133637768 0.8786363636363635 123
1780133637770 0.8844930177882123 124
1780133637772 0.8601499202551833 125
1780133637774 0.9090522635259479 126
1780133637776 0.8691903672224038 127
1780133637778 0.8768219461697722 128
1780133637781 0.8543946396254917 129
1780133637783 0.8962894555228651 130
1780133637785 0.8891594475318731 131
1780133637787 0.8575245549644862 132
1780133637789 0.8739658182113426 133
1780133637791 0.9119121667805878 134
1780133637793 0.9152715606733646 135
1780133637795 0.9011616161616163 136
1780133637797 0.8605136023621014 137
1780133637800 0.847116857930561 138
1780133637802 0.9067802170309911 139
1780133637804 0.8910669336384439 140
1780133637806 0.8571323391016487 141
1780133637808 0.8970134575569357 142
1780133637810 0.8819461197557172 143
1780133637812 0.9137373737373735 144
1780133637815 0.8853061255013065 145
1780133637817 0.8662110348334606 146
1780133637819 0.8920979358805446 147
1780133637821 0.9002061973114603 148
1780133637823 0.8669172643400334 149
1780133637825 0.9003536174195078 150
1780133637827 0.8618544137022399 151
1780133637830 0.8492385411230913 152
1780133637832 0.8877994227994229 153
1780133637834 0.8879211229946524 154
1780133637836 0.8696839595695429 155
1780133637838 0.8589668583611241 156
1780133637840 0.9122370319738741 157
1780133637842 0.9234454434454434 158
1780133637845 0.8972032972748074 159
1780133637847 0.8857902331586542 160
1780133637849 0.9297115895800105 161
1780133637851 0.9034712655765287 162
1780133637853 0.9523533471359558 163
1780133637855 0.8954978354978355 164
1780133637858 0.898065044858523 165
1780133637860 0.9273508408702916 166
1780133637862 0.9159048467871997 167
1780133637864 0.9085395306447939 168
1780133637866 0.9180199510634294 169
1780133637868 0.9318117262854104 170
1780133637870 0.8913904297456929 171
1780133637872 0.9107843137254902 172
1780133637874 0.9054053315105947 173
1780133637876 0.9334024532772682 174
1780133637878 0.9045573782942204 175
1780133637881 0.9228838400348698 176
1780133637883 0.9421046600458365 177
1780133637885 0.9412881562881562 178
1780133637887 0.932471395881007 179
1780133637889 0.9408088402825243 180
1780133637891 0.9420779220779221 181
1780133637893 0.9395238095238095 182
1780133637896 0.9353768556864532 183
1780133637898 0.9218911807147101 184
1780133637900 0.9405415052783473 185
1780133637902 0.931682731202182 186
1780133637904 0.9168874458874459 187
1780133637906 0.9081722742491352 188
1780133637908 0.883503819709702 189
1780133637910 0.9143837741206162 190
1780133637913 0.9209066143619917 191
1780133637915 0.9211955691367455 192
1780133637917 0.9149287992709045 193
1780133637919 0.8989255573250727 194
1780133637921 0.868791750618376 195
1780133637923 0.9182963910201762 196
1780133637926 0.9419343814080656 197
1780133637928 0.9378609402293613 198
1780133637930 0.9532979187098178 199
1780133637933 0.921219715956558 200
1780133637935 0.9429622310057091 201
1780133637937 0.9209036796536797 202
1780133637939 0.9587991718426501 203
1780133637941 0.921043823326432 204
1780133637943 0.9336591478696743 205
1780133637945 0.9335935441370223 206
1780133637947 0.9402111504056583 207
1780133637950 0.9409289936070122 208
1780133637952 0.9051383399209486 209
1780133637954 0.9596719070403281 210
1780133637956 0.9320241924360916 211
1780133637958 0.9222954124441539 212
1780133637960 0.9520061517429939 213
1780133637962 0.9400653148021568 214
1780133637964 0.9415346336856635 215
1780133637966 0.9435645933014355 216
1780133637969 0.9655958077010709 217
1780133637971 0.9285282499727578 218
1780133637973 0.9719314590824888 219
1780133637975 0.9463100934153565 220
1780133637977 0.9473825869020377 221
1780133637979 0.957796665576986 222
1780133637981 0.9568364092048303 223
1780133637984 0.9079990379990379 224
1780133637986 0.9385056262294114 225
1780133637988 0.9252251098761395 226
1780133637990 0.9472744025840001 227
1780133637992 0.901010100038906 228
1780133637994 0.945404848438231 229
1780133637996 0.9259107254301762 230
1780133637998 0.931665758599397 231
1780133638000 0.9243847921943896 232
1780133638003 0.9403759398496241 233
1780133638005 0.9295134575569358 234
1780133638007 0.9137928071166057 235
1780133638009 0.9124164957849169 236
1780133638011 0.9261906284252831 237
1780133638013 0.9417043762238271 238
1780133638016 0.9484460162263366 239
1780133638018 0.9441379965064176 240
1780133638020 0.9367366946778711 241
1780133638022 0.9577705627705628 242
1780133638024 0.9366297243535096 243
1780133638026 0.9459273182957393 244
1780133638029 0.9754761904761905 245
1780133638031 0.9479908103592314 246
1780133638033 0.9425585703388906 247
1780133638035 0.9436796536796536 248
1780133638037 0.975689223057644 249
1780133638039 0.9564120193531958 250
1780133638041 0.9405028876539173 251
1780133638043 0.9269100890094805 252
1780133638045 0.9427705627705627 253
1780133638047 0.9390115440115439 254
1780133638049 0.9510754158122581 255
1780133638052 0.9576373626373627 256
1780133638054 0.9112599681020732 257
1780133638056 0.9473675213675214 258
1780133638058 0.9414051432930151 259
1780133638060 0.9416892230576442 260
1780133638062 0.9278392952077162 261
1780133638065 0.9716233766233765 262
1780133638067 0.9449498746867168 263
1780133638069 0.9666233766233766 264
1780133638071 0.9616666666666667 265
1780133638073 0.9378814450681459 266
1780133638075 0.9453216374269007 267
1780133638077 0.9576373626373627 268
1780133638080 0.9428138528138528 269
1780133638082 0.948467000835422 270
1780133638084 0.9590344438170526 271
1780133638086 0.9565252966175027 272
1780133638088 0.9540560888386975 273
1780133638090 0.9475074048758259 274
1780133638092 0.9464459315381377 275
1780133638094 0.9274972396025027 276
1780133638097 0.9582832080200501 277
1780133638099 0.9625108225108224 278
1780133638101 0.932273787918071 279
1780133638103 0.8896536796536797 280
1780133638105 0.9389117886943973 281
1780133638107 0.9385115456625753 282
1780133638110 0.9612592086276296 283
1780133638112 0.9540225563909773 284
1780133638114 0.9524259177355152 285
1780133638116 0.928828320802005 286
1780133638118 0.9521471861471861 287
1780133638120 0.9257994417862838 288
1780133638122 0.9664285714285713 289
1780133638124 0.9338958970315815 290
1780133638126 0.9477395398905697 291
1780133638129 0.9553034100402522 292
1780133638131 0.9110660173160173 293
1780133638133 0.9516233766233766 294
1780133638135 0.943403361344538 295
1780133638137 0.96375588179936 296
1780133638139 0.9396832000950994 297
1780133638141 0.952222601959444 298
1780133638143 0.9313351560719981 299
1780133638145 0.9416165413533835 300
1780133638148 0.95151894888737 301
1780133638150 0.9675836329955324 302
1780133638152 0.9554010025062656 303
1780133638154 0.9444408369408368 304
1780133638156 0.9486329460013669 305
1780133638158 0.9425965353203203 306
1780133638160 0.9384848484848485 307
1780133638163 0.9348751820262118 308
1780133638165 0.9609523809523809 309
1780133638167 0.943827751196172 310
1780133638169 0.9408564230074529 311
1780133638171 0.9425108225108225 312
1780133638173 0.9397342995169081 313
