1780138334312 0.0 0
1780138334315 0.9033333333333283 1
1780138334318 0.9116666666666615 2
1780138334320 0.9066666666666616 3
1780138334323 0.9061111111111062 4
1780138334325 0.9044444444444395 5
1780138334328 0.906111111111106 6
1780138334331 0.9116666666666617 7
1780138334333 0.9149999999999949 8
1780138334336 0.9183333333333282 9
1780138334339 0.9061111111111062 10
1780138334342 0.913888888888884 11
1780138334344 0.9088888888888839 12
1780138334347 0.9155555555555506 13
1780138334350 0.9133333333333283 14
1780138334352 0.913888888888884 15
1780138334355 0.9177777777777727 16
1780138334358 0.9144444444444394 17
1780138334360 0.9177777777777727 18
1780138334363 0.9194444444444395 19
1780138334366 0.9283333333333281 20
1780138334368 0.9244444444444394 21
1780138334371 0.9216666666666615 22
1780138334374 0.9216666666666615 23
1780138334376 0.9272222222222171 24
1780138334379 0.9177777777777727 25
1780138334382 0.9288888888888837 26
1780138334384 0.931111111111106 27
1780138334387 0.9211111111111059 28
1780138334390 0.9255555555555504 29
1780138334392 0.9283333333333281 30
1780138334395 0.9322222222222172 31
1780138334398 0.9299999999999949 32
1780138334400 0.9272222222222171 33
1780138334403 0.9327777777777726 34
1780138334406 0.9294444444444393 35
1780138334408 0.9355555555555503 36
1780138334411 0.9288888888888838 37
1780138334414 0.9316666666666615 38
1780138334416 0.9255555555555505 39
1780138334419 0.9399999999999948 40
1780138334422 0.9355555555555505 41
1780138334424 0.9377777777777727 42
1780138334427 0.9338888888888836 43
1780138334430 0.9355555555555505 44
1780138334432 0.9333333333333282 45
1780138334435 0.9266666666666616 46
1780138334438 0.9338888888888837 47
1780138334440 0.9399999999999948 48
1780138334443 0.9416666666666614 49
1780138334446 0.9411111111111058 50
1780138334449 0.9349999999999948 51
1780138334451 0.9366666666666615 52
1780138334454 0.9355555555555505 53
1780138334457 0.9394444444444392 54
1780138334459 0.9399999999999948 55
1780138334462 0.9427777777777724 56
1780138334465 0.9355555555555505 57
1780138334467 0.9372222222222171 58
1780138334470 0.9405555555555504 59
1780138334473 0.9449999999999947 60
1780138334475 0.9377777777777727 61
1780138334478 0.9405555555555504 62
1780138334480 0.9377777777777727 63
1780138334483 0.9444444444444391 64
1780138334486 0.9438888888888837 65
1780138334489 0.9427777777777724 66
1780138334491 0.9444444444444391 67
1780138334494 0.947222222222217 68
1780138334496 0.9355555555555503 69
1780138334499 0.942222222222217 70
1780138334502 0.9399999999999948 71
1780138334505 0.9405555555555504 72
1780138334507 0.9394444444444392 73
1780138334510 0.9405555555555504 74
1780138334513 0.9438888888888837 75
1780138334515 0.9405555555555501 76
1780138334518 0.9527777777777724 77
1780138334521 0.9399999999999947 78
1780138334523 0.9466666666666613 79
1780138334526 0.9455555555555504 80
1780138334528 0.9455555555555503 81
1780138334531 0.9444444444444391 82
1780138334534 0.9544444444444391 83
1780138334536 0.9461111111111059 84
1780138334539 0.9549999999999947 85
1780138334542 0.9527777777777725 86
1780138334544 0.9461111111111059 87
1780138334547 0.9516666666666616 88
1780138334550 0.9438888888888837 89
1780138334552 0.9522222222222169 90
1780138334555 0.9438888888888837 91
1780138334558 0.9499999999999948 92
1780138334560 0.9477777777777726 93
1780138334563 0.9444444444444393 94
1780138334566 0.9544444444444391 95
1780138334568 0.9472222222222172 96
1780138334571 0.9483333333333281 97
1780138334574 0.9511111111111059 98
1780138334576 0.9466666666666615 99
1780138334579 0.9599999999999946 100
1780138334581 0.9511111111111058 101
1780138334584 0.9527777777777725 102
1780138334587 0.9511111111111059 103
1780138334589 0.9505555555555503 104
1780138334592 0.9499999999999946 105
1780138334595 0.9511111111111059 106
1780138334598 0.9466666666666615 107
1780138334600 0.9527777777777725 108
1780138334603 0.9538888888888837 109
1780138334605 0.957222222222217 110
1780138334608 0.9483333333333281 111
1780138334611 0.9505555555555503 112
1780138334614 0.9483333333333281 113
1780138334616 0.9555555555555504 114
1780138334619 0.9505555555555503 115
1780138334622 0.9516666666666614 116
1780138334624 0.9516666666666614 117
1780138334627 0.953333333333328 118
1780138334630 0.9522222222222169 119
1780138334632 0.9511111111111058 120
1780138334635 0.957222222222217 121
1780138334638 0.9599999999999949 122
1780138334640 0.957222222222217 123
1780138334643 0.9583333333333283 124
1780138334645 0.9516666666666614 125
1780138334648 0.9594444444444392 126
1780138334651 0.9577777777777724 127
1780138334653 0.953333333333328 128
1780138334656 0.9511111111111058 129
1780138334659 0.9544444444444391 130
1780138334661 0.9533333333333281 131
1780138334664 0.9572222222222168 132
1780138334667 0.9544444444444393 133
1780138334669 0.9566666666666613 134
1780138334672 0.9544444444444391 135
1780138334675 0.9588888888888836 136
1780138334677 0.9516666666666614 137
1780138334680 0.9627777777777723 138
1780138334682 0.9538888888888835 139
1780138334685 0.9611111111111057 140
1780138334688 0.9555555555555502 141
1780138334690 0.9538888888888835 142
1780138334693 0.9544444444444391 143
1780138334696 0.9599999999999946 144
1780138334698 0.9549999999999947 145
1780138334701 0.9555555555555504 146
1780138334704 0.9577777777777724 147
1780138334706 0.9599999999999944 148
1780138334709 0.9561111111111057 149
1780138334711 0.9555555555555504 150
1780138334714 0.959444444444439 151
1780138334717 0.958333333333328 152
1780138334719 0.9572222222222168 153
1780138334722 0.9577777777777724 154
1780138334725 0.9622222222222169 155
1780138334728 0.9577777777777724 156
1780138334730 0.9627777777777725 157
1780138334733 0.9599999999999946 158
1780138334735 0.9599999999999946 159
1780138334738 0.968333333333328 160
1780138334741 0.9655555555555502 161
1780138334743 0.9688888888888835 162
1780138334746 0.9688888888888835 163
1780138334749 0.9688888888888835 164
1780138334753 0.9738888888888836 165
1780138334756 0.9677777777777724 166
1780138334758 0.9738888888888834 167
1780138334761 0.9627777777777723 168
1780138334764 0.9711111111111057 169
1780138334766 0.9727777777777723 170
1780138334769 0.969444444444439 171
1780138334772 0.9666666666666612 172
1780138334774 0.9705555555555501 173
1780138334777 0.9738888888888834 174
1780138334780 0.9761111111111056 175
1780138334782 0.974444444444439 176
1780138334785 0.9766666666666612 177
1780138334788 0.9672222222222169 178
1780138334790 0.9755555555555502 179
1780138334793 0.9772222222222167 180
1780138334796 0.9788888888888833 181
1780138334798 0.9761111111111056 182
1780138334801 0.9738888888888834 183
1780138334804 0.9722222222222167 184
1780138334806 0.9811111111111057 185
1780138334809 0.9738888888888834 186
1780138334811 0.9733333333333279 187
1780138334814 0.9733333333333277 188
1780138334817 0.9722222222222168 189
1780138334819 0.974444444444439 190
1780138334822 0.97555555555555 191
1780138334825 0.974444444444439 192
1780138334835 0.9761111111111056 193
1780138334838 0.9749999999999945 194
1780138334841 0.9777777777777722 195
1780138334844 0.9777777777777723 196
1780138334847 0.9733333333333279 197
1780138334849 0.9772222222222167 198
1780138334852 0.9761111111111056 199
1780138334855 0.9761111111111056 200
1780138334857 0.9761111111111056 201
1780138334860 0.9761111111111056 202
1780138334863 0.9811111111111055 203
1780138334865 0.9727777777777723 204
1780138334868 0.9755555555555502 205
1780138334871 0.9772222222222167 206
1780138334873 0.9833333333333277 207
1780138334876 0.9733333333333279 208
1780138334879 0.976666666666661 209
1780138334881 0.9811111111111057 210
1780138334884 0.9805555555555501 211
1780138334887 0.9788888888888833 212
1780138334889 0.9738888888888834 213
1780138334892 0.9799999999999945 214
1780138334895 0.9799999999999945 215
1780138334898 0.976666666666661 216
1780138334900 0.9788888888888835 217
1780138334903 0.97555555555555 218
1780138334906 0.9755555555555502 219
1780138334908 0.9794444444444389 220
1780138334911 0.978333333333328 221
1780138334914 0.9799999999999944 222
1780138334916 0.976666666666661 223
1780138334919 0.9783333333333278 224
1780138334922 0.9716666666666611 225
1780138334925 0.97555555555555 226
1780138334927 0.9783333333333278 227
1780138334930 0.9772222222222167 228
1780138334933 0.9777777777777723 229
1780138334935 0.9827777777777722 230
1780138334938 0.976666666666661 231
1780138334941 0.9788888888888835 232
1780138334943 0.9755555555555502 233
1780138334946 0.9772222222222169 234
1780138334949 0.9777777777777723 235
1780138334952 0.974444444444439 236
1780138334954 0.9794444444444389 237
1780138334957 0.9833333333333278 238
1780138334960 0.9799999999999945 239
1780138334963 0.9794444444444389 240
1780138334965 0.9799999999999945 241
1780138334968 0.9749999999999945 242
1780138334970 0.9838888888888834 243
1780138334973 0.9838888888888834 244
1780138334976 0.9816666666666611 245
1780138334978 0.9766666666666612 246
1780138334981 0.9794444444444389 247
1780138334984 0.9822222222222166 248
1780138334986 0.9805555555555501 249
1780138334989 0.9794444444444391 250
1780138334992 0.9805555555555501 251
1780138334994 0.9799999999999944 252
1780138334997 0.9788888888888835 253
1780138335000 0.9794444444444389 254
1780138335002 0.9788888888888835 255
1780138335005 0.9833333333333278 256
1780138335012 0.9805555555555501 257
1780138335015 0.9833333333333277 258
1780138335018 0.9827777777777722 259
1780138335020 0.9799999999999945 260
1780138335023 0.9799999999999945 261
1780138335026 0.9838888888888834 262
1780138335028 0.9794444444444389 263
1780138335031 0.9799999999999945 264
1780138335034 0.9794444444444389 265
1780138335037 0.9838888888888834 266
1780138335039 0.9783333333333278 267
1780138335042 0.9794444444444389 268
1780138335045 0.9833333333333277 269
1780138335047 0.9822222222222166 270
1780138335050 0.984444444444439 271
1780138335053 0.9833333333333278 272
1780138335055 0.984444444444439 273
1780138335058 0.9822222222222168 274
1780138335061 0.9805555555555501 275
1780138335063 0.9788888888888835 276
1780138335066 0.9833333333333277 277
1780138335069 0.9799999999999945 278
1780138335071 0.9861111111111056 279
1780138335074 0.9872222222222167 280
1780138335077 0.9838888888888834 281
1780138335079 0.9827777777777722 282
1780138335082 0.984444444444439 283
1780138335085 0.9822222222222166 284
1780138335087 0.9799999999999944 285
1780138335090 0.9866666666666613 286
1780138335093 0.9844444444444388 287
1780138335095 0.9827777777777722 288
1780138335098 0.9816666666666611 289
1780138335101 0.9816666666666611 290
1780138335103 0.9811111111111057 291
1780138335106 0.9816666666666611 292
1780138335109 0.9822222222222168 293
1780138335111 0.9772222222222167 294
1780138335114 0.9794444444444389 295
1780138335117 0.9849999999999944 296
1780138335119 0.9816666666666611 297
1780138335122 0.9805555555555501 298
1780138335125 0.9788888888888835 299
1780138335127 0.9838888888888834 300
1780138335130 0.9877777777777721 301
1780138335133 0.9822222222222166 302
1780138335135 0.9794444444444389 303
1780138335138 0.9811111111111057 304
1780138335141 0.9838888888888834 305
1780138335143 0.9827777777777722 306
1780138335146 0.9855555555555501 307
1780138335148 0.9772222222222167 308
1780138335151 0.9827777777777722 309
1780138335154 0.9822222222222166 310
1780138335156 0.9838888888888834 311
1780138335159 0.9844444444444388 312
1780138335162 0.9855555555555501 313
