1773306868443 0.0 0
1773306868459 0.695 1
1773306868470 0.7 2
1773306868481 0.825 3
1773306868492 0.91 4
1773306868503 0.915 5
1773306868514 0.92 6
1773306868537 0.945 7
1773306868549 0.89 8
1773306868560 0.88 9
1773306868570 0.945 10
1773306868581 0.92 11
1773306868592 0.96 12
1773306868603 0.935 13
1773306868613 0.955 14
1773306868623 0.925 15
1773306868633 0.925 16
1773306868642 0.915 17
1773306868653 0.925 18
1773306868664 0.945 19
1773306868674 0.94 20
1773306868683 0.915 21
1773306868703 0.92 22
1773306868715 0.94 23
1773306868724 0.93 24
1773306868733 0.945 25
1773306868744 0.96 26
1773306868754 0.955 27
1773306868764 0.965 28
1773306868773 0.93 29
1773306868783 0.915 30
1773306868793 0.935 31
1773306868802 0.94 32
1773306868811 0.955 33
1773306868820 0.935 34
1773306868829 0.925 35
1773306868838 0.945 36
1773306868848 0.935 37
1773306868867 0.965 38
1773306868877 0.92 39
1773306868887 0.95 40
1773306868898 0.94 41
1773306868908 0.965 42
1773306868919 0.94 43
1773306868928 0.94 44
1773306868939 0.93 45
1773306868949 0.92 46
1773306868959 0.93 47
1773306868968 0.94 48
1773306868976 0.955 49
1773306868985 0.95 50
1773306868993 0.97 51
1773306869001 0.89 52
1773306869020 0.895 53
1773306869030 0.82 54
1773306869041 0.83 55
1773306869053 0.845 56
1773306869063 0.935 57
1773306869073 0.875 58
1773306869085 0.895 59
1773306869094 0.92 60
1773306869102 0.94 61
1773306869111 0.92 62
1773306869120 0.95 63
1773306869132 0.935 64
1773306869144 0.965 65
1773306869153 0.91 66
1773306869163 0.955 67
1773306869187 0.935 68
1773306869197 0.93 69
1773306869206 0.97 70
1773306869216 0.94 71
1773306869227 0.935 72
1773306869238 0.96 73
1773306869247 0.96 74
1773306869257 0.935 75
1773306869268 0.91 76
1773306869279 0.975 77
1773306869290 0.945 78
1773306869301 0.93 79
1773306869312 0.935 80
1773306869323 0.95 81
1773306869334 0.96 82
1773306869356 0.935 83
1773306869368 0.96 84
1773306869379 0.94 85
1773306869390 0.93 86
1773306869400 0.91 87
1773306869410 0.93 88
1773306869420 0.935 89
1773306869431 0.9 90
1773306869443 0.94 91
1773306869455 0.95 92
1773306869467 0.975 93
1773306869479 0.94 94
1773306869490 0.935 95
1773306869500 0.91 96
1773306869511 0.925 97
1773306869531 0.895 98
1773306869541 0.885 99
1773306869550 0.905 100
1773306869558 0.94 101
1773306869567 0.95 102
1773306869577 0.91 103
1773306869586 0.94 104
1773306869596 0.945 105
1773306869604 0.965 106
1773306869617 0.94 107
1773306869628 0.945 108
1773306869638 0.94 109
1773306869649 0.965 110
1773306869660 0.96 111
1773306869670 0.93 112
1773306869681 0.89 113
1773306869700 0.915 114
1773306869710 0.98 115
1773306869721 0.96 116
1773306869731 0.94 117
1773306869740 0.965 118
1773306869749 0.935 119
1773306869757 0.945 120
1773306869767 0.96 121
1773306869776 0.935 122
1773306869788 0.97 123
1773306869798 0.965 124
1773306869808 0.965 125
1773306869818 0.955 126
1773306869828 0.955 127
1773306869837 0.93 128
1773306869858 0.9 129
1773306869868 0.95 130
1773306869878 0.98 131
1773306869888 0.965 132
1773306869899 0.97 133
1773306869908 0.98 134
1773306869918 0.94 135
1773306869928 0.96 136
1773306869938 0.975 137
1773306869947 0.935 138
1773306869957 0.98 139
1773306869966 0.945 140
1773306869975 0.93 141
1773306869985 0.95 142
1773306869995 0.955 143
1773306870017 0.94 144
1773306870027 0.945 145
1773306870037 0.99 146
1773306870048 0.96 147
1773306870058 0.955 148
1773306870068 0.96 149
1773306870077 0.945 150
1773306870087 0.955 151
1773306870097 0.95 152
1773306870107 0.975 153
1773306870117 0.92 154
1773306870126 0.94 155
1773306870135 0.94 156
1773306870144 0.96 157
1773306870153 0.965 158
1773306870177 0.94 159
1773306870187 0.97 160
1773306870197 0.95 161
1773306870206 0.935 162
1773306870216 0.945 163
1773306870228 0.955 164
1773306870241 0.95 165
1773306870254 0.97 166
1773306870265 0.94 167
1773306870277 0.945 168
1773306870286 0.945 169
1773306870296 0.92 170
1773306870306 0.905 171
1773306870316 0.93 172
1773306870326 0.945 173
1773306870349 0.955 174
1773306870361 0.235 175
1773306870371 0.485 176
1773306870381 0.495 177
1773306870392 0.465 178
1773306870402 0.475 179
1773306870413 0.675 180
1773306870423 0.665 181
1773306870433 0.695 182
1773306870445 0.745 183
1773306870456 0.705 184
1773306870467 0.74 185
1773306870478 0.73 186
1773306870489 0.71 187
1773306870501 0.725 188
1773306870511 0.755 189
1773306870529 0.715 190
1773306870538 0.635 191
1773306870547 0.66 192
1773306870556 0.66 193
1773306870566 0.67 194
1773306870576 0.655 195
1773306870585 0.64 196
1773306870595 0.675 197
1773306870604 0.73 198
1773306870614 0.78 199
1773306870623 0.765 200
1773306870633 0.775 201
1773306870643 0.81 202
1773306870654 0.82 203
1773306870665 0.74 204
1773306870685 0.555 205
1773306870694 0.55 206
1773306870705 0.575 207
1773306870715 0.71 208
1773306870727 0.785 209
1773306870738 0.79 210
1773306870750 0.765 211
1773306870761 0.78 212
1773306870771 0.775 213
1773306870783 0.81 214
1773306870794 0.835 215
1773306870805 0.845 216
1773306870816 0.79 217
1773306870829 0.815 218
1773306870841 0.8 219
1773306870865 0.815 220
1773306870875 0.825 221
1773306870885 0.785 222
1773306870895 0.87 223
1773306870905 0.815 224
1773306870916 0.805 225
1773306870927 0.735 226
1773306870938 0.695 227
1773306870947 0.63 228
1773306870959 0.715 229
1773306870970 0.775 230
1773306870981 0.785 231
1773306870991 0.86 232
1773306871002 0.86 233
1773306871012 0.815 234
1773306871034 0.805 235
1773306871045 0.795 236
1773306871055 0.805 237
1773306871066 0.8 238
1773306871076 0.86 239
1773306871086 0.855 240
1773306871097 0.795 241
1773306871107 0.815 242
1773306871118 0.77 243
1773306871129 0.745 244
1773306871140 0.775 245
1773306871149 0.785 246
1773306871158 0.86 247
1773306871169 0.82 248
1773306871180 0.855 249
1773306871201 0.755 250
1773306871213 0.76 251
1773306871224 0.835 252
1773306871235 0.87 253
1773306871246 0.825 254
1773306871257 0.845 255
1773306871269 0.77 256
1773306871279 0.81 257
1773306871290 0.775 258
1773306871300 0.845 259
1773306871311 0.835 260
1773306871322 0.815 261
1773306871332 0.815 262
1773306871343 0.805 263
1773306871354 0.865 264
1773306871365 0.84 265
1773306871386 0.83 266
1773306871399 0.775 267
1773306871410 0.825 268
1773306871422 0.815 269
1773306871433 0.79 270
1773306871444 0.7 271
1773306871454 0.735 272
1773306871463 0.82 273
1773306871474 0.86 274
1773306871484 0.805 275
1773306871494 0.83 276
1773306871504 0.835 277
1773306871515 0.85 278
1773306871524 0.865 279
1773306871535 0.88 280
1773306871555 0.845 281
1773306871565 0.85 282
1773306871575 0.805 283
1773306871584 0.87 284
1773306871596 0.87 285
1773306871605 0.86 286
1773306871616 0.865 287
1773306871626 0.805 288
1773306871636 0.775 289
1773306871647 0.81 290
1773306871657 0.82 291
1773306871668 0.82 292
1773306871678 0.85 293
1773306871689 0.815 294
1773306871699 0.875 295
1773306871721 0.83 296
1773306871733 0.825 297
1773306871743 0.855 298
1773306871753 0.86 299
1773306871763 0.825 300
1773306871774 0.805 301
1773306871785 0.89 302
1773306871797 0.88 303
1773306871808 0.865 304
1773306871819 0.805 305
1773306871830 0.8 306
1773306871841 0.77 307
1773306871852 0.85 308
1773306871862 0.845 309
1773306871874 0.805 310
1773306871897 0.885 311
1773306871908 0.86 312
1773306871919 0.825 313
1773306871930 0.885 314
1773306871941 0.865 315
1773306871953 0.86 316
1773306871965 0.895 317
1773306871977 0.83 318
1773306871988 0.815 319
1773306871998 0.87 320
1773306872007 0.86 321
1773306872017 0.89 322
1773306872026 0.865 323
1773306872035 0.88 324
1773306872044 0.825 325
1773306872067 0.83 326
1773306872079 0.81 327
1773306872090 0.835 328
1773306872101 0.78 329
1773306872112 0.765 330
1773306872122 0.795 331
1773306872133 0.89 332
1773306872143 0.825 333
1773306872154 0.84 334
1773306872164 0.855 335
1773306872175 0.855 336
1773306872186 0.845 337
1773306872198 0.81 338
1773306872209 0.815 339
1773306872220 0.86 340
1773306872230 0.82 341
1773306872250 0.805 342
1773306872261 0.845 343
1773306872270 0.82 344
1773306872279 0.85 345
1773306872289 0.835 346
1773306872299 0.875 347
1773306872310 0.83 348
