1780239802341 0.0 0
1780239802342 0.059022588522588515 1
1780239802344 0.4687460149682412 2
1780239802346 0.4650537660107781 3
1780239802347 0.5136783649709462 4
1780239802349 0.807315631253244 5
1780239802350 0.8429446593768622 6
1780239802352 0.7023307309375421 7
1780239802353 0.8744640298639101 8
1780239802355 0.906042802888576 9
1780239802356 0.9051883788725894 10
1780239802358 0.8003367392754429 11
1780239802360 0.9032710464546151 12
1780239802361 0.8499042644336458 13
1780239802363 0.9394878536200147 14
1780239802364 0.90996633996634 15
1780239802366 0.9246135883070533 16
1780239802367 0.9218492903831249 17
1780239802369 0.9399777584437405 18
1780239802370 0.9344892090527521 19
1780239802372 0.9013533666651217 20
1780239802374 0.9342456514407734 21
1780239802375 0.9548113482580749 22
1780239802377 0.9446543327031132 23
1780239802378 0.9595830104224884 24
1780239802380 0.9499534953706968 25
1780239802381 0.9395959153446392 26
1780239802383 0.9697086524942751 27
1780239802385 0.95510631644778 28
1780239802386 0.9395167566078394 29
1780239802388 0.9346072406205899 30
1780239802389 0.9801067631555436 31
1780239802391 0.9395363078097354 32
1780239802392 0.9130415391198448 33
1780239802394 0.8609694101929033 34
1780239802396 0.9204269664154132 35
1780239802397 0.773774586077148 36
1780239802399 0.9599088937971523 37
1780239802409 0.9394136141362759 38
1780239802411 0.9849906191369605 39
1780239802413 0.9398869580948572 40
1780239802415 0.9446238002001206 41
1780239802416 0.9801036362011972 42
1780239802418 0.9555189180464578 43
1780239802419 0.9603229226913437 44
1780239802421 0.9182698224065142 45
1780239802422 0.7773181699922691 46
1780239802424 0.9497945989409404 47
1780239802425 0.9535504554874947 48
1780239802427 0.8656264392542795 49
1780239802429 0.9746878357853968 50
1780239802430 0.9145063535486558 51
1780239802432 0.9396690740593179 52
1780239802433 0.8542660700907175 53
1780239802435 0.9696717072840307 54
1780239802436 0.8776737132500335 55
1780239802438 0.9394990668533076 56
1780239802440 0.9448657700248887 57
1780239802441 0.9595611919103575 58
1780239802443 0.9602483160827191 59
1780239802444 0.8041519408331073 60
1780239802446 0.9448958922501329 61
1780239802447 0.8424829690109682 62
1780239802449 0.9390801562752783 63
1780239802450 0.9348642383302204 64
1780239802452 0.8988281252337733 65
1780239802453 0.8721823651491784 66
1780239802455 0.9650973822925044 67
1780239802457 0.9491928440879093 68
1780239802458 0.960667138452761 69
1780239802460 0.9747274612422239 70
1780239802461 0.9652094589193435 71
1780239802463 0.979993746091307 72
1780239802464 0.9698554525553957 73
1780239802466 0.9503727352545157 74
1780239802468 0.8484804888106174 75
1780239802469 0.9487862326744914 76
1780239802471 0.9802287143750558 77
1780239802472 0.9400008838840674 78
1780239802474 0.9799906191369605 79
1780239802475 0.9700906346541777 80
1780239802477 0.9450894196529627 81
1780239802478 0.351694907607781 82
1780239802480 0.8753695884282994 83
1780239802481 0.9548766367944206 84
1780239802483 0.8952453782717686 85
1780239802485 0.9242609964561185 86
1780239802486 0.8481727852607335 87
1780239802488 0.8822774348784831 88
1780239802489 0.8684240750928811 89
1780239802491 0.926520972137984 90
1780239802492 0.8507736042218801 91
1780239802494 0.9492047661367302 92
1780239802495 0.8757545218379026 93
1780239802497 0.8990781389147703 94
1780239802498 0.9753246942129529 95
1780239802500 0.9598624140087555 96
1780239802502 0.8608354439983079 97
1780239802503 0.9164045505508922 98
1780239802505 0.9595668819211227 99
1780239802506 0.9182899556583768 100
1780239802508 0.9599593025716262 101
1780239802509 0.9501933304179773 102
1780239802511 0.9393761138305425 103
1780239802512 0.9650817004989021 104
1780239802514 0.9746847088310503 105
1780239802516 0.9426245099929311 106
1780239802517 0.9798525394160823 107
1780239802519 0.9796878357853969 108
1780239802520 0.9799937460913071 109
1780239802522 0.9748525394160824 110
1780239802523 0.969987492182614 111
1780239802525 0.795853933466257 112
1780239802526 0.8984494717238161 113
1780239802528 0.965103636201197 114
1780239802530 0.9645034883917469 115
1780239802531 0.9699718103890118 116
1780239802533 0.9949968730456537 117
1780239802534 0.9244395855178912 118
1780239802536 0.9300229584976506 119
1780239802537 0.9093036365666111 120
1780239802539 0.9648342243977673 121
1780239802540 0.8706315910448327 122
1780239802542 0.9599593025716262 123
1780239802543 0.970081700498902 124
1780239802545 0.9353889315548569 125
1780239802547 0.9446809566129206 126
1780239802548 0.875718778062072 127
1780239802550 0.9647917258892867 128
1780239802551 0.964748878373979 129
1780239802553 0.8375976215345876 130
1780239802554 0.9851959953551142 131
1780239802556 0.889031490546253 132
1780239802557 0.9195350737857353 133
1780239802559 0.9340313971603867 134
1780239802560 0.9503325537985358 135
1780239802562 0.9501111430609595 136
1780239802564 0.9651848429704655 137
1780239802565 0.9551709326984724 138
1780239802567 0.9344061744745387 139
1780239802568 0.9451006333085326 140
1780239802570 0.9695830104224885 141
1780239802571 0.9649691771642992 142
1780239802573 0.9649593025716261 143
1780239802574 0.9599624295259727 144
1780239802576 0.974987492182614 145
1780239802577 0.9550875076998311 146
1780239802579 0.9799906191369606 147
1780239802585 0.965061536318216 148
1780239802587 0.8932313296429173 149
1780239802588 0.8771918144935661 150
1780239802590 0.855316360892681 151
1780239802592 0.8158338682022892 152
1780239802593 0.9849906191369605 153
1780239802595 0.9458440682124891 154
1780239802596 0.9395682728394613 155
1780239802598 0.8563981908747669 156
1780239802599 0.9110694181746813 157
1780239802601 0.9291284680116515 158
1780239802602 0.9396713699836369 159
1780239802604 0.9448460716923565 160
1780239802605 0.944779744167749 161
1780239802607 0.8947118502867631 162
1780239802609 0.8093528274572203 163
1780239802610 0.9399775927490349 164
1780239802612 0.944672022457645 165
1780239802613 0.913551708751519 166
1780239802615 0.6585392376035285 167
1780239802616 0.9300328999994643 168
1780239802618 0.907713300262276 169
1780239802619 0.3326839826839827 170
1780239802621 0.9245554549726565 171
1780239802623 0.9105963001383486 172
1780239802624 0.922370649620851 173
1780239802626 0.9205067720215345 174
1780239802627 0.9265214603184526 175
1780239802629 0.8405789071726835 176
1780239802630 0.9065963131845152 177
1780239802632 0.8729283079776977 178
1780239802633 0.9451925621245263 179
1780239802635 0.9342356184763494 180
1780239802636 0.964693642986326 181
1780239802638 0.9450450704622722 182
1780239802640 0.9029667494528175 183
1780239802641 0.9597744347602545 184
1780239802643 0.9394525870649104 185
1780239802644 0.8862595106903202 186
1780239802646 0.9494516783399369 187
1780239802647 0.9548059175966153 188
1780239802649 0.9354927122513772 189
1780239802650 0.7781892376629218 190
1780239802652 0.5288364202081925 191
1780239802654 0.9399259061825859 192
1780239802655 0.9542364275291104 193
1780239802657 0.9027642477642479 194
1780239802658 0.9074166562711454 195
1780239802660 0.8819909986311103 196
1780239802661 0.766727775844249 197
1780239802663 0.9135157448357137 198
1780239802664 0.9183586078983209 199
1780239802666 0.9499498746867168 200
1780239802668 0.9167366391275248 201
1780239802669 0.9647243342878772 202
1780239802671 0.9086385582755409 203
1780239802672 0.9333196167772927 204
1780239802674 0.9364732443455848 205
1780239802675 0.9356186258625284 206
1780239802677 0.9352727875362739 207
1780239802678 0.6397034920643612 208
1780239802680 0.9144171854513987 209
1780239802681 0.9299037944673373 210
1780239802683 0.9344846965899597 211
1780239802685 0.9315616034648733 212
1780239802686 0.9036401486103479 213
1780239802688 0.9411305500105989 214
1780239802689 0.8927805746135746 215
1780239802691 0.9453640133935386 216
1780239802692 0.8671005375419638 217
1780239802694 0.9450433681434965 218
1780239802696 0.9598556663704289 219
1780239802697 0.9501515184442015 220
1780239802699 0.9596847088310503 221
1780239802700 0.93602653826853 222
1780239802702 0.8472318287465914 223
1780239802703 0.8853592844267162 224
1780239802705 0.9337377758539883 225
1780239802706 0.9701067631555438 226
1780239802708 0.8337562311784346 227
1780239802709 0.874449086873881 228
1780239802711 0.9135126913587772 229
1780239802713 0.9067937813589987 230
1780239802714 0.9355899177409477 231
1780239802716 0.9116354816354816 232
1780239802717 0.9220598383916734 233
1780239802719 0.92928788485913 234
1780239802720 0.7949534768415225 235
1780239802722 0.9191723913675134 236
1780239802723 0.8649439445708923 237
1780239802725 0.9548436052608068 238
1780239802727 0.9748306037137873 239
1780239802728 0.920136298126806 240
1780239802730 0.9213207462790944 241
1780239802731 0.9293510511739012 242
1780239802733 0.9152541597736107 243
1780239802734 0.9143495600841035 244
1780239802736 0.8764544588766624 245
1780239802737 0.770555274033535 246
1780239802739 0.7358592903470953 247
1780239802741 0.9433356074819491 248
1780239802742 0.9448708295934912 249
1780239802744 0.944330171619683 250
1780239802745 0.9648655409631018 251
1780239802747 0.9497180803791844 252
1780239802748 0.8960425374059648 253
1780239802750 0.9392671641580499 254
1780239802751 0.9498392633052453 255
1780239802753 0.9253920397381915 256
1780239802755 0.94521258587369 257
1780239802756 0.9551519651519651 258
1780239802758 0.965167805744126 259
1780239802760 0.8919953204690045 260
1780239802761 0.856667368801036 261
1780239802763 0.9149888147798408 262
1780239802765 0.890878045830096 263
1780239802766 0.8993137983967922 264
1780239802768 0.9448121559097167 265
1780239802769 0.9195121874376733 266
1780239802771 0.8597043566413959 267
1780239802772 0.9428897275334798 268
1780239802774 0.9247939736771572 269
1780239802775 0.9701996160390941 270
1780239802777 0.9600911283838114 271
1780239802779 0.9030267284439301 272
1780239802780 0.9357277977055283 273
1780239802782 0.9602770433258238 274
1780239802783 0.9241074541074541 275
1780239802785 0.8274904692551752 276
1780239802786 0.9500311601902789 277
1780239802788 0.9655448325644163 278
1780239802789 0.9749686834346655 279
1780239802791 0.9545553847094282 280
1780239802792 0.949406293552635 281
1780239802794 0.9548055410571458 282
1780239802796 0.8434426278328718 283
1780239802797 0.9156101623688274 284
1780239802799 0.9014281137594526 285
1780239802800 0.8935027387713926 286
1780239802802 0.9111446535783758 287
1780239802803 0.9242669525596355 288
1780239802805 0.9454273899767527 289
1780239802807 0.9491859573887815 290
1780239802808 0.8903477502386359 291
1780239802810 0.9444427124722375 292
1780239802811 0.9354490194028063 293
1780239802813 0.9646983311938382 294
1780239802815 0.9703287298922729 295
1780239802816 0.940419678468459 296
1780239802818 0.7923543242195534 297
1780239802819 0.9289821567677794 298
1780239802821 0.9396482375929789 299
1780239802822 0.9305244189711456 300
1780239802824 0.9294882221698055 301
1780239802826 0.9603197957369973 302
1780239802827 0.9602429688731448 303
1780239802829 0.9751125703564728 304
1780239802831 0.9599686834346655 305
1780239802832 0.9749686834346655 306
1780239802834 0.9348002275858501 307
1780239802835 0.8210882502500715 308
1780239802837 0.9504516215491826 309
1780239802838 0.9493074148786601 310
1780239802840 0.8740343511475059 311
1780239802842 0.9400554228410453 312
1780239802843 0.9596878357853968 313
