1780115634032 0.0 0
1780115634035 0.09 1
1780115634036 0.24 2
1780115634038 0.37 3
1780115634040 0.41500000000000004 4
1780115634042 0.48500000000000004 5
1780115634044 0.5149999999999999 6
1780115634045 0.6599999999999999 7
1780115634047 0.78 8
1780115634049 0.6950000000000001 9
1780115634051 0.75 10
1780115634053 0.675 11
1780115634054 0.8 12
1780115634056 0.73 13
1780115634058 0.78 14
1780115634060 0.805 15
1780115634061 0.9099999999999999 16
1780115634063 0.8099999999999999 17
1780115634065 0.775 18
1780115634067 0.905 19
1780115634069 0.9049999999999999 20
1780115634070 0.9049999999999999 21
1780115634072 0.865 22
1780115634074 0.75 23
1780115634076 0.8699999999999999 24
1780115634077 0.9049999999999999 25
1780115634079 0.925 26
1780115634081 0.8799999999999999 27
1780115634083 0.725 28
1780115634084 0.915 29
1780115634086 0.93 30
1780115634088 0.875 31
1780115634090 0.8099999999999999 32
1780115634092 0.9299999999999999 33
1780115634093 0.845 34
1780115634095 0.8949999999999999 35
1780115634097 0.875 36
1780115634099 0.875 37
1780115634100 0.86 38
1780115634102 0.9 39
1780115634104 0.89 40
1780115634106 0.9299999999999999 41
1780115634108 0.8550000000000001 42
1780115634109 0.9 43
1780115634111 0.6399999999999999 44
1780115634113 0.865 45
1780115634115 0.74 46
1780115634117 0.9249999999999998 47
1780115634118 0.875 48
1780115634120 0.9199999999999999 49
1780115634122 0.8800000000000001 50
1780115634124 0.8300000000000001 51
1780115634125 0.7699999999999999 52
1780115634127 0.8949999999999999 53
1780115634129 0.8999999999999998 54
1780115634131 0.9299999999999999 55
1780115634133 0.9099999999999999 56
1780115634134 0.8550000000000001 57
1780115634136 0.9349999999999999 58
1780115634138 0.8150000000000001 59
1780115634140 0.875 60
1780115634141 0.875 61
1780115634143 0.8150000000000001 62
1780115634145 0.915 63
1780115634147 0.8950000000000001 64
1780115634149 0.9200000000000002 65
1780115634150 0.905 66
1780115634152 0.8400000000000001 67
1780115634154 0.7999999999999999 68
1780115634156 0.6849999999999999 69
1780115634157 0.8400000000000001 70
1780115634159 0.9400000000000001 71
1780115634161 0.9400000000000001 72
1780115634163 0.885 73
1780115634165 0.775 74
1780115634166 0.8099999999999999 75
1780115634168 0.8799999999999999 76
1780115634170 0.85 77
1780115634172 0.9399999999999998 78
1780115634173 0.865 79
1780115634175 0.9400000000000001 80
1780115634177 0.9200000000000002 81
1780115634179 0.9099999999999999 82
1780115634180 0.96 83
1780115634183 0.93 84
1780115634184 0.96 85
1780115634186 0.8949999999999999 86
1780115634188 0.8550000000000001 87
1780115634190 0.85 88
1780115634191 0.945 89
1780115634193 0.905 90
1780115634195 0.865 91
1780115634197 0.9099999999999999 92
1780115634199 0.885 93
1780115634200 0.915 94
1780115634202 0.9199999999999999 95
1780115634204 0.835 96
1780115634206 0.9199999999999999 97
1780115634208 0.9099999999999999 98
1780115634209 0.8400000000000001 99
1780115634211 0.8799999999999999 100
1780115634213 0.945 101
1780115634215 0.8800000000000001 102
1780115634217 0.9099999999999999 103
1780115634219 0.8800000000000001 104
1780115634220 0.9099999999999999 105
1780115634222 0.9400000000000001 106
1780115634224 0.905 107
1780115634226 0.9400000000000001 108
1780115634228 0.95 109
1780115634229 0.915 110
1780115634231 0.925 111
1780115634233 0.9049999999999999 112
1780115634235 0.8949999999999999 113
1780115634236 0.72 114
1780115634238 0.9549999999999998 115
1780115634240 0.8399999999999999 116
1780115634242 0.8049999999999999 117
1780115634243 0.9249999999999998 118
1780115634245 0.7949999999999999 119
1780115634247 0.915 120
1780115634249 0.9 121
1780115634250 0.9399999999999998 122
1780115634252 0.96 123
1780115634254 0.93 124
1780115634256 0.925 125
1780115634258 0.925 126
1780115634259 0.9100000000000001 127
1780115634261 0.945 128
1780115634263 0.9049999999999999 129
1780115634265 0.9299999999999999 130
1780115634266 0.915 131
1780115634268 0.865 132
1780115634270 0.9 133
1780115634272 0.9400000000000001 134
1780115634274 0.9400000000000001 135
1780115634275 0.7949999999999999 136
1780115634277 0.69 137
1780115634279 0.905 138
1780115634281 0.93 139
1780115634283 0.9349999999999999 140
1780115634284 0.925 141
1780115634286 0.925 142
1780115634288 0.885 143
1780115634290 0.9400000000000001 144
1780115634292 0.9299999999999999 145
1780115634293 0.77 146
1780115634295 0.8799999999999999 147
1780115634297 0.9400000000000001 148
1780115634299 0.95 149
1780115634300 0.925 150
1780115634302 0.9349999999999999 151
1780115634304 0.9400000000000001 152
1780115634306 0.945 153
1780115634308 0.9199999999999999 154
1780115634309 0.97 155
1780115634311 0.925 156
1780115634313 0.95 157
1780115634315 0.9349999999999999 158
1780115634316 0.8949999999999999 159
1780115634318 0.975 160
1780115634320 0.9350000000000002 161
1780115634322 0.97 162
1780115634324 0.975 163
1780115634325 0.95 164
1780115634327 0.925 165
1780115634329 0.885 166
1780115634331 0.85 167
1780115634332 0.975 168
1780115634334 0.9650000000000001 169
1780115634336 0.9800000000000001 170
1780115634338 0.9299999999999999 171
1780115634340 0.9099999999999999 172
1780115634341 0.63 173
1780115634343 0.9700000000000001 174
1780115634345 0.93 175
1780115634347 0.945 176
1780115634348 0.95 177
1780115634350 0.9550000000000001 178
1780115634352 0.9600000000000002 179
1780115634354 0.9649999999999999 180
1780115634355 0.97 181
1780115634366 0.945 182
1780115634368 0.9349999999999999 183
1780115634370 0.9549999999999998 184
1780115634371 0.825 185
1780115634373 0.95 186
1780115634375 0.9549999999999998 187
1780115634377 0.9799999999999999 188
1780115634379 0.97 189
1780115634380 0.945 190
1780115634382 0.9649999999999999 191
1780115634384 0.975 192
1780115634386 0.8049999999999999 193
1780115634387 0.9650000000000001 194
1780115634389 0.9399999999999998 195
1780115634391 0.9650000000000001 196
1780115634393 0.96 197
1780115634394 0.9199999999999999 198
1780115634396 0.9650000000000001 199
1780115634398 0.96 200
1780115634400 0.9650000000000001 201
1780115634401 0.9650000000000001 202
1780115634403 0.9800000000000001 203
1780115634405 0.9599999999999997 204
1780115634407 0.9649999999999999 205
1780115634409 0.9700000000000001 206
1780115634410 0.9899999999999999 207
1780115634412 0.985 208
1780115634414 0.97 209
1780115634416 0.9650000000000001 210
1780115634418 0.9899999999999999 211
1780115634419 0.9949999999999999 212
1780115634421 0.945 213
1780115634423 0.945 214
1780115634425 0.9650000000000001 215
1780115634427 0.9799999999999999 216
1780115634428 0.8399999999999999 217
1780115634430 0.985 218
1780115634432 0.95 219
1780115634434 0.975 220
1780115634436 0.945 221
1780115634437 0.9299999999999999 222
1780115634439 0.9200000000000002 223
1780115634441 0.97 224
1780115634443 0.9550000000000001 225
1780115634445 0.96 226
1780115634447 0.975 227
1780115634449 0.97 228
1780115634450 0.9599999999999997 229
1780115634452 0.985 230
1780115634454 0.93 231
1780115634456 0.9400000000000001 232
1780115634457 0.875 233
1780115634459 0.97 234
1780115634461 0.885 235
1780115634463 0.9200000000000002 236
1780115634465 0.97 237
1780115634466 0.97 238
1780115634468 0.9549999999999998 239
1780115634470 0.985 240
1780115634472 0.975 241
1780115634474 0.9650000000000001 242
1780115634475 0.985 243
1780115634477 0.9899999999999999 244
1780115634479 0.985 245
1780115634481 0.95 246
1780115634483 0.99 247
1780115634485 0.9799999999999999 248
1780115634487 0.9650000000000001 249
1780115634488 0.97 250
1780115634490 0.9550000000000001 251
1780115634492 0.9799999999999999 252
1780115634494 0.925 253
1780115634495 0.975 254
1780115634497 0.9650000000000001 255
1780115634499 0.9649999999999999 256
1780115634501 0.9549999999999998 257
1780115634503 0.9650000000000001 258
1780115634504 0.975 259
1780115634506 0.95 260
1780115634508 0.905 261
1780115634510 0.9649999999999999 262
1780115634511 0.9 263
1780115634513 0.96 264
1780115634515 0.95 265
1780115634517 0.9799999999999999 266
1780115634519 0.97 267
1780115634520 0.95 268
1780115634522 0.9799999999999999 269
1780115634524 0.9649999999999999 270
1780115634526 0.9549999999999998 271
1780115634528 0.9650000000000001 272
1780115634529 0.925 273
1780115634531 0.9799999999999999 274
1780115634533 0.9650000000000001 275
1780115634535 0.97 276
1780115634537 0.9799999999999999 277
1780115634538 0.9399999999999998 278
1780115634540 0.9799999999999999 279
1780115634542 0.9099999999999999 280
1780115634544 0.985 281
1780115634550 0.9649999999999999 282
1780115634552 0.97 283
1780115634554 0.975 284
1780115634556 0.9700000000000001 285
1780115634558 0.845 286
1780115634559 0.945 287
1780115634561 0.9400000000000001 288
1780115634563 0.97 289
1780115634565 0.95 290
1780115634567 0.975 291
1780115634568 0.945 292
1780115634570 0.9499999999999998 293
1780115634572 0.95 294
1780115634574 0.975 295
1780115634576 0.985 296
1780115634577 0.9499999999999998 297
1780115634579 0.9650000000000001 298
1780115634581 0.96 299
1780115634583 0.975 300
1780115634584 0.985 301
1780115634586 0.9700000000000001 302
1780115634588 0.8949999999999999 303
1780115634590 0.95 304
1780115634591 0.945 305
1780115634593 0.96 306
1780115634595 0.97 307
1780115634597 0.97 308
1780115634599 0.9199999999999999 309
1780115634600 0.9549999999999998 310
1780115634602 0.97 311
1780115634604 0.9549999999999998 312
1780115634606 0.9650000000000001 313
