1780558938729 0.0 0
1780558938732 0.47257383966244726 1
1780558938734 0.4551971326164875 2
1780558938737 0.4356363636363636 3
1780558938739 0.6404171161452714 4
1780558938742 0.7545028683083244 5
1780558938745 0.6279832277184023 6
1780558938747 0.8051349572086899 7
1780558938750 0.4282744282744283 8
1780558938752 0.5881354095162398 9
1780558938755 0.7241055443045405 10
1780558938757 0.7653333333333333 11
1780558938760 0.684553172925266 12
1780558938762 0.7161778618732261 13
1780558938765 0.7444825772188681 14
1780558938768 0.6116918003138381 15
1780558938770 0.7450230459939198 16
1780558938773 0.5404784430328422 17
1780558938775 0.7834757834757835 18
1780558938778 0.7587316176470589 19
1780558938780 0.7446872418712923 20
1780558938783 0.8372495168345031 21
1780558938786 0.44086021505376344 22
1780558938788 0.5381773399014778 23
1780558938791 0.8351019973935476 24
1780558938793 0.7069290349591795 25
1780558938796 0.8665845648604269 26
1780558938799 0.6739811912225705 27
1780558938801 0.7867803837953091 28
1780558938804 0.8028779814705302 29
1780558938806 0.8541666666666666 30
1780558938809 0.4593864035680497 31
1780558938811 0.5776478232618583 32
1780558938814 0.8279259526518832 33
1780558938817 0.8686868686868687 34
1780558938820 0.8689418363869885 35
1780558938822 0.8633879781420766 36
1780558938825 0.8440482912532602 37
1780558938828 0.857801184990125 38
1780558938830 0.835238389455257 39
1780558938833 0.6784242789669379 40
1780558938835 0.8539553752535497 41
1780558938838 0.4729017434788485 42
1780558938840 0.6495238095238096 43
1780558938843 0.6536644066801679 44
1780558938845 0.7404170632517089 45
1780558938848 0.8265498370166572 46
1780558938851 0.813953488372093 47
1780558938853 0.7878787878787878 48
1780558938856 0.9058478920389161 49
1780558938858 0.7357536764705883 50
1780558938861 0.8585858585858586 51
1780558938864 0.6821312343903732 52
1780558938866 0.8621006665134452 53
1780558938869 0.8275162337662337 54
1780558938871 0.6874624353888688 55
1780558938874 0.8770020588785796 56
1780558938876 0.728629579375848 57
1780558938879 0.8933333333333333 58
1780558938881 0.8628571428571429 59
1780558938884 0.8849280800500312 60
1780558938887 0.6376811594202898 61
1780558938890 0.45199157797582995 62
1780558938892 0.875 63
1780558938895 0.8332930009948644 64
1780558938897 0.808 65
1780558938900 0.7892412685668406 66
1780558938902 0.8944060339409177 67
1780558938905 0.8382003705733448 68
1780558938907 0.8933333333333333 69
1780558938910 0.7898108297467721 70
1780558938913 0.8582852515436785 71
1780558938915 0.8480902777777778 72
1780558938918 0.8663101604278074 73
1780558938920 0.8901098901098901 74
1780558938923 0.7931330255556397 75
1780558938925 0.7648530331457161 76
1780558938928 0.705762987012987 77
1780558938931 0.8697916666666667 78
1780558938933 0.52 79
1780558938936 0.8196898665705012 80
1780558938938 0.8620689655172413 81
1780558938941 0.9044991511035654 82
1780558938943 0.8421811651383635 83
1780558938946 0.8684172888240511 84
1780558938949 0.8920613708205906 85
1780558938951 0.6222709073052807 86
1780558938954 0.8506666666666667 87
1780558938956 0.8705641246898932 88
1780558938959 0.8854166666666667 89
1780558938961 0.8173701298701299 90
1780558938964 0.8283998283998284 91
1780558938967 0.8628571428571429 92
1780558938969 0.901633403225389 93
1780558938972 0.8899111425650703 94
1780558938974 0.7898108297467721 95
1780558938977 0.8246844319775596 96
1780558938980 0.8674010607915137 97
1780558938982 0.8198378540686617 98
1780558938985 0.8504739974281528 99
1780558938987 0.9146666666666667 100
1780558938990 0.8561787808385883 101
1780558938992 0.6785714285714286 102
1780558938995 0.9080459770114943 103
1780558938998 0.8665845648604269 104
1780558939000 0.8372495168345031 105
1780558939003 0.6050032916392363 106
1780558939005 0.8858802780371408 107
1780558939008 0.8776563206468257 108
1780558939011 0.8376623376623377 109
1780558939013 0.8131868131868132 110
1780558939016 0.8443821973233738 111
1780558939018 0.8382003705733448 112
1780558939021 0.8400000000000001 113
1780558939023 0.8602375960866526 114
1780558939026 0.8567774936061381 115
1780558939028 0.8076728413807066 116
1780558939031 0.8401278976818545 117
1780558939034 0.7523481622421552 118
1780558939036 0.8526984126984127 119
1780558939039 0.7987117552334944 120
1780558939041 0.8023865622862355 121
1780558939044 0.813953488372093 122
1780558939046 0.8539553752535497 123
1780558939049 0.75997599759976 124
1780558939051 0.847267939433838 125
1780558939054 0.8490338164251208 126
1780558939057 0.8530652227150282 127
1780558939059 0.8772378516624041 128
1780558939062 0.8640175266299011 129
1780558939064 0.8293333333333333 130
1780558939067 0.8831746031746032 131
1780558939069 0.8748333378683573 132
1780558939072 0.7935080959935534 133
1780558939074 0.890393799420653 134
1780558939077 0.773090909090909 135
1780558939080 0.7161064298873486 136
1780558939082 0.8863166597767673 137
1780558939085 0.8193496587715776 138
1780558939087 0.8155136268343816 139
1780558939090 0.8624939522803086 140
1780558939093 0.7877108149545937 141
1780558939095 0.8195488721804511 142
1780558939098 0.8958333333333333 143
1780558939100 0.8539553752535497 144
1780558939103 0.8689384010484928 145
1780558939105 0.8490566037735849 146
1780558939108 0.872 147
1780558939110 0.8323191345503719 148
1780558939113 0.6022031823745411 149
1780558939116 0.3697478991596639 150
1780558939118 0.5158784638173345 151
1780558939121 0.5647758595676774 152
1780558939123 0.4444444444444444 153
1780558939126 0.5428571428571428 154
1780558939128 0.44751381215469616 155
1780558939131 0.48669796557120504 156
1780558939134 0.4694960212201591 157
1780558939136 0.4199419941994199 158
1780558939139 0.4350282485875706 159
1780558939141 0.43820224719101125 160
1780558939144 0.4444444444444444 161
1780558939146 0.5477520617185422 162
1780558939149 0.612306774690591 163
1780558939151 0.46068385287455504 164
1780558939154 0.7117152940006959 165
1780558939157 0.550417469492614 166
1780558939159 0.355877616747182 167
1780558939162 0.640625 168
1780558939164 0.43820224719101125 169
1780558939167 0.6234511143219931 170
1780558939169 0.5604395604395604 171
1780558939172 0.6059514912697873 172
1780558939175 0.578775732047014 173
1780558939177 0.4916003536693192 174
1780558939180 0.5663315592351665 175
1780558939182 0.6168582375478927 176
1780558939185 0.4444444444444444 177
1780558939187 0.42528735632183906 178
1780558939190 0.4972484543786942 179
1780558939193 0.6007984031936128 180
1780558939195 0.6234511143219931 181
1780558939198 0.5294117647058824 182
1780558939200 0.5858562029828838 183
1780558939203 0.5892549084038445 184
1780558939205 0.5558247526751464 185
1780558939208 0.4393687707641196 186
1780558939211 0.5358090185676393 187
1780558939213 0.5210965238213194 188
1780558939216 0.648957575238666 189
1780558939218 0.5966115369100444 190
1780558939221 0.717673630717109 191
1780558939223 0.6622404715387926 192
1780558939226 0.6291926512725434 193
1780558939228 0.4490358126721763 194
1780558939231 0.5976292751889511 195
1780558939234 0.43977591036414565 196
1780558939236 0.5073891625615763 197
1780558939239 0.6123294439588005 198
1780558939241 0.49997092854235714 199
1780558939244 0.511737089201878 200
1780558939246 0.5244242136014675 201
1780558939249 0.5421245421245421 202
1780558939251 0.5584239130434783 203
1780558939254 0.5392999606719479 204
1780558939257 0.48164667590862514 205
1780558939259 0.6918335901386748 206
1780558939262 0.4943536153716501 207
1780558939264 0.41289604210952524 208
1780558939267 0.48164667590862514 209
1780558939269 0.500768049155146 210
1780558939272 0.5358090185676393 211
1780558939274 0.6059514912697873 212
1780558939277 0.7402597402597402 213
1780558939280 0.6360522372083066 214
1780558939282 0.6395139252282109 215
1780558939285 0.5885714285714285 216
1780558939287 0.5976292751889511 217
1780558939290 0.5392856151647193 218
1780558939292 0.5277777777777778 219
1780558939295 0.5057561328431077 220
1780558939298 0.5555555555555556 221
1780558939300 0.5881141512209473 222
1780558939303 0.6536796536796536 223
1780558939305 0.6633593196314671 224
1780558939308 0.7079741886863549 225
1780558939310 0.66277109134252 226
1780558939313 0.6465773809523809 227
1780558939316 0.6552349845763019 228
1780558939318 0.670995670995671 229
1780558939321 0.4916003536693192 230
1780558939323 0.5823679167024228 231
1780558939326 0.7117152940006959 232
1780558939328 0.4729226953286482 233
1780558939331 0.6114285714285714 234
1780558939333 0.5590230664857531 235
1780558939336 0.5932348533504603 236
1780558939339 0.47222222222222227 237
1780558939341 0.6521739130434783 238
1780558939344 0.6196785670469881 239
1780558939346 0.632612688992511 240
1780558939349 0.5738636363636364 241
1780558939351 0.5885714285714285 242
1780558939354 0.7275985663082437 243
1780558939356 0.5277777777777778 244
1780558939359 0.5403472931562819 245
1780558939362 0.6788048552754435 246
1780558939364 0.5555555555555556 247
1780558939367 0.5718261614215371 248
1780558939369 0.592999592999593 249
1780558939372 0.4972484543786942 250
1780558939375 0.4426451758680425 251
1780558939377 0.7176850171405526 252
1780558939380 0.5868544600938967 253
1780558939382 0.6342857142857143 254
1780558939385 0.6883432784766828 255
1780558939387 0.6937838113708278 256
1780558939390 0.5440036479708162 257
1780558939393 0.7001789254799555 258
1780558939395 0.587152175708034 259
1780558939398 0.6067194786223945 260
1780558939400 0.7067571530308743 261
1780558939403 0.5842463059722456 262
1780558939405 0.7146545281608805 263
1780558939408 0.43977591036414565 264
1780558939410 0.5265151515151515 265
1780558939413 0.4943536153716501 266
1780558939416 0.6933600660455242 267
1780558939418 0.6310935441370225 268
1780558939421 0.6732542819499341 269
1780558939423 0.45753721897414257 270
1780558939426 0.6564229814850162 271
1780558939428 0.5501893939393939 272
1780558939431 0.5298655897775902 273
1780558939433 0.6203623813632442 274
1780558939436 0.48927477017364657 275
1780558939439 0.6274509803921569 276
1780558939441 0.671875 277
1780558939444 0.43977591036414565 278
1780558939446 0.48927477017364657 279
1780558939449 0.6263034175155204 280
1780558939452 0.5383813565631748 281
1780558939454 0.7086247086247086 282
1780558939457 0.6662816069824156 283
1780558939459 0.54858934169279 284
1780558939462 0.578775732047014 285
1780558939464 0.4810744810744811 286
1780558939467 0.7395833333333333 287
1780558939470 0.7402597402597402 288
1780558939472 0.6424923391215527 289
1780558939475 0.6571428571428571 290
1780558939477 0.6242263483642794 291
1780558939480 0.511737089201878 292
1780558939483 0.7237992941537517 293
1780558939485 0.6470588235294118 294
1780558939488 0.5 295
1780558939490 0.6021939605810379 296
1780558939502 0.4550408719346049 297
1780558939505 0.7296932017840249 298
