1780271003616 0.0 0
1780271003619 0.5 1
1780271003621 0.5408163265306123 2
1780271003623 0.7095238095238096 3
1780271003625 0.8368911789964422 4
1780271003627 0.9109396914446003 5
1780271003629 0.8480902777777778 6
1780271003631 0.8888146167557933 7
1780271003632 0.7719298245614035 8
1780271003634 0.9270833333333333 9
1780271003636 0.6725352112676056 10
1780271003638 0.9499276220555336 11
1780271003640 0.9140949388396364 12
1780271003642 0.8611111111111112 13
1780271003643 0.8714285714285714 14
1780271003645 0.8966131907308378 15
1780271003647 0.8550892054935182 16
1780271003649 0.8520336605890604 17
1780271003650 0.943625427526831 18
1780271003652 0.8750565355042967 19
1780271003654 0.8980786945650743 20
1780271003656 0.8895094706168043 21
1780271003658 0.8767815060038155 22
1780271003660 0.9011122697254084 23
1780271003661 0.9251486926270901 24
1780271003663 0.868421052631579 25
1780271003665 0.8904315422526746 26
1780271003667 0.9282709524323158 27
1780271003668 0.8797619047619047 28
1780271003670 0.9161706349206349 29
1780271003672 0.876 30
1780271003674 0.9313479623824451 31
1780271003676 0.8532915360501567 32
1780271003678 0.8409090909090908 33
1780271003679 0.8307086614173229 34
1780271003681 0.932023079697079 35
1780271003683 0.8925925925925926 36
1780271003685 0.9310515873015872 37
1780271003687 0.9028520499108734 38
1780271003688 0.8393970893970895 39
1780271003690 0.9396941258255127 40
1780271003692 0.9227430555555556 41
1780271003694 0.9243762993762994 42
1780271003696 0.9047619047619048 43
1780271003697 0.8011557966741361 44
1780271003699 0.935464251925936 45
1780271003701 0.9237961664329126 46
1780271003702 0.8356164383561644 47
1780271003704 0.932722749886929 48
1780271003706 0.9201388888888888 49
1780271003708 0.9181818181818182 50
1780271003710 0.8859883438562409 51
1780271003711 0.9103860294117647 52
1780271003713 0.8538461538461539 53
1780271003715 0.9485446985446986 54
1780271003717 0.9112125824454591 55
1780271003719 0.9473614949335438 56
1780271003721 0.9519172977521336 57
1780271003723 0.9514083716754573 58
1780271003724 0.8962962962962964 59
1780271003726 0.8656155313657278 60
1780271003728 0.8769230769230769 61
1780271003730 0.8954991087344029 62
1780271003731 0.9609929078014184 63
1780271003733 0.9104477611940298 64
1780271003735 0.9263894236940059 65
1780271003737 0.9189079605352075 66
1780271003738 0.7543859649122807 67
1780271003740 0.8078853046594983 68
1780271003742 0.9104736234116289 69
1780271003744 0.8110119047619048 70
1780271003746 0.8921641238335061 71
1780271003748 0.917854337335877 72
1780271003749 0.9443665264142123 73
1780271003751 0.9289642015486477 74
1780271003753 0.9342830882352942 75
1780271003754 0.8867924528301887 76
1780271003756 0.9190476190476191 77
1780271003758 0.9095634095634095 78
1780271003760 0.9528246255454653 79
1780271003761 0.8307692307692307 80
1780271003763 0.8837316176470589 81
1780271003765 0.9030330882352942 82
1780271003767 0.9190766108574328 83
1780271003768 0.9104477611940298 84
1780271003770 0.9500282326369283 85
1780271003772 0.8957771787960467 86
1780271003774 0.9034926470588236 87
1780271003776 0.9201827142685419 88
1780271003777 0.9139728884254432 89
1780271003779 0.9119736174530695 90
1780271003781 0.8996026180458158 91
1780271003783 0.9505208333333333 92
1780271003784 0.8881118881118881 93
1780271003786 0.9488095238095238 94
1780271003788 0.9243554952510176 95
1780271003790 0.9623835349742734 96
1780271003791 0.9254324450677887 97
1780271003793 0.8964285714285714 98
1780271003795 0.9122257053291536 99
1780271003797 0.8260171993325631 100
1780271003799 0.9574286090275036 101
1780271003800 0.9468085106382979 102
1780271003802 0.9082438966859299 103
1780271003804 0.9447547353084021 104
1780271003805 0.961018711018711 105
1780271003807 0.922892896577107 106
1780271003809 0.9631947000368053 107
1780271003811 0.9456303809411488 108
1780271003812 0.7607142857142857 109
1780271003814 0.9038461538461539 110
1780271003816 0.9182597613254548 111
1780271003817 0.9476353343554664 112
1780271003819 0.94 113
1780271003821 0.9438895746829761 114
1780271003823 0.9195190774138142 115
1780271003824 0.9456064430821012 116
1780271003826 0.9261904761904762 117
1780271003828 0.9108385422809293 118
1780271003830 0.9587027269666704 119
1780271003831 0.8467741935483871 120
1780271003833 0.9247863247863248 121
1780271003835 0.9511904761904761 122
1780271003837 0.9630952380952381 123
1780271003838 0.8947981842718684 124
1780271003840 0.9260912698412699 125
1780271003843 0.8032786885245902 126
1780271003847 0.8929227941176471 127
1780271003850 0.9484572230014026 128
1780271003853 0.8350864890135576 129
1780271003856 0.9183673469387755 130
1780271003858 0.9451663201663202 131
1780271003860 0.9356125356125357 132
1780271003862 0.9545036764705883 133
1780271003863 0.9357697911607576 134
1780271003865 0.8934426229508197 135
1780271003867 0.9540441176470589 136
1780271003869 0.8818181818181818 137
1780271003874 0.9134615384615384 138
1780271003876 0.967032967032967 139
1780271003878 0.9377124817872754 140
1780271003880 0.78125 141
1780271003882 0.9203761755485893 142
1780271003883 0.8941622103386809 143
1780271003885 0.9326923076923077 144
1780271003887 0.96 145
1780271003889 0.9156695156695156 146
1780271003896 0.9668104878858281 147
1780271003899 0.9488078541374474 148
1780271003901 0.9456508403876824 149
1780271003903 0.9254158004158004 150
1780271003905 0.9280219780219781 151
1780271003907 0.9627757352941176 152
1780271003909 0.9772948033025741 153
1780271003911 0.8934426229508197 154
1780271003913 0.9156695156695156 155
1780271003915 0.9633434804667682 156
1780271003916 0.9282131661442006 157
1780271003918 0.9129353233830846 158
1780271003920 0.9412108461898083 159
1780271003922 0.9447415329768272 160
1780271003923 0.8880597014925373 161
1780271003925 0.9593253968253967 162
1780271003927 0.914594025529675 163
1780271003929 0.8425925925925926 164
1780271003930 0.9561136478944698 165
1780271003932 0.9558531746031746 166
1780271003934 0.9464387464387465 167
1780271003935 0.954985754985755 168
1780271003937 0.9583333333333333 169
1780271003939 0.8892857142857142 170
1780271003941 0.928475935828877 171
1780271003942 0.9532967032967032 172
1780271003944 0.9328340606203562 173
1780271003946 0.9296875 174
1780271003948 0.19744245524296675 175
1780271003950 0.4856942777110844 176
1780271003951 0.4897989798979898 177
1780271003953 0.5781703533179862 178
1780271003955 0.6582125603864735 179
1780271003957 0.6494391025641025 180
1780271003958 0.5279871369711586 181
1780271003960 0.5871348539415766 182
1780271003962 0.7393939393939395 183
1780271003964 0.7584134615384616 184
1780271003966 0.7357379082265398 185
1780271003967 0.7153784219001611 186
1780271003969 0.6727217984745082 187
1780271003971 0.7661616161616162 188
1780271003973 0.7156088672942605 189
1780271003975 0.6197916666666666 190
1780271003976 0.7903613251926733 191
1780271003978 0.7810116419108792 192
1780271003980 0.671875 193
1780271003982 0.8304264542796653 194
1780271003983 0.6263157894736842 195
1780271003986 0.700530395756834 196
1780271003987 0.8101010101010101 197
1780271003989 0.74 198
1780271003991 0.8155388471177945 199
1780271003993 0.7694805194805194 200
1780271003995 0.8339371980676329 201
1780271003997 0.7515299877600978 202
1780271003999 0.6182795698924731 203
1780271004000 0.8530844155844155 204
1780271004002 0.8044336471302763 205
1780271004004 0.680672268907563 206
1780271004006 0.784203031227749 207
1780271004007 0.8269771176234444 208
1780271004009 0.8291325032898067 209
1780271004011 0.7979095870662136 210
1780271004013 0.7252252252252253 211
1780271004014 0.6931089743589743 212
1780271004016 0.7808246799072487 213
1780271004018 0.8404040404040404 214
1780271004020 0.8304830483048304 215
1780271004021 0.7649999999999999 216
1780271004023 0.6847117794486216 217
1780271004025 0.8214285714285714 218
1780271004027 0.885 219
1780271004029 0.8293829382938294 220
1780271004031 0.788237655560016 221
1780271004032 0.8240409207161126 222
1780271004034 0.8266962395402763 223
1780271004036 0.8369128863910076 224
1780271004038 0.8158315831583158 225
1780271004039 0.8344155844155845 226
1780271004041 0.7784461152882205 227
1780271004043 0.8327175697865352 228
1780271004045 0.8365914786967419 229
1780271004047 0.6758703481392556 230
1780271004048 0.7511893916388298 231
1780271004050 0.7378640776699029 232
1780271004052 0.8361336133613362 233
1780271004055 0.8392839283928393 234
1780271004058 0.8856470823741367 235
1780271004061 0.7988782051282051 236
1780271004064 0.8262882447665056 237
1780271004067 0.7593344155844155 238
1780271004070 0.8414932680538556 239
1780271004073 0.7614310119585971 240
1780271004075 0.8496824276640791 241
1780271004078 0.8325492943649284 242
1780271004080 0.8225290116046419 243
1780271004083 0.806159420289855 244
1780271004085 0.8212369673043831 245
1780271004087 0.8476515455640306 246
1780271004089 0.8644457783113246 247
1780271004092 0.8107797017315583 248
1780271004093 0.7326732673267327 249
1780271004095 0.8572866344605475 250
1780271004097 0.8613006824568447 251
1780271004099 0.8145363408521303 252
1780271004101 0.6796116504854369 253
1780271004103 0.8605769230769231 254
1780271004105 0.7219497547793013 255
1780271004106 0.7861144457783114 256
1780271004108 0.8466386554621849 257
1780271004110 0.8427938808373591 258
1780271004112 0.853030303030303 259
1780271004114 0.7991692523270943 260
1780271004116 0.7849999999999999 261
1780271004119 0.8125250100040016 262
1780271004121 0.8643317230273753 263
1780271004124 0.8899889988998899 264
1780271004126 0.8701690821256038 265
1780271004129 0.8692869286928693 266
1780271004131 0.8123249299719888 267
1780271004133 0.7426242624262427 268
1780271004136 0.8344155844155845 269
1780271004138 0.8703870387038704 270
1780271004141 0.7234042553191489 271
1780271004143 0.8738364528075269 272
1780271004145 0.8336334533813525 273
1780271004148 0.81 274
1780271004150 0.642156862745098 275
1780271004152 0.81 276
1780271004154 0.838735494197679 277
1780271004156 0.878969654199012 278
1780271004157 0.8 279
1780271004159 0.8500402576489533 280
1780271004162 0.8513784461152882 281
1780271004165 0.8300970873786409 282
1780271004168 0.7110091743119267 283
1780271004171 0.8 284
1780271004173 0.8258933039735762 285
1780271004176 0.6617647058823529 286
1780271004179 0.812900641025641 287
1780271004181 0.8518796992481203 288
1780271004182 0.8078231292517006 289
1780271004184 0.8471177944862156 290
1780271004186 0.7505050505050506 291
1780271004188 0.8529647435897436 292
1780271004189 0.859775641025641 293
1780271004191 0.871177015755329 294
1780271004193 0.8415234649783941 295
1780271004195 0.7401960784313726 296
1780271004197 0.8642456982793117 297
1780271004199 0.8373590982286634 298
1780271004200 0.8588858885888588 299
1780271004202 0.7999196060697418 300
1780271004204 0.8405362144857943 301
1780271004206 0.887748974076669 302
1780271004208 0.9009603841536615 303
1780271004210 0.8461538461538461 304
1780271004212 0.8401244480128462 305
1780271004214 0.8255325532553255 306
1780271004216 0.8314850287327351 307
1780271004217 0.8286828682868287 308
1780271004219 0.86 309
1780271004221 0.8413848631239935 310
1780271004223 0.8604109727705234 311
1780271004225 0.84375 312
1780271004227 0.8460482148306377 313
1780271004229 0.8339371980676329 314
1780271004231 0.8850160256410255 315
1780271004232 0.8973972465078887 316
1780271004234 0.8926134082697712 317
1780271004236 0.8700870087008701 318
1780271004238 0.8724310776942357 319
1780271004240 0.7820048309178744 320
1780271004242 0.8049999999999999 321
1780271004244 0.747979797979798 322
1780271004246 0.8538647342995169 323
1780271004247 0.8799778203447928 324
1780271004249 0.8573717948717949 325
1780271004251 0.8162384584504215 326
1780271004253 0.8146417445482865 327
1780271004256 0.7906666666666666 328
1780271004259 0.8530298462466084 329
1780271004262 0.8304897631473305 330
1780271004265 0.5480769230769231 331
1780271004268 0.8862476228605745 332
1780271004271 0.8856542617046819 333
1780271004273 0.8790646326776395 334
1780271004275 0.87 335
1780271004277 0.9009144809566878 336
1780271004279 0.8419887278582932 337
1780271004281 0.8705482192877151 338
1780271004283 0.8805880588058805 339
1780271004284 0.8399359743897559 340
1780271004286 0.8620032115616219 341
1780271004288 0.8080200501253133 342
1780271004290 0.890009073495312 343
1780271004292 0.8909563825530212 344
1780271004294 0.7904647435897436 345
1780271004296 0.825932593259326 346
1780271004298 0.855 347
1780271004299 0.9099189270343309 348
