1780277930886 0.0 0
1780277930888 0.42196531791907516 1
1780277930890 0.6274509803921569 2
1780277930892 0.671875 3
1780277930894 0.8300145701796988 4
1780277930895 0.8289248585340177 5
1780277930897 0.8129967274427303 6
1780277930899 0.8584738766363957 7
1780277930901 0.90541946467417 8
1780277930903 0.7342310418143161 9
1780277930905 0.8858447488584476 10
1780277930907 0.9261720191952749 11
1780277930909 0.9073108562159657 12
1780277930910 0.8767280091573479 13
1780277930912 0.8552441110672457 14
1780277930914 0.8894545454545455 15
1780277930916 0.9473614949335438 16
1780277930918 0.8731539367581771 17
1780277930920 0.9141209667525456 18
1780277930922 0.8221571294068417 19
1780277930924 0.8858447488584476 20
1780277930926 0.8724789422463841 21
1780277930928 0.5089514066496164 22
1780277930930 0.9150072850898494 23
1780277930932 0.9148670507108602 24
1780277930934 0.90541946467417 25
1780277930936 0.9010909090909092 26
1780277930938 0.9244957394024377 27
1780277930940 0.8704942801640406 28
1780277930942 0.9314193085819383 29
1780277930945 0.9356499356499357 30
1780277930947 0.9007936507936507 31
1780277930949 0.8470310109859547 32
1780277930952 0.8206921283844362 33
1780277930954 0.80389692017599 34
1780277930956 0.9373040752351097 35
1780277930959 0.9225578050669322 36
1780277930961 0.8996865203761755 37
1780277930964 0.9243636363636364 38
1780277930967 0.9314193085819383 39
1780277930969 0.9410307819318315 40
1780277930971 0.9348958333333333 41
1780277930974 0.8852345142097793 42
1780277930976 0.9373040752351097 43
1780277930979 0.9370691381332418 44
1780277930982 0.8947229898670878 45
1780277930985 0.9263894000736106 46
1780277930987 0.9460683852874554 47
1780277930990 0.9028654686741135 48
1780277930992 0.9093956691129836 49
1780277930995 0.9038345955042674 50
1780277930997 0.9306409407610581 51
1780277931000 0.895162036323271 52
1780277931003 0.9316239316239316 53
1780277931005 0.5879811074263892 54
1780277931008 0.9112125824454591 55
1780277931011 0.9314193085819383 56
1780277931014 0.9386578333946755 57
1780277931016 0.9080459770114943 58
1780277931019 0.9095431931252826 59
1780277931021 0.9010909090909092 60
1780277931023 0.9354289571776584 61
1780277931026 0.8689418363869885 62
1780277931028 0.9415614773258532 63
1780277931030 0.9183695681750157 64
1780277931032 0.9358233859581568 65
1780277931034 0.9177631578947368 66
1780277931035 0.8798592637089162 67
1780277931037 0.9435347261434217 68
1780277931039 0.9066666666666667 69
1780277931041 0.84472049689441 70
1780277931043 0.9315875489339059 71
1780277931045 0.9493114809495649 72
1780277931047 0.8162702868224967 73
1780277931049 0.9430199430199431 74
1780277931050 0.9354289571776584 75
1780277931052 0.9492643328259767 76
1780277931054 0.9038345955042674 77
1780277931056 0.9180302027176142 78
1780277931058 0.8773204196933011 79
1780277931060 0.9425551470588236 80
1780277931062 0.8863602380453961 81
1780277931064 0.9410307819318315 82
1780277931065 0.935031185031185 83
1780277931068 0.89441452856087 84
1780277931069 0.9582811848143513 85
1780277931071 0.9261720191952749 86
1780277931073 0.9214454045561665 87
1780277931075 0.9263894000736106 88
1780277931077 0.9365463932393067 89
1780277931079 0.9206712433257056 90
1780277931081 0.8928087266307261 91
1780277931082 0.9108804487431522 92
1780277931084 0.9354289571776584 93
1780277931086 0.933556824016188 94
1780277931088 0.8388731515891785 95
1780277931090 0.9466666666666668 96
1780277931092 0.9206712433257056 97
1780277931094 0.9596204320613769 98
1780277931096 0.900658962217292 99
1780277931098 0.8766447368421053 100
1780277931100 0.9668863207390973 101
1780277931102 0.9327731092436975 102
1780277931104 0.9038345955042674 103
1780277931106 0.9314193085819383 104
1780277931108 0.9619482496194824 105
1780277931110 0.8648466008920124 106
1780277931112 0.929236938318198 107
1780277931114 0.9450800915331807 108
1780277931116 0.9007936507936507 109
1780277931118 0.9038345955042674 110
1780277931120 0.9278759466282005 111
1780277931122 0.8310632456973921 112
1780277931124 0.9358233859581568 113
1780277931126 0.9551116597463809 114
1780277931130 0.8830561330561331 115
1780277931133 0.9450800915331807 116
1780277931137 0.9581327192798827 117
1780277931140 0.9392909179213211 118
1780277931144 0.9775558298731905 119
1780277931146 0.9414878055267427 120
1780277931149 0.9243636363636364 121
1780277931151 0.9450800915331807 122
1780277931152 0.9577179789193924 123
1780277931154 0.9007936507936507 124
1780277931156 0.8915505087557016 125
1780277931158 0.9536554281079829 126
1780277931160 0.8871473354231975 127
1780277931162 0.9161425576519916 128
1780277931164 0.8997326203208555 129
1780277931166 0.8933105729222235 130
1780277931169 0.9177631578947368 131
1780277931172 0.8914930555555556 132
1780277931174 0.8173229990344215 133
1780277931177 0.9166666666666666 134
1780277931179 0.9278759466282005 135
1780277931181 0.8663065857375866 136
1780277931184 0.9271491015055853 137
1780277931186 0.9418886198547216 138
1780277931188 0.949685534591195 139
1780277931191 0.9035159908056415 140
1780277931193 0.8963116575322174 141
1780277931195 0.9289749798224375 142
1780277931197 0.8918139199423007 143
1780277931199 0.9089348884452384 144
1780277931202 0.9801317924434584 145
1780277931204 0.9134723544172363 146
1780277931206 0.9359999999999999 147
1780277931208 0.7504519874716712 148
1780277931210 0.9379960317460317 149
1780277931212 0.9395952884324977 150
1780277931214 0.9296822177146721 151
1780277931216 0.9658119658119658 152
1780277931218 0.922037422037422 153
1780277931220 0.915855271066234 154
1780277931221 0.9120879120879121 155
1780277931223 0.9263894000736106 156
1780277931225 0.9480249480249481 157
1780277931227 0.8973150916613815 158
1780277931229 0.9359999999999999 159
1780277931231 0.9551116597463809 160
1780277931233 0.9111348084955123 161
1780277931235 0.9503968253968254 162
1780277931237 0.9078826161337018 163
1780277931239 0.837061176122056 164
1780277931240 0.9411591644601354 165
1780277931242 0.9199999999999999 166
1780277931244 0.9340659340659341 167
1780277931246 0.9166666666666666 168
1780277931248 0.939896622190167 169
1780277931250 0.78125 170
1780277931252 0.8718535469107551 171
1780277931254 0.9442959001782532 172
1780277931257 0.9471691467817205 173
1780277931259 0.9602712903317348 174
1780277931262 0.2081089642065252 175
1780277931265 0.33774834437086093 176
1780277931268 0.508679986898133 177
1780277931271 0.33993399339933994 178
1780277931274 0.664320248503219 179
1780277931276 0.6747967479674797 180
1780277931278 0.6355906468266019 181
1780277931280 0.5519301470588236 182
1780277931282 0.6888799678843838 183
1780277931283 0.7046381817726715 184
1780277931285 0.4504732036302073 185
1780277931288 0.7949538646195394 186
1780277931290 0.49264332825976664 187
1780277931292 0.6738370738526054 188
1780277931295 0.6761841124617718 189
1780277931297 0.7696314102564102 190
1780277931299 0.8185300937594515 191
1780277931301 0.7312939231087227 192
1780277931303 0.7033248081841432 193
1780277931305 0.7845637415766928 194
1780277931307 0.5836918209319752 195
1780277931309 0.4685073339085419 196
1780277931311 0.7591328783621036 197
1780277931314 0.6764103117247331 198
1780277931316 0.8099239695878351 199
1780277931318 0.7127757352941176 200
1780277931320 0.8298468621759583 201
1780277931322 0.7089522280208751 202
1780277931324 0.8046043237556051 203
1780277931326 0.7648530331457161 204
1780277931328 0.7866666666666666 205
1780277931330 0.7708232538005144 206
1780277931332 0.78997899789979 207
1780277931334 0.8536794571003304 208
1780277931336 0.808 209
1780277931338 0.8277616848038832 210
1780277931340 0.6179966044142615 211
1780277931342 0.5949634586598573 212
1780277931344 0.7070707070707071 213
1780277931347 0.7990151743543362 214
1780277931349 0.8299319727891157 215
1780277931351 0.7651295701871135 216
1780277931353 0.8099809980998101 217
1780277931355 0.7794486215538847 218
1780277931356 0.8146431881371641 219
1780277931358 0.8198378540686617 220
1780277931360 0.8041861818951602 221
1780277931362 0.7504340277777778 222
1780277931364 0.8289049919484701 223
1780277931365 0.8236331569664903 224
1780277931367 0.7840877708317642 225
1780277931369 0.8181818181818181 226
1780277931371 0.8249606161386311 227
1780277931373 0.784865540963102 228
1780277931374 0.7681217864704104 229
1780277931376 0.8349958748968724 230
1780277931378 0.8043455874781176 231
1780277931380 0.8120634920634922 232
1780277931381 0.8144386769979186 233
1780277931383 0.8395989974937343 234
1780277931385 0.8892914653784219 235
1780277931387 0.8248905565978737 236
1780277931388 0.8397435897435898 237
1780277931390 0.8528793610760823 238
1780277931392 0.7593984962406015 239
1780277931394 0.7994987468671679 240
1780277931395 0.7564935064935066 241
1780277931397 0.766106187790743 242
1780277931399 0.8147730970438787 243
1780277931401 0.8087761674718197 244
1780277931402 0.7847363019699132 245
1780277931404 0.7580059691860934 246
1780277931406 0.8008120738527542 247
1780277931408 0.8198378540686617 248
1780277931409 0.6659273255017937 249
1780277931411 0.8289049919484701 250
1780277931413 0.859873886497848 251
1780277931414 0.8197115384615384 252
1780277931416 0.8499399759903962 253
1780277931418 0.8249407887962105 254
1780277931420 0.8648344221671547 255
1780277931421 0.7995425458096682 256
1780277931423 0.7647058823529411 257
1780277931425 0.7049002096761668 258
1780277931426 0.8474214220323466 259
1780277931428 0.8344993605657113 260
1780277931430 0.78997899789979 261
1780277931432 0.8125 262
1780277931433 0.8494580489763148 263
1780277931435 0.86 264
1780277931437 0.5824175824175825 265
1780277931439 0.8738616009485607 266
1780277931440 0.7465948685460881 267
1780277931442 0.6125356125356125 268
1780277931444 0.7127757352941176 269
1780277931445 0.7940479868190712 270
1780277931447 0.8549093183239524 271
1780277931449 0.8599859985998599 272
1780277931451 0.8536794571003304 273
1780277931452 0.6764103117247331 274
1780277931454 0.8368013055895553 275
1780277931456 0.7241086587436333 276
1780277931458 0.8291628982011858 277
1780277931460 0.8594941790445605 278
1780277931462 0.8996386993175431 279
1780277931464 0.7747747747747749 280
1780277931466 0.8383838383838383 281
1780277931468 0.8441231929604023 282
1780277931471 0.8349958748968724 283
1780277931474 0.7797074720151643 284
1780277931477 0.8337991992143234 285
1780277931480 0.7698504027617952 286
1780277931483 0.8051349572086899 287
1780277931485 0.698786932829486 288
1780277931488 0.7941302000954031 289
1780277931490 0.8499399759903962 290
1780277931492 0.7580401250126021 291
1780277931494 0.7566721027154357 292
1780277931497 0.8392121394834691 293
1780277931499 0.8755057578586991 294
1780277931502 0.6878458526064871 295
1780277931505 0.7442521986481901 296
1780277931508 0.8549963749093727 297
1780277931512 0.8318621269440941 298
1780277931515 0.8319370527870439 299
1780277931518 0.7983870967741935 300
1780277931520 0.8001998001998003 301
1780277931523 0.8849741191768148 302
1780277931525 0.8748466871918099 303
1780277931528 0.87 304
1780277931530 0.8411844565690719 305
1780277931533 0.8478084415584416 306
1780277931535 0.8448098921178444 307
1780277931538 0.7860069417260367 308
1780277931540 0.859873886497848 309
1780277931542 0.7842735411498221 310
1780277931544 0.8046875 311
1780277931546 0.375 312
1780277931548 0.879020062506301 313
1780277931550 0.7724917212265223 314
1780277931552 0.8594941790445605 315
1780277931554 0.7488808821923791 316
1780277931556 0.847001223990208 317
1780277931558 0.6503011295828591 318
1780277931561 0.8748466871918099 319
1780277931563 0.7209590739975197 320
1780277931565 0.5788987914972167 321
1780277931567 0.8036378668871434 322
1780277931569 0.7973333333333333 323
1780277931571 0.894043744796791 324
1780277931573 0.8847666524712543 325
1780277931586 0.8275162337662337 326
1780277931588 0.782118517392516 327
1780277931590 0.6998799519807923 328
1780277931592 0.8411844565690719 329
1780277931594 0.7241379310344828 330
1780277931596 0.8346651970239736 331
1780277931598 0.797077922077922 332
1780277931600 0.8395989974937343 333
1780277931602 0.8593106220480353 334
1780277931604 0.8849971249281232 335
1780277931606 0.9198717948717949 336
1780277931608 0.8796992481203008 337
1780277931610 0.8686868686868687 338
1780277931612 0.8255336617405583 339
1780277931614 0.8125 340
1780277931616 0.8764287920914426 341
1780277931618 0.8349628666449951 342
1780277931620 0.8924152770306617 343
1780277931622 0.8846510694851927 344
1780277931623 0.8044083352140223 345
1780277931625 0.7829681686647375 346
1780277931627 0.8481627695110842 347
1780277931629 0.7916666666666667 348
