1780245304500 0.0 0
1780245304502 0.18 1
1780245304503 0.615 2
1780245304505 0.635 3
1780245304507 0.6900000000000001 4
1780245304509 0.73 5
1780245304511 0.78 6
1780245304513 0.875 7
1780245304514 0.875 8
1780245304516 0.915 9
1780245304518 0.825 10
1780245304520 0.9099999999999999 11
1780245304521 0.885 12
1780245304523 0.7949999999999999 13
1780245304525 0.89 14
1780245304527 0.9200000000000002 15
1780245304528 0.9400000000000001 16
1780245304530 0.9100000000000001 17
1780245304532 0.89 18
1780245304534 0.925 19
1780245304536 0.925 20
1780245304537 0.9700000000000001 21
1780245304539 0.9200000000000002 22
1780245304541 0.9549999999999998 23
1780245304544 0.95 24
1780245304546 0.9199999999999999 25
1780245304548 0.875 26
1780245304550 0.9650000000000001 27
1780245304552 0.915 28
1780245304554 0.9550000000000001 29
1780245304556 0.9549999999999998 30
1780245304558 0.9349999999999999 31
1780245304559 0.9599999999999997 32
1780245304561 0.73 33
1780245304563 0.9549999999999998 34
1780245304565 0.95 35
1780245304566 0.9499999999999998 36
1780245304568 0.9499999999999998 37
1780245304570 0.9299999999999999 38
1780245304572 0.9550000000000001 39
1780245304574 0.9400000000000001 40
1780245304575 0.945 41
1780245304577 0.905 42
1780245304579 0.875 43
1780245304581 0.9349999999999999 44
1780245304583 0.8800000000000001 45
1780245304585 0.9599999999999997 46
1780245304586 0.8300000000000001 47
1780245304588 0.96 48
1780245304590 0.97 49
1780245304592 0.9649999999999999 50
1780245304593 0.9550000000000001 51
1780245304595 0.9349999999999999 52
1780245304597 0.9049999999999999 53
1780245304599 0.9500000000000002 54
1780245304601 0.97 55
1780245304603 0.9349999999999999 56
1780245304605 0.845 57
1780245304606 0.9099999999999999 58
1780245304608 0.95 59
1780245304610 0.99 60
1780245304612 0.975 61
1780245304613 0.9650000000000001 62
1780245304615 0.9349999999999999 63
1780245304617 0.975 64
1780245304619 0.975 65
1780245304620 0.97 66
1780245304622 0.8699999999999999 67
1780245304624 0.9550000000000001 68
1780245304626 0.9200000000000002 69
1780245304628 0.9399999999999998 70
1780245304629 0.9399999999999998 71
1780245304631 0.9400000000000001 72
1780245304633 0.9350000000000002 73
1780245304635 0.9249999999999998 74
1780245304636 0.975 75
1780245304638 0.9649999999999999 76
1780245304640 0.9349999999999999 77
1780245304642 0.975 78
1780245304644 0.9400000000000001 79
1780245304645 0.975 80
1780245304647 0.875 81
1780245304649 0.9400000000000001 82
1780245304651 0.97 83
1780245304652 0.9749999999999999 84
1780245304654 0.975 85
1780245304656 0.95 86
1780245304658 0.97 87
1780245304660 0.97 88
1780245304661 0.9800000000000001 89
1780245304663 0.845 90
1780245304665 0.9499999999999998 91
1780245304667 0.89 92
1780245304668 0.97 93
1780245304670 0.9650000000000001 94
1780245304672 0.945 95
1780245304674 0.835 96
1780245304676 0.9550000000000001 97
1780245304678 0.8699999999999999 98
1780245304679 0.9350000000000002 99
1780245304681 0.96 100
1780245304683 0.9799999999999999 101
1780245304685 0.95 102
1780245304686 0.9549999999999998 103
1780245304688 0.9650000000000001 104
1780245304690 0.95 105
1780245304692 0.975 106
1780245304694 0.9550000000000001 107
1780245304695 0.97 108
1780245304697 0.96 109
1780245304699 0.9549999999999998 110
1780245304701 0.96 111
1780245304702 0.9650000000000001 112
1780245304704 0.9649999999999999 113
1780245304706 0.86 114
1780245304708 0.975 115
1780245304709 0.9650000000000001 116
1780245304711 0.97 117
1780245304713 0.9700000000000001 118
1780245304715 0.8099999999999999 119
1780245304716 0.9200000000000002 120
1780245304718 0.8149999999999998 121
1780245304720 0.885 122
1780245304722 0.975 123
1780245304723 0.96 124
1780245304725 0.9549999999999998 125
1780245304727 0.975 126
1780245304729 0.79 127
1780245304731 0.9450000000000001 128
1780245304732 0.9349999999999999 129
1780245304734 0.97 130
1780245304736 0.9649999999999999 131
1780245304738 0.8300000000000001 132
1780245304739 0.945 133
1780245304741 0.9299999999999999 134
1780245304743 0.9549999999999998 135
1780245304745 0.9649999999999999 136
1780245304747 0.9299999999999999 137
1780245304749 0.9399999999999998 138
1780245304750 0.8849999999999998 139
1780245304752 0.975 140
1780245304754 0.96 141
1780245304756 0.97 142
1780245304757 0.96 143
1780245304759 0.9649999999999999 144
1780245304761 0.9500000000000002 145
1780245304763 0.9899999999999999 146
1780245304764 0.9799999999999999 147
1780245304766 0.9650000000000001 148
1780245304768 0.9799999999999999 149
1780245304770 0.9650000000000001 150
1780245304771 0.9700000000000001 151
1780245304773 0.985 152
1780245304775 0.97 153
1780245304777 0.8800000000000001 154
1780245304779 0.9199999999999999 155
1780245304780 0.975 156
1780245304782 0.9450000000000001 157
1780245304784 0.975 158
1780245304786 0.9549999999999998 159
1780245304788 0.9049999999999999 160
1780245304789 0.95 161
1780245304792 0.9499999999999998 162
1780245304794 0.8150000000000001 163
1780245304796 0.95 164
1780245304798 0.96 165
1780245304800 0.9200000000000002 166
1780245304802 0.9149999999999998 167
1780245304804 0.945 168
1780245304806 0.875 169
1780245304808 0.9450000000000001 170
1780245304809 0.915 171
1780245304811 0.52 172
1780245304813 0.925 173
1780245304815 0.95 174
1780245304817 0.765 175
1780245304818 0.8550000000000001 176
1780245304820 0.9400000000000001 177
1780245304822 0.7849999999999999 178
1780245304824 0.9450000000000001 179
1780245304825 0.9549999999999998 180
1780245304827 0.97 181
1780245304838 0.8800000000000001 182
1780245304840 0.9400000000000001 183
1780245304842 0.945 184
1780245304844 0.7550000000000001 185
1780245304846 0.945 186
1780245304848 0.95 187
1780245304850 0.95 188
1780245304852 0.9450000000000001 189
1780245304854 0.9349999999999999 190
1780245304855 0.95 191
1780245304857 0.9650000000000001 192
1780245304859 0.95 193
1780245304861 0.89 194
1780245304862 0.9199999999999999 195
1780245304864 0.945 196
1780245304866 0.915 197
1780245304868 0.9200000000000002 198
1780245304870 0.9649999999999999 199
1780245304871 0.79 200
1780245304873 0.7899999999999999 201
1780245304875 0.9550000000000001 202
1780245304877 0.9549999999999998 203
1780245304879 0.8400000000000001 204
1780245304880 0.945 205
1780245304882 0.945 206
1780245304884 0.575 207
1780245304886 0.915 208
1780245304887 0.95 209
1780245304889 0.96 210
1780245304891 0.96 211
1780245304893 0.82 212
1780245304894 0.9399999999999998 213
1780245304896 0.9349999999999999 214
1780245304898 0.875 215
1780245304900 0.925 216
1780245304901 0.9450000000000001 217
1780245304903 0.96 218
1780245304905 0.7 219
1780245304907 0.96 220
1780245304909 0.845 221
1780245304911 0.8350000000000002 222
1780245304912 0.885 223
1780245304914 0.9 224
1780245304916 0.9400000000000001 225
1780245304918 0.9099999999999999 226
1780245304919 0.9549999999999998 227
1780245304921 0.95 228
1780245304923 0.9249999999999998 229
1780245304925 0.9349999999999999 230
1780245304927 0.9299999999999999 231
1780245304929 0.9099999999999999 232
1780245304930 0.845 233
1780245304932 0.9499999999999998 234
1780245304934 0.95 235
1780245304936 0.915 236
1780245304937 0.93 237
1780245304939 0.95 238
1780245304941 0.9349999999999999 239
1780245304943 0.9199999999999999 240
1780245304945 0.945 241
1780245304946 0.95 242
1780245304948 0.97 243
1780245304950 0.97 244
1780245304952 0.9600000000000002 245
1780245304953 0.95 246
1780245304955 0.9649999999999999 247
1780245304957 0.945 248
1780245304959 0.9 249
1780245304961 0.945 250
1780245304962 0.6900000000000001 251
1780245304964 0.925 252
1780245304966 0.9549999999999998 253
1780245304968 0.9550000000000001 254
1780245304969 0.9599999999999997 255
1780245304971 0.9200000000000002 256
1780245304973 0.9400000000000001 257
1780245304975 0.925 258
1780245304977 0.9799999999999999 259
1780245304978 0.915 260
1780245304980 0.835 261
1780245304982 0.9 262
1780245304984 0.9199999999999999 263
1780245304985 0.8800000000000001 264
1780245304987 0.96 265
1780245304989 0.9399999999999998 266
1780245304991 0.96 267
1780245304992 0.9299999999999999 268
1780245304994 0.945 269
1780245304996 0.9299999999999999 270
1780245304998 0.96 271
1780245304999 0.9399999999999998 272
1780245305001 0.8949999999999999 273
1780245305003 0.9400000000000001 274
1780245305005 0.86 275
1780245305007 0.9399999999999998 276
1780245305008 0.9350000000000002 277
1780245305016 0.9399999999999998 278
1780245305018 0.97 279
1780245305020 0.9550000000000001 280
1780245305021 0.9549999999999998 281
1780245305023 0.9199999999999999 282
1780245305025 0.96 283
1780245305027 0.95 284
1780245305028 0.9649999999999999 285
1780245305030 0.9649999999999999 286
1780245305032 0.9550000000000001 287
1780245305034 0.95 288
1780245305036 0.945 289
1780245305037 0.8600000000000001 290
1780245305039 0.9399999999999998 291
1780245305041 0.8899999999999999 292
1780245305044 0.9450000000000001 293
1780245305046 0.885 294
1780245305048 0.9399999999999998 295
1780245305050 0.865 296
1780245305052 0.9349999999999999 297
1780245305054 0.9549999999999998 298
1780245305056 0.85 299
1780245305057 0.8200000000000001 300
1780245305059 0.96 301
1780245305061 0.885 302
1780245305063 0.97 303
1780245305064 0.945 304
1780245305066 0.8699999999999999 305
1780245305068 0.9 306
1780245305070 0.9349999999999999 307
1780245305071 0.96 308
1780245305073 0.96 309
1780245305075 0.8800000000000001 310
1780245305077 0.925 311
1780245305079 0.95 312
1780245305081 0.9199999999999999 313
