1780552800235 0.0 0
1780552800238 0.5 1
1780552800240 0.5 2
1780552800242 0.5 3
1780552800245 0.5 4
1780552800247 0.5 5
1780552800250 0.5 6
1780552800252 0.5724014336917562 7
1780552800254 0.5939860761368686 8
1780552800257 0.5 9
1780552800259 0.5 10
1780552800262 0.5303030303030303 11
1780552800264 0.5 12
1780552800266 0.5119047619047619 13
1780552800269 0.5958376536809361 14
1780552800271 0.5987012987012987 15
1780552800273 0.5408163265306123 16
1780552800276 0.5930232558139534 17
1780552800278 0.6847922192749779 18
1780552800281 0.5151515151515151 19
1780552800283 0.630673674151935 20
1780552800285 0.6823538780060519 21
1780552800288 0.5 22
1780552800290 0.5828460038986355 23
1780552800292 0.5386178861788617 24
1780552800295 0.5 25
1780552800297 0.7694931773879142 26
1780552800300 0.5416666666666666 27
1780552800302 0.5790765454824359 28
1780552800304 0.5540258656654151 29
1780552800307 0.5 30
1780552800309 0.5394736842105263 31
1780552800311 0.5999291282778172 32
1780552800314 0.559375 33
1780552800316 0.6887434218970607 34
1780552800319 0.5 35
1780552800321 0.4967741935483871 36
1780552800323 0.6478335560221417 37
1780552800326 0.5104166666666666 38
1780552800328 0.6397849462365591 39
1780552800330 0.524390243902439 40
1780552800333 0.5238095238095238 41
1780552800335 0.5401422011553844 42
1780552800338 0.6453962703962703 43
1780552800340 0.6432724252491695 44
1780552800342 0.5277777777777778 45
1780552800345 0.5924767069948547 46
1780552800347 0.5 47
1780552800350 0.6846631629240325 48
1780552800352 0.5353559483994267 49
1780552800354 0.5128205128205128 50
1780552800357 0.5128205128205128 51
1780552800359 0.5119047619047619 52
1780552800362 0.6887589343729694 53
1780552800364 0.5125 54
1780552800366 0.5263157894736842 55
1780552800369 0.6714888487040386 56
1780552800371 0.5225354355789138 57
1780552800374 0.5772162619988708 58
1780552800376 0.6277412280701754 59
1780552800378 0.5444444444444444 60
1780552800381 0.7296037296037297 61
1780552800383 0.5862470862470862 62
1780552800385 0.6365445199801028 63
1780552800388 0.5745519713261649 64
1780552800390 0.5135135135135135 65
1780552800392 0.6022727272727273 66
1780552800395 0.5738174868609651 67
1780552800397 0.5571428571428572 68
1780552800399 0.5512820512820513 69
1780552800402 0.5 70
1780552800404 0.5783213947830788 71
1780552800406 0.6252913752913754 72
1780552800409 0.5178571428571429 73
1780552800411 0.5885254764157318 74
1780552800414 0.6455197132616487 75
1780552800416 0.6562724014336917 76
1780552800418 0.5348837209302325 77
1780552800421 0.6539257843605669 78
1780552800423 0.524390243902439 79
1780552800426 0.5839220723613787 80
1780552800428 0.5106382978723404 81
1780552800430 0.5487938596491229 82
1780552800433 0.6391322486441384 83
1780552800435 0.702322627472328 84
1780552800437 0.555921052631579 85
1780552800440 0.5294117647058824 86
1780552800442 0.6112115732368897 87
1780552800445 0.5419652810957158 88
1780552800447 0.6690093255845384 89
1780552800449 0.6748686096512184 90
1780552800452 0.5818181818181818 91
1780552800454 0.6479780773218782 92
1780552800456 0.6023035230352304 93
1780552800459 0.6900182390979936 94
1780552800461 0.693320488118176 95
1780552800464 0.5950970226633091 96
1780552800466 0.5256410256410257 97
1780552800468 0.5443978916069739 98
1780552800471 0.7067841801214635 99
1780552800473 0.621505376344086 100
1780552800475 0.5492766726943942 101
1780552800478 0.5688111424307744 102
1780552800480 0.6204266034661532 103
1780552800483 0.6672110324804935 104
1780552800485 0.5578309556680472 105
1780552800487 0.7837873404395315 106
1780552800490 0.6063829787234043 107
1780552800492 0.5844298245614035 108
1780552800494 0.571875 109
1780552800497 0.5142857142857142 110
1780552800499 0.5 111
1780552800502 0.5976491862567812 112
1780552800504 0.5796130952380952 113
1780552800506 0.6793909052982896 114
1780552800509 0.6266937669376693 115
1780552800511 0.5650994575045208 116
1780552800513 0.5625 117
1780552800516 0.6201565184195457 118
1780552800518 0.5790765454824359 119
1780552800521 0.5458781362007168 120
1780552800523 0.5 121
1780552800525 0.5 122
1780552800528 0.5238095238095238 123
1780552800530 0.6181716833890747 124
1780552800532 0.663776493256262 125
1780552800535 0.5285714285714286 126
1780552800547 0.5543478260869565 127
1780552800549 0.5540540540540541 128
1780552800551 0.5666016894087069 129
1780552800554 0.5583651135798375 130
1780552800556 0.628125 131
1780552800559 0.6453252032520325 132
1780552800561 0.537037037037037 133
1780552800563 0.6235431235431235 134
1780552800566 0.521875 135
1780552800568 0.5142857142857142 136
1780552800571 0.527027027027027 137
1780552800573 0.6479390175042349 138
1780552800575 0.5853921406068645 139
1780552800578 0.6656249999999999 140
1780552800580 0.6596439994437491 141
1780552800582 0.5116279069767442 142
1780552800585 0.5454545454545454 143
1780552800587 0.5374730558779639 144
1780552800590 0.7795358649789029 145
1780552800592 0.6136226642555757 146
1780552800594 0.621875 147
1780552800597 0.766425557564798 148
1780552800599 0.6552139843279083 149
1780552800601 0.475169779286927 150
1780552800604 0.575814094162718 151
1780552800606 0.5080029291766921 152
1780552800609 0.618164167835185 153
1780552800611 0.6635878489326765 154
1780552800613 0.705944462042023 155
1780552800616 0.7051050145713998 156
1780552800618 0.6027284001653576 157
1780552800621 0.7416666666666667 158
1780552800623 0.5 159
1780552800625 0.5064102564102564 160
1780552800628 0.6634271099744246 161
1780552800630 0.7444308819041806 162
1780552800633 0.5677789363920751 163
1780552800635 0.5975609756097561 164
1780552800637 0.7038461538461538 165
1780552800640 0.5 166
1780552800642 0.6956168831168831 167
1780552800645 0.7417534722222222 168
1780552800647 0.6041398541398542 169
1780552800649 0.795428392091223 170
1780552800652 0.8027623102958839 171
1780552800654 0.7740662010324932 172
1780552800656 0.5 173
1780552800659 0.6742146062831498 174
1780552800661 0.7661947661947661 175
1780552800664 0.6916564667482661 176
1780552800666 0.8177839563381732 177
1780552800668 0.8116319444444444 178
1780552800671 0.6075949367088608 179
1780552800673 0.824615545559159 180
1780552800675 0.5479396164830681 181
1780552800678 0.8398989898989899 182
1780552800680 0.6895595773616487 183
1780552800683 0.8275401069518716 184
1780552800685 0.8078467717021933 185
1780552800687 0.7670527670527671 186
1780552800690 0.8166666666666667 187
1780552800692 0.5714573268921095 188
1780552800694 0.6238991800789553 189
1780552800697 0.6549193881769326 190
1780552800699 0.5786582515194015 191
1780552800702 0.6988174427198818 192
1780552800704 0.6309462915601023 193
1780552800706 0.573814711069613 194
1780552800709 0.7197323373793962 195
1780552800711 0.7826538022616454 196
1780552800713 0.7581913499344692 197
1780552800716 0.8344660694058285 198
1780552800723 0.8220525159535517 199
1780552800725 0.7596874670045402 200
1780552800728 0.8803056027164686 201
1780552800730 0.6330931324380391 202
1780552800732 0.7485144312393888 203
1780552800735 0.7190898532361947 204
1780552800737 0.7131313131313131 205
1780552800739 0.8432055749128919 206
1780552800742 0.7270833333333333 207
1780552800744 0.6992426600269738 208
1780552800747 0.7858435097241068 209
1780552800749 0.8404074702886248 210
1780552800751 0.7728400388307626 211
1780552800754 0.5836038961038961 212
1780552800756 0.6848484848484848 213
1780552800758 0.7726782439866249 214
1780552800761 0.8082922824302134 215
1780552800763 0.8391897478296817 216
1780552800765 0.8544685990338164 217
1780552800768 0.7324168468746781 218
1780552800770 0.8153409090909092 219
1780552800773 0.6638781638781639 220
1780552800775 0.8060079818789775 221
1780552800777 0.85625 222
1780552800780 0.7144953942706751 223
1780552800782 0.673736140779168 224
1780552800785 0.7964480874316939 225
1780552800787 0.8488918004148924 226
1780552800789 0.8107638888888888 227
1780552800792 0.7521701388888888 228
1780552800794 0.7353896103896104 229
1780552800797 0.6389228886168911 230
1780552800799 0.6955078327627346 231
1780552800801 0.7702702702702703 232
1780552800804 0.7907928388746803 233
1780552800806 0.743566269962364 234
1780552800808 0.6943972835314092 235
1780552800811 0.7213333333333334 236
1780552800813 0.7746626216131395 237
1780552800816 0.6983841030680206 238
1780552800818 0.7225725094577553 239
1780552800820 0.8582342954159592 240
1780552800823 0.6930549813972716 241
1780552800825 0.8584579391720069 242
1780552800827 0.8333333333333334 243
1780552800830 0.6752707763943719 244
1780552800832 0.8379232966136271 245
1780552800835 0.8552955665024631 246
1780552800837 0.7879315806145074 247
1780552800839 0.7213333333333334 248
1780552800842 0.6883680555555556 249
1780552800844 0.7306662547626404 250
1780552800847 0.8494949494949495 251
1780552800849 0.6065656565656565 252
1780552800851 0.8667973068033363 253
1780552800854 0.8359729701193116 254
1780552800856 0.7383144830347312 255
1780552800858 0.7673152535537857 256
1780552800861 0.84688013136289 257
1780552800863 0.6411764705882352 258
1780552800866 0.7505167424555601 259
1780552800868 0.8136626705250103 260
1780552800870 0.8767339218158889 261
1780552800873 0.6483516483516484 262
1780552800875 0.8430798200648604 263
1780552800878 0.7467830882352942 264
1780552800880 0.7126485568760611 265
1780552800882 0.6916666666666667 266
1780552800885 0.8717322754551928 267
1780552800887 0.8435509075610049 268
1780552800890 0.7082797082797083 269
1780552800892 0.8191435255823416 270
1780552800895 0.7485720114239086 271
1780552800898 0.725434149498436 272
1780552800900 0.6699507389162561 273
1780552800902 0.788 274
1780552800905 0.5925925925925926 275
1780552800907 0.7929802437999159 276
1780552800909 0.5871227780074411 277
1780552800912 0.8320231466317284 278
1780552800914 0.8401805166511049 279
1780552800917 0.7595959595959596 280
1780552800919 0.8534599024795103 281
1780552800921 0.8833759590792839 282
1780552800924 0.8473097940311055 283
1780552800926 0.8659570070276974 284
1780552800929 0.7181855500821018 285
1780552800931 0.8797023563455973 286
1780552800933 0.7175060711646077 287
1780552800936 0.5929203539823009 288
1780552800938 0.8357385398981324 289
1780552800940 0.8322653989251756 290
1780552800943 0.7972085385878489 291
1780552800945 0.8554753820033956 292
1780552800947 0.870868968429944 293
1780552800950 0.7808184143222506 294
1780552800952 0.6885076477883423 295
1780552800955 0.5882352941176471 296
1780552800957 0.7977091214796133 297
1780552800959 0.7158567774936062 298
