1780705135301 0.0 0
1780705135333 0.5 1
1780705135357 0.5 2
1780705135388 0.5 3
1780705135415 0.5 4
1780705135464 0.5 5
1780705135493 0.5 6
1780705135525 0.5066093326962892 7
1780705135550 0.5 8
1780705135587 0.5369574877795882 9
1780705135622 0.5286469197608121 10
1780705135653 0.5043760587238848 11
1780705135702 0.5200212615166548 12
1780705135739 0.5116938341601701 13
1780705135766 0.5343822843822844 14
1780705135796 0.5031568722680914 15
1780705135828 0.5522301442546841 16
1780705135863 0.5437632884479092 17
1780705135894 0.5221448674270478 18
1780705135921 0.55 19
1780705135986 0.48757763975155277 20
1780705136024 0.5112554112554112 21
1780705136049 0.5116896037141436 22
1780705136072 0.4961038961038961 23
1780705136095 0.5236559139784946 24
1780705136123 0.5087402049427365 25
1780705136145 0.5319940476190477 26
1780705136169 0.5206449668474985 27
1780705136215 0.5650406504065041 28
1780705136256 0.5 29
1780705136291 0.5143515237420269 30
1780705136319 0.508443193600948 31
1780705136336 0.5194805194805194 32
1780705136353 0.5262206148282098 33
1780705136368 0.49390243902439024 34
1780705136384 0.5111111111111111 35
1780705136419 0.5355691056910569 36
1780705136438 0.5078853046594982 37
1780705136459 0.5091634911994194 38
1780705136480 0.5368516200806563 39
1780705136499 0.5360172437769434 40
1780705136520 0.5517701081321286 41
1780705136547 0.5770996889349727 42
1780705136567 0.5411255411255411 43
1780705136586 0.566582728484669 44
1780705136609 0.5711100493709189 45
1780705136633 0.5116896037141436 46
1780705136651 0.5727872373063353 47
1780705136669 0.5010752688172043 48
1780705136687 0.56875 49
1780705136705 0.5016937669376693 50
1780705136722 0.5082445459157788 51
1780705136766 0.5562770562770563 52
1780705136786 0.59004329004329 53
1780705136802 0.5274904735982581 54
1780705136831 0.5230560578661845 55
1780705136853 0.5565302144249513 56
1780705136869 0.49062500000000003 57
1780705136885 0.5355691056910569 58
1780705136904 0.5061694792233714 59
1780705136920 0.510840108401084 60
1780705136935 0.5200711005776922 61
1780705136951 0.5531914893617021 62
1780705136967 0.5125338753387534 63
1780705136983 0.5367965367965368 64
1780705137001 0.5086669734621875 65
1780705137016 0.5273090183269824 66
1780705137033 0.5163242554546902 67
1780705137068 0.532520325203252 68
1780705137087 0.5147406480322626 69
1780705137103 0.4968152866242038 70
1780705137118 0.5870361522535436 71
1780705137132 0.4845679012345679 72
1780705137150 0.5071271929824561 73
1780705137167 0.5363872644574399 74
1780705137186 0.5049367264636351 75
1780705137204 0.5504079254079254 76
1780705137221 0.49729256250995385 77
1780705137235 0.525 78
1780705137252 0.533772774403792 79
1780705137267 0.5802844023107687 80
1780705137280 0.519429845516802 81
1780705137298 0.4984930681133213 82
1780705137313 0.5221448674270478 83
1780705137350 0.5252031172276571 84
1780705137369 0.5264373307851569 85
1780705137386 0.5240067495014573 86
1780705137403 0.5 87
1780705137429 0.487012987012987 88
1780705137448 0.5021645021645021 89
1780705137463 0.5000613421666054 90
1780705137479 0.515625 91
1780705137493 0.517465165107845 92
1780705137509 0.5301075268817205 93
1780705137527 0.5 94
1780705137541 0.5894522144522144 95
1780705137557 0.5242186342764035 96
1780705137575 0.5283154121863799 97
1780705137591 0.5794048115700181 98
1780705137607 0.5282706018902338 99
1780705137676 0.5221109720483939 100
1780705137704 0.5365853658536586 101
1780705137727 0.5585989692689445 102
1780705137745 0.4911994193431319 103
1780705137761 0.5330572173646265 104
1780705137777 0.4942984285912947 105
1780705137793 0.5260391782130912 106
1780705137809 0.5078431372549019 107
1780705137828 0.5128205128205128 108
1780705137854 0.5257108287961282 109
1780705137880 0.5170969049871604 110
1780705137902 0.5323464912280702 111
1780705137938 0.5204237449895018 112
1780705137960 0.5208920577018736 113
1780705137977 0.5285142941786402 114
1780705137999 0.49698795180722893 115
1780705138101 0.5353559483994267 116
1780705138129 0.5059058137751189 117
1780705138151 0.5172764227642276 118
1780705138172 0.521680216802168 119
1780705138187 0.49074074074074076 120
1780705138200 0.5066093326962892 121
1780705138213 0.509714922758401 122
1780705138229 0.5304844855743059 123
1780705138243 0.5264227642276422 124
1780705138257 0.5244755244755245 125
1780705138271 0.5750101365049332 126
1780705138293 0.5375 127
1780705138312 0.5403116531165312 128
1780705138335 0.5267679091885259 129
1780705138350 0.5540540540540541 130
1780705138365 0.5142276422764227 131
1780705138434 0.49696969696969695 132
1780705138462 0.5051948051948052 133
1780705138488 0.5001814552712757 134
1780705138505 0.5180086218884717 135
1780705138522 0.49050632911392406 136
1780705138541 0.5394665215024497 137
1780705138563 0.5525067750677507 138
1780705138578 0.4968944099378882 139
1780705138592 0.5273090183269824 140
1780705138609 0.5077913279132791 141
1780705138624 0.6004464285714286 142
1780705138639 0.51875 143
1780705138654 0.5412186379928315 144
1780705138671 0.49032258064516127 145
1780705138689 0.5031249999999999 146
1780705138766 0.5225354355789138 147
1780705138793 0.5465116279069767 148
1780705138818 0.49375 149
1780705138838 0.5077913279132791 150
1780705138861 0.4837662337662338 151
1780705138880 0.484472049689441 152
1780705138904 0.5761871013465627 153
1780705138923 0.5049367264636351 154
1780705138947 0.5232293697205977 155
1780705138966 0.551585734965127 156
1780705138986 0.5128968253968254 157
1780705139004 0.5741935483870968 158
1780705139027 0.5411255411255411 159
1780705139043 0.5450708711578277 160
1780705139065 0.584375 161
1780705139085 0.567741935483871 162
1780705139233 0.4867549668874172 163
1780705139257 0.6003221352968247 164
1780705139277 0.5132186653925784 165
1780705139306 0.5602133017330766 166
1780705139323 0.5702367807630966 167
1780705139339 0.5521561771561772 168
1780705139353 0.5264466920908639 169
1780705139368 0.5395113571292232 170
1780705139385 0.5821085102522228 171
1780705139402 0.553921568627451 172
1780705139418 0.5500301386377335 173
1780705139434 0.56 174
1780705139450 0.5139701104613386 175
1780705139472 0.5326485109093805 176
1780705139487 0.5984219269102989 177
1780705139524 0.5147058823529411 178
1780705139541 0.5388596910336041 179
1780705139557 0.5882352941176471 180
1780705139573 0.5056697377746279 181
1780705139591 0.5388596910336041 182
1780705139617 0.5688111424307744 183
1780705139638 0.5349608197709463 184
1780705139659 0.5066093326962892 185
1780705139680 0.540231507622812 186
1780705139700 0.5971774812087743 187
1780705139717 0.5965627214741318 188
1780705139737 0.6205962059620596 189
1780705139755 0.5686274509803921 190
1780705139774 0.5596166341780376 191
1780705139791 0.5487804878048781 192
1780705139827 0.5286469197608121 193
1780705139854 0.5503573749187785 194
1780705139887 0.5349608197709463 195
1780705139914 0.5745109901189756 196
1780705139930 0.5363872644574399 197
1780705139947 0.5326737229636447 198
1780705139963 0.5855428825359206 199
1780705139979 0.56875 200
1780705139995 0.6041666666666667 201
1780705140011 0.5081585081585082 202
1780705140027 0.5455043859649122 203
1780705140044 0.5285142941786402 204
1780705140060 0.5298701298701298 205
1780705140079 0.5052584802251519 206
1780705140098 0.5503573749187785 207
1780705140114 0.5367965367965368 208
1780705140154 0.49683544303797467 209
1780705140183 0.591527109932018 210
1780705140208 0.58125 211
1780705140238 0.5452523393158459 212
1780705140264 0.5611814345991561 213
1780705140298 0.5828460038986355 214
1780705140322 0.5457368718238284 215
1780705140346 0.5645007166746296 216
1780705140375 0.5390365448504983 217
1780705140394 0.5924767069948547 218
1780705140419 0.5371042548900988 219
1780705140437 0.5884596252694412 220
1780705140454 0.5547857939162286 221
1780705140469 0.5416666666666666 222
1780705140487 0.5356491460785939 223
1780705140518 0.5279605263157895 224
1780705140533 0.5352941176470588 225
1780705140550 0.5239977413890458 226
1780705140578 0.4986449864498645 227
1780705140595 0.5119988706945229 228
1780705140610 0.5031249999999999 229
1780705140625 0.5705627705627706 230
1780705140640 0.5819270549809472 231
1780705140656 0.5635152696556205 232
1780705140670 0.5613951266125179 233
1780705140684 0.5856630824372759 234
1780705140699 0.5875 235
1780705140713 0.49776785714285715 236
1780705140728 0.6201565184195457 237
1780705140743 0.5330572173646265 238
1780705140775 0.5649766899766899 239
1780705140796 0.5881270133456051 240
1780705140813 0.5625552608311228 241
1780705140829 0.5906250000000001 242
1780705140856 0.5884596252694412 243
1780705140871 0.5070074852683548 244
1780705140886 0.5323529411764706 245
1780705140899 0.5027611596870686 246
1780705140919 0.530214424951267 247
1780705140932 0.519621682665161 248
1780705140953 0.5204301075268818 249
1780705140966 0.559375 250
1780705140980 0.56 251
1780705140994 0.5653679653679654 252
1780705141009 0.5611814345991561 253
1780705141039 0.546875 254
1780705141061 0.634375 255
1780705141076 0.5881555153707052 256
1780705141091 0.599090318388564 257
1780705141104 0.5570285883572804 258
1780705141117 0.59375 259
1780705141131 0.5838815789473684 260
1780705141149 0.5826839826839827 261
1780705141164 0.578125 262
1780705141179 0.5707118967988534 263
1780705141193 0.4986449864498645 264
1780705141208 0.5302960576775579 265
1780705141223 0.5581835383159887 266
1780705141239 0.5454545454545454 267
1780705141259 0.5849909584086799 268
1780705141274 0.5494579945799458 269
1780705141301 0.5551971326164875 270
1780705141316 0.6158830620855937 271
1780705141332 0.5686630369026013 272
1780705141347 0.5654717819582284 273
1780705141368 0.5148601398601399 274
1780705141385 0.55 275
1780705141406 0.546875 276
1780705141421 0.4988890534735595 277
1780705141446 0.615405552531301 278
1780705141465 0.5582895365504061 279
1780705141483 0.6000846979107849 280
1780705141501 0.5433723196881092 281
1780705141518 0.5228684359119142 282
1780705141534 0.5420062695924764 283
1780705141550 0.5565302144249513 284
1780705141582 0.525089605734767 285
1780705141612 0.49318996415770605 286
1780705141625 0.5423634336677815 287
1780705141641 0.5299410734193343 288
1780705141657 0.49729256250995385 289
1780705141673 0.556989247311828 290
1780705141688 0.5457368718238284 291
1780705141705 0.6121794871794872 292
1780705141718 0.5727745289148798 293
1780705141734 0.5758928571428572 294
1780705141747 0.56875 295
1780705141762 0.5875331564986738 296
1780705141774 0.5125 297
1780705141788 0.5417841154037473 298
