1780544137890 0.0 0
1780544137892 0.03224699828473414 1
1780544137893 0.11590174339153572 2
1780544137895 0.1277081348555345 3
1780544137896 0.13871589767419484 4
1780544137898 0.2219244158450449 5
1780544137900 0.17429755799638974 6
1780544137901 0.18647989676404944 7
1780544137903 0.205642440433862 8
1780544137904 0.17165889665889666 9
1780544137906 0.18525042493411936 10
1780544137907 0.23246922561276398 11
1780544137909 0.2274951581776234 12
1780544137910 0.2597231700117055 13
1780544137912 0.12818035131467967 14
1780544137913 0.19085479809996797 15
1780544137915 0.1676034919926851 16
1780544137916 0.21278354705787703 17
1780544137918 0.22118721450141016 18
1780544137919 0.20041718995290422 19
1780544137921 0.27250668493618696 20
1780544137922 0.23327198465559165 21
1780544137924 0.3039868577068823 22
1780544137926 0.24349033254782385 23
1780544137927 0.28477766798418974 24
1780544137929 0.2571134313433503 25
1780544137930 0.29559088192702127 26
1780544137932 0.26269114897237567 27
1780544137933 0.24568843565560497 28
1780544137935 0.25998701560592224 29
1780544137936 0.3487849187264869 30
1780544137938 0.13338255140112726 31
1780544137939 0.28784546713118175 32
1780544137941 0.24020024420024416 33
1780544137942 0.28146281072815593 34
1780544137944 0.23710656840445946 35
1780544137945 0.26630919963887106 36
1780544137947 0.36716067731440405 37
1780544137949 0.279526583333035 38
1780544137950 0.26307768610999616 39
1780544137952 0.13763112704289177 40
1780544137953 0.2480736121398608 41
1780544137955 0.19633985326834094 42
1780544137956 0.3378222160287378 43
1780544137958 0.34898720833156754 44
1780544137959 0.3021937010145213 45
1780544137961 0.3091211949089242 46
1780544137963 0.26416014177433444 47
1780544137964 0.09191870495096302 48
1780544137966 0.2962909060275192 49
1780544137967 0.38376786245048444 50
1780544137969 0.3521030412864029 51
1780544137970 0.14465832873037168 52
1780544137972 0.2452667660656717 53
1780544137973 0.3349416938611754 54
1780544137975 0.28987797509856333 55
1780544137977 0.31457017358631967 56
1780544137978 0.3647445452528712 57
1780544137980 0.3318054758839611 58
1780544137981 0.30480940007488133 59
1780544137983 0.23166122817397108 60
1780544137984 0.3257463443541149 61
1780544137986 0.3698537326286869 62
1780544137987 0.3245358245293683 63
1780544137989 0.3022664068880643 64
1780544137990 0.3852238463986584 65
1780544137992 0.2780689268714479 66
1780544137993 0.3246758279425495 67
1780544137995 0.3262637903939756 68
1780544137996 0.31875421564881784 69
1780544137998 0.2563872392475008 70
1780544137999 0.3326068145893098 71
1780544138001 0.2944112983473063 72
1780544138003 0.35033392178835054 73
1780544138004 0.3486890680057742 74
1780544138006 0.3435950189213822 75
1780544138007 0.28092882482742065 76
1780544138009 0.17610155293681176 77
1780544138010 0.15485065993175676 78
1780544138012 0.28304384623235196 79
1780544138013 0.22899635189957773 80
1780544138015 0.26832525278005914 81
1780544138016 0.29353401272587515 82
1780544138018 0.317985991500595 83
1780544138019 0.3574070548967567 84
1780544138021 0.34919761787371906 85
1780544138022 0.3284248872227792 86
1780544138024 0.3117038488631054 87
1780544138026 0.3024930559636442 88
1780544138027 0.3358445802003908 89
1780544138029 0.34396201933072124 90
1780544138030 0.348589170247677 91
1780544138032 0.34230607790597023 92
1780544138033 0.3883725243807722 93
1780544138035 0.3189305084707022 94
1780544138036 0.3355891741553101 95
1780544138038 0.22804733548431028 96
1780544138040 0.2686193554782308 97
1780544138041 0.38022066391658205 98
1780544138043 0.34783154986158327 99
1780544138044 0.2966026133443949 100
1780544138046 0.1688896332467924 101
1780544138047 0.25440579146689013 102
1780544138049 0.25234863188119977 103
1780544138050 0.3366424325671641 104
1780544138052 0.3735711058897097 105
1780544138053 0.41310941672692414 106
1780544138055 0.19572760844021841 107
1780544138066 0.3544376596194202 108
1780544138068 0.3827693728365848 109
1780544138069 0.3579492945874615 110
1780544138071 0.3438472691398707 111
1780544138073 0.2548757942574641 112
1780544138074 0.3027049459630596 113
1780544138076 0.3298343598587501 114
1780544138077 0.29742144289704264 115
1780544138079 0.331065387362128 116
1780544138080 0.32490791777813455 117
1780544138082 0.2832426768789841 118
1780544138083 0.3442811810997996 119
1780544138085 0.23211543351131453 120
1780544138087 0.3883391001340222 121
1780544138088 0.36567338726374343 122
1780544138090 0.35958002994900384 123
1780544138091 0.2983708700657554 124
1780544138093 0.32506811664031543 125
1780544138094 0.4046950993425396 126
1780544138096 0.37085525692761206 127
1780544138097 0.3093807184231713 128
1780544138099 0.4067392503942523 129
1780544138100 0.35808599960818394 130
1780544138102 0.3445341614906833 131
1780544138104 0.35644205582638333 132
1780544138105 0.31426930977083606 133
1780544138107 0.31248526077097505 134
1780544138108 0.3542615731153086 135
1780544138110 0.33092316874837635 136
1780544138111 0.3360725652834979 137
1780544138113 0.3196623643015982 138
1780544138114 0.4224332602262259 139
1780544138116 0.3557766528879859 140
1780544138118 0.31269465775539373 141
1780544138119 0.3543022335180669 142
1780544138121 0.37658017358017354 143
1780544138122 0.35973920283152766 144
1780544138124 0.296741808786377 145
1780544138125 0.34859071231519245 146
1780544138127 0.3083012720518995 147
1780544138128 0.37517962950994355 148
1780544138130 0.3580604198668714 149
1780544138132 0.18824180065286783 150
1780544138133 0.19228624287274315 151
1780544138135 0.20702499358582327 152
1780544138136 0.18890376222438962 153
1780544138138 0.20310344714796164 154
1780544138140 0.2575768206090019 155
1780544138141 0.29772095296551415 156
1780544138143 0.2548774199391907 157
1780544138144 0.16272126948486612 158
1780544138146 0.21803699160520748 159
1780544138147 0.22515502667344175 160
1780544138149 0.33181809232387155 161
1780544138150 0.2956615261482658 162
1780544138152 0.24950909246107136 163
1780544138154 0.27482555221016886 164
1780544138155 0.30944120140284576 165
1780544138157 0.32303714911619974 166
1780544138158 0.37981964026016596 167
1780544138160 0.36712286876017775 168
1780544138161 0.3381438865894007 169
1780544138163 0.14336282677661988 170
1780544138164 0.28062751186787527 171
1780544138166 0.3523259786190821 172
1780544138168 0.28715532465423566 173
1780544138169 0.3560388424654574 174
1780544138171 0.33314270853668526 175
1780544138172 0.2666883484236943 176
1780544138174 0.20232940718792478 177
1780544138175 0.3313202964578031 178
1780544138177 0.23587363729736427 179
1780544138178 0.21189982403217694 180
1780544138180 0.17460027796362074 181
1780544138182 0.3049903524658083 182
1780544138183 0.2400434703770844 183
1780544138185 0.28742844863338224 184
1780544138186 0.30816097333795367 185
1780544138188 0.2679467437176849 186
1780544138189 0.2623301795267946 187
1780544138191 0.2655050097328958 188
1780544138192 0.21606097830172533 189
1780544138194 0.31901739926739925 190
1780544138196 0.22796373088825916 191
1780544138197 0.3097573433063144 192
1780544138199 0.283738716881092 193
1780544138200 0.28111745780608716 194
1780544138202 0.30702745566800865 195
1780544138203 0.2831369629737751 196
1780544138205 0.3063721796326425 197
1780544138206 0.331111869831734 198
1780544138208 0.3102890683629262 199
1780544138210 0.3283694333523283 200
1780544138211 0.2158828371912354 201
1780544138213 0.33297972802070824 202
1780544138214 0.24213664131621315 203
1780544138216 0.27949374065107546 204
1780544138217 0.30694981818108347 205
1780544138219 0.3303884172447512 206
1780544138220 0.349644347773102 207
1780544138222 0.2848037936004223 208
1780544138223 0.28363314958252317 209
1780544138225 0.2885531950959721 210
1780544138227 0.37982244716842123 211
1780544138228 0.3576834796583922 212
1780544138230 0.31614685693954814 213
1780544138231 0.3030091173194621 214
1780544138233 0.21039819460947812 215
1780544138234 0.24510100591960926 216
1780544138236 0.2568281670620963 217
1780544138242 0.2838424214894803 218
1780544138244 0.239781631890741 219
1780544138245 0.25975246100470945 220
1780544138247 0.32779733050108495 221
1780544138248 0.30044417227395953 222
1780544138250 0.25344660493896504 223
1780544138251 0.21566632292438742 224
1780544138253 0.2445831402859267 225
1780544138255 0.424364630271956 226
1780544138256 0.2843703170825501 227
1780544138258 0.20875383779735562 228
1780544138259 0.3356523376729714 229
1780544138261 0.27032459348774485 230
1780544138262 0.29566935534169775 231
1780544138264 0.25678983635732566 232
1780544138265 0.32560400526074135 233
1780544138267 0.31798851516338783 234
1780544138268 0.3206092075201637 235
1780544138270 0.2913281085800623 236
1780544138271 0.20131042152460368 237
1780544138273 0.24060465588258353 238
1780544138275 0.352704362686314 239
1780544138276 0.42591030370129684 240
1780544138278 0.36325608345960897 241
1780544138279 0.27640580636017964 242
1780544138281 0.36845504380225846 243
1780544138282 0.3609289721718622 244
1780544138284 0.3209235212553686 245
1780544138286 0.36062137959201623 246
1780544138287 0.35185625232590534 247
1780544138289 0.31804533490018655 248
1780544138290 0.35651062380737397 249
1780544138292 0.40751985474098545 250
1780544138293 0.3009594267781698 251
1780544138295 0.2754622581719356 252
1780544138296 0.31817953507859004 253
1780544138298 0.40085381088701766 254
1780544138299 0.27798197060276425 255
1780544138301 0.27719735303456233 256
1780544138302 0.27881787050846596 257
1780544138304 0.31431181077846665 258
1780544138305 0.3142645704167121 259
1780544138307 0.29440412689791223 260
1780544138309 0.32966692780543666 261
1780544138310 0.3904238336453293 262
1780544138312 0.17498715372085366 263
1780544138313 0.316884193104139 264
1780544138315 0.3307730553279017 265
1780544138316 0.4132876356976688 266
1780544138318 0.3008917412551552 267
1780544138319 0.30838311931269047 268
1780544138321 0.32694400028457493 269
1780544138322 0.36736073958562454 270
1780544138324 0.3421555796454425 271
1780544138326 0.3017850899859511 272
1780544138327 0.3361618542148152 273
1780544138329 0.34907927660946053 274
1780544138330 0.3003378609575898 275
1780544138332 0.3392455744204699 276
1780544138333 0.15523404126893792 277
1780544138335 0.3021022235212206 278
1780544138336 0.39219814256557545 279
1780544138338 0.2990288411626062 280
1780544138339 0.3221509306058847 281
1780544138341 0.3517701983047388 282
1780544138343 0.3412769348618405 283
1780544138344 0.3444262949093107 284
1780544138346 0.2680526984810294 285
1780544138347 0.33378150278039337 286
1780544138349 0.3413318288061572 287
1780544138350 0.2923166680520733 288
1780544138352 0.29789605088112553 289
1780544138353 0.34057335717565124 290
1780544138355 0.3399380400906024 291
1780544138357 0.3104106323672887 292
1780544138358 0.32153723504548093 293
1780544138360 0.36100353800854024 294
1780544138361 0.28770212630032527 295
1780544138363 0.3844495314847196 296
1780544138364 0.3463136583440905 297
1780544138366 0.47450862098546703 298
