1780124788244 0.0 0
1780124788247 0.12 1
1780124788249 0.21 2
1780124788251 0.38 3
1780124788253 0.49 4
1780124788255 0.565 5
1780124788257 0.325 6
1780124788259 0.295 7
1780124788261 0.565 8
1780124788263 0.605 9
1780124788264 0.52 10
1780124788266 0.44 11
1780124788268 0.595 12
1780124788270 0.415 13
1780124788272 0.615 14
1780124788274 0.725 15
1780124788276 0.65 16
1780124788278 0.63 17
1780124788279 0.59 18
1780124788283 0.565 19
1780124788285 0.525 20
1780124788287 0.505 21
1780124788288 0.58 22
1780124788290 0.805 23
1780124788292 0.69 24
1780124788294 0.63 25
1780124788296 0.82 26
1780124788298 0.475 27
1780124788300 0.755 28
1780124788302 0.65 29
1780124788304 0.56 30
1780124788305 0.69 31
1780124788307 0.74 32
1780124788309 0.755 33
1780124788311 0.775 34
1780124788313 0.7 35
1780124788315 0.82 36
1780124788317 0.765 37
1780124788319 0.675 38
1780124788321 0.71 39
1780124788323 0.785 40
1780124788324 0.8 41
1780124788326 0.8 42
1780124788328 0.59 43
1780124788330 0.665 44
1780124788332 0.895 45
1780124788334 0.84 46
1780124788336 0.88 47
1780124788337 0.82 48
1780124788339 0.8 49
1780124788341 0.85 50
1780124788343 0.735 51
1780124788345 0.79 52
1780124788347 0.56 53
1780124788349 0.81 54
1780124788351 0.78 55
1780124788352 0.835 56
1780124788354 0.76 57
1780124788356 0.9 58
1780124788358 0.87 59
1780124788360 0.89 60
1780124788362 0.835 61
1780124788364 0.71 62
1780124788366 0.745 63
1780124788367 0.755 64
1780124788369 0.83 65
1780124788371 0.82 66
1780124788373 0.89 67
1780124788375 0.67 68
1780124788377 0.84 69
1780124788379 0.845 70
1780124788380 0.845 71
1780124788382 0.89 72
1780124788384 0.915 73
1780124788386 0.535 74
1780124788388 0.83 75
1780124788390 0.68 76
1780124788392 0.9 77
1780124788394 0.805 78
1780124788395 0.78 79
1780124788397 0.925 80
1780124788399 0.855 81
1780124788401 0.7 82
1780124788403 0.75 83
1780124788405 0.855 84
1780124788407 0.62 85
1780124788409 0.87 86
1780124788411 0.86 87
1780124788413 0.84 88
1780124788414 0.545 89
1780124788416 0.885 90
1780124788418 0.905 91
1780124788420 0.815 92
1780124788422 0.955 93
1780124788424 0.92 94
1780124788426 0.89 95
1780124788427 0.865 96
1780124788429 0.82 97
1780124788431 0.86 98
1780124788433 0.91 99
1780124788435 0.935 100
1780124788437 0.89 101
1780124788438 0.88 102
1780124788440 0.895 103
1780124788442 0.91 104
1780124788444 0.935 105
1780124788446 0.895 106
1780124788448 0.825 107
1780124788449 0.85 108
1780124788451 0.925 109
1780124788453 0.875 110
1780124788455 0.75 111
1780124788457 0.865 112
1780124788459 0.93 113
1780124788461 0.925 114
1780124788463 0.825 115
1780124788464 0.82 116
1780124788466 0.87 117
1780124788468 0.83 118
1780124788470 0.885 119
1780124788472 0.88 120
1780124788474 0.935 121
1780124788476 0.935 122
1780124788477 0.835 123
1780124788479 0.795 124
1780124788481 0.91 125
1780124788483 0.85 126
1780124788485 0.915 127
1780124788487 0.91 128
1780124788489 0.935 129
1780124788490 0.91 130
1780124788492 0.93 131
1780124788494 0.905 132
1780124788496 0.835 133
1780124788498 0.875 134
1780124788500 0.93 135
1780124788502 0.915 136
1780124788504 0.87 137
1780124788505 0.71 138
1780124788507 0.845 139
1780124788509 0.89 140
1780124788511 0.92 141
1780124788513 0.915 142
1780124788515 0.87 143
1780124788517 0.865 144
1780124788518 0.905 145
1780124788520 0.885 146
1780124788522 0.935 147
1780124788524 0.94 148
1780124788526 0.885 149
1780124788528 0.94 150
1780124788529 0.93 151
1780124788531 0.88 152
1780124788533 0.855 153
1780124788535 0.925 154
1780124788537 0.94 155
1780124788539 0.88 156
1780124788545 0.945 157
1780124788547 0.965 158
1780124788549 0.93 159
1780124788551 0.895 160
1780124788553 0.97 161
1780124788554 0.93 162
1780124788556 0.935 163
1780124788558 0.935 164
1780124788560 0.965 165
1780124788562 0.955 166
1780124788564 0.935 167
1780124788565 0.97 168
1780124788567 0.95 169
1780124788569 0.9 170
1780124788571 0.915 171
1780124788573 0.95 172
1780124788575 0.9 173
1780124788577 0.965 174
1780124788578 0.945 175
1780124788580 0.915 176
1780124788582 0.96 177
1780124788584 0.855 178
1780124788586 0.97 179
1780124788588 0.97 180
1780124788590 0.96 181
1780124788591 0.955 182
1780124788593 0.925 183
1780124788595 0.955 184
1780124788597 0.98 185
1780124788599 0.96 186
1780124788601 0.95 187
1780124788603 0.92 188
1780124788605 0.9 189
1780124788607 0.965 190
1780124788609 0.925 191
1780124788610 0.95 192
1780124788612 0.935 193
1780124788614 0.955 194
1780124788616 0.935 195
1780124788618 0.87 196
1780124788620 0.975 197
1780124788621 0.96 198
1780124788623 0.95 199
1780124788625 0.955 200
1780124788627 0.98 201
1780124788631 0.935 202
1780124788633 0.975 203
1780124788635 0.945 204
1780124788637 0.96 205
1780124788639 0.935 206
1780124788641 0.965 207
1780124788643 0.98 208
1780124788644 0.96 209
1780124788646 0.955 210
1780124788648 0.9 211
1780124788650 0.935 212
1780124788652 0.97 213
1780124788654 0.945 214
1780124788655 0.955 215
1780124788657 0.955 216
1780124788659 0.85 217
1780124788661 0.965 218
1780124788663 0.985 219
1780124788665 0.965 220
1780124788666 0.91 221
1780124788668 0.985 222
1780124788670 0.97 223
1780124788672 0.985 224
1780124788674 0.935 225
1780124788676 0.885 226
1780124788677 0.95 227
1780124788679 0.935 228
1780124788681 0.98 229
1780124788683 0.96 230
1780124788685 0.95 231
1780124788687 0.955 232
1780124788689 0.935 233
1780124788690 0.88 234
1780124788692 0.955 235
1780124788694 0.955 236
1780124788696 0.875 237
1780124788698 0.92 238
1780124788700 0.965 239
1780124788702 0.93 240
1780124788703 0.965 241
1780124788705 0.93 242
1780124788707 0.965 243
1780124788709 0.96 244
1780124788711 0.99 245
1780124788713 0.975 246
1780124788715 0.97 247
1780124788716 0.95 248
1780124788718 0.98 249
1780124788720 0.97 250
1780124788727 0.96 251
1780124788729 0.965 252
1780124788731 0.955 253
1780124788732 0.96 254
1780124788734 0.96 255
1780124788736 0.955 256
1780124788738 0.95 257
1780124788740 0.97 258
1780124788742 0.96 259
1780124788744 0.97 260
1780124788746 0.965 261
1780124788748 0.81 262
1780124788749 0.88 263
1780124788751 0.97 264
1780124788753 0.955 265
1780124788755 0.955 266
1780124788757 0.955 267
1780124788759 0.935 268
1780124788761 0.9 269
1780124788763 0.965 270
1780124788764 0.98 271
1780124788766 0.975 272
1780124788768 0.96 273
1780124788770 0.925 274
1780124788772 0.97 275
1780124788774 0.95 276
1780124788776 0.955 277
1780124788778 0.96 278
1780124788779 0.945 279
1780124788781 0.915 280
1780124788783 0.955 281
1780124788785 0.885 282
1780124788787 0.96 283
1780124788789 0.92 284
1780124788791 0.97 285
1780124788793 0.98 286
1780124788795 0.98 287
1780124788797 0.965 288
1780124788798 0.99 289
1780124788800 0.955 290
1780124788802 0.96 291
1780124788804 0.97 292
1780124788806 0.955 293
1780124788808 0.88 294
1780124788810 0.915 295
1780124788811 0.955 296
1780124788813 0.975 297
1780124788815 0.99 298
1780124788817 0.96 299
1780124788819 0.96 300
1780124788821 0.985 301
1780124788823 0.97 302
1780124788824 0.975 303
1780124788826 0.96 304
1780124788828 0.985 305
1780124788830 0.955 306
1780124788832 0.975 307
1780124788834 0.97 308
1780124788836 0.97 309
1780124788838 0.96 310
1780124788840 0.96 311
1780124788842 0.92 312
1780124788843 0.98 313
