1780269690208 0.0 0
1780269690210 0.5372907153729072 1
1780269690212 0.5 2
1780269690213 0.5 3
1780269690215 0.5 4
1780269690217 0.5 5
1780269690218 0.5 6
1780269690220 0.5661764705882353 7
1780269690222 0.6403508771929824 8
1780269690223 0.6321271929824561 9
1780269690225 0.6551724137931034 10
1780269690227 0.6240952756941702 11
1780269690241 0.6865671641791045 12
1780269690243 0.7685185185185186 13
1780269690245 0.6833333333333333 14
1780269690246 0.7205882352941176 15
1780269690248 0.8233859581568477 16
1780269690249 0.718560074801309 17
1780269690251 0.8206746078546998 18
1780269690253 0.7538444142921754 19
1780269690254 0.7708909066982498 20
1780269690256 0.6912336085478388 21
1780269690258 0.7611379194254293 22
1780269690259 0.7625419997682772 23
1780269690261 0.7648412074963529 24
1780269690263 0.7930315298736351 25
1780269690264 0.7570020435148455 26
1780269690266 0.7698738000215726 27
1780269690267 0.8380952380952381 28
1780269690269 0.8204365079365079 29
1780269690271 0.7973333333333333 30
1780269690272 0.85423197492163 31
1780269690274 0.8056426332288401 32
1780269690276 0.7194741532976827 33
1780269690277 0.8717506202135692 34
1780269690279 0.8537684817886765 35
1780269690280 0.8387464387464387 36
1780269690282 0.7752976190476191 37
1780269690284 0.8192959001782532 38
1780269690285 0.838877338877339 39
1780269690287 0.8517553006604102 40
1780269690289 0.8624131944444444 41
1780269690290 0.8807172557172558 42
1780269690292 0.8428571428571429 43
1780269690293 0.8682627668357117 44
1780269690295 0.8405865657521288 45
1780269690297 0.7625058438522674 46
1780269690298 0.7758602092546651 47
1780269690300 0.8902080506558119 48
1780269690301 0.7628968253968254 49
1780269690303 0.8373040752351097 50
1780269690305 0.8291646430305974 51
1780269690306 0.8717830882352942 52
1780269690308 0.8581196581196582 53
1780269690310 0.8071725571725572 54
1780269690311 0.8254693049213597 55
1780269690313 0.892156862745098 56
1780269690315 0.8177064551027768 57
1780269690316 0.8506340478060823 58
1780269690318 0.8156695156695157 59
1780269690320 0.817023903041185 60
1780269690322 0.7928774928774929 61
1780269690323 0.786096256684492 62
1780269690325 0.8685539127298955 63
1780269690327 0.8981230212573497 64
1780269690329 0.8501476062122963 65
1780269690330 0.8880254088390322 66
1780269690332 0.7912526070420807 67
1780269690334 0.8774193548387097 68
1780269690335 0.8354511615967142 69
1780269690337 0.8075396825396826 70
1780269690339 0.8445415494000889 71
1780269690341 0.8580406239479295 72
1780269690343 0.8653576437587658 73
1780269690344 0.8692627090113343 74
1780269690346 0.8180147058823529 75
1780269690348 0.9211269413425748 76
1780269690349 0.8476190476190476 77
1780269690351 0.8898128898128899 78
1780269690353 0.830876282580493 79
1780269690355 0.8544159544159544 80
1780269690356 0.8249080882352942 81
1780269690358 0.8644301470588236 82
1780269690360 0.8230593607305936 83
1780269690362 0.8656155313657278 84
1780269690363 0.8968097120271034 85
1780269690365 0.844885123860865 86
1780269690367 0.8561580882352942 87
1780269690369 0.8516047601875225 88
1780269690370 0.851118062796895 89
1780269690372 0.8278792491121258 90
1780269690374 0.8600981767180926 91
1780269690375 0.8394097222222222 92
1780269690377 0.8597104649736229 93
1780269690379 0.8642857142857143 94
1780269690381 0.8677069199457259 95
1780269690382 0.8993881240439439 96
1780269690384 0.80890603085554 97
1780269690386 0.8630952380952381 98
1780269690388 0.8260188087774294 99
1780269690389 0.7780772686433064 100
1780269690391 0.8820897486511383 101
1780269690393 0.8977193714365179 102
1780269690395 0.8262766835711759 103
1780269690396 0.8601262748907237 104
1780269690398 0.9129417879417879 105
1780269690400 0.8544350386455649 106
1780269690402 0.8491596123175071 107
1780269690404 0.902641820969454 108
1780269690405 0.9202380952380953 109
1780269690407 0.8219854469854471 110
1780269690409 0.8669910786699109 111
1780269690411 0.8918504540629791 112
1780269690412 0.9266666666666666 113
1780269690414 0.8207271911121086 114
1780269690416 0.8632069684701263 115
1780269690418 0.8234162759947109 116
1780269690419 0.8976190476190475 117
1780269690421 0.8610685222313952 118
1780269690423 0.8656155313657278 119
1780269690425 0.8892190152801358 120
1780269690426 0.8743589743589744 121
1780269690428 0.8821428571428571 122
1780269690430 0.9142857142857143 123
1780269690432 0.798306956201693 124
1780269690433 0.8472222222222222 125
1780269690435 0.8390730038919685 126
1780269690437 0.8414522058823529 127
1780269690439 0.9359513791491352 128
1780269690440 0.8367227676484339 129
1780269690442 0.8894236940059043 130
1780269690444 0.8648648648648649 131
1780269690446 0.9082621082621083 132
1780269690447 0.8639705882352942 133
1780269690449 0.8703254006799417 134
1780269690451 0.9020521287887722 135
1780269690453 0.8805147058823529 136
1780269690455 0.8724137931034484 137
1780269690456 0.8835758835758836 138
1780269690458 0.8631868131868132 139
1780269690460 0.8409422049538611 140
1780269690462 0.8201754385964912 141
1780269690464 0.8996865203761755 142
1780269690465 0.8672014260249554 143
1780269690467 0.8840956340956341 144
1780269690469 0.9233333333333333 145
1780269690470 0.8774928774928774 146
1780269690477 0.8871003429582918 147
1780269690484 0.871785881252922 148
1780269690486 0.9088455404244877 149
1780269690488 0.9129417879417879 150
1780269690491 0.8593406593406594 151
1780269690493 0.8253676470588236 152
1780269690496 0.9169499757163672 153
1780269690498 0.8698549357235523 154
1780269690500 0.8623931623931624 155
1780269690502 0.9160324708269914 156
1780269690505 0.8987460815047021 157
1780269690507 0.9094301221166893 158
1780269690509 0.904862085086489 159
1780269690511 0.9184491978609626 160
1780269690514 0.8431713612389182 161
1780269690516 0.839781746031746 162
1780269690518 0.8392551651533096 163
1780269690520 0.8498224251648909 164
1780269690522 0.8820395738203957 165
1780269690523 0.9146825396825397 166
1780269690525 0.9233618233618234 167
1780269690527 0.8584045584045583 168
1780269690529 0.8738095238095238 169
1780269690530 0.8976190476190475 170
1780269690532 0.9075311942959001 171
1780269690534 0.9203296703296704 172
1780269690536 0.918445571411723 173
1780269690537 0.9154411764705883 174
1780269690539 0.24501278772378518 175
1780269690541 0.3127250900360144 176
1780269690543 0.3643864386438644 177
1780269690544 0.32724452006806126 178
1780269690546 0.4005636070853462 179
1780269690548 0.3669871794871795 180
1780269690550 0.3802130439151844 181
1780269690551 0.34703881552621046 182
1780269690553 0.2313131313131313 183
1780269690555 0.2411858974358974 184
1780269690557 0.40863993385696573 185
1780269690558 0.2646940418679549 186
1780269690560 0.44169008430349255 187
1780269690562 0.3833333333333333 188
1780269690564 0.3239194250430205 189
1780269690565 0.3345352564102564 190
1780269690567 0.35486938244419974 191
1780269690569 0.40917302288237656 192
1780269690571 0.4827724358974359 193
1780269690572 0.4905736465369493 194
1780269690574 0.43358395989974935 195
1780269690576 0.434312525499796 196
1780269690577 0.47777777777777775 197
1780269690579 0.485 198
1780269690581 0.42781954887218043 199
1780269690583 0.4155844155844156 200
1780269690584 0.5094605475040258 201
1780269690586 0.4527743778049776 202
1780269690588 0.38207215355240676 203
1780269690590 0.46631493506493504 204
1780269690591 0.5130073894118838 205
1780269690593 0.4710550887021475 206
1780269690595 0.5401281660054928 207
1780269690597 0.5079285427539141 208
1780269690598 0.5679218544387084 209
1780269690600 0.5632272680465451 210
1780269690602 0.539831966798259 211
1780269690605 0.5336538461538461 212
1780269690608 0.6195180965823168 213
1780269690610 0.6686868686868688 214
1780269690612 0.6188618861886188 215
1780269690614 0.5900000000000001 216
1780269690617 0.6015037593984962 217
1780269690619 0.6205357142857143 218
1780269690621 0.595 219
1780269690624 0.604010401040104 220
1780269690626 0.6133079084704938 221
1780269690629 0.719693094629156 222
1780269690631 0.6572235104345197 223
1780269690634 0.6327780008028904 224
1780269690636 0.6187618761876188 225
1780269690638 0.6818181818181819 226
1780269690640 0.6265664160401002 227
1780269690642 0.7149014778325123 228
1780269690645 0.6571428571428571 229
1780269690647 0.6533613445378151 230
1780269690649 0.6692985119951411 231
1780269690651 0.7339605645080572 232
1780269690660 0.6813681368136815 233
1780269690664 0.6643164316431642 234
1780269690666 0.7267540786708038 235
1780269690668 0.6290064102564102 236
1780269690670 0.6207729468599035 237
1780269690673 0.708198051948052 238
1780269690675 0.7013463892288863 239
1780269690677 0.6775198472515325 240
1780269690679 0.7277951406391774 241
1780269690681 0.7106395756180562 242
1780269690683 0.7363945578231292 243
1780269690685 0.6904186795491143 244
1780269690687 0.6230387691061848 245
1780269690689 0.6823564833400241 246
1780269690690 0.7059823929571829 247
1780269690692 0.6827144429986989 248
1780269690694 0.7346234623462347 249
1780269690696 0.7290660225442833 250
1780269690697 0.6870734644720995 251
1780269690699 0.7095238095238094 252
1780269690701 0.7124912421179062 253
1780269690703 0.7127403846153846 254
1780269690704 0.6960764688219397 255
1780269690706 0.6351540616246498 256
1780269690708 0.6619647859143658 257
1780269690710 0.7097423510466989 258
1780269690712 0.6752525252525252 259
1780269690713 0.6630467420678611 260
1780269690715 0.7 261
1780269690717 0.6974789915966386 262
1780269690718 0.6906199677938809 263
1780269690720 0.766026602660266 264
1780269690722 0.6753220611916264 265
1780269690724 0.6592659265926593 266
1780269690726 0.7106842737094838 267
1780269690728 0.6901690169016902 268
1780269690729 0.7175324675324675 269
1780269690731 0.664916491649165 270
1780269690733 0.7106583701324769 271
1780269690734 0.6563907516765088 272
1780269690736 0.7117847138855542 273
1780269690738 0.665 274
1780269690740 0.7121848739495797 275
1780269690742 0.735 276
1780269690744 0.7291916766706683 277
1780269690746 0.7845044863393487 278
1780269690747 0.71 279
1780269690749 0.7429549114331723 280
1780269690751 0.6954887218045113 281
1780269690752 0.7154939445500951 282
1780269690754 0.6718419195483416 283
1780269690756 0.73 284
1780269690757 0.7191472325092583 285
1780269690759 0.7137855142056823 286
1780269690761 0.765625 287
1780269690762 0.736842105263158 288
1780269690764 0.726390556222489 289
1780269690766 0.7205513784461153 290
1780269690768 0.7186868686868687 291
1780269690769 0.7768429487179487 292
1780269690771 0.735176282051282 293
1780269690773 0.7635670888682937 294
1780269690774 0.7288714702039996 295
1780269690776 0.711984793917567 296
1780269690778 0.7638055222088835 297
1780269690779 0.7481884057971014 298
1780269690781 0.7038203820382039 299
1780269690783 0.7071651090342679 300
1780269690784 0.762905162064826 301
1780269690786 0.7967670903813432 302
1780269690788 0.7713085234093637 303
1780269690790 0.7147435897435898 304
1780269690791 0.6869731031714171 305
1780269690793 0.7343234323432344 306
1780269690795 0.7361125113418692 307
1780269690796 0.7541254125412541 308
1780269690798 0.685 309
1780269690800 0.7196054750402576 310
1780269690802 0.7593886020852313 311
1780269690803 0.7208333333333333 312
1780269690805 0.7779981690570643 313
1780269690807 0.7351046698872785 314
1780269690808 0.7379807692307692 315
1780269690810 0.7670083408702643 316
1780269690812 0.7567242071457246 317
1780269690813 0.7408740874087409 318
1780269690815 0.7491228070175439 319
1780269690817 0.7238325281803543 320
1780269690819 0.73 321
1780269690820 0.7383838383838384 322
1780269690822 0.7345008051529791 323
1780269690824 0.7369190442584939 324
1780269690826 0.8036858974358975 325
1780269690828 0.7828181453231633 326
1780269690829 0.7609285498944829 327
1780269690832 0.772 328
1780269690834 0.7525374334237764 329
1780269690836 0.80228823765556 330
1780269690838 0.750801282051282 331
1780269690840 0.7436693023721349 332
1780269690841 0.7748099239695878 333
1780269690843 0.7775993576876756 334
1780269690845 0.75 335
1780269690846 0.7380162797708774 336
1780269690848 0.7288647342995169 337
1780269690850 0.7104841936774711 338
1780269690851 0.715021502150215 339
1780269690853 0.8195278111244497 340
1780269690855 0.7939582496989162 341
1780269690856 0.7887218045112783 342
1780269690858 0.8533622340961791 343
1780269690860 0.7830132052821128 344
1780269690862 0.6971153846153846 345
1780269690863 0.7406740674067407 346
1780269690865 0.735 347
1780269690867 0.7543288960064057 348
