1780687446054 0.0 0
1780687446056 0.11499999999999999 1
1780687446058 0.15000000000000002 2
1780687446059 0.14000000000000004 3
1780687446061 0.14 4
1780687446062 0.15 5
1780687446064 0.2 6
1780687446066 0.18 7
1780687446068 0.13499999999999998 8
1780687446070 0.22000000000000003 9
1780687446071 0.15 10
1780687446073 0.19999999999999998 11
1780687446074 0.205 12
1780687446076 0.195 13
1780687446078 0.275 14
1780687446079 0.19 15
1780687446081 0.225 16
1780687446082 0.225 17
1780687446084 0.21000000000000002 18
1780687446085 0.23000000000000004 19
1780687446087 0.24 20
1780687446088 0.185 21
1780687446090 0.20999999999999996 22
1780687446093 0.20500000000000002 23
1780687446095 0.195 24
1780687446096 0.2 25
1780687446099 0.19 26
1780687446100 0.195 27
1780687446102 0.2 28
1780687446105 0.16500000000000004 29
1780687446106 0.22000000000000003 30
1780687446108 0.20500000000000002 31
1780687446109 0.19 32
1780687446111 0.26 33
1780687446113 0.23000000000000004 34
1780687446114 0.185 35
1780687446116 0.21000000000000002 36
1780687446117 0.22000000000000003 37
1780687446119 0.22000000000000003 38
1780687446120 0.19 39
1780687446122 0.2 40
1780687446124 0.23000000000000004 41
1780687446125 0.24 42
1780687446127 0.2 43
1780687446128 0.255 44
1780687446130 0.205 45
1780687446132 0.15499999999999997 46
1780687446133 0.23500000000000001 47
1780687446135 0.255 48
1780687446137 0.2 49
1780687446139 0.195 50
1780687446140 0.19 51
1780687446142 0.185 52
1780687446143 0.285 53
1780687446145 0.255 54
1780687446146 0.2 55
1780687446148 0.24499999999999997 56
1780687446149 0.16499999999999998 57
1780687446151 0.23500000000000001 58
1780687446153 0.20500000000000002 59
1780687446154 0.24500000000000002 60
1780687446156 0.23500000000000001 61
1780687446157 0.18000000000000002 62
1780687446159 0.16499999999999998 63
1780687446160 0.21999999999999997 64
1780687446162 0.215 65
1780687446163 0.265 66
1780687446165 0.24500000000000002 67
1780687446166 0.16999999999999998 68
1780687446168 0.24500000000000002 69
1780687446169 0.24500000000000002 70
1780687446171 0.25 71
1780687446173 0.275 72
1780687446174 0.195 73
1780687446176 0.205 74
1780687446177 0.27 75
1780687446179 0.24 76
1780687446180 0.24 77
1780687446182 0.225 78
1780687446183 0.24500000000000002 79
1780687446185 0.19 80
1780687446186 0.22999999999999998 81
1780687446188 0.21000000000000002 82
1780687446189 0.26000000000000006 83
1780687446191 0.24999999999999994 84
1780687446192 0.225 85
1780687446194 0.225 86
1780687446195 0.225 87
1780687446197 0.21000000000000002 88
1780687446198 0.23499999999999996 89
1780687446200 0.19 90
1780687446201 0.16999999999999998 91
1780687446203 0.27 92
1780687446204 0.23000000000000004 93
1780687446206 0.24499999999999997 94
1780687446208 0.16999999999999998 95
1780687446209 0.175 96
1780687446211 0.21000000000000002 97
1780687446212 0.25 98
1780687446214 0.205 99
1780687446215 0.18 100
1780687446217 0.20500000000000002 101
1780687446218 0.21999999999999997 102
1780687446220 0.24 103
1780687446222 0.215 104
1780687446223 0.25 105
1780687446225 0.225 106
1780687446226 0.19 107
1780687446228 0.255 108
1780687446229 0.22500000000000003 109
1780687446231 0.275 110
1780687446233 0.23000000000000004 111
1780687446234 0.21999999999999997 112
1780687446236 0.21000000000000002 113
1780687446237 0.145 114
1780687446239 0.18 115
1780687446241 0.175 116
1780687446242 0.19 117
1780687446244 0.22000000000000003 118
1780687446245 0.24500000000000002 119
1780687446247 0.19999999999999998 120
1780687446248 0.2 121
1780687446250 0.225 122
1780687446251 0.225 123
1780687446253 0.19999999999999998 124
1780687446255 0.21999999999999997 125
1780687446256 0.185 126
1780687446258 0.27 127
1780687446259 0.23000000000000004 128
1780687446261 0.21000000000000002 129
1780687446263 0.18 130
1780687446265 0.175 131
1780687446266 0.165 132
1780687446268 0.205 133
1780687446270 0.18 134
1780687446271 0.22000000000000003 135
1780687446273 0.23499999999999996 136
1780687446275 0.215 137
1780687446276 0.22999999999999998 138
1780687446278 0.185 139
1780687446279 0.23500000000000001 140
1780687446281 0.23500000000000001 141
1780687446282 0.20500000000000002 142
1780687446284 0.19999999999999998 143
1780687446286 0.23000000000000004 144
1780687446287 0.22000000000000003 145
1780687446289 0.17500000000000002 146
1780687446290 0.215 147
1780687446292 0.23500000000000001 148
1780687446293 0.20999999999999996 149
1780687446295 0.185 150
1780687446296 0.18 151
1780687446298 0.24500000000000002 152
1780687446300 0.25 153
1780687446301 0.21500000000000002 154
1780687446303 0.20999999999999996 155
1780687446305 0.275 156
1780687446306 0.29500000000000004 157
1780687446308 0.28 158
1780687446309 0.32500000000000007 159
1780687446311 0.30500000000000005 160
1780687446313 0.22999999999999998 161
1780687446314 0.26 162
1780687446316 0.29000000000000004 163
1780687446318 0.275 164
1780687446320 0.305 165
1780687446321 0.305 166
1780687446323 0.28500000000000003 167
1780687446324 0.27999999999999997 168
1780687446326 0.33999999999999997 169
1780687446327 0.26 170
1780687446329 0.34500000000000003 171
1780687446330 0.32999999999999996 172
1780687446332 0.33499999999999996 173
1780687446334 0.27999999999999997 174
1780687446335 0.28500000000000003 175
1780687446337 0.305 176
1780687446338 0.32999999999999996 177
1780687446340 0.325 178
1780687446342 0.34500000000000003 179
1780687446343 0.36500000000000005 180
1780687446345 0.29 181
1780687446347 0.32000000000000006 182
1780687446348 0.265 183
1780687446350 0.3 184
1780687446351 0.325 185
1780687446353 0.31499999999999995 186
1780687446354 0.33499999999999996 187
1780687446356 0.33499999999999996 188
1780687446358 0.26 189
1780687446359 0.34500000000000003 190
1780687446361 0.30999999999999994 191
1780687446362 0.375 192
1780687446364 0.3 193
1780687446365 0.34 194
1780687446367 0.275 195
1780687446368 0.35500000000000004 196
1780687446370 0.305 197
1780687446372 0.32999999999999996 198
1780687446373 0.28 199
1780687446375 0.35 200
1780687446381 0.26 201
1780687446387 0.315 202
1780687446389 0.275 203
1780687446391 0.325 204
1780687446392 0.29000000000000004 205
1780687446394 0.24999999999999994 206
1780687446395 0.33999999999999997 207
1780687446397 0.275 208
1780687446398 0.25 209
1780687446400 0.30500000000000005 210
1780687446402 0.335 211
1780687446403 0.33999999999999997 212
1780687446405 0.255 213
1780687446406 0.29 214
1780687446408 0.36 215
1780687446409 0.29500000000000004 216
1780687446411 0.305 217
1780687446413 0.375 218
1780687446414 0.31500000000000006 219
1780687446416 0.32499999999999996 220
1780687446418 0.31999999999999995 221
1780687446420 0.24000000000000005 222
1780687446422 0.31 223
1780687446424 0.31500000000000006 224
1780687446426 0.325 225
1780687446428 0.27999999999999997 226
1780687446430 0.305 227
1780687446433 0.325 228
1780687446434 0.30500000000000005 229
1780687446436 0.33 230
1780687446437 0.36500000000000005 231
1780687446439 0.265 232
1780687446440 0.27499999999999997 233
1780687446442 0.365 234
1780687446444 0.30500000000000005 235
1780687446445 0.34 236
1780687446447 0.275 237
1780687446449 0.31500000000000006 238
1780687446450 0.33 239
1780687446452 0.34 240
1780687446454 0.3350000000000001 241
1780687446456 0.31 242
1780687446458 0.32499999999999996 243
1780687446460 0.34 244
1780687446461 0.33999999999999997 245
1780687446463 0.265 246
1780687446464 0.32 247
1780687446466 0.28 248
1780687446467 0.29500000000000004 249
1780687446469 0.29500000000000004 250
1780687446471 0.34500000000000003 251
1780687446472 0.305 252
1780687446474 0.28 253
1780687446475 0.28500000000000003 254
1780687446477 0.355 255
1780687446479 0.315 256
1780687446481 0.33499999999999996 257
1780687446482 0.31999999999999995 258
1780687446484 0.28500000000000003 259
1780687446485 0.335 260
1780687446487 0.38 261
1780687446488 0.35 262
1780687446490 0.35 263
1780687446491 0.31500000000000006 264
1780687446493 0.36 265
1780687446495 0.335 266
1780687446497 0.345 267
1780687446498 0.3550000000000001 268
1780687446500 0.265 269
1780687446501 0.34 270
1780687446503 0.315 271
1780687446504 0.305 272
1780687446506 0.34 273
1780687446507 0.255 274
1780687446509 0.335 275
1780687446511 0.29500000000000004 276
1780687446512 0.305 277
1780687446514 0.35500000000000004 278
1780687446515 0.28500000000000003 279
1780687446517 0.28 280
1780687446518 0.3350000000000001 281
1780687446520 0.315 282
1780687446522 0.31500000000000006 283
1780687446523 0.305 284
1780687446525 0.2899999999999999 285
1780687446526 0.315 286
1780687446528 0.31 287
1780687446529 0.31999999999999995 288
1780687446531 0.30500000000000005 289
1780687446533 0.27999999999999997 290
1780687446534 0.36 291
1780687446536 0.32 292
1780687446537 0.36 293
1780687446539 0.335 294
1780687446540 0.24500000000000002 295
1780687446542 0.30500000000000005 296
1780687446543 0.295 297
1780687446545 0.29500000000000004 298
