1780565465449 0.0 0
1780565465451 0.095 1
1780565465453 0.175 2
1780565465455 0.185 3
1780565465457 0.12000000000000002 4
1780565465459 0.15500000000000003 5
1780565465460 0.12999999999999998 6
1780565465462 0.125 7
1780565465464 0.14 8
1780565465466 0.22999999999999998 9
1780565465468 0.175 10
1780565465469 0.24000000000000005 11
1780565465471 0.205 12
1780565465473 0.22000000000000003 13
1780565465475 0.145 14
1780565465477 0.2 15
1780565465479 0.16 16
1780565465480 0.19 17
1780565465482 0.18 18
1780565465484 0.335 19
1780565465486 0.23500000000000001 20
1780565465488 0.215 21
1780565465489 0.21999999999999997 22
1780565465491 0.19 23
1780565465493 0.2 24
1780565465495 0.29000000000000004 25
1780565465497 0.215 26
1780565465498 0.195 27
1780565465500 0.29000000000000004 28
1780565465502 0.255 29
1780565465504 0.26 30
1780565465506 0.265 31
1780565465507 0.19 32
1780565465509 0.25 33
1780565465511 0.265 34
1780565465513 0.27999999999999997 35
1780565465515 0.27 36
1780565465516 0.225 37
1780565465518 0.25 38
1780565465520 0.265 39
1780565465522 0.27999999999999997 40
1780565465524 0.24500000000000002 41
1780565465525 0.21500000000000002 42
1780565465527 0.29500000000000004 43
1780565465529 0.255 44
1780565465531 0.3 45
1780565465533 0.30500000000000005 46
1780565465534 0.30000000000000004 47
1780565465536 0.25 48
1780565465538 0.30999999999999994 49
1780565465540 0.275 50
1780565465542 0.20500000000000002 51
1780565465543 0.265 52
1780565465545 0.265 53
1780565465547 0.25 54
1780565465549 0.305 55
1780565465551 0.28500000000000003 56
1780565465552 0.24000000000000005 57
1780565465554 0.32999999999999996 58
1780565465556 0.27999999999999997 59
1780565465558 0.26 60
1780565465560 0.30000000000000004 61
1780565465562 0.30999999999999994 62
1780565465564 0.275 63
1780565465565 0.345 64
1780565465567 0.21500000000000002 65
1780565465569 0.18 66
1780565465571 0.27999999999999997 67
1780565465573 0.305 68
1780565465574 0.27 69
1780565465576 0.23499999999999996 70
1780565465578 0.23499999999999996 71
1780565465580 0.225 72
1780565465582 0.32 73
1780565465583 0.315 74
1780565465585 0.3 75
1780565465587 0.305 76
1780565465589 0.32 77
1780565465591 0.25 78
1780565465592 0.29500000000000004 79
1780565465594 0.28 80
1780565465596 0.28500000000000003 81
1780565465598 0.33999999999999997 82
1780565465599 0.31499999999999995 83
1780565465601 0.31 84
1780565465603 0.32999999999999996 85
1780565465605 0.26 86
1780565465607 0.305 87
1780565465608 0.3 88
1780565465610 0.2800000000000001 89
1780565465612 0.29 90
1780565465614 0.3 91
1780565465616 0.32 92
1780565465617 0.34 93
1780565465619 0.265 94
1780565465621 0.32999999999999996 95
1780565465623 0.23499999999999996 96
1780565465625 0.265 97
1780565465626 0.375 98
1780565465628 0.24 99
1780565465630 0.27 100
1780565465632 0.255 101
1780565465634 0.275 102
1780565465636 0.275 103
1780565465637 0.33000000000000007 104
1780565465639 0.325 105
1780565465641 0.41 106
1780565465643 0.27 107
1780565465645 0.39 108
1780565465646 0.305 109
1780565465648 0.36 110
1780565465650 0.275 111
1780565465652 0.3 112
1780565465654 0.30500000000000005 113
1780565465655 0.395 114
1780565465657 0.26 115
1780565465659 0.27999999999999997 116
1780565465661 0.33999999999999997 117
1780565465663 0.28500000000000003 118
1780565465664 0.29 119
1780565465666 0.27 120
1780565465668 0.27499999999999997 121
1780565465670 0.33499999999999996 122
1780565465672 0.31500000000000006 123
1780565465673 0.38 124
1780565465675 0.25000000000000006 125
1780565465677 0.345 126
1780565465679 0.32 127
1780565465681 0.265 128
1780565465683 0.32 129
1780565465684 0.32999999999999996 130
1780565465686 0.285 131
1780565465688 0.35500000000000004 132
1780565465690 0.31500000000000006 133
1780565465692 0.325 134
1780565465693 0.36000000000000004 135
1780565465695 0.395 136
1780565465697 0.29500000000000004 137
1780565465699 0.24500000000000002 138
1780565465701 0.28 139
1780565465703 0.34500000000000003 140
1780565465704 0.335 141
1780565465706 0.275 142
1780565465708 0.3 143
1780565465710 0.355 144
1780565465712 0.28500000000000003 145
1780565465714 0.315 146
1780565465715 0.36 147
1780565465717 0.3 148
1780565465719 0.33999999999999997 149
1780565465721 0.315 150
1780565465723 0.32 151
1780565465724 0.35 152
1780565465726 0.315 153
1780565465728 0.34 154
1780565465730 0.325 155
1780565465732 0.33 156
1780565465733 0.34500000000000003 157
1780565465735 0.27499999999999997 158
1780565465737 0.30999999999999994 159
1780565465739 0.37499999999999994 160
1780565465741 0.275 161
1780565465742 0.385 162
1780565465744 0.36 163
1780565465746 0.345 164
1780565465748 0.33499999999999996 165
1780565465750 0.34 166
1780565465751 0.335 167
1780565465753 0.375 168
1780565465755 0.43999999999999995 169
1780565465757 0.335 170
1780565465759 0.36500000000000005 171
1780565465761 0.20999999999999996 172
1780565465762 0.275 173
1780565465764 0.34500000000000003 174
1780565465766 0.28500000000000003 175
1780565465768 0.36 176
1780565465770 0.4 177
1780565465771 0.3 178
1780565465773 0.275 179
1780565465775 0.38 180
1780565465777 0.26 181
1780565465779 0.39 182
1780565465780 0.355 183
1780565465782 0.40499999999999997 184
1780565465784 0.365 185
1780565465786 0.25999999999999995 186
1780565465788 0.38 187
1780565465789 0.37 188
1780565465791 0.36 189
1780565465793 0.255 190
1780565465795 0.29000000000000004 191
1780565465797 0.3 192
1780565465798 0.38999999999999996 193
1780565465800 0.38 194
1780565465802 0.325 195
1780565465804 0.32 196
1780565465806 0.43500000000000005 197
1780565465807 0.35000000000000003 198
1780565465809 0.365 199
1780565465811 0.315 200
1780565465813 0.25 201
1780565465815 0.355 202
1780565465816 0.37 203
1780565465818 0.33999999999999997 204
1780565465820 0.31500000000000006 205
1780565465822 0.4 206
1780565465824 0.24000000000000005 207
1780565465825 0.265 208
1780565465827 0.345 209
1780565465829 0.35 210
1780565465831 0.35 211
1780565465833 0.36 212
1780565465834 0.45 213
1780565465836 0.385 214
1780565465838 0.32999999999999996 215
1780565465840 0.38 216
1780565465842 0.29999999999999993 217
1780565465843 0.37500000000000006 218
1780565465845 0.37 219
1780565465847 0.36 220
1780565465849 0.315 221
1780565465851 0.315 222
1780565465852 0.31999999999999995 223
1780565465854 0.425 224
1780565465856 0.36 225
1780565465858 0.395 226
1780565465860 0.31500000000000006 227
1780565465861 0.3 228
1780565465863 0.39 229
1780565465865 0.355 230
1780565465867 0.38499999999999995 231
1780565465869 0.38500000000000006 232
1780565465870 0.37 233
1780565465872 0.24500000000000002 234
1780565465874 0.43 235
1780565465876 0.335 236
1780565465878 0.27 237
1780565465879 0.345 238
1780565465881 0.43000000000000005 239
1780565465883 0.38499999999999995 240
1780565465885 0.38 241
1780565465887 0.41500000000000004 242
1780565465888 0.325 243
1780565465890 0.34500000000000003 244
1780565465892 0.41 245
1780565465894 0.35 246
1780565465896 0.29000000000000004 247
1780565465897 0.395 248
1780565465899 0.41500000000000004 249
1780565465901 0.4999999999999999 250
1780565465903 0.36500000000000005 251
1780565465905 0.32999999999999996 252
1780565465906 0.34500000000000003 253
1780565465908 0.37500000000000006 254
1780565465910 0.275 255
1780565465912 0.34500000000000003 256
1780565465914 0.39 257
1780565465915 0.43 258
1780565465917 0.36500000000000005 259
1780565465919 0.385 260
1780565465921 0.175 261
1780565465923 0.37 262
1780565465924 0.36 263
1780565465926 0.305 264
1780565465928 0.39 265
1780565465930 0.38 266
1780565465932 0.44000000000000006 267
1780565465933 0.395 268
1780565465935 0.42000000000000004 269
1780565465937 0.35 270
1780565465939 0.41500000000000004 271
1780565465941 0.39 272
1780565465942 0.39 273
1780565465944 0.45 274
1780565465946 0.30999999999999994 275
1780565465948 0.37 276
1780565465949 0.375 277
1780565465951 0.395 278
1780565465953 0.41 279
1780565465955 0.3 280
1780565465957 0.365 281
1780565465958 0.355 282
1780565465960 0.325 283
1780565465962 0.32 284
1780565465964 0.425 285
1780565465966 0.36499999999999994 286
1780565465967 0.3949999999999999 287
1780565465969 0.425 288
1780565465971 0.315 289
1780565465973 0.36 290
1780565465975 0.38 291
1780565465976 0.39 292
1780565465978 0.26 293
1780565465980 0.385 294
1780565465982 0.335 295
1780565465984 0.36500000000000005 296
1780565465985 0.33999999999999997 297
1780565465987 0.425 298
