1773287865548 0.0 0
1773287865585 0.5 1
1773287865613 0.6235294117647059 2
1773287865656 0.5287356321839081 3
1773287865690 0.6428571428571428 4
1773287865734 0.711340206185567 5
1773287865774 0.7035398230088495 6
1773287865813 0.7889724310776942 7
1773287865842 0.6862705740666399 8
1773287865897 0.7629262926292629 9
1773287865926 0.7756892230576441 10
1773287865963 0.8049999999999999 11
1773287866001 0.7077207720772077 12
1773287866027 0.6958333333333333 13
1773287866077 0.6462264150943396 14
1773287866135 0.7234511059953959 15
1773287866173 0.8075187969924812 16
1773287866203 0.7727455716586151 17
1773287866242 0.8688277800080288 18
1773287866281 0.8285957361625462 19
1773287866319 0.8193108974358975 20
1773287866365 0.8469551282051282 21
1773287866403 0.827323717948718 22
1773287866431 0.815 23
1773287866481 0.8229166666666667 24
1773287866521 0.8093557818328461 25
1773287866559 0.8417874396135265 26
1773287866595 0.8179384203480589 27
1773287866641 0.81 28
1773287866693 0.8084935897435898 29
1773287866739 0.7708083233293317 30
1773287866785 0.8125 31
1773287866820 0.8118811881188119 32
1773287866862 0.7601341207086378 33
1773287866904 0.78125 34
1773287866942 0.6693677470988395 35
1773287866997 0.813931393139314 36
1773287867049 0.8592995169082125 37
1773287867080 0.827724358974359 38
1773287867118 0.7483748374837484 39
1773287867175 0.8195488721804511 40
1773287867216 0.8197994987468672 41
1773287867253 0.8550899407094764 42
1773287867281 0.7969690887193899 43
1773287867307 0.7794779477947795 44
1773287867346 0.7973189275710284 45
1773287867389 0.7654061624649859 46
1773287867427 0.825563909774436 47
1773287867479 0.8685064935064934 48
1773287867520 0.8082808280828082 49
1773287867565 0.8012531328320802 50
1773287867603 0.8047972701726214 51
1773287867637 0.8126250500200081 52
1773287867679 0.8027504105090312 53
1773287867731 0.7841056951256131 54
1773287867774 0.7692423180862776 55
1773287867809 0.85 56
1773287867852 0.8058272003226132 57
1773287867907 0.8405081157374735 58
1773287867964 0.87998799879988 59
1773287868008 0.8487246698255873 60
1773287868048 0.8452919304592503 61
1773287868091 0.8717948717948718 62
1773287868122 0.844437775110044 63
1773287868160 0.84 64
1773287868193 0.8070763687318587 65
1773287868218 0.8246421779601641 66
1773287868245 0.8258897066236516 67
1773287868288 0.8830515297906603 68
1773287868327 0.8305288461538461 69
1773287868365 0.8193108974358975 70
1773287868412 0.8317230273752013 71
1773287868438 0.7606345711140026 72
1773287868475 0.7820380322447292 73
1773287868510 0.7348939575830332 74
1773287868545 0.8035303530353035 75
1773287868584 0.7894789478947895 76
1773287868624 0.7816126450580232 77
1773287868685 0.822762148337596 78
1773287868727 0.8656655844155845 79
1773287868765 0.8192982456140351 80
1773287868815 0.8496849684968497 81
1773287868868 0.9103910391039104 82
1773287868922 0.8460384153661464 83
1773287868974 0.856682769726248 84
1773287869018 0.8458345834583458 85
1773287869064 0.8251325132513252 86
1773287869097 0.8080200501253133 87
1773287869148 0.8021473938905131 88
1773287869183 0.8049999999999999 89
1773287869210 0.8991596638655461 90
1773287869255 0.800080289040546 91
1773287869307 0.7684073629451781 92
1773287869342 0.753030303030303 93
1773287869382 0.8228663446054751 94
1773287869431 0.7882788278827882 95
1773287869476 0.8250805152979066 96
1773287869519 0.8208020050125313 97
1773287869564 0.8523809523809525 98
1773287869605 0.8408521303258145 99
1773287869634 0.8300941390829031 100
1773287869670 0.8323863636363636 101
1773287869735 0.7891669178976988 102
1773287869767 0.8790064102564102 103
1773287869796 0.8432088879991992 104
1773287869843 0.8592859285928593 105
1773287869871 0.7949999999999999 106
1773287869904 0.8517628205128205 107
1773287869936 0.8513405362144858 108
1773287870003 0.8717612662566792 109
1773287870034 0.8101810181018102 110
1773287870068 0.8556390977443609 111
1773287870108 0.87 112
1773287870141 0.8197115384615384 113
1773287870165 0.855 114
1773287870190 0.836755233494364 115
1773287870222 0.8411027568922306 116
1773287870276 0.825 117
1773287870301 0.8555924027735906 118
1773287870335 0.8656462585034014 119
1773287870374 0.8490603959401065 120
1773287870407 0.8474389755902361 121
1773287870438 0.7992161591799819 122
1773287870471 0.8049999999999999 123
1773287870521 0.849084908490849 124
1773287870552 0.8631313131313132 125
1773287870579 0.8912280701754386 126
1773287870607 0.9 127
1773287870641 0.8853468121309178 128
1773287870684 0.8532308310722541 129
1773287870727 0.9003623188405797 130
1773287870756 0.8601860186018602 131
1773287870787 0.8721736508893578 132
1773287870819 0.8450080515297906 133
1773287870854 0.8673878205128205 134
1773287870894 0.8760504201680672 135
1773287870941 0.8039819376026273 136
1773287870988 0.8647364736473647 137
1773287871025 0.8821528611444578 138
1773287871040 0.8674010607915137 139
1773287871071 0.84963201935679 140
1773287871122 0.8319243156199678 141
1773287871158 0.837735094037615 142
1773287871200 0.885237664556326 143
1773287871238 0.8550903119868637 144
1773287871277 0.8415737111848055 145
1773287871307 0.7909618656791112 146
1773287871341 0.8426065162907268 147
1773287871372 0.8067226890756303 148
1773287871404 0.7718787635487756 149
1773287871441 0.790646326776395 150
1773287871478 0.835 151
1773287871517 0.8616541353383459 152
1773287871554 0.8358585858585859 153
1773287871610 0.8588063312833956 154
1773287871647 0.8399014778325123 155
1773287871682 0.8729323308270677 156
1773287871714 0.842934564431955 157
1773287871748 0.8797172210355 158
1773287871780 0.8562659846547314 159
1773287871840 0.90999099909991 160
1773287871875 0.8668467386954781 161
1773287871917 0.8020833333333334 162
1773287871952 0.8696869686968697 163
1773287871992 0.9152386780905752 164
1773287872018 0.8702870287028703 165
1773287872051 0.9099999999999999 166
1773287872095 0.922077922077922 167
1773287872139 0.8355335533553355 168
1773287872185 0.857451512410813 169
1773287872224 0.8701324769169009 170
1773287872277 0.8611861186118612 171
1773287872306 0.8077740662010325 172
1773287872339 0.8457792207792207 173
1773287872372 0.904940494049405 174
1773287872435 0.8531678510659594 175
1773287872470 0.8964470088065594 176
1773287872520 0.8502415458937198 177
1773287872566 0.8487750781328763 178
1773287872596 0.8972300281011643 179
1773287872628 0.8613782051282051 180
1773287872685 0.8484299516908212 181
1773287872715 0.859343737494998 182
1773287872762 0.8850540216086434 183
1773287872801 0.8782206119162641 184
1773287872835 0.8926134082697712 185
1773287872883 0.8625 186
1773287872915 0.878002210833082 187
1773287872943 0.8504729935916997 188
1773287872979 0.8473389355742297 189
1773287873007 0.8233173076923077 190
1773287873040 0.804724251826644 191
1773287873078 0.8564489458453907 192
1773287873116 0.8448067632850241 193
1773287873147 0.7849999999999999 194
1773287873182 0.7299679487179487 195
1773287873216 0.7961165048543689 196
1773287873256 0.8236714975845411 197
1773287873299 0.8146551724137931 198
