1773285104015 0.0 0
1773285104037 0.5402762375239389 1
1773285104058 0.49999999999999517 2
1773285104078 0.49999999999999495 3
1773285104097 0.499999999999995 4
1773285104119 0.49999999999999556 5
1773285104141 0.4999999999999949 6
1773285104164 0.49999999999999495 7
1773285104197 0.49999999999999395 8
1773285104219 0.49999999999999584 9
1773285104243 0.4999999999999954 10
1773285104266 0.49999999999999467 11
1773285104292 0.4999999999999946 12
1773285104328 0.49999999999999467 13
1773285104355 0.4999999999999952 14
1773285104383 0.49999999999999506 15
1773285104412 0.4999999999999952 16
1773285104431 0.4999999999999952 17
1773285104455 0.4999999999999948 18
1773285104476 0.4999999999999951 19
1773285104497 0.49999999999999495 20
1773285104517 0.4999999999999955 21
1773285104536 0.4999999999999952 22
1773285104555 0.49999999999999495 23
1773285104577 0.4999999999999948 24
1773285104597 0.49999999999999495 25
1773285104617 0.49999999999999345 26
1773285104640 0.4999999999999953 27
1773285104671 0.4999999999999947 28
1773285104691 0.499999999999995 29
1773285104710 0.4999999999999952 30
1773285104742 0.49999999999999567 31
1773285104763 0.49999999999999506 32
1773285104786 0.49999999999999484 33
1773285104804 0.49999999999999484 34
1773285104824 0.4999999999999948 35
1773285104854 0.4999999999999953 36
1773285104872 0.49999999999999517 37
1773285104890 0.4999999999999949 38
1773285104911 0.49999999999999495 39
1773285104933 0.4999999999999948 40
1773285104963 0.4999999999999944 41
1773285104981 0.49999999999999495 42
1773285105008 0.4999999999999953 43
1773285105028 0.499999999999995 44
1773285105049 0.4999999999999938 45
1773285105069 0.4999999999999952 46
1773285105088 0.49999999999999517 47
1773285105108 0.4999999999999954 48
1773285105130 0.4999999999999951 49
1773285105156 0.4999999999999947 50
1773285105178 0.4999999999999946 51
1773285105201 0.49999999999999467 52
1773285105222 0.4999999999999948 53
1773285105241 0.4999999999999946 54
1773285105260 0.49999999999999506 55
1773285105277 0.4999999999999951 56
1773285105296 0.4999999999999955 57
1773285105329 0.4999999999999954 58
1773285105356 0.4999999999999953 59
1773285105376 0.49999999999999545 60
1773285105395 0.49999999999999467 61
1773285105413 0.49999999999999545 62
1773285105433 0.49999999999999434 63
1773285105452 0.4999999999999951 64
1773285105475 0.4999999999999953 65
1773285105491 0.4999999999999953 66
1773285105507 0.49999999999999506 67
1773285105524 0.49999999999999556 68
1773285105543 0.49999999999999495 69
1773285105560 0.4999999999999951 70
1773285105577 0.4999999999999953 71
1773285105592 0.49999999999999534 72
1773285105629 0.49999999999999495 73
1773285105655 0.4999999999999955 74
1773285105684 0.4999999999999947 75
1773285105715 0.4999999999999946 76
1773285105737 0.49999999999999556 77
1773285105759 0.4999999999999956 78
1773285105777 0.4999999999999954 79
1773285105798 0.49999999999999534 80
1773285105818 0.499999999999995 81
1773285105837 0.4999999999999952 82
1773285105861 0.49999999999999506 83
1773285105880 0.49999999999999456 84
1773285105907 0.49999999999999517 85
1773285105929 0.49999999999999506 86
1773285105951 0.49999999999999467 87
1773285105993 0.4999999999999948 88
1773285106020 0.49999999999999534 89
1773285106049 0.49999999999999495 90
1773285106071 0.49999999999999517 91
1773285106092 0.4999999999999946 92
1773285106111 0.49999999999999484 93
1773285106129 0.4999999999999952 94
1773285106147 0.4999999999999949 95
1773285106167 0.4999999999999955 96
1773285106190 0.4999999999999949 97
1773285106213 0.499999999999995 98
1773285106236 0.49999999999999495 99
1773285106257 0.4999999999999951 100
1773285106285 0.4999999999999947 101
1773285106308 0.4999999999999951 102
1773285106340 0.4999999999999954 103
1773285106380 0.4999999999999948 104
1773285106410 0.4999999999999949 105
1773285106439 0.49999999999999484 106
1773285106459 0.49999999999999534 107
1773285106481 0.4999999999999949 108
1773285106510 0.49999999999999484 109
1773285106528 0.4999999999999948 110
1773285106548 0.4999999999999943 111
1773285106566 0.4999999999999951 112
1773285106585 0.4999999999999949 113
1773285106603 0.49999999999999456 114
1773285106622 0.4999999999999946 115
1773285106647 0.4999999999999954 116
1773285106666 0.499999999999995 117
1773285106687 0.49999999999999495 118
1773285106724 0.4999999999999955 119
1773285106743 0.4999999999999953 120
1773285106761 0.4999999999999948 121
1773285106779 0.49999999999999467 122
1773285106797 0.4999999999999953 123
1773285106816 0.499999999999995 124
1773285106839 0.4999999999999953 125
1773285106861 0.49999999999999495 126
1773285106905 0.49999999999999545 127
1773285106924 0.49999999999999545 128
1773285106940 0.49999999999999456 129
1773285106957 0.4999999999999953 130
1773285106975 0.49999999999999506 131
1773285106992 0.49999999999999534 132
1773285107007 0.4999999999999954 133
1773285107029 0.4999999999999955 134
1773285107045 0.4999999999999952 135
1773285107063 0.4999999999999954 136
1773285107079 0.4999999999999952 137
1773285107096 0.4999999999999953 138
1773285107113 0.4999999999999952 139
1773285107136 0.49999999999999545 140
1773285107155 0.49999999999999506 141
1773285107173 0.49999999999999456 142
1773285107191 0.49999999999999506 143
1773285107216 0.49999999999999534 144
1773285107235 0.49999999999999484 145
1773285107254 0.49999999999999495 146
1773285107273 0.49999999999999517 147
1773285107290 0.4999999999999947 148
1773285107315 0.4999999999999952 149
1773285107345 0.49999999999999495 150
1773285107364 0.49999999999999506 151
1773285107384 0.49999999999999517 152
1773285107402 0.4999999999999942 153
1773285107419 0.49999999999999506 154
1773285107438 0.49999999999999506 155
1773285107456 0.4999999999999952 156
1773285107474 0.49999999999999495 157
1773285107498 0.4999999999999954 158
1773285107517 0.4999999999999949 159
1773285107538 0.4999999999999953 160
1773285107558 0.49999999999999495 161
1773285107576 0.4999999999999948 162
1773285107595 0.4999999999999956 163
1773285107620 0.49999999999999484 164
1773285107640 0.49999999999999495 165
1773285107661 0.4999999999999953 166
1773285107681 0.49999999999999495 167
1773285107708 0.49999999999999534 168
1773285107731 0.499999999999995 169
1773285107752 0.4999999999999953 170
1773285107771 0.499999999999995 171
1773285107790 0.49999999999999506 172
1773285107810 0.4999999999999947 173
1773285107830 0.4999999999999953 174
1773285107849 0.4999999999999949 175
1773285107868 0.4999999999999943 176
1773285107887 0.4999999999999955 177
1773285107922 0.4999999999999954 178
1773285107941 0.4999999999999944 179
1773285107961 0.49999999999999495 180
1773285107980 0.4999999999999942 181
1773285107998 0.4999999999999955 182
1773285108017 0.4999999999999946 183
1773285108038 0.4999999999999951 184
1773285108057 0.4999999999999951 185
1773285108074 0.49999999999999495 186
1773285108093 0.4999999999999953 187
1773285108111 0.4999999999999948 188
1773285108130 0.49999999999999506 189
1773285108153 0.4999999999999946 190
1773285108172 0.49999999999999534 191
1773285108190 0.49999999999999495 192
1773285108229 0.4999999999999949 193
1773285108248 0.4999999999999951 194
1773285108267 0.49999999999999467 195
1773285108285 0.4999999999999956 196
1773285108305 0.4999999999999954 197
1773285108324 0.4999999999999955 198
