1780137838829 0.0 0
1780137838832 0.095 1
1780137838834 0.17 2
1780137838837 0.3 3
1780137838839 0.38 4
1780137838841 0.36500000000000005 5
1780137838843 0.40499999999999997 6
1780137838846 0.5750000000000001 7
1780137838848 0.4700000000000001 8
1780137838851 0.5149999999999999 9
1780137838853 0.5199999999999999 10
1780137838855 0.53 11
1780137838858 0.5599999999999999 12
1780137838860 0.55 13
1780137838862 0.5750000000000001 14
1780137838865 0.53 15
1780137838867 0.48999999999999994 16
1780137838869 0.49000000000000005 17
1780137838872 0.5499999999999999 18
1780137838874 0.6200000000000001 19
1780137838876 0.625 20
1780137838879 0.5599999999999999 21
1780137838881 0.655 22
1780137838884 0.6100000000000001 23
1780137838886 0.595 24
1780137838888 0.6799999999999999 25
1780137838891 0.66 26
1780137838893 0.6249999999999999 27
1780137838895 0.6799999999999999 28
1780137838898 0.59 29
1780137838900 0.6699999999999999 30
1780137838902 0.575 31
1780137838905 0.645 32
1780137838907 0.6500000000000001 33
1780137838909 0.6649999999999999 34
1780137838911 0.61 35
1780137838914 0.635 36
1780137838916 0.6599999999999999 37
1780137838918 0.7050000000000001 38
1780137838920 0.6399999999999999 39
1780137838923 0.62 40
1780137838925 0.6950000000000001 41
1780137838927 0.695 42
1780137838929 0.6799999999999999 43
1780137838932 0.6599999999999999 44
1780137838934 0.7500000000000001 45
1780137838936 0.71 46
1780137838938 0.705 47
1780137838941 0.675 48
1780137838943 0.7150000000000001 49
1780137838946 0.6950000000000001 50
1780137838948 0.75 51
1780137838950 0.675 52
1780137838953 0.7 53
1780137838955 0.7550000000000001 54
1780137838957 0.685 55
1780137838960 0.7 56
1780137838962 0.735 57
1780137838965 0.7150000000000001 58
1780137838967 0.7300000000000001 59
1780137838969 0.72 60
1780137838972 0.68 61
1780137838974 0.7500000000000001 62
1780137838976 0.7449999999999999 63
1780137838979 0.76 64
1780137838981 0.835 65
1780137838983 0.805 66
1780137838986 0.7650000000000001 67
1780137838988 0.77 68
1780137838991 0.7849999999999999 69
1780137838993 0.725 70
1780137838995 0.7550000000000001 71
1780137838998 0.8 72
1780137839000 0.7649999999999999 73
1780137839002 0.785 74
1780137839005 0.805 75
1780137839007 0.8299999999999998 76
1780137839009 0.715 77
1780137839012 0.745 78
1780137839014 0.8 79
1780137839016 0.7949999999999999 80
1780137839019 0.7950000000000002 81
1780137839021 0.7949999999999999 82
1780137839023 0.8 83
1780137839026 0.7649999999999999 84
1780137839028 0.875 85
1780137839030 0.8 86
1780137839033 0.78 87
1780137839035 0.77 88
1780137839037 0.8099999999999999 89
1780137839040 0.8150000000000001 90
1780137839042 0.8200000000000001 91
1780137839045 0.8500000000000002 92
1780137839057 0.825 93
1780137839059 0.7050000000000001 94
1780137839062 0.8350000000000002 95
1780137839064 0.85 96
1780137839067 0.835 97
1780137839069 0.8 98
1780137839071 0.8550000000000001 99
1780137839074 0.76 100
1780137839076 0.8200000000000001 101
1780137839078 0.7950000000000002 102
1780137839081 0.7350000000000001 103
1780137839083 0.8150000000000001 104
1780137839085 0.8550000000000001 105
1780137839088 0.74 106
1780137839090 0.8 107
1780137839093 0.8150000000000001 108
1780137839095 0.8150000000000001 109
1780137839097 0.8400000000000001 110
1780137839100 0.825 111
1780137839102 0.82 112
1780137839104 0.8450000000000001 113
1780137839107 0.805 114
1780137839109 0.835 115
1780137839111 0.85 116
1780137839114 0.805 117
1780137839116 0.8699999999999999 118
1780137839118 0.8200000000000001 119
1780137839121 0.8099999999999999 120
1780137839123 0.8300000000000001 121
1780137839125 0.8649999999999999 122
1780137839128 0.805 123
1780137839130 0.8099999999999999 124
1780137839132 0.755 125
1780137839135 0.85 126
1780137839137 0.8 127
1780137839140 0.825 128
1780137839142 0.835 129
1780137839144 0.8299999999999998 130
1780137839147 0.8549999999999999 131
1780137839149 0.8049999999999999 132
1780137839151 0.8600000000000001 133
1780137839154 0.8549999999999999 134
1780137839156 0.8550000000000001 135
1780137839158 0.805 136
1780137839161 0.8100000000000002 137
1780137839163 0.825 138
1780137839165 0.8600000000000001 139
1780137839168 0.82 140
1780137839170 0.825 141
1780137839173 0.8399999999999999 142
1780137839175 0.8600000000000001 143
1780137839177 0.865 144
1780137839180 0.905 145
1780137839182 0.845 146
1780137839184 0.8400000000000001 147
1780137839187 0.8699999999999999 148
1780137839189 0.86 149
1780137839192 0.8949999999999999 150
1780137839194 0.8550000000000001 151
1780137839196 0.8300000000000001 152
1780137839199 0.875 153
1780137839201 0.845 154
1780137839203 0.85 155
1780137839205 0.8600000000000001 156
1780137839208 0.8950000000000001 157
1780137839210 0.9 158
1780137839212 0.8700000000000001 159
1780137839215 0.85 160
1780137839217 0.9099999999999999 161
1780137839219 0.8749999999999998 162
1780137839221 0.8850000000000001 163
1780137839224 0.865 164
1780137839231 0.9149999999999998 165
1780137839234 0.9049999999999999 166
1780137839236 0.9099999999999999 167
1780137839238 0.9200000000000002 168
1780137839241 0.9349999999999999 169
1780137839243 0.9 170
1780137839245 0.9200000000000002 171
1780137839248 0.875 172
1780137839250 0.8899999999999999 173
1780137839252 0.925 174
1780137839254 0.9099999999999999 175
1780137839257 0.9099999999999999 176
1780137839259 0.925 177
1780137839261 0.8899999999999999 178
1780137839263 0.925 179
1780137839266 0.945 180
1780137839268 0.925 181
1780137839271 0.9200000000000002 182
1780137839273 0.9200000000000002 183
1780137839275 0.93 184
1780137839278 0.915 185
1780137839280 0.9199999999999999 186
1780137839282 0.9 187
1780137839285 0.8400000000000001 188
1780137839287 0.8899999999999999 189
1780137839289 0.9000000000000001 190
1780137839292 0.925 191
1780137839294 0.945 192
1780137839296 0.8699999999999999 193
1780137839298 0.885 194
1780137839301 0.915 195
1780137839303 0.8949999999999999 196
1780137839305 0.9199999999999999 197
1780137839307 0.85 198
1780137839310 0.9400000000000001 199
1780137839312 0.925 200
1780137839314 0.9549999999999998 201
1780137839316 0.9 202
1780137839319 0.9349999999999999 203
1780137839321 0.8899999999999999 204
1780137839323 0.905 205
1780137839326 0.9 206
1780137839328 0.9399999999999998 207
1780137839330 0.9249999999999998 208
1780137839333 0.9349999999999999 209
1780137839335 0.945 210
1780137839337 0.8800000000000001 211
1780137839340 0.915 212
1780137839342 0.86 213
1780137839344 0.9349999999999999 214
1780137839347 0.9200000000000002 215
1780137839349 0.89 216
1780137839351 0.9199999999999999 217
1780137839354 0.9 218
1780137839356 0.97 219
1780137839358 0.9149999999999998 220
1780137839361 0.925 221
1780137839363 0.96 222
1780137839365 0.915 223
1780137839368 0.9049999999999999 224
1780137839370 0.905 225
1780137839372 0.915 226
1780137839375 0.8800000000000001 227
1780137839377 0.89 228
1780137839380 0.9399999999999998 229
1780137839382 0.915 230
1780137839384 0.9450000000000001 231
1780137839386 0.9099999999999999 232
1780137839389 0.93 233
1780137839391 0.9400000000000001 234
1780137839393 0.9199999999999999 235
1780137839396 0.925 236
1780137839398 0.9199999999999999 237
1780137839400 0.9049999999999999 238
1780137839403 0.9349999999999999 239
1780137839406 0.9549999999999998 240
1780137839408 0.9099999999999998 241
1780137839410 0.9349999999999998 242
1780137839412 0.93 243
1780137839415 0.9400000000000001 244
1780137839417 0.9649999999999999 245
1780137839419 0.9399999999999998 246
1780137839422 0.9399999999999998 247
1780137839424 0.9200000000000002 248
1780137839426 0.915 249
1780137839429 0.9499999999999998 250
1780137839431 0.945 251
1780137839433 0.9349999999999998 252
1780137839435 0.9200000000000002 253
1780137839438 0.9199999999999999 254
1780137839440 0.9550000000000001 255
1780137839442 0.9700000000000001 256
1780137839445 0.9199999999999999 257
1780137839447 0.9549999999999998 258
1780137839449 0.9199999999999999 259
1780137839451 0.9450000000000001 260
1780137839454 0.9349999999999999 261
1780137839456 0.9549999999999998 262
1780137839458 0.9200000000000002 263
1780137839461 0.9250000000000002 264
1780137839463 0.9299999999999999 265
1780137839465 0.9349999999999999 266
1780137839468 0.9200000000000002 267
1780137839470 0.9450000000000001 268
1780137839472 0.975 269
1780137839475 0.9400000000000001 270
1780137839477 0.9399999999999998 271
1780137839480 0.9250000000000002 272
1780137839482 0.95 273
1780137839484 0.905 274
1780137839486 0.93 275
1780137839489 0.945 276
1780137839491 0.925 277
1780137839493 0.9550000000000001 278
1780137839495 0.9200000000000002 279
1780137839498 0.8899999999999999 280
1780137839500 0.9 281
1780137839502 0.8949999999999999 282
1780137839504 0.945 283
1780137839507 0.9149999999999998 284
1780137839509 0.96 285
1780137839511 0.9349999999999999 286
1780137839514 0.95 287
1780137839516 0.9299999999999999 288
1780137839518 0.9799999999999999 289
1780137839521 0.915 290
1780137839523 0.945 291
1780137839525 0.9649999999999999 292
1780137839527 0.905 293
1780137839530 0.9349999999999999 294
1780137839532 0.9149999999999998 295
1780137839534 0.9499999999999998 296
1780137839537 0.8950000000000001 297
1780137839539 0.9400000000000001 298
1780137839541 0.925 299
1780137839543 0.96 300
1780137839546 0.9700000000000001 301
1780137839548 0.96 302
1780137839550 0.9349999999999999 303
1780137839553 0.9650000000000001 304
1780137839555 0.9299999999999999 305
1780137839557 0.9400000000000001 306
1780137839560 0.95 307
1780137839562 0.9349999999999999 308
1780137839564 0.945 309
1780137839567 0.9149999999999998 310
1780137839569 0.885 311
1780137839571 0.9149999999999998 312
1780137839574 0.93 313
