1773271389439 0.0 0
1773271389452 0.594150641025635 1
1773271389464 0.6618925831201984 2
1773271389475 0.6321839080459711 3
1773271389486 0.6714285714285646 4
1773271389509 0.7428685817235439 5
1773271389520 0.7789136405248627 6
1773271389531 0.8235588972430996 7
1773271389548 0.794560417503003 8
1773271389561 0.7732273227322655 9
1773271389573 0.7313283208019976 10
1773271389584 0.6949999999999931 11
1773271389595 0.6873687368736805 12
1773271389606 0.6854166666666601 13
1773271389617 0.7951625853070976 14
1773271389628 0.8249924932439113 15
1773271389644 0.8187969924811949 16
1773271389655 0.7572463768115866 17
1773271389673 0.7890405459654679 18
1773271389689 0.8031728555700051 19
1773271389713 0.7948717948717869 20
1773271389725 0.7680288461538385 21
1773271389737 0.649038461538455 22
1773271389748 0.504999999999995 23
1773271389760 0.6394230769230704 24
1773271389771 0.590835769734846 25
1773271389782 0.6646537842189952 26
1773271389793 0.763361136855105 27
1773271389804 0.7549999999999925 28
1773271389815 0.7924679487179409 29
1773271389828 0.8324329731892675 30
1773271389841 0.8376623376623292 31
1773271389852 0.8901890189018813 32
1773271389865 0.818937043338997 33
1773271389877 0.8019480519480437 34
1773271389901 0.7301920768307251 35
1773271389913 0.7477747774777403 36
1773271389925 0.8117954911433092 37
1773271389937 0.8301282051281968 38
1773271389955 0.7191719171917119 39
1773271389966 0.8032581453634005 40
1773271389978 0.8208020050125232 41
1773271389988 0.8256456637523786 42
1773271389998 0.8034925732637415 43
1773271390008 0.7856285628562778 44
1773271390018 0.7863145258103164 45
1773271390028 0.7446978791516532 46
1773271390040 0.7523809523809448 47
1773271390051 0.7629870129870051 48
1773271390063 0.7272727272727201 49
1773271390088 0.7255639097744289 50
1773271390101 0.7865315134484063 51
1773271390112 0.8130252100840256 52
1773271390124 0.816707717569778 53
1773271390139 0.7386147532779428 54
1773271390150 0.7637874086677934 55
1773271390162 0.809999999999992 56
1773271390191 0.8113217058171107 57
1773271390205 0.8496824276640705 58
1773271390217 0.8597859785978512 59
1773271390228 0.8358705514668733 60
1773271390240 0.8324289016179196 61
1773271390263 0.8633814102564017 62
1773271390281 0.8022208883553341 63
1773271390303 0.789999999999992 64
1773271390329 0.7651886698028149 65
1773271390341 0.7955159643679232 66
1773271390356 0.8396007662062623 67
1773271390368 0.8691626409017627 68
1773271390380 0.7892628205128127 69
1773271390391 0.7676282051281975 70
1773271390404 0.7900563607085266 71
1773271390417 0.7224001601441224 72
1773271390430 0.718478710210823 73
1773271390442 0.7044817927170799 74
1773271390455 0.7982798279827903 75
1773271390476 0.7644264426442569 76
1773271390494 0.772008803521401 77
1773271390507 0.8245524296675109 78
1773271390521 0.8356331168831084 79
1773271390546 0.7824561403508694 80
1773271390559 0.820282028202812 81
1773271390573 0.8757375737573669 82
1773271390587 0.8250300120047938 83
1773271390598 0.8425925925925842 84
1773271390611 0.8054305430542974 85
1773271390623 0.8003800380037924 86
1773271390635 0.8160401002506183 87
1773271390647 0.8103135396713298 88
1773271390659 0.8249999999999917 89
1773271390671 0.8634453781512519 90
1773271390682 0.7664592533119152 91
1773271390695 0.6713685474189609 92
1773271390708 0.6510101010100948 93
1773271390720 0.7767713365539374 94
1773271390745 0.7628262826282552 95
1773271390757 0.8188405797101368 96
1773271390770 0.8355889724310692 97
1773271390781 0.8218045112781873 98
1773271390793 0.8213032581453552 99
1773271390804 0.843607652596408 100
1773271390818 0.8457792207792121 101
1773271390833 0.789166917897691 102
1773271390845 0.8485576923076839 103
1773271390860 0.8134821339205204 104
1773271390875 0.8591859185918507 105
1773271390887 0.7949999999999922 106
1773271390901 0.8613782051281965 107
1773271390913 0.8252300920368065 108
1773271390927 0.8433813892529406 109
1773271390955 0.7759275927592681 110
1773271390969 0.8080200501253052 111
1773271390983 0.8649999999999913 112
1773271390998 0.8096955128205048 113
1773271391007 0.8349999999999917 114
1773271391022 0.8027375201288165 115
1773271391032 0.8215538847117713 116
1773271391042 0.809999999999992 117
1773271391053 0.8609687468596035 118
1773271391066 0.8607442977190791 119
1773271391076 0.8537332931363596 120
1773271391086 0.8072228891556542 121
1773271391097 0.7756004421666088 122
1773271391107 0.7649999999999924 123
1773271391118 0.8388838883888305 124
1773271391129 0.8464646464646379 125
1773271391149 0.8954887218045023 126
1773271391159 0.8914786967418458 127
1773271391169 0.8759383445100504 128
1773271391179 0.8284594513114177 129
1773271391190 0.8911030595813114 130
1773271391200 0.8550355035503465 131
1773271391210 0.8516229524670802 132
1773271391219 0.8182367149758372 133
1773271391229 0.7976762820512742 134
1773271391239 0.8436374549819844 135
1773271391249 0.789614121510665 136
1773271391260 0.8183818381838102 137
1773271391270 0.8625450180071943 138
1773271391280 0.8134434924520522 139
1773271391291 0.8166649863897488 140
1773271391311 0.8128019323671416 141
1773271391323 0.8436374549819844 142
1773271391336 0.8696110943623669 143
1773271391346 0.8791050903119778 144
1773271391358 0.7682142498241304 145
1773271391368 0.6941747572815464 146
1773271391379 0.7473684210526242 147
1773271391389 0.8036214485794237 148
1773271391399 0.8315937374548292 149
1773271391411 0.8494580489763062 150
1773271391422 0.8349999999999917 151
1773271391433 0.860150375939841 152
1773271391442 0.8520202020201935 153
1773271391453 0.8212521423530514 154
1773271391464 0.8501642036124706 155
1773271391485 0.8350877192982373 156
1773271391496 0.8334002408671134 157
1773271391506 0.8730546231309035 158
1773271391516 0.8442455242966669 159
1773271391527 0.905040504050396 160
1773271391538 0.8423369347739011 161
1773271391551 0.8104166666666583 162
1773271391563 0.8551355135513466 163
1773271391576 0.9108527131782852 164
1773271391588 0.850485048504842 165
1773271391600 0.899999999999991 166
1773271391611 0.8928571428571339 167
1773271391622 0.865736573657357 168
1773271391633 0.8387599236257578 169
1773271391645 0.8299879566439098 170
1773271391666 0.8264326432643182 171
1773271391678 0.7886425751594213 172
1773271391688 0.8388798701298619 173
1773271391700 0.8797879787978711 174
1773271391711 0.8583224902412085 175
1773271391722 0.8840975807267852 176
1773271391733 0.8448067632850158 177
1773271391744 0.8249319487851515 178
1773271391756 0.8618024889602482 179
1773271391767 0.8569711538461453 180
1773271391778 0.8460144927536147 181
1773271391789 0.8585434173669382 182
1773271391800 0.8809523809523722 183
1773271391811 0.8703703703703618 184
1773271391822 0.8724407868325886 185
1773271391847 0.8562499999999909 186
1773271391862 0.7495226610390839 187
1773271391875 0.7805411453565172 188
1773271391887 0.7399959983993525 189
1773271391899 0.7708333333333257 190
1773271391911 0.8307977179461432 191
1773271391923 0.8945845390657203 192
1773271391936 0.8808373590982199 193
1773271391947 0.8449999999999915 194
1773271391958 0.8561698717948633 195
1773271391972 0.8622760484435906 196
1773271391983 0.8327294685990254 197
1773271391995 0.852832512315262 198
