1773270282703 0.0 0
1773270282721 0.5 1
1773270282736 0.5051546391752577 2
1773270282755 0.5488195278111244 3
1773270282774 0.77 4
1773270282794 0.804788961038961 5
1773270282809 0.7466720048043238 6
1773270282824 0.8270308123249299 7
1773270282838 0.8006407606448946 8
1773270282853 0.7333333333333334 9
1773270282870 0.770330112721417 10
1773270282899 0.7532408803135363 11
1773270282914 0.751610305958132 12
1773270282929 0.8415737111848055 13
1773270282945 0.8112980769230769 14
1773270282961 0.808980898089809 15
1773270282976 0.8064903846153846 16
1773270282988 0.7700320512820513 17
1773270283001 0.8340852130325814 18
1773270283015 0.8048219287715086 19
1773270283027 0.8390839083908391 20
1773270283042 0.8429292929292929 21
1773270283059 0.859775641025641 22
1773270283075 0.874937493749375 23
1773270283088 0.8328320802005013 24
1773270283102 0.8285828582858286 25
1773270283139 0.7729202037351444 26
1773270283158 0.6921918908069049 27
1773270283174 0.6349859494179044 28
1773270283190 0.8 29
1773270283206 0.7568108974358975 30
1773270283221 0.840153452685422 31
1773270283236 0.8052305230523052 32
1773270283251 0.8513621794871795 33
1773270283265 0.7828525641025641 34
1773270283280 0.8408521303258145 35
1773270283293 0.7975712565234846 36
1773270283307 0.8013211890701631 37
1773270283322 0.8034731258132319 38
1773270283336 0.8538415366146459 39
1773270283348 0.8213032581453634 40
1773270283372 0.8459358234639134 41
1773270283386 0.8783513405362144 42
1773270283400 0.8453634085213033 43
1773270283414 0.87 44
1773270283426 0.81875 45
1773270283439 0.7163461538461539 46
1773270283453 0.5927835051546392 47
1773270283467 0.587962962962963 48
1773270283480 0.6122448979591837 49
1773270283494 0.7718787635487756 50
1773270283508 0.8180354267310789 51
1773270283521 0.7798211235051753 52
1773270283534 0.8185463659147869 53
1773270283548 0.8931159420289855 54
1773270283561 0.8460346034603461 55
1773270283591 0.8507402961184474 56
1773270283606 0.8233120761210648 57
1773270283619 0.8158212560386473 58
1773270283631 0.8273182957393483 59
1773270283644 0.8038108680310515 60
1773270283656 0.8317254547281681 61
1773270283668 0.875289847766912 62
1773270283682 0.788961038961039 63
1773270283695 0.8421368547418968 64
1773270283709 0.84885588117222 65
1773270283723 0.8350877192982455 66
1773270283738 0.8397839783978398 67
1773270283755 0.8218344155844155 68
1773270283771 0.8207282913165266 69
1773270283787 0.8672468987595038 70
1773270283810 0.8411027568922306 71
1773270283829 0.8448397146015476 72
1773270283848 0.845034503450345 73
1773270283864 0.8097479501973883 74
1773270283883 0.8047972701726214 75
1773270283902 0.7803945249597424 76
1773270283918 0.8441558441558441 77
1773270283937 0.8637473298748856 78
1773270283954 0.8824476650563606 79
1773270283969 0.8782534418651391 80
1773270283986 0.83 81
1773270284000 0.8541666666666667 82
1773270284019 0.8351335133513351 83
1773270284036 0.8103639479786269 84
1773270284051 0.8668301471324191 85
1773270284084 0.8656365636563657 86
1773270284107 0.86373228821224 87
1773270284128 0.8867167919799499 88
1773270284145 0.83499145814491 89
1773270284166 0.8387838783878387 90
1773270284185 0.8080272245020519 91
1773270284200 0.7795893719806763 92
1773270284215 0.8477564102564102 93
1773270284228 0.8737980769230769 94
1773270284242 0.8750375337804024 95
1773270284257 0.844619900799676 96
1773270284270 0.7991692523270943 97
1773270284287 0.8 98
1773270284302 0.6468587434973989 99
1773270284314 0.7941176470588236 100
1773270284345 0.8360096346848656 101
1773270284359 0.8378351340536214 102
1773270284375 0.822061191626409 103
1773270284390 0.8791979949874686 104
1773270284405 0.852617355620058 105
1773270284420 0.8621794871794872 106
1773270284434 0.8408702642950456 107
1773270284449 0.8544189770793714 108
1773270284464 0.8557692307692308 109
1773270284478 0.8142857142857143 110
1773270284494 0.8275353473705624 111
1773270284509 0.8229291716686675 112
1773270284525 0.8971574416975278 113
1773270284540 0.8534630507107571 114
1773270284555 0.8087761674718197 115
1773270284585 0.8317230273752013 116
1773270284599 0.82 117
1773270284615 0.7963185274109643 118
1773270284629 0.8571717785200932 119
1773270284646 0.8636591478696742 120
1773270284662 0.8172932330827067 121
1773270284676 0.787760024118179 122
1773270284706 0.8649122807017544 123
1773270284734 0.875 124
1773270284751 0.8696306704134886 125
1773270284767 0.8417366946778712 126
1773270284784 0.8495816110495009 127
1773270284800 0.8396511745135599 128
1773270284816 0.8579997983667709 129
1773270284833 0.853673223604978 130
1773270284873 0.9051405140514052 131
1773270284900 0.8595618530800924 132
1773270284919 0.8677536231884058 133
1773270284933 0.8560606060606061 134
1773270284947 0.8633814102564102 135
1773270284963 0.8317230273752013 136
1773270284977 0.7716346153846154 137
1773270284991 0.8047619047619048 138
1773270285005 0.7776442307692308 139
1773270285020 0.83123298719629 140
1773270285033 0.8543354335433544 141
1773270285048 0.8195382599052324 142
1773270285076 0.8453345334533453 143
1773270285092 0.8569992965531102 144
1773270285107 0.8425480769230769 145
1773270285132 0.8430372148859544 146
1773270285146 0.8498648783905515 147
1773270285162 0.8434363709353674 148
1773270285179 0.9006410256410255 149
1773270285198 0.8477390956382553 150
1773270285215 0.9046404640464046 151
1773270285229 0.8237413672305074 152
1773270285244 0.832109343125255 153
1773270285259 0.7920792079207921 154
1773270285274 0.8435343534353436 155
1773270285292 0.859375 156
1773270285311 0.8651365136513651 157
1773270285325 0.856280193236715 158
1773270285338 0.8650285256731058 159
1773270285353 0.8265756724207145 160
1773270285382 0.886654661864746 161
1773270285398 0.8167919799498746 162
1773270285413 0.8695453158376564 163
1773270285427 0.8870192307692308 164
1773270285448 0.8944394439443943 165
1773270285468 0.8636089923725412 166
1773270285487 0.8843384338433844 167
1773270285502 0.8840820018088634 168
1773270285517 0.895 169
1773270285537 0.9073665194700924 170
1773270285566 0.875 171
1773270285587 0.9057405740574057 172
1773270285606 0.871938980329185 173
1773270285623 0.8095142513046969 174
1773270285640 0.7903613251926733 175
1773270285682 0.8417251551215543 176
1773270285707 0.8727272727272728 177
1773270285736 0.8484299516908212 178
1773270285754 0.8448223504403279 179
1773270285777 0.9296929692969297 180
1773270285799 0.8251733986128111 181
1773270285819 0.8626262626262626 182
1773270285841 0.8401771336553945 183
1773270285861 0.8623449379751901 184
1773270285892 0.8793517406962785 185
1773270285913 0.8828531412565026 186
1773270285936 0.8769423558897242 187
1773270285962 0.8646616541353384 188
1773270285981 0.8806880688068808 189
1773270285996 0.8816425120772947 190
1773270286026 0.8696110943623756 191
1773270286049 0.8700870087008701 192
1773270286066 0.8583725352817536 193
1773270286083 0.8903561424569828 194
1773270286099 0.888754899005125 195
1773270286120 0.8694944563116671 196
1773270286139 0.7719404186795491 197
1773270286157 0.8130883692681445 198
