1780271054604 0.0 0
1780271054607 0.5 1
1780271054608 0.6666666666666666 2
1780271054610 0.7479142600436401 3
1780271054612 0.8016865196367496 4
1780271054614 0.8475163650365807 5
1780271054616 0.7992052360916316 6
1780271054617 0.8859883438562409 7
1780271054619 0.8631868131868132 8
1780271054621 0.8653576437587658 9
1780271054623 0.9153114282553381 10
1780271054625 0.8432274716642352 11
1780271054628 0.9273809523809524 12
1780271054631 0.9251111912489483 13
1780271054634 0.9260110294117647 14
1780271054637 0.9076007770762506 15
1780271054640 0.8674242424242424 16
1780271054642 0.9478885893980233 17
1780271054644 0.8509385351490615 18
1780271054646 0.9214285714285715 19
1780271054647 0.908802638254693 20
1780271054649 0.9002732240437159 21
1780271054651 0.9247648902821317 22
1780271054653 0.8993268421685299 23
1780271054655 0.8895511921458625 24
1780271054657 0.8959794296400188 25
1780271054659 0.8980422219601368 26
1780271054660 0.923728813559322 27
1780271054662 0.7286612758310871 28
1780271054664 0.9016393442622951 29
1780271054666 0.9340277777777778 30
1780271054668 0.9343151005142589 31
1780271054670 0.9384191176470589 32
1780271054672 0.9147609147609148 33
1780271054674 0.8956801470588236 34
1780271054675 0.9057539682539683 35
1780271054677 0.9282296650717703 36
1780271054679 0.911904761904762 37
1780271054681 0.974012474012474 38
1780271054683 0.9545454545454546 39
1780271054685 0.939031339031339 40
1780271054687 0.9428571428571428 41
1780271054688 0.9464285714285714 42
1780271054690 0.9445187165775402 43
1780271054692 0.9194571283612379 44
1780271054694 0.9505208333333333 45
1780271054696 0.9282374941561478 46
1780271054697 0.9359999999999999 47
1780271054699 0.9197188809298554 48
1780271054701 0.9477265184201793 49
1780271054703 0.9289642015486477 50
1780271054704 0.9545036764705883 51
1780271054706 0.8603573043871551 52
1780271054708 0.5579710144927537 53
1780271054710 0.9532967032967032 54
1780271054711 0.9488881513441751 55
1780271054713 0.9227671595143647 56
1780271054715 0.9434427214809472 57
1780271054717 0.9188948306595366 58
1780271054719 0.884655875773128 59
1780271054720 0.9045269114357153 60
1780271054722 0.906071148019302 61
1780271054724 0.8788377192982456 62
1780271054726 0.9210031347962382 63
1780271054728 0.9365079365079365 64
1780271054730 0.9514260249554367 65
1780271054731 0.9008736921583431 66
1780271054733 0.9023809523809523 67
1780271054735 0.930614695927503 68
1780271054737 0.9356617647058824 69
1780271054738 0.9033333333333333 70
1780271054740 0.8846153846153846 71
1780271054743 0.8984375 72
1780271054745 0.9575088787417554 73
1780271054746 0.9238244514106583 74
1780271054748 0.9427065229984938 75
1780271054750 0.8698005698005697 76
1780271054752 0.9305555555555556 77
1780271054753 0.9210422424003157 78
1780271054768 0.8595238095238096 79
1780271054770 0.9055857078245138 80
1780271054772 0.9092261904761905 81
1780271054773 0.9154199377869945 82
1780271054775 0.9386578333946755 83
1780271054777 0.9605211212001579 84
1780271054779 0.939010989010989 85
1780271054780 0.9165497896213184 86
1780271054782 0.9015930965814802 87
1780271054784 0.8333333333333333 88
1780271054785 0.8914455110107284 89
1780271054787 0.8687469645458961 90
1780271054789 0.9366633477154552 91
1780271054791 0.9370370370370371 92
1780271054792 0.9518221488383064 93
1780271054794 0.904043945769051 94
1780271054796 0.9456043956043956 95
1780271054798 0.8636363636363636 96
1780271054801 0.9635745507527926 97
1780271054804 0.9379340277777778 98
1780271054807 0.9341327771984707 99
1780271054810 0.9105631210894369 100
1780271054813 0.9016393442622951 101
1780271054815 0.9761434217955958 102
1780271054817 0.944047619047619 103
1780271054819 0.9479897148200094 104
1780271054821 0.9541980565563926 105
1780271054823 0.953160825417622 106
1780271054824 0.9095634095634095 107
1780271054826 0.9573412698412699 108
1780271054828 0.8983134920634921 109
1780271054830 0.9492753623188406 110
1780271054832 0.8523908523908523 111
1780271054834 0.9383666339119991 112
1780271054836 0.8952962460425147 113
1780271054838 0.7348484848484849 114
1780271054840 0.9736842105263157 115
1780271054842 0.9254158004158004 116
1780271054844 0.8864767073722297 117
1780271054846 0.9510684798445848 118
1780271054848 0.9492275032433071 119
1780271054850 0.9493685552079713 120
1780271054851 0.9470486111111112 121
1780271054853 0.9347426470588236 122
1780271054855 0.9516488413547237 123
1780271054857 0.9287941787941788 124
1780271054859 0.9468543886352105 125
1780271054861 0.939484126984127 126
1780271054863 0.9532915360501567 127
1780271054865 0.9016282225237449 128
1780271054867 0.9031339031339032 129
1780271054869 0.8593893933412291 130
1780271054871 0.9611285266457681 131
1780271054872 0.9547715965626413 132
1780271054874 0.9494288281350276 133
1780271054876 0.9117647058823529 134
1780271054878 0.9356617647058824 135
1780271054880 0.9375575733649164 136
1780271054881 0.9618055555555556 137
1780271054883 0.927753651796289 138
1780271054885 0.9409722222222222 139
1780271054887 0.9328583014714402 140
1780271054889 0.9703947368421053 141
1780271054890 0.911134283397057 142
1780271054892 0.925 143
1780271054894 0.9655330882352942 144
1780271054895 0.9583333333333333 145
1780271054897 0.9701927955352613 146
1780271054899 0.9659656264133876 147
1780271054901 0.9598901098901098 148
1780271054902 0.9761904761904763 149
1780271054904 0.8309859154929577 150
1780271054906 0.9482250265361482 151
1780271054908 0.9457735247208932 152
1780271054909 0.9576271186440678 153
1780271054911 0.9145220588235294 154
1780271054913 0.820754716981132 155
1780271054915 0.9364829985411289 156
1780271054916 0.9560542309490416 157
1780271054918 0.9567398119122257 158
1780271054920 0.9043887147335423 159
1780271054922 0.9547619047619047 160
1780271054923 0.9066666666666666 161
1780271054925 0.8770491803278688 162
1780271054927 0.9226323858945631 163
1780271054928 0.94 164
1780271054930 0.9330985915492958 165
1780271054932 0.9171921672751411 166
1780271054934 0.9178354371201496 167
1780271054936 0.9562630352104036 168
1780271054943 0.9642857142857143 169
1780271054945 0.9195772058823529 170
1780271054947 0.927065527065527 171
1780271054949 0.9260110294117647 172
1780271054950 0.9568723702664796 173
1780271054952 0.9366666666666666 174
1780271054954 0.25192519251925194 175
1780271054956 0.37218496646982285 176
1780271054957 0.5255025502550255 177
1780271054959 0.5093457943925234 178
1780271054961 0.6027410964385754 179
1780271054963 0.6533613445378151 180
1780271054964 0.6599439495545991 181
1780271054966 0.6481592637054822 182
1780271054968 0.7446244624462446 183
1780271054970 0.5482434190771694 184
1780271054971 0.5 185
1780271054973 0.796218487394958 186
1780271054975 0.7576030412164866 187
1780271054976 0.7486215538847119 188
1780271054978 0.668967587034814 189
1780271054980 0.6858407079646018 190
1780271054982 0.5089285714285714 191
1780271054984 0.702020202020202 192
1780271054985 0.7876354877559213 193
1780271054987 0.6098901098901099 194
1780271054989 0.8169070512820513 195
1780271054991 0.7247596153846154 196
1780271054993 0.6661616161616162 197
1780271054994 0.6210526315789474 198
1780271054996 0.7839221196306705 199
1780271054998 0.7198067632850241 200
1780271054999 0.7922129916925233 201
1780271055001 0.7912484945804897 202
1780271055003 0.8112980769230769 203
1780271055005 0.8005050505050505 204
1780271055007 0.7439393939393939 205
1780271055008 0.7924812030075188 206
1780271055010 0.7776942355889724 207
1780271055012 0.821658615136876 208
1780271055014 0.7081320450885669 209
1780271055016 0.8015206082432973 210
1780271055018 0.820721535524068 211
1780271055019 0.685 212
1780271055021 0.7843559203282955 213
1780271055023 0.8290829082908291 214
1780271055025 0.8415366146458583 215
1780271055026 0.8613123993558776 216
1780271055028 0.7624798711755234 217
1780271055030 0.8103793414072666 218
1780271055032 0.8112980769230769 219
1780271055033 0.8137019230769231 220
1780271055035 0.8107769423558897 221
1780271055037 0.6243118806926233 222
1780271055039 0.835 223
1780271055040 0.8548711755233495 224
1780271055042 0.7938808373590982 225
1780271055044 0.8193108974358975 226
1780271055046 0.6554596547571256 227
1780271055047 0.8591436574629852 228
1780271055049 0.8072660098522167 229
1780271055051 0.825563909774436 230
1780271055053 0.7962962962962963 231
1780271055054 0.835 232
1780271055056 0.8548354835483548 233
1780271055058 0.8022581629539213 234
1780271055060 0.6608695652173913 235
1780271055061 0.8083274947452708 236
1780271055063 0.8107890499194848 237
1780271055065 0.793233082706767 238
1780271055067 0.8469490164592532 239
1780271055068 0.8378212974296206 240
1780271055070 0.8145032051282051 241
1780271055072 0.7652979066022545 242
1780271055073 0.7897243107769424 243
1780271055075 0.84998499849985 244
1780271055077 0.8778044871794872 245
1780271055079 0.6173469387755102 246
1780271055080 0.8774436090225564 247
1780271055082 0.8322962665596146 248
1780271055084 0.7252747252747253 249
1780271055086 0.7219497547793013 250
1780271055087 0.777900441589723 251
1780271055089 0.871938980329185 252
1780271055091 0.8500602167804094 253
1780271055092 0.8353365384615384 254
1780271055094 0.8209134615384616 255
1780271055096 0.8065619967793881 256
1780271055098 0.8609443777511004 257
1780271055099 0.8528151774785802 258
1780271055101 0.8214033672749269 259
1780271055103 0.871660449642101 260
1780271055105 0.7783546728500856 261
1780271055107 0.8453525641025641 262
1780271055108 0.8071228491396558 263
1780271055110 0.7566810129116204 264
1780271055113 0.73989898989899 265
1780271055115 0.7815781578157817 266
1780271055117 0.7999199679871949 267
1780271055118 0.8462384953981592 268
1780271055120 0.8448067632850241 269
1780271055122 0.7284504486339349 270
1780271055123 0.7883788378837884 271
1780271055125 0.808209554395825 272
1780271055127 0.8170426065162908 273
1780271055129 0.875 274
1780271055130 0.7946859903381642 275
1780271055132 0.8257384817017844 276
1780271055134 0.8278195488721805 277
1780271055136 0.888398233641108 278
1780271055137 0.8413841384138414 279
1780271055139 0.8859473526173556 280
1780271055141 0.8348214285714286 281
1780271055142 0.8039452495974235 282
1780271055144 0.81998199819982 283
1780271055146 0.875750178008341 284
1780271055148 0.8269230769230769 285
1780271055149 0.8765556001605781 286
1780271055151 0.8462157809983897 287
1780271055153 0.8263326332633263 288
1780271055155 0.7850065058552698 289
1780271055156 0.7224722472247225 290
1780271055158 0.7135463772485178 291
1780271055160 0.8310979881893704 292
1780271055162 0.8320073439412485 293
1780271055163 0.8027210884353742 294
1780271055165 0.8386372909016728 295
1780271055167 0.7920842190505112 296
1780271055168 0.7493997599039616 297
1780271055170 0.8182272909163666 298
1780271055172 0.8350877192982455 299
1780271055174 0.797671617824167 300
1780271055175 0.8119307376638976 301
1780271055178 0.885 302
1780271055181 0.7899749373433584 303
1780271055184 0.8433583959899749 304
1780271055187 0.8322653989251756 305
1780271055190 0.7649616368286445 306
1780271055192 0.8501651486337704 307
1780271055195 0.8862179487179487 308
1780271055197 0.8516290726817042 309
1780271055199 0.703125 310
1780271055200 0.896969696969697 311
1780271055202 0.8599859985998599 312
1780271055204 0.8496849684968497 313
1780271055206 0.874347651545564 314
1780271055207 0.881453634085213 315
1780271055209 0.8729967948717949 316
1780271055211 0.895 317
1780271055213 0.8093800322061191 318
1780271055214 0.715486194477791 319
1780271055216 0.7621359223300971 320
1780271055218 0.8221284293035875 321
1780271055220 0.7662212774572326 322
1780271055221 0.75 323
1780271055223 0.875 324
1780271055225 0.8142314231423142 325
1780271055227 0.7288220551378446 326
1780271055228 0.8355889724310777 327
1780271055230 0.8434328208220279 328
1780271055232 0.8072681704260651 329
1780271055234 0.887468671679198 330
1780271055235 0.8549448324729223 331
1780271055237 0.8585858585858586 332
1780271055239 0.8240750075612461 333
1780271055241 0.8851385138513852 334
1780271055242 0.8538415366146459 335
1780271055244 0.8580222199979982 336
1780271055246 0.865 337
1780271055247 0.8678241670012043 338
1780271055249 0.8553685897435898 339
1780271055251 0.8448344834483448 340
1780271055253 0.8199210446401457 341
1780271055254 0.8247807238632927 342
1780271055256 0.8948863636363636 343
1780271055258 0.8033303330333033 344
1780271055259 0.8119770138118763 345
1780271055261 0.8185463659147869 346
1780271055263 0.8486201298701299 347
1780271055265 0.8854636591478697 348
