1780117219688 0.0 0
1780117219690 0.030272469922151452 1
1780117219692 0.5192452830188679 2
1780117219694 0.5638592573868105 3
1780117219696 0.5568130003803586 4
1780117219698 0.5787371960278364 5
1780117219700 0.6950757575757576 6
1780117219702 0.7309107644932388 7
1780117219703 0.7459413160354732 8
1780117219705 0.717204525954526 9
1780117219707 0.3766003721049592 10
1780117219709 0.5348496240601504 11
1780117219711 0.7032072339425282 12
1780117219713 0.5867951907131012 13
1780117219715 0.5709597420123735 14
1780117219717 0.7870708618077039 15
1780117219719 0.6378384161483892 16
1780117219721 0.8039196832579185 17
1780117219723 0.4769391802907535 18
1780117219725 0.8150449383229704 19
1780117219727 0.7885188918488653 20
1780117219729 0.8439746905013266 21
1780117219730 0.8239389901681708 22
1780117219732 0.7602069314858896 23
1780117219734 0.7840521978021979 24
1780117219736 0.7362585943468296 25
1780117219738 0.7417499806246609 26
1780117219740 0.8370571258806553 27
1780117219742 0.7787109346044682 28
1780117219744 0.8216207184628237 29
1780117219746 0.8375359874044085 30
1780117219748 0.785108225108225 31
1780117219750 0.8265084745762712 32
1780117219752 0.6203502680311891 33
1780117219753 0.8232005382590091 34
1780117219755 0.8331101836131547 35
1780117219757 0.8701855341679006 36
1780117219760 0.8426657543261393 37
1780117219762 0.7860242644066173 38
1780117219764 0.8197665958520555 39
1780117219766 0.942342995169082 40
1780117219768 0.8195111791336048 41
1780117219770 0.840799928332537 42
1780117219772 0.8218560550771178 43
1780117219774 0.9004977745366762 44
1780117219776 0.8473552657376187 45
1780117219778 0.8607707954389877 46
1780117219779 0.8129709245873341 47
1780117219781 0.8774446292935403 48
1780117219783 0.9056349206349207 49
1780117219785 0.8816429963798385 50
1780117219787 0.7590645161290323 51
1780117219789 0.8654991971131423 52
1780117219791 0.8699189003664707 53
1780117219793 0.8896138876603272 54
1780117219795 0.8638386976964803 55
1780117219797 0.8882635882635883 56
1780117219798 0.8363758761392359 57
1780117219800 0.851225819535593 58
1780117219802 0.8493012760659819 59
1780117219804 0.8827976190476191 60
1780117219806 0.9137688909555918 61
1780117219808 0.9003000772876935 62
1780117219810 0.736183328761218 63
1780117219812 0.8430540293040293 64
1780117219814 0.9054365079365079 65
1780117219816 0.902024618996116 66
1780117219818 0.8795822220435223 67
1780117219819 0.8423929934799499 68
1780117219821 0.8810598355792865 69
1780117219823 0.8932725789806584 70
1780117219825 0.8894457874007337 71
1780117219827 0.8525893203131055 72
1780117219829 0.8996626984126985 73
1780117219831 0.8691186666568671 74
1780117219833 0.9357400087834871 75
1780117219835 0.9076614703852556 76
1780117219837 0.9227268259776 77
1780117219839 0.9040160003395299 78
1780117219841 0.8937871120107962 79
1780117219843 0.864881769641495 80
1780117219845 0.9134796477359405 81
1780117219847 0.759548199767712 82
1780117219848 0.7566576887165122 83
1780117219850 0.8567009405388172 84
1780117219852 0.8944952184912566 85
1780117219854 0.8832483257483258 86
1780117219856 0.9060674096858307 87
1780117219858 0.8369546303369833 88
1780117219860 0.9288676236044658 89
1780117219862 0.9274963924963926 90
1780117219864 0.8785899326040404 91
1780117219866 0.869567121095254 92
1780117219868 0.8875215372190066 93
1780117219870 0.9193360532618844 94
1780117219871 0.9000003875067814 95
1780117219873 0.9351643312827521 96
1780117219875 0.8412593984962407 97
1780117219877 0.8615664160401003 98
1780117219879 0.6030601092896175 99
1780117219881 0.8715430499116055 100
1780117219883 0.8701056562976067 101
1780117219885 0.9363161855788897 102
1780117219887 0.927169554320584 103
1780117219889 0.9332340861752627 104
1780117219891 0.9107700327894837 105
1780117219893 0.9087012987012987 106
1780117219895 0.8978321678321679 107
1780117219897 0.9570901892412189 108
1780117219898 0.89408118781803 109
1780117219900 0.9075213675213675 110
1780117219902 0.916522644022644 111
1780117219904 0.9354888167388168 112
1780117219906 0.8478486020941263 113
1780117219908 0.8889330745980363 114
1780117219910 0.9285548357058655 115
1780117219912 0.9556277056277056 116
1780117219914 0.943582440950862 117
1780117219916 0.919404761904762 118
1780117219918 0.8735267656320287 119
1780117219920 0.9518364092048301 120
1780117219922 0.921685273790537 121
1780117219924 0.9093343747755513 122
1780117219925 0.9365766689450898 123
1780117219927 0.9332713283635347 124
1780117219929 0.9223028627046664 125
1780117219931 0.9366072919168895 126
1780117219933 0.9045899993726081 127
1780117219935 0.7887873607056122 128
1780117219937 0.8905994152046783 129
1780117219939 0.7350090146314403 130
1780117219941 0.9058970342522974 131
1780117219943 0.9133594641477654 132
1780117219945 0.8849877815421294 133
1780117219947 0.9475324675324674 134
1780117219949 0.9254351073762839 135
1780117219951 0.9002196609869244 136
1780117219953 0.8757711158754802 137
1780117219954 0.9075812310295068 138
1780117219956 0.8766240503507057 139
1780117219958 0.9316666666666666 140
1780117219960 0.8771415413978343 141
1780117219962 0.8890721533742129 142
1780117219964 0.9247897521581733 143
1780117219966 0.9266349206349206 144
1780117219968 0.8675670995670994 145
1780117219970 0.9427220719783648 146
1780117219972 0.9604761904761905 147
1780117219974 0.9321946169772257 148
1780117219976 0.9443418031244117 149
1780117219978 0.9358711336972207 150
1780117219980 0.9084435447593343 151
1780117219982 0.9616233766233766 152
1780117219984 0.9277025898078529 153
1780117219985 0.9005766104450315 154
1780117219988 0.8940372670807453 155
1780117219990 0.9711221234905446 156
1780117219992 0.9474076495586792 157
1780117219994 0.9135115456625755 158
1780117219996 0.9237057564860768 159
1780117219997 0.9854761904761904 160
1780117219999 0.9571428571428573 161
1780117220001 0.962987012987013 162
1780117220003 0.9150148097516517 163
1780117220005 0.9368813337692057 164
1780117220007 0.9178896103896104 165
1780117220009 0.9394987468671679 166
1780117220011 0.9571361095045304 167
1780117220013 0.9625324675324676 168
1780117220015 0.9427611849122146 169
1780117220017 0.9642857142857144 170
1780117220019 0.9297546897546898 171
1780117220021 0.9473160173160172 172
1780117220023 0.9396719070403282 173
1780117220025 0.9552983248635423 174
1780117220027 0.9629089026915112 175
1780117220029 0.9167331791016002 176
1780117220030 0.9578405499915797 177
1780117220032 0.9408333333333332 178
1780117220034 0.9804761904761905 179
1780117220036 0.9735714285714285 180
1780117220038 0.9499498746867168 181
1780117220040 0.9384415584415583 182
1780117220042 0.9137963485789573 183
1780117220044 0.9513041125541125 184
1780117220046 0.9228392952077163 185
1780117220048 0.9563602187286397 186
1780117220050 0.9713852813852814 187
1780117220052 0.9719314590824888 188
1780117220054 0.9536498855835239 189
1780117220056 0.9239156268568033 190
1780117220058 0.9717931191615403 191
1780117220060 0.9534920634920635 192
1780117220062 0.9572226019594442 193
1780117220064 0.9223418394471026 194
1780117220066 0.9335781968289709 195
1780117220068 0.9555211558307534 196
1780117220070 0.9183170995670995 197
1780117220072 0.923703986645163 198
1780117220073 0.9352830605926581 199
1780117220075 0.9468614718614718 200
1780117220077 0.9580598234717227 201
1780117220079 0.9541282389108476 202
1780117220081 0.9559273182957393 203
1780117220083 0.970645933014354 204
1780117220085 0.9629653679653678 205
1780117220087 0.9763852813852812 206
1780117220089 0.9854761904761904 207
1780117220091 0.9768398268398268 208
1780117220093 0.9577022100706312 209
1780117220095 0.9675324675324676 210
1780117220097 0.968015873015873 211
1780117220099 0.94063779357897 212
1780117220101 0.9666233766233765 213
1780117220103 0.9663602187286398 214
1780117220105 0.9720562770562771 215
1780117220106 0.9622693096377306 216
1780117220108 0.95311004784689 217
1780117220110 0.9813852813852815 218
1780117220112 0.9621444916639424 219
1780117220114 0.9804761904761904 220
1780117220116 0.9237534790630766 221
1780117220118 0.9360474308300395 222
1780117220120 0.9469471846709698 223
1780117220122 0.980952380952381 224
1780117220124 0.9334810064376627 225
1780117220126 0.9277884545122397 226
1780117220128 0.9813852813852814 227
1780117220130 0.966923076923077 228
1780117220132 0.9400013923698134 229
1780117220134 0.7896214896214896 230
1780117220136 0.9616233766233766 231
1780117220138 0.9216563146997929 232
1780117220139 0.9485569985569985 233
1780117220141 0.9515983139667348 234
1780117220143 0.9242914979757086 235
1780117220145 0.93205795236755 236
1780117220147 0.9683201581027667 237
1780117220149 0.9424749373433585 238
1780117220151 0.9623100570926658 239
1780117220153 0.9507124035384905 240
1780117220155 0.9466751364577451 241
1780117220157 0.9754761904761903 242
1780117220159 0.9717931191615401 243
1780117220161 0.9854761904761904 244
1780117220163 0.9854761904761904 245
1780117220165 0.9355255145536475 246
1780117220166 0.9716233766233765 247
1780117220168 0.9854761904761904 248
1780117220170 0.9630848861283642 249
1780117220172 0.9489291410344043 250
1780117220174 0.9766233766233766 251
1780117220176 0.9702130325814536 252
1780117220178 0.9763852813852815 253
1780117220180 0.9687747035573123 254
1780117220183 0.9403507986266607 255
1780117220185 0.9663852813852813 256
1780117220187 0.9477716029203442 257
1780117220189 0.9666233766233765 258
1780117220191 0.9818181818181818 259
1780117220193 0.9436816473000684 260
1780117220195 0.9663852813852813 261
1780117220196 0.9807142857142856 262
1780117220198 0.9413602187286397 263
1780117220200 0.9289432789432789 264
1780117220202 0.9724327122153209 265
1780117220204 0.944532279314888 266
1780117220206 0.9759523809523809 267
1780117220208 0.9426045360055657 268
1780117220210 0.9766933638443935 269
1780117220212 0.9535464535464536 270
1780117220214 0.9582251082251082 271
1780117220216 0.9587496409006706 272
1780117220218 0.9228119706380575 273
1780117220220 0.888388334269341 274
1780117220221 0.9492279084808795 275
1780117220223 0.9656349206349206 276
1780117220225 0.9580786452296751 277
1780117220227 0.9562172141583906 278
1780117220229 0.9759523809523809 279
1780117220231 0.966147186147186 280
1780117220233 0.9752130325814535 281
1780117220235 0.9504511278195487 282
1780117220237 0.9724327122153209 283
1780117220239 0.9902380952380951 284
1780117220241 0.9612592086276297 285
1780117220243 0.9759523809523809 286
1780117220245 0.9651587301587302 287
1780117220246 0.9813852813852814 288
1780117220248 0.9688095238095238 289
1780117220250 0.9609523809523808 290
1780117220252 0.8106442577030812 291
1780117220254 0.9462375636059847 292
1780117220256 0.9460427584111795 293
1780117220258 0.9260134493665252 294
1780117220260 0.9596719070403281 295
1780117220262 0.9852130325814535 296
1780117220264 0.9722943722943723 297
1780117220266 0.9305732279416489 298
1780117220268 0.9738095238095237 299
1780117220270 0.9807142857142856 300
1780117220272 0.8968562194269742 301
1780117220273 0.9766233766233766 302
1780117220275 0.9566390614216701 303
1780117220277 0.9444588744588744 304
1780117220279 0.9708297258297257 305
1780117220281 0.9614120193531959 306
1780117220283 0.952432712215321 307
1780117220285 0.9276379354182559 308
1780117220287 0.9563852813852816 309
1780117220289 0.9507252980937192 310
1780117220291 0.9667931191615402 311
1780117220293 0.9708840282524493 312
1780117220295 0.9770562770562771 313
