1780559940230 0.0 0
1780559940233 0.375 1
1780559940236 0.1075 2
1780559940238 0.405 3
1780559940241 0.415 4
1780559940244 0.4 5
1780559940246 0.4025 6
1780559940249 0.4025 7
1780559940252 0.41 8
1780559940254 0.3925 9
1780559940257 0.3825 10
1780559940259 0.385 11
1780559940262 0.415 12
1780559940265 0.415 13
1780559940267 0.39 14
1780559940270 0.355 15
1780559940273 0.5948641765704584 16
1780559940275 0.415 17
1780559940278 0.3925 18
1780559940280 0.4 19
1780559940283 0.6845983787767134 20
1780559940286 0.4125 21
1780559940288 0.4075 22
1780559940291 0.5779707856296881 23
1780559940294 0.6923076923076923 24
1780559940297 0.395 25
1780559940299 0.42 26
1780559940302 0.395 27
1780559940305 0.41 28
1780559940307 0.6438401591775825 29
1780559940310 0.6774193548387097 30
1780559940313 0.3925 31
1780559940315 0.4125 32
1780559940318 0.6479591836734694 33
1780559940320 0.41 34
1780559940323 0.3875 35
1780559940326 0.6646168401135288 36
1780559940328 0.680921052631579 37
1780559940331 0.5779373807653462 38
1780559940334 0.3825 39
1780559940336 0.1175 40
1780559940339 0.3925 41
1780559940342 0.3925 42
1780559940344 0.4125 43
1780559940347 0.3925 44
1780559940349 0.4025 45
1780559940352 0.4075 46
1780559940355 0.3975 47
1780559940357 0.3875 48
1780559940360 0.9020100502512562 49
1780559940363 0.621875 50
1780559940365 0.365 51
1780559940368 0.6475351756250632 52
1780559940371 0.4125 53
1780559940373 0.6691919191919191 54
1780559940376 0.395 55
1780559940379 0.7265625 56
1780559940381 0.5844854070660522 57
1780559940384 0.7508591065292096 58
1780559940386 0.4175 59
1780559940389 0.9120603015075377 60
1780559940392 0.3925 61
1780559940394 0.8223538119911177 62
1780559940397 0.6549549549549549 63
1780559940400 0.4125 64
1780559940402 0.3975 65
1780559940405 0.4175 66
1780559940407 0.4025 67
1780559940410 0.587830368807155 68
1780559940413 0.8844221105527639 69
1780559940415 0.7963800904977376 70
1780559940418 0.6008771929824561 71
1780559940421 0.405 72
1780559940423 0.38 73
1780559940426 0.9132653061224489 74
1780559940428 0.6352040816326531 75
1780559940431 0.39 76
1780559940434 0.4025 77
1780559940436 0.9060913705583756 78
1780559940439 0.5619546247818499 79
1780559940442 0.708414554905783 80
1780559940444 0.6114914151049264 81
1780559940447 0.8969849246231156 82
1780559940449 0.7729591836734694 83
1780559940452 0.6102564102564103 84
1780559940455 0.4025 85
1780559940457 0.6915584415584415 86
1780559940460 0.39 87
1780559940462 0.385 88
1780559940465 0.717948717948718 89
1780559940468 0.764102564102564 90
1780559940471 0.5975484533436016 91
1780559940473 0.6252117447769622 92
1780559940476 0.3875 93
1780559940479 0.6717171717171717 94
1780559940481 0.7083758937691522 95
1780559940484 0.5884615384615385 96
1780559940487 0.6372637263726373 97
1780559940489 0.6229071537290716 98
1780559940492 0.6572104018912529 99
1780559940494 0.7296099290780141 100
1780559940497 0.6111948547884635 101
1780559940500 0.4225 102
1780559940502 0.5769423558897243 103
1780559940505 0.6000000000000001 104
1780559940508 0.3825 105
1780559940510 0.4025 106
1780559940513 0.42462311557788945 107
1780559940515 0.7952127659574468 108
1780559940518 0.6044853245142621 109
1780559940521 0.3775 110
1780559940523 0.7830111065405183 111
1780559940526 0.4225 112
1780559940528 0.4075 113
1780559940531 0.898477157360406 114
1780559940534 0.41457286432160806 115
1780559940536 0.9065656565656566 116
1780559940539 0.6484443152079092 117
1780559940542 0.6616161616161615 118
1780559940544 0.9183673469387755 119
1780559940547 0.781902925104468 120
1780559940549 0.606043956043956 121
1780559940552 0.6545583205566694 122
1780559940555 0.6187111967458788 123
1780559940557 0.9120603015075377 124
1780559940560 0.39 125
1780559940563 0.7422041105598867 126
1780559940565 0.9020100502512562 127
1780559940568 0.5623593699774992 128
1780559940570 0.6941964285714286 129
1780559940573 0.6882882882882884 130
1780559940576 0.9120603015075377 131
1780559940578 0.4125 132
1780559940581 0.4125 133
1780559940583 0.607877512856475 134
1780559940586 0.6852836879432624 135
1780559940589 0.6191772534785239 136
1780559940591 0.6583333333333333 137
1780559940594 0.41 138
1780559940597 0.9045226130653266 139
1780559940599 0.5958191741324271 140
1780559940602 0.41 141
1780559940605 0.71875 142
1780559940607 0.4 143
1780559940610 0.7467411545623837 144
1780559940613 0.6438401591775825 145
1780559940615 0.7925531914893618 146
1780559940618 0.6572164948453608 147
1780559940621 0.3925 148
1780559940623 0.9020100502512562 149
1780559940626 0.3643578643578643 150
1780559940629 0.5021929824561403 151
1780559940631 0.6984924623115578 152
1780559940634 0.6823089700996678 153
1780559940637 0.7082654421567175 154
1780559940639 0.7421455146754858 155
1780559940642 0.7191536974875394 156
1780559940645 0.7257577391867112 157
1780559940647 0.7034883720930232 158
1780559940650 0.7091419816138917 159
1780559940653 0.6924510157470849 160
1780559940655 0.7539180229053646 161
1780559940658 0.7621100164203612 162
1780559940661 0.8147321428571428 163
1780559940663 0.8073788073788073 164
1780559940666 0.8335478335478336 165
1780559940669 0.7388814659286124 166
1780559940671 0.7776292335115864 167
1780559940674 0.75643516270034 168
1780559940677 0.7604263206672845 169
1780559940679 0.8034230807726954 170
1780559940682 0.6924342105263158 171
1780559940684 0.809634974533107 172
1780559940687 0.7569950374828424 173
1780559940690 0.8081081081081081 174
1780559940692 0.8496418434923638 175
1780559940695 0.8039273499233399 176
1780559940698 0.2925 177
1780559940700 0.7226247987117552 178
1780559940703 0.7447916666666667 179
1780559940706 0.7252034438023351 180
1780559940708 0.7678484701311317 181
1780559940711 0.8087707102305642 182
1780559940713 0.3025 183
1780559940716 0.7130124777183601 184
1780559940719 0.7837503861600247 185
1780559940721 0.8071428571428572 186
1780559940724 0.8024134922942716 187
1780559940727 0.7769230769230769 188
1780559940729 0.8214573268921095 189
1780559940732 0.7516129032258065 190
1780559940735 0.7489118331814961 191
1780559940737 0.7462634688912061 192
1780559940740 0.7221933471933473 193
1780559940742 0.7040752351097179 194
1780559940745 0.7605415460934271 195
1780559940748 0.8092105263157895 196
1780559940750 0.7879746835443038 197
1780559940753 0.8354166666666667 198
1780559940756 0.8624758417251551 199
1780559940758 0.5948717948717949 200
1780559940761 0.7777110844337736 201
1780559940764 0.791801948051948 202
1780559940766 0.7671764569574788 203
1780559940769 0.7569766244465039 204
1780559940772 0.7590455583603799 205
1780559940774 0.8011801180118012 206
1780559940777 0.7670856245090338 207
1780559940779 0.7782828282828282 208
1780559940782 0.7450076804915515 209
1780559940785 0.8285984848484849 210
1780559940787 0.7899305555555556 211
1780559940790 0.8198529411764706 212
1780559940793 0.7999698522761531 213
1780559940795 0.8046174009476762 214
1780559940798 0.7913637685373656 215
1780559940801 0.7660762418174817 216
1780559940803 0.8512851897184822 217
1780559940806 0.830883088308831 218
1780559940809 0.7716049382716049 219
1780559940811 0.8176748176748176 220
1780559940814 0.8334601725012685 221
1780559940817 0.8632056849585472 222
1780559940819 0.7834586466165414 223
1780559940822 0.7829970575872215 224
1780559940824 0.837954049544346 225
1780559940827 0.8569651741293532 226
1780559940830 0.7110753183003529 227
1780559940832 0.8427490201378565 228
1780559940835 0.8552817353356437 229
1780559940838 0.719302436693741 230
1780559940840 0.8697802197802198 231
1780559940843 0.7769434014740648 232
1780559940845 0.7579365079365079 233
1780559940848 0.757396449704142 234
1780559940851 0.7914653784219001 235
1780559940853 0.8100010122482033 236
1780559940856 0.804638173870811 237
1780559940858 0.8169265756985056 238
1780559940861 0.8365597902802985 239
1780559940864 0.8549872122762148 240
1780559940866 0.8301096827456067 241
1780559940869 0.852037617554859 242
1780559940872 0.8441558441558441 243
1780559940874 0.8066298342541436 244
1780559940877 0.7544378698224852 245
1780559940879 0.8304768625869543 246
1780559940882 0.7711771177117712 247
1780559940885 0.8868766049466144 248
1780559940887 0.8373219373219374 249
1780559940890 0.7495185898385424 250
1780559940893 0.8525641025641025 251
1780559940895 0.87828756806859 252
1780559940898 0.8079470198675497 253
1780559940901 0.8580917874396135 254
1780559940903 0.8234394124847002 255
1780559940906 0.808 256
1780559940909 0.8515151515151516 257
1780559940911 0.8839396444811906 258
1780559940914 0.8649425287356323 259
1780559940916 0.8818181818181818 260
1780559940919 0.8297297297297297 261
1780559940922 0.8691796008869179 262
1780559940924 0.8605687606112054 263
1780559940927 0.8670250896057348 264
1780559940929 0.8563218390804598 265
1780559940932 0.8529171766625867 266
1780559940935 0.7973684210526315 267
1780559940937 0.7536057692307692 268
1780559940940 0.886705132828465 269
1780559940942 0.8128946090335114 270
1780559940945 0.7868325973504617 271
1780559940948 0.8540006733251038 272
1780559940950 0.8114430957568213 273
1780559940953 0.8229166666666666 274
1780559940955 0.828327922077922 275
1780559940958 0.8439539772098683 276
1780559940961 0.857843137254902 277
1780559940963 0.8656499636891793 278
1780559940966 0.8229166666666667 279
1780559940968 0.9086151368760065 280
1780559940971 0.8670468187274909 281
1780559940974 0.8671679197994988 282
1780559940976 0.7850678733031675 283
1780559940979 0.876 284
1780559940981 0.8298245614035087 285
1780559940984 0.711340206185567 286
1780559940987 0.8256444296935501 287
1780559940990 0.8467032967032967 288
1780559940992 0.8754505200288333 289
1780559940995 0.8426102569857479 290
1780559940998 0.8039772727272727 291
1780559941000 0.8371496249506514 292
1780559941003 0.8923124805477747 293
1780559941006 0.8562709795544705 294
1780559941008 0.8569711538461539 295
1780559941011 0.8959610530111792 296
1780559941013 0.8111111111111111 297
1780559941016 0.8057142857142857 298
