1779357055856 0.0 0
1779357055860 0.1 1
1779357055861 0.1 2
1779357055863 0.1 3
1779357055865 0.105 4
1779357055866 0.1 5
1779357055868 0.15 6
1779357055869 0.1 7
1779357055871 0.12 8
1779357055872 0.1 9
1779357055874 0.13 10
1779357055875 0.23 11
1779357055877 0.1 12
1779357055879 0.115 13
1779357055880 0.12 14
1779357055882 0.07 15
1779357055883 0.09 16
1779357055885 0.1 17
1779357055886 0.18 18
1779357055888 0.1 19
1779357055889 0.1 20
1779357055891 0.1 21
1779357055892 0.14 22
1779357055894 0.11 23
1779357055896 0.135 24
1779357055897 0.12 25
1779357055899 0.1 26
1779357055900 0.145 27
1779357055902 0.115 28
1779357055903 0.09 29
1779357055905 0.19 30
1779357055906 0.095 31
1779357055908 0.1 32
1779357055909 0.115 33
1779357055911 0.1 34
1779357055913 0.105 35
1779357055914 0.1 36
1779357055916 0.11 37
1779357055917 0.04 38
1779357055919 0.13 39
1779357055920 0.125 40
1779357055922 0.105 41
1779357055923 0.1 42
1779357055925 0.105 43
1779357055926 0.11 44
1779357055928 0.1 45
1779357055929 0.11 46
1779357055931 0.13 47
1779357055932 0.11 48
1779357055934 0.07 49
1779357055936 0.105 50
1779357055937 0.11 51
1779357055939 0.115 52
1779357055940 0.105 53
1779357055942 0.1 54
1779357055943 0.1 55
1779357055945 0.13 56
1779357055946 0.105 57
1779357055948 0.115 58
1779357055949 0.155 59
1779357055951 0.085 60
1779357055952 0.165 61
1779357055954 0.085 62
1779357055955 0.125 63
1779357055957 0.1 64
1779357055958 0.1 65
1779357055960 0.145 66
1779357055962 0.165 67
1779357055963 0.1 68
1779357055965 0.105 69
1779357055966 0.105 70
1779357055968 0.145 71
1779357055969 0.175 72
1779357055971 0.1 73
1779357055972 0.135 74
1779357055974 0.14 75
1779357055975 0.105 76
1779357055977 0.095 77
1779357055978 0.1 78
1779357055980 0.1 79
1779357055982 0.1 80
1779357055983 0.1 81
1779357055985 0.16 82
1779357055986 0.15 83
1779357055988 0.105 84
1779357055989 0.175 85
1779357055991 0.105 86
1779357055992 0.13 87
1779357055994 0.115 88
1779357055995 0.14 89
1779357055997 0.205 90
1779357055998 0.1 91
1779357056000 0.17 92
1779357056001 0.125 93
1779357056003 0.1 94
1779357056005 0.11 95
1779357056006 0.1 96
1779357056008 0.105 97
1779357056009 0.155 98
1779357056011 0.1 99
1779357056012 0.145 100
1779357056014 0.1 101
1779357056015 0.11 102
1779357056017 0.1 103
1779357056018 0.13 104
1779357056020 0.175 105
1779357056021 0.135 106
1779357056023 0.095 107
1779357056025 0.09 108
1779357056026 0.065 109
1779357056028 0.06 110
1779357056029 0.105 111
1779357056031 0.205 112
1779357056032 0.13 113
1779357056034 0.1 114
1779357056035 0.105 115
1779357056037 0.1 116
1779357056038 0.1 117
1779357056040 0.11 118
1779357056041 0.105 119
1779357056043 0.1 120
1779357056044 0.145 121
1779357056046 0.1 122
1779357056047 0.1 123
1779357056049 0.1 124
1779357056051 0.1 125
1779357056052 0.16 126
1779357056054 0.19 127
1779357056055 0.125 128
1779357056057 0.105 129
1779357056058 0.1 130
1779357056060 0.115 131
1779357056061 0.115 132
1779357056063 0.135 133
1779357056064 0.145 134
1779357056066 0.095 135
1779357056067 0.06 136
1779357056069 0.145 137
1779357056070 0.085 138
1779357056072 0.105 139
1779357056073 0.1 140
1779357056075 0.095 141
1779357056076 0.1 142
1779357056078 0.1 143
1779357056080 0.185 144
1779357056081 0.1 145
1779357056083 0.12 146
1779357056084 0.1 147
1779357056086 0.2 148
1779357056087 0.185 149
1779357056089 0.115 150
1779357056090 0.135 151
1779357056092 0.115 152
1779357056093 0.11 153
1779357056095 0.155 154
1779357056096 0.125 155
1779357056098 0.095 156
1779357056100 0.1 157
1779357056101 0.19 158
1779357056103 0.1 159
1779357056104 0.1 160
1779357056106 0.11 161
1779357056107 0.185 162
1779357056109 0.1 163
1779357056110 0.09 164
1779357056112 0.1 165
1779357056113 0.1 166
1779357056115 0.105 167
1779357056116 0.105 168
1779357056118 0.12 169
1779357056119 0.14 170
1779357056121 0.095 171
1779357056122 0.1 172
1779357056124 0.155 173
1779357056125 0.18 174
1779357056127 0.085 175
1779357056128 0.17 176
1779357056130 0.1 177
1779357056131 0.235 178
1779357056133 0.095 179
1779357056135 0.1 180
1779357056136 0.105 181
1779357056138 0.145 182
1779357056139 0.155 183
1779357056141 0.115 184
1779357056142 0.11 185
1779357056144 0.15 186
1779357056145 0.105 187
1779357056147 0.105 188
1779357056148 0.1 189
1779357056150 0.105 190
1779357056151 0.11 191
1779357056153 0.125 192
1779357056154 0.095 193
1779357056156 0.185 194
1779357056157 0.095 195
1779357056159 0.1 196
1779357056160 0.22 197
1779357056162 0.1 198
1779357056163 0.14 199
1779357056165 0.1 200
1779357056166 0.1 201
1779357056168 0.195 202
1779357056170 0.155 203
1779357056171 0.145 204
1779357056173 0.17 205
1779357056174 0.1 206
1779357056176 0.1 207
1779357056177 0.115 208
1779357056179 0.1 209
1779357056180 0.09 210
1779357056182 0.07 211
1779357056183 0.105 212
1779357056185 0.15 213
1779357056186 0.185 214
1779357056188 0.1 215
1779357056189 0.1 216
1779357056191 0.18 217
1779357056193 0.115 218
1779357056194 0.17 219
1779357056196 0.22 220
1779357056197 0.1 221
1779357056199 0.16 222
1779357056200 0.14 223
1779357056202 0.135 224
1779357056203 0.195 225
1779357056205 0.1 226
1779357056206 0.15 227
1779357056208 0.135 228
1779357056209 0.135 229
1779357056211 0.165 230
1779357056212 0.1 231
1779357056214 0.19 232
1779357056215 0.105 233
1779357056217 0.215 234
1779357056218 0.11 235
1779357056220 0.105 236
1779357056221 0.14 237
1779357056223 0.15 238
1779357056225 0.12 239
1779357056226 0.12 240
1779357056228 0.105 241
1779357056229 0.1 242
1779357056231 0.095 243
1779357056232 0.175 244
1779357056234 0.105 245
1779357056235 0.115 246
1779357056237 0.085 247
1779357056239 0.145 248
1779357056240 0.1 249
1779357056242 0.18 250
1779357056243 0.1 251
1779357056245 0.12 252
1779357056246 0.14 253
1779357056248 0.16 254
1779357056249 0.1 255
1779357056251 0.145 256
1779357056252 0.1 257
1779357056254 0.1 258
1779357056255 0.1 259
1779357056257 0.1 260
1779357056258 0.16 261
1779357056260 0.13 262
1779357056261 0.11 263
1779357056263 0.115 264
1779357056265 0.195 265
1779357056266 0.13 266
1779357056268 0.1 267
1779357056269 0.13 268
1779357056271 0.11 269
1779357056272 0.15 270
1779357056274 0.105 271
1779357056275 0.12 272
1779357056277 0.085 273
1779357056278 0.1 274
1779357056280 0.1 275
1779357056281 0.105 276
1779357056283 0.165 277
1779357056284 0.125 278
1779357056286 0.12 279
1779357056287 0.155 280
1779357056289 0.125 281
1779357056291 0.105 282
1779357056292 0.1 283
1779357056294 0.12 284
1779357056295 0.1 285
1779357056297 0.1 286
1779357056298 0.125 287
1779357056300 0.1 288
1779357056301 0.21 289
1779357056303 0.125 290
1779357056304 0.14 291
1779357056306 0.095 292
1779357056307 0.09 293
1779357056309 0.225 294
1779357056310 0.18 295
1779357056312 0.125 296
1779357056313 0.125 297
1779357056315 0.13 298
1779357056316 0.12 299
1779357056318 0.17 300
1779357056319 0.11 301
1779357056321 0.125 302
1779357056322 0.14 303
1779357056324 0.12 304
1779357056325 0.1 305
1779357056327 0.105 306
1779357056328 0.12 307
1779357056330 0.08 308
1779357056331 0.1 309
1779357056333 0.085 310
1779357056335 0.1 311
1779357056336 0.13 312
1779357056338 0.1 313
