1780130691889 0.0 0
1780130691892 0.105 1
1780130691895 0.21 2
1780130691897 0.36 3
1780130691899 0.56 4
1780130691901 0.495 5
1780130691903 0.435 6
1780130691905 0.545 7
1780130691908 0.535 8
1780130691910 0.195 9
1780130691912 0.63 10
1780130691914 0.68 11
1780130691916 0.565 12
1780130691918 0.745 13
1780130691920 0.72 14
1780130691922 0.71 15
1780130691924 0.68 16
1780130691926 0.535 17
1780130691928 0.61 18
1780130691930 0.64 19
1780130691932 0.645 20
1780130691934 0.63 21
1780130691936 0.705 22
1780130691938 0.705 23
1780130691940 0.525 24
1780130691942 0.715 25
1780130691945 0.715 26
1780130691947 0.605 27
1780130691949 0.71 28
1780130691951 0.67 29
1780130691953 0.615 30
1780130691955 0.62 31
1780130691957 0.76 32
1780130691959 0.705 33
1780130691961 0.755 34
1780130691963 0.77 35
1780130691966 0.62 36
1780130691968 0.74 37
1780130691970 0.85 38
1780130691972 0.6 39
1780130691974 0.76 40
1780130691976 0.82 41
1780130691978 0.56 42
1780130691980 0.64 43
1780130691982 0.755 44
1780130691984 0.855 45
1780130691986 0.695 46
1780130691988 0.755 47
1780130691990 0.88 48
1780130691992 0.68 49
1780130691994 0.785 50
1780130691996 0.815 51
1780130691998 0.76 52
1780130692000 0.88 53
1780130692003 0.875 54
1780130692005 0.86 55
1780130692007 0.73 56
1780130692009 0.875 57
1780130692011 0.775 58
1780130692013 0.85 59
1780130692015 0.86 60
1780130692017 0.85 61
1780130692019 0.885 62
1780130692021 0.545 63
1780130692023 0.865 64
1780130692025 0.885 65
1780130692027 0.89 66
1780130692029 0.75 67
1780130692034 0.795 68
1780130692036 0.77 69
1780130692038 0.83 70
1780130692040 0.89 71
1780130692043 0.86 72
1780130692045 0.83 73
1780130692047 0.89 74
1780130692049 0.84 75
1780130692051 0.82 76
1780130692053 0.835 77
1780130692055 0.64 78
1780130692057 0.86 79
1780130692059 0.905 80
1780130692061 0.84 81
1780130692063 0.855 82
1780130692065 0.79 83
1780130692068 0.86 84
1780130692070 0.93 85
1780130692072 0.8 86
1780130692074 0.795 87
1780130692076 0.7 88
1780130692078 0.885 89
1780130692080 0.88 90
1780130692082 0.675 91
1780130692084 0.915 92
1780130692086 0.82 93
1780130692088 0.825 94
1780130692090 0.925 95
1780130692092 0.91 96
1780130692094 0.84 97
1780130692096 0.705 98
1780130692098 0.73 99
1780130692100 0.925 100
1780130692102 0.835 101
1780130692104 0.725 102
1780130692106 0.885 103
1780130692108 0.91 104
1780130692110 0.925 105
1780130692112 0.915 106
1780130692114 0.87 107
1780130692116 0.87 108
1780130692118 0.88 109
1780130692120 0.92 110
1780130692122 0.91 111
1780130692124 0.915 112
1780130692126 0.915 113
1780130692128 0.91 114
1780130692130 0.8 115
1780130692132 0.805 116
1780130692134 0.855 117
1780130692136 0.895 118
1780130692138 0.94 119
1780130692140 0.815 120
1780130692142 0.95 121
1780130692144 0.94 122
1780130692146 0.93 123
1780130692148 0.925 124
1780130692150 0.77 125
1780130692152 0.91 126
1780130692154 0.915 127
1780130692156 0.925 128
1780130692158 0.92 129
1780130692160 0.92 130
1780130692162 0.91 131
1780130692164 0.94 132
1780130692166 0.865 133
1780130692168 0.88 134
1780130692170 0.96 135
1780130692172 0.945 136
1780130692174 0.55 137
1780130692177 0.635 138
1780130692179 0.915 139
1780130692181 0.92 140
1780130692183 0.78 141
1780130692185 0.93 142
1780130692187 0.805 143
1780130692189 0.94 144
1780130692191 0.95 145
1780130692193 0.93 146
1780130692195 0.93 147
1780130692197 0.94 148
1780130692199 0.865 149
1780130692201 0.895 150
1780130692203 0.845 151
1780130692205 0.89 152
1780130692207 0.905 153
1780130692209 0.87 154
1780130692211 0.845 155
1780130692213 0.88 156
1780130692215 0.935 157
1780130692223 0.955 158
1780130692225 0.925 159
1780130692227 0.945 160
1780130692229 0.955 161
1780130692231 0.94 162
1780130692233 0.96 163
1780130692235 0.93 164
1780130692238 0.955 165
1780130692240 0.855 166
1780130692242 0.965 167
1780130692244 0.915 168
1780130692246 0.93 169
1780130692248 0.96 170
1780130692250 0.935 171
1780130692252 0.935 172
1780130692254 0.9 173
1780130692256 0.97 174
1780130692258 0.95 175
1780130692260 0.94 176
1780130692262 0.905 177
1780130692264 0.95 178
1780130692266 0.88 179
1780130692268 0.975 180
1780130692270 0.945 181
1780130692272 0.955 182
1780130692274 0.955 183
1780130692276 0.945 184
1780130692278 0.975 185
1780130692280 0.91 186
1780130692282 0.955 187
1780130692284 0.93 188
1780130692286 0.95 189
1780130692288 0.93 190
1780130692290 0.945 191
1780130692292 0.95 192
1780130692294 0.945 193
1780130692296 0.94 194
1780130692298 0.87 195
1780130692300 0.945 196
1780130692302 0.975 197
1780130692304 0.935 198
1780130692306 0.955 199
1780130692308 0.935 200
1780130692310 0.98 201
1780130692312 0.93 202
1780130692314 0.975 203
1780130692316 0.945 204
1780130692318 0.99 205
1780130692320 0.935 206
1780130692322 0.97 207
1780130692324 0.87 208
1780130692326 0.955 209
1780130692328 0.955 210
1780130692330 0.945 211
1780130692332 0.94 212
1780130692334 0.97 213
1780130692336 0.885 214
1780130692338 0.95 215
1780130692340 0.95 216
1780130692342 0.955 217
1780130692344 0.95 218
1780130692346 0.99 219
1780130692348 0.975 220
1780130692350 0.97 221
1780130692352 0.99 222
1780130692354 0.965 223
1780130692357 0.98 224
1780130692359 0.975 225
1780130692361 0.955 226
1780130692363 0.96 227
1780130692365 0.965 228
1780130692367 0.96 229
1780130692369 0.945 230
1780130692371 0.945 231
1780130692373 0.945 232
1780130692375 0.95 233
1780130692377 0.96 234
1780130692379 0.9 235
1780130692381 0.95 236
1780130692383 0.955 237
1780130692385 0.795 238
1780130692387 0.945 239
1780130692389 0.965 240
1780130692391 0.965 241
1780130692393 0.945 242
1780130692395 0.97 243
1780130692397 0.95 244
1780130692399 0.97 245
1780130692401 0.985 246
1780130692404 0.975 247
1780130692406 0.955 248
1780130692408 0.89 249
1780130692410 0.975 250
1780130692412 0.96 251
1780130692414 0.97 252
1780130692416 0.96 253
1780130692418 0.98 254
1780130692420 0.955 255
1780130692422 0.965 256
1780130692424 0.895 257
1780130692426 0.91 258
1780130692428 0.955 259
1780130692430 0.925 260
1780130692433 0.955 261
1780130692434 0.985 262
1780130692436 0.965 263
1780130692438 0.98 264
1780130692440 0.955 265
1780130692442 0.955 266
1780130692444 0.98 267
1780130692446 0.955 268
1780130692448 0.99 269
1780130692451 0.97 270
1780130692453 0.98 271
1780130692455 0.965 272
1780130692457 0.97 273
1780130692459 0.915 274
1780130692461 0.965 275
1780130692463 0.945 276
1780130692465 0.98 277
1780130692467 0.96 278
1780130692469 0.965 279
1780130692471 0.95 280
1780130692473 0.96 281
1780130692475 0.965 282
1780130692477 0.955 283
1780130692479 0.865 284
1780130692481 0.975 285
1780130692483 0.95 286
1780130692485 0.965 287
1780130692487 0.975 288
1780130692489 0.96 289
1780130692491 0.92 290
1780130692493 0.975 291
1780130692495 0.97 292
1780130692497 0.97 293
1780130692499 0.955 294
1780130692501 0.945 295
1780130692503 0.96 296
1780130692505 0.965 297
1780130692507 0.98 298
1780130692510 0.955 299
1780130692512 0.955 300
1780130692514 0.99 301
1780130692516 0.975 302
1780130692518 0.97 303
1780130692520 0.975 304
1780130692522 0.97 305
1780130692524 0.98 306
1780130692526 0.96 307
1780130692528 0.965 308
1780130692530 0.96 309
1780130692532 0.94 310
1780130692534 0.94 311
1780130692536 0.97 312
1780130692538 0.96 313
