1780134271889 0.0 0
1780134271892 0.13999999999999999 1
1780134271894 0.23500000000000001 2
1780134271897 0.36500000000000005 3
1780134271899 0.42000000000000004 4
1780134271902 0.575 5
1780134271904 0.49000000000000005 6
1780134271907 0.6649999999999999 7
1780134271910 0.6900000000000001 8
1780134271912 0.765 9
1780134271915 0.7300000000000001 10
1780134271917 0.7300000000000001 11
1780134271920 0.665 12
1780134271922 0.73 13
1780134271925 0.725 14
1780134271927 0.79 15
1780134271930 0.825 16
1780134271932 0.805 17
1780134271935 0.8699999999999999 18
1780134271937 0.77 19
1780134271940 0.8200000000000001 20
1780134271942 0.8400000000000001 21
1780134271945 0.8099999999999999 22
1780134271947 0.8299999999999998 23
1780134271950 0.7849999999999999 24
1780134271952 0.875 25
1780134271955 0.905 26
1780134271958 0.8949999999999999 27
1780134271960 0.8800000000000001 28
1780134271963 0.865 29
1780134271965 0.8800000000000001 30
1780134271968 0.8799999999999999 31
1780134271970 0.8099999999999999 32
1780134271973 0.8150000000000001 33
1780134271975 0.8949999999999999 34
1780134271978 0.8 35
1780134271980 0.835 36
1780134271983 0.825 37
1780134271986 0.8699999999999999 38
1780134271988 0.905 39
1780134271991 0.86 40
1780134271993 0.8200000000000001 41
1780134271996 0.925 42
1780134271998 0.845 43
1780134272001 0.8800000000000001 44
1780134272003 0.7849999999999999 45
1780134272006 0.8949999999999999 46
1780134272008 0.76 47
1780134272011 0.8400000000000001 48
1780134272014 0.8699999999999999 49
1780134272016 0.8699999999999999 50
1780134272019 0.875 51
1780134272021 0.85 52
1780134272024 0.8799999999999999 53
1780134272026 0.9049999999999999 54
1780134272029 0.7300000000000001 55
1780134272031 0.8950000000000001 56
1780134272034 0.885 57
1780134272036 0.845 58
1780134272039 0.8300000000000001 59
1780134272041 0.8800000000000001 60
1780134272044 0.8300000000000001 61
1780134272046 0.775 62
1780134272049 0.8700000000000001 63
1780134272051 0.8450000000000001 64
1780134272054 0.9100000000000001 65
1780134272056 0.8550000000000001 66
1780134272059 0.8799999999999999 67
1780134272061 0.905 68
1780134272064 0.82 69
1780134272066 0.9 70
1780134272069 0.8200000000000001 71
1780134272072 0.76 72
1780134272074 0.825 73
1780134272077 0.9199999999999999 74
1780134272079 0.9 75
1780134272082 0.85 76
1780134272084 0.9199999999999999 77
1780134272087 0.89 78
1780134272090 0.73 79
1780134272092 0.8800000000000001 80
1780134272095 0.835 81
1780134272097 0.8699999999999999 82
1780134272100 0.86 83
1780134272102 0.905 84
1780134272105 0.875 85
1780134272107 0.85 86
1780134272110 0.9299999999999999 87
1780134272112 0.86 88
1780134272115 0.9 89
1780134272117 0.85 90
1780134272120 0.925 91
1780134272122 0.8550000000000001 92
1780134272125 0.8699999999999999 93
1780134272127 0.8400000000000001 94
1780134272130 0.8100000000000002 95
1780134272132 0.885 96
1780134272135 0.875 97
1780134272137 0.905 98
1780134272140 0.8699999999999999 99
1780134272142 0.8949999999999999 100
1780134272145 0.8799999999999999 101
1780134272147 0.8550000000000001 102
1780134272150 0.775 103
1780134272152 0.825 104
1780134272155 0.9099999999999999 105
1780134272157 0.9249999999999998 106
1780134272160 0.905 107
1780134272162 0.8200000000000001 108
1780134272165 0.865 109
1780134272167 0.8700000000000001 110
1780134272170 0.9149999999999998 111
1780134272172 0.8400000000000001 112
1780134272175 0.9200000000000002 113
1780134272177 0.9 114
1780134272180 0.9049999999999999 115
1780134272183 0.55 116
1780134272185 0.93 117
1780134272188 0.89 118
1780134272190 0.8949999999999999 119
1780134272193 0.8699999999999999 120
1780134272196 0.9049999999999999 121
1780134272198 0.9099999999999999 122
1780134272201 0.905 123
1780134272203 0.8800000000000001 124
1780134272206 0.9349999999999999 125
1780134272208 0.9 126
1780134272211 0.93 127
1780134272213 0.9099999999999998 128
1780134272216 0.9049999999999999 129
1780134272218 0.8700000000000001 130
1780134272221 0.9549999999999998 131
1780134272223 0.8949999999999999 132
1780134272226 0.86 133
1780134272228 0.885 134
1780134272231 0.8949999999999999 135
1780134272233 0.835 136
1780134272236 0.925 137
1780134272238 0.9149999999999998 138
1780134272241 0.9099999999999999 139
1780134272243 0.9049999999999999 140
1780134272246 0.8550000000000001 141
1780134272248 0.9200000000000002 142
1780134272251 0.875 143
1780134272253 0.9199999999999999 144
1780134272256 0.7150000000000001 145
1780134272258 0.9299999999999999 146
1780134272261 0.9399999999999998 147
1780134272263 0.9400000000000001 148
1780134272266 0.9049999999999999 149
1780134272268 0.9099999999999999 150
1780134272271 0.945 151
1780134272273 0.945 152
1780134272276 0.9550000000000001 153
1780134272279 0.825 154
1780134272281 0.865 155
1780134272284 0.8600000000000001 156
1780134272286 0.8800000000000001 157
1780134272289 0.9400000000000001 158
1780134272292 0.9800000000000001 159
1780134272294 0.97 160
1780134272297 0.9400000000000001 161
1780134272299 0.95 162
1780134272302 0.9599999999999997 163
1780134272304 0.9400000000000001 164
1780134272307 0.9549999999999998 165
1780134272309 0.9649999999999999 166
1780134272312 0.9299999999999999 167
1780134272314 0.9349999999999999 168
1780134272317 0.9400000000000001 169
1780134272319 0.9349999999999999 170
1780134272322 0.9149999999999998 171
1780134272324 0.9349999999999999 172
1780134272327 0.9700000000000001 173
1780134272330 0.9349999999999999 174
1780134272332 0.95 175
1780134272335 0.9450000000000001 176
1780134272337 0.9650000000000001 177
1780134272340 0.945 178
1780134272342 0.96 179
1780134272345 0.9550000000000001 180
1780134272347 0.93 181
1780134272354 0.9549999999999998 182
1780134272361 0.9550000000000001 183
1780134272364 0.95 184
1780134272366 0.915 185
1780134272369 0.9149999999999998 186
1780134272371 0.9349999999999999 187
1780134272374 0.95 188
1780134272376 0.9700000000000001 189
1780134272379 0.9649999999999999 190
1780134272381 0.96 191
1780134272384 0.9549999999999998 192
1780134272386 0.9499999999999998 193
1780134272389 0.885 194
1780134272391 0.96 195
1780134272393 0.945 196
1780134272396 0.985 197
1780134272398 0.97 198
1780134272401 0.9400000000000001 199
1780134272403 0.9399999999999998 200
1780134272406 0.9599999999999997 201
1780134272408 0.9799999999999999 202
1780134272411 0.905 203
1780134272413 0.96 204
1780134272416 0.9199999999999999 205
1780134272418 0.975 206
1780134272421 0.9450000000000001 207
1780134272423 0.9450000000000001 208
1780134272426 0.96 209
1780134272428 0.945 210
1780134272431 0.9400000000000001 211
1780134272433 0.9499999999999998 212
1780134272436 0.925 213
1780134272439 0.9650000000000001 214
1780134272441 0.96 215
1780134272444 0.96 216
1780134272446 0.97 217
1780134272449 0.97 218
1780134272451 0.9799999999999999 219
1780134272454 0.95 220
1780134272456 0.9400000000000001 221
1780134272459 0.9400000000000001 222
1780134272461 0.9349999999999999 223
1780134272464 0.95 224
1780134272466 0.95 225
1780134272469 0.975 226
1780134272471 0.945 227
1780134272474 0.9249999999999998 228
1780134272476 0.9650000000000001 229
1780134272479 0.9550000000000001 230
1780134272481 0.95 231
1780134272484 0.95 232
1780134272486 0.925 233
1780134272489 0.9549999999999998 234
1780134272491 0.9 235
1780134272494 0.9649999999999999 236
1780134272496 0.9199999999999999 237
1780134272499 0.99 238
1780134272501 0.96 239
1780134272504 0.975 240
1780134272506 0.96 241
1780134272509 0.9400000000000001 242
1780134272511 0.9649999999999999 243
1780134272514 0.9650000000000001 244
1780134272516 0.96 245
1780134272519 0.945 246
1780134272521 0.9649999999999999 247
1780134272524 0.9349999999999999 248
1780134272526 0.96 249
1780134272529 0.9549999999999998 250
1780134272531 0.9799999999999999 251
1780134272534 0.97 252
1780134272536 0.9549999999999998 253
1780134272539 0.9450000000000001 254
1780134272541 0.93 255
1780134272549 0.97 256
1780134272552 0.9450000000000001 257
1780134272554 0.9599999999999997 258
1780134272557 0.9599999999999997 259
1780134272559 0.9399999999999998 260
1780134272562 0.925 261
1780134272564 0.9099999999999999 262
1780134272567 0.905 263
1780134272569 0.9349999999999999 264
1780134272572 0.9049999999999999 265
1780134272574 0.945 266
1780134272577 0.9899999999999999 267
1780134272579 0.95 268
1780134272582 0.9400000000000001 269
1780134272584 0.9550000000000001 270
1780134272587 0.9649999999999999 271
1780134272589 0.975 272
1780134272592 0.9649999999999999 273
1780134272594 0.96 274
1780134272597 0.9400000000000001 275
1780134272599 0.9799999999999999 276
1780134272602 0.97 277
1780134272604 0.975 278
1780134272607 0.96 279
1780134272609 0.95 280
1780134272612 0.975 281
1780134272614 0.9800000000000001 282
1780134272617 0.945 283
1780134272620 0.9299999999999999 284
1780134272622 0.9649999999999999 285
1780134272625 0.9749999999999999 286
1780134272627 0.945 287
1780134272630 0.9149999999999998 288
1780134272632 0.9350000000000002 289
1780134272635 0.95 290
1780134272637 0.945 291
1780134272640 0.9550000000000001 292
1780134272642 0.9599999999999997 293
1780134272645 0.97 294
1780134272647 0.9649999999999999 295
1780134272650 0.9349999999999999 296
1780134272652 0.95 297
1780134272655 0.8949999999999999 298
1780134272657 0.9299999999999999 299
1780134272660 0.9299999999999999 300
1780134272662 0.9400000000000001 301
1780134272665 0.9549999999999998 302
1780134272667 0.9799999999999999 303
1780134272670 0.975 304
1780134272672 0.9650000000000001 305
1780134272675 0.9700000000000001 306
1780134272677 0.9550000000000001 307
1780134272680 0.985 308
1780134272682 0.9399999999999998 309
1780134272685 0.925 310
1780134272687 0.89 311
1780134272690 0.9650000000000001 312
1780134272692 0.9499999999999998 313
