1773262828896 0.0 0
1773262828921 0.215 1
1773262828940 0.54 2
1773262828962 0.575 3
1773262828997 0.685 4
1773262829017 0.685 5
1773262829034 0.77 6
1773262829051 0.885 7
1773262829070 0.89 8
1773262829086 0.915 9
1773262829103 0.91 10
1773262829118 0.92 11
1773262829134 0.91 12
1773262829151 0.9 13
1773262829172 0.96 14
1773262829192 0.975 15
1773262829209 0.905 16
1773262829229 0.895 17
1773262829247 0.965 18
1773262829279 0.965 19
1773262829301 0.96 20
1773262829319 0.95 21
1773262829337 0.945 22
1773262829353 0.97 23
1773262829371 0.95 24
1773262829388 0.955 25
1773262829410 0.96 26
1773262829429 0.95 27
1773262829445 0.97 28
1773262829463 0.96 29
1773262829480 0.945 30
1773262829497 0.93 31
1773262829514 0.945 32
1773262829538 0.955 33
1773262829570 0.945 34
1773262829588 0.96 35
1773262829606 0.95 36
1773262829623 0.955 37
1773262829640 0.955 38
1773262829658 0.97 39
1773262829675 0.955 40
1773262829692 0.96 41
1773262829709 0.925 42
1773262829725 0.935 43
1773262829741 0.915 44
1773262829762 0.94 45
1773262829780 0.94 46
1773262829797 0.93 47
1773262829814 0.88 48
1773262829842 0.94 49
1773262829865 0.965 50
1773262829883 0.945 51
1773262829902 0.955 52
1773262829921 0.95 53
1773262829941 0.95 54
1773262829957 0.83 55
1773262829975 0.885 56
1773262829992 0.865 57
1773262830010 0.885 58
1773262830028 0.94 59
1773262830046 0.955 60
1773262830063 0.94 61
1773262830082 0.945 62
1773262830100 0.915 63
1773262830127 0.95 64
1773262830148 0.96 65
1773262830166 0.96 66
1773262830183 0.955 67
1773262830201 0.965 68
1773262830219 0.95 69
1773262830238 0.935 70
1773262830258 0.99 71
1773262830275 0.965 72
1773262830300 0.96 73
1773262830317 0.955 74
1773262830333 0.94 75
1773262830350 0.97 76
1773262830366 0.955 77
1773262830383 0.975 78
1773262830412 0.98 79
1773262830434 0.975 80
1773262830452 0.975 81
1773262830471 0.95 82
1773262830491 0.975 83
1773262830508 0.97 84
1773262830526 0.97 85
1773262830546 0.96 86
1773262830565 0.965 87
1773262830584 0.94 88
1773262830605 0.96 89
1773262830623 0.955 90
1773262830642 0.97 91
1773262830659 0.97 92
1773262830675 0.94 93
1773262830690 0.97 94
1773262830715 0.95 95
1773262830733 0.965 96
1773262830749 0.95 97
1773262830766 0.945 98
1773262830783 0.92 99
1773262830798 0.94 100
1773262830815 0.96 101
1773262830831 0.965 102
1773262830848 0.97 103
1773262830864 0.975 104
1773262830881 0.965 105
1773262830897 0.95 106
1773262830922 0.96 107
1773262830939 0.95 108
1773262830958 0.965 109
1773262830980 0.97 110
1773262830996 0.95 111
1773262831013 0.95 112
1773262831030 0.98 113
1773262831047 0.97 114
1773262831063 0.96 115
1773262831079 0.965 116
1773262831095 0.97 117
1773262831111 0.97 118
1773262831130 0.95 119
1773262831156 0.94 120
1773262831176 0.96 121
1773262831190 0.96 122
1773262831204 0.955 123
1773262831219 0.945 124
1773262831240 0.94 125
1773262831259 0.96 126
1773262831275 0.96 127
1773262831290 0.99 128
1773262831305 0.965 129
1773262831322 0.965 130
1773262831342 0.97 131
1773262831361 0.95 132
1773262831379 0.96 133
