1780109428304 0.0 0
1780109428306 0.09255548373195432 1
1780109428307 0.3078719470244238 2
1780109428309 0.45137820512820515 3
1780109428311 0.4480781169734658 4
1780109428312 0.5294679118773946 5
1780109428314 0.5880232266807883 6
1780109428316 0.6789490104571774 7
1780109428317 0.70337348217783 8
1780109428319 0.7229978024772075 9
1780109428321 0.7223907203907205 10
1780109428322 0.745273530817009 11
1780109428324 0.7535032938076417 12
1780109428326 0.799671724709925 13
1780109428327 0.8306649266738109 14
1780109428329 0.7410489510489511 15
1780109428331 0.7900176767676768 16
1780109428332 0.8404826752195171 17
1780109428334 0.8648810791955952 18
1780109428336 0.8542817531052826 19
1780109428338 0.8330024142524144 20
1780109428339 0.880146122882965 21
1780109428341 0.8679924856705042 22
1780109428343 0.858732672556202 23
1780109428344 0.9004941041668729 24
1780109428346 0.9105755693581781 25
1780109428348 0.8730052833490374 26
1780109428349 0.8753185164695463 27
1780109428351 0.8585399945979318 28
1780109428353 0.8633539450035613 29
1780109428354 0.8534981629875247 30
1780109428356 0.9023663463907365 31
1780109428358 0.8134273986247671 32
1780109428359 0.866971920669326 33
1780109428361 0.906104138255168 34
1780109428363 0.8894409937888197 35
1780109428364 0.8826366194192282 36
1780109428366 0.9058876275656461 37
1780109428367 0.8869330936035741 38
1780109428369 0.8953046179826366 39
1780109428371 0.861618534973798 40
1780109428372 0.8936380527684875 41
1780109428374 0.892287363479314 42
1780109428376 0.9022673350041772 43
1780109428377 0.8768140154923543 44
1780109428379 0.8636522017713968 45
1780109428381 0.8791604010025061 46
1780109428382 0.8688600305110603 47
1780109428384 0.8648018871580252 48
1780109428386 0.8706389078757499 49
1780109428387 0.8773899392831026 50
1780109428389 0.840780069603599 51
1780109428391 0.8748117323852618 52
1780109428392 0.8724766740827112 53
1780109428394 0.8772544648728268 54
1780109428396 0.8187440587635095 55
1780109428397 0.8453793574846207 56
1780109428399 0.8893877222895261 57
1780109428401 0.8848785326487576 58
1780109428402 0.8873813321181743 59
1780109428404 0.8854270364138784 60
1780109428406 0.8815881518684723 61
1780109428407 0.83689551292215 62
1780109428409 0.8997624743677376 63
1780109428411 0.8522953964265216 64
1780109428412 0.9004706013860945 65
1780109428414 0.9341000392945473 66
1780109428416 0.9135224424698108 67
1780109428417 0.9026930628710815 68
1780109428419 0.8762670670984862 69
1780109428421 0.8745337776258829 70
1780109428422 0.893094458094458 71
1780109428424 0.9174498746867169 72
1780109428425 0.8992531591215801 73
1780109428427 0.886914253473851 74
1780109428429 0.815681718019591 75
1780109428431 0.9199650641755905 76
1780109428432 0.8899107340235771 77
1780109428434 0.9087963485789572 78
1780109428435 0.9112193362193363 79
1780109428437 0.9138257782136501 80
1780109428439 0.8808636117924042 81
1780109428440 0.9038579067990833 82
1780109428442 0.905311004784689 83
1780109428444 0.9141108117888305 84
1780109428445 0.8819488114224956 85
1780109428447 0.8566868839694927 86
1780109428449 0.9169981978805508 87
1780109428450 0.9265371762740184 88
1780109428452 0.9363492063492064 89
1780109428454 0.8411263666412406 90
1780109428456 0.8837764402779881 91
1780109428458 0.889738517416536 92
1780109428460 0.8708376012495005 93
1780109428461 0.802792031816422 94
1780109428463 0.9009920634920634 95
1780109428465 0.9119736842105264 96
1780109428466 0.8781686697076723 97
1780109428468 0.8817918338970971 98
1780109428470 0.9024985826414526 99
1780109428471 0.9300256322624743 100
1780109428473 0.9174388623072834 101
1780109428475 0.9108479532163744 102
1780109428476 0.8998653496486313 103
1780109428478 0.8678530945665479 104
1780109428479 0.930924812030075 105
1780109428481 0.8701728464771943 106
1780109428483 0.9098089921774133 107
1780109428484 0.9204511278195489 108
1780109428486 0.8825877003972978 109
1780109428488 0.9150586611456175 110
1780109428489 0.936816439494458 111
1780109428491 0.9159761295822678 112
1780109428493 0.9111806030227083 113
1780109428494 0.9118174387117218 114
1780109428496 0.9026794258373204 115
1780109428498 0.9476457447967744 116
1780109428499 0.9609273182957393 117
1780109428501 0.8975324675324675 118
1780109428503 0.874656533459779 119
1780109428504 0.954920634920635 120
1780109428506 0.8954676491404181 121
1780109428508 0.8770860979491252 122
1780109428509 0.8995818070818071 123
1780109428511 0.8768738494590321 124
1780109428513 0.8977965489396065 125
1780109428514 0.8737021694780316 126
1780109428516 0.9198917748917749 127
1780109428518 0.868597742127154 128
1780109428519 0.8940650667888519 129
1780109428521 0.858095490282191 130
1780109428522 0.9365795586527295 131
1780109428525 0.8922727272727272 132
1780109428526 0.9016391682531136 133
1780109428528 0.9386349396217817 134
1780109428530 0.9518181818181819 135
1780109428531 0.9138905234099741 136
1780109428533 0.9255026455026455 137
1780109428535 0.9515223665223665 138
1780109428536 0.9314882474729023 139
1780109428538 0.8975382791629931 140
1780109428540 0.946451127819549 141
1780109428541 0.9207567084804937 142
1780109428543 0.9134273182957393 143
1780109428545 0.9390627094746087 144
1780109428546 0.9108127270046775 145
1780109428548 0.9248393876654747 146
1780109428550 0.9310851767098907 147
1780109428551 0.9434592368602666 148
1780109428553 0.9134279755332386 149
1780109428555 0.9288963144026073 150
1780109428556 0.8954379933791697 151
1780109428558 0.9204924242424243 152
1780109428560 0.9423596870965293 153
1780109428561 0.9262171265267242 154
1780109428563 0.9334567556999916 155
1780109428565 0.9297530758714968 156
1780109428566 0.901365592350247 157
1780109428568 0.9367184265010351 158
1780109428569 0.9757142857142858 159
1780109428571 0.9514035087719298 160
1780109428573 0.9706892230576442 161
1780109428574 0.9321572871572872 162
1780109428576 0.9625108225108224 163
1780109428578 0.9465889361083869 164
1780109428579 0.9606060606060606 165
1780109428581 0.9411419853982783 166
1780109428582 0.9576457447967746 167
1780109428584 0.9624076495586793 168
1780109428586 0.922833140845845 169
1780109428587 0.9385194618725377 170
1780109428589 0.9302032749858835 171
1780109428591 0.9566599190283401 172
1780109428592 0.9607843137254903 173
1780109428594 0.9609523809523809 174
1780109428595 0.9184869520930901 175
1780109428597 0.9450493240774571 176
1780109428599 0.9502983248635422 177
1780109428600 0.94157666894509 178
1780109428602 0.9359220389805097 179
1780109428604 0.9572943722943721 180
1780109428605 0.9394708994708993 181
1780109428607 0.8409302533330049 182
1780109428609 0.9544011544011543 183
1780109428610 0.9324390521758943 184
1780109428612 0.9369795456382892 185
1780109428613 0.9561471861471862 186
1780109428615 0.9612375636059844 187
1780109428617 0.9473376623376624 188
1780109428618 0.9566416040100251 189
1780109428620 0.9461271756466264 190
1780109428622 0.9597186147186149 191
1780109428623 0.9328405499915797 192
1780109428625 0.9813852813852814 193
1780109428626 0.9578321678321678 194
1780109428628 0.9527768697105081 195
1780109428630 0.946609793715057 196
1780109428631 0.9904761904761905 197
1780109428633 0.9625541125541126 198
1780109428635 0.902244337787816 199
1780109428636 0.9291483516483516 200
1780109428638 0.9561654135338346 201
1780109428640 0.9761904761904763 202
1780109428641 0.9252386203308266 203
1780109428643 0.9573376623376623 204
1780109428645 0.9640127987954076 205
1780109428646 0.9563602187286397 206
1780109428648 0.9437301587301586 207
1780109428650 0.9570528594212805 208
1780109428651 0.9526984126984125 209
1780109428653 0.9333882961686164 210
1780109428655 0.9352790282917324 211
1780109428656 0.9356518602170775 212
1780109428658 0.9375039872408294 213
1780109428659 0.9675324675324675 214
1780109428661 0.9368105013266304 215
1780109428663 0.9666233766233765 216
1780109428664 0.9718614718614719 217
1780109428666 0.9559206349206348 218
1780109428668 0.950450937950938 219
1780109428669 0.9395279866332498 220
1780109428671 0.9614285714285714 221
1780109428673 0.9580786452296749 222
1780109428674 0.9266442409047576 223
1780109428676 0.9448632946001367 224
1780109428677 0.9631037078863166 225
1780109428679 0.9813852813852814 226
1780109428681 0.9683418031244118 227
1780109428682 0.9711471861471861 228
1780109428684 0.9561654135338346 229
1780109428686 0.9661221234905446 230
1780109428687 0.9571946169772257 231
1780109428689 0.9644805194805194 232
1780109428690 0.9516666666666668 233
1780109428692 0.950465557833979 234
1780109428694 0.9456726709822686 235
1780109428695 0.9491416040100249 236
1780109428697 0.9716233766233765 237
1780109428699 0.9553081232492998 238
1780109428700 0.9709523809523809 239
1780109428702 0.9675324675324675 240
1780109428704 0.9414328361696784 241
1780109428705 0.9145541958041958 242
1780109428707 0.9722943722943723 243
1780109428709 0.9321589216783724 244
1780109428710 0.9614035087719298 245
1780109428712 0.9642173615857825 246
1780109428714 0.9716233766233767 247
1780109428715 0.9625481523307611 248
1780109428717 0.9754761904761905 249
1780109428718 0.9609273182957393 250
1780109428720 0.9677489177489177 251
1780109428722 0.9611221234905443 252
1780109428723 0.935629097997519 253
1780109428725 0.9570901892412189 254
1780109428727 0.9449581023265232 255
1780109428728 0.977432712215321 256
1780109428730 0.9481469979296067 257
1780109428731 0.9582034632034631 258
1780109428733 0.9633229813664596 259
1780109428735 0.951335156071998 260
1780109428736 0.932055496316013 261
1780109428738 0.9576457447967744 262
1780109428740 0.9680451127819548 263
1780109428741 0.9721946169772255 264
1780109428743 0.9758840282524492 265
1780109428744 0.9332683982683984 266
1780109428746 0.9629186602870814 267
1780109428748 0.9621933621933622 268
1780109428749 0.9525290498974709 269
1780109428751 0.9807142857142856 270
1780109428753 0.9711904761904762 271
1780109428754 0.9193943191311613 272
1780109428756 0.9754761904761905 273
1780109428758 0.9711471861471862 274
1780109428759 0.9666233766233766 275
1780109428761 0.9651629072681704 276
1780109428762 0.9631469979296066 277
1780109428764 0.9902380952380951 278
1780109428766 0.9675293305728088 279
1780109428767 0.9721695543205839 280
1780109428769 0.977432712215321 281
1780109428771 0.9616666666666667 282
1780109428772 0.9758840282524492 283
1780109428774 0.9520901892412189 284
1780109428775 0.9675324675324675 285
1780109428777 0.9857142857142858 286
1780109428779 0.9379619503303713 287
1780109428780 0.9544673442499528 288
1780109428782 0.9559090909090908 289
1780109428784 0.948724578244029 290
1780109428785 0.9525757575757575 291
1780109428787 0.9353750946280657 292
1780109428788 0.9576708074534162 293
1780109428790 0.9731037078863165 294
1780109428792 0.9683418031244118 295
1780109428793 0.9711904761904762 296
1780109428795 0.9763852813852815 297
1780109428797 0.9439947089947089 298
1780109428798 0.9617680565048985 299
1780109428800 0.9537308191427185 300
1780109428801 0.9569925967752054 301
1780109428803 0.9430598234717227 302
1780109428805 0.922946127946128 303
1780109428806 0.9613602187286399 304
1780109428808 0.9800000000000001 305
1780109428810 0.9474314574314574 306
1780109428811 0.9582251082251082 307
1780109428813 0.9811471861471862 308
1780109428815 0.9563059163059163 309
1780109428816 0.9709273182957393 310
1780109428818 0.9757142857142856 311
1780109428820 0.9610970608339027 312
1780109428821 0.9696428571428571 313
