1780552026790 0.0 0
1780552026794 0.49999999999999706 1
1780552026796 0.499999999999997 2
1780552026799 0.499999999999997 3
1780552026801 0.4999999999999967 4
1780552026803 0.4999999999999969 5
1780552026806 0.5116279069767408 6
1780552026808 0.49999999999999695 7
1780552026810 0.49999999999999684 8
1780552026813 0.4999999999999968 9
1780552026815 0.49999999999999684 10
1780552026818 0.49999999999999667 11
1780552026820 0.5128205128205093 12
1780552026823 0.5437499999999956 13
1780552026825 0.6086956521739074 14
1780552026827 0.5757575757575705 15
1780552026830 0.5682640144665413 16
1780552026832 0.5888888888888837 17
1780552026835 0.661581827225991 18
1780552026837 0.5270270270270232 19
1780552026839 0.5232558139534846 20
1780552026842 0.6226080793763213 21
1780552026844 0.560975609756093 22
1780552026846 0.4999999999999968 23
1780552026849 0.5509865693914728 24
1780552026851 0.5116279069767408 25
1780552026854 0.5285087719298205 26
1780552026856 0.6689603714143508 27
1780552026858 0.5935483870967688 28
1780552026861 0.5333333333333293 29
1780552026863 0.5403116531165266 30
1780552026865 0.5581395348837164 31
1780552026868 0.5623376623376574 32
1780552026870 0.6053636190112548 33
1780552026873 0.578210635461408 34
1780552026875 0.6264880952380876 35
1780552026877 0.6093749999999937 36
1780552026880 0.5877976190476132 37
1780552026882 0.6734892787524283 38
1780552026885 0.624623267028324 39
1780552026887 0.6169116243557853 40
1780552026889 0.5422494172494131 41
1780552026892 0.6919819311123561 42
1780552026894 0.4999999999999969 43
1780552026897 0.642462638076666 44
1780552026899 0.5812472226336782 45
1780552026901 0.5553613053613007 46
1780552026913 0.6675708257986661 47
1780552026916 0.644813519813513 48
1780552026918 0.5695934500282278 49
1780552026921 0.559523809523805 50
1780552026923 0.5416666666666624 51
1780552026925 0.6171428571428496 52
1780552026928 0.5232558139534846 53
1780552026930 0.581249999999994 54
1780552026933 0.6469076438401504 55
1780552026935 0.575025922085612 56
1780552026937 0.6137254901960716 57
1780552026940 0.5263157894736805 58
1780552026942 0.5874999999999947 59
1780552026944 0.5433604336043315 60
1780552026947 0.5059058137751155 61
1780552026949 0.5701754385964863 62
1780552026951 0.6703482129160839 63
1780552026954 0.7138439268324696 64
1780552026956 0.5735294117647007 65
1780552026959 0.5728402032749811 66
1780552026961 0.6339139902014072 67
1780552026963 0.7523297491039322 68
1780552026966 0.7349464608538361 69
1780552026968 0.579999999999995 70
1780552026970 0.6422200987418304 71
1780552026973 0.6378726287262795 72
1780552026975 0.6880656542414398 73
1780552026978 0.7851102636378586 74
1780552026980 0.6389391199517714 75
1780552026982 0.6593073593073514 76
1780552026985 0.5147058823529378 77
1780552026987 0.6463815789473619 78
1780552026989 0.6622450671530338 79
1780552026992 0.5535714285714237 80
1780552026994 0.5711382113821085 81
1780552026997 0.5697674418604604 82
1780552026999 0.6458045712532472 83
1780552027001 0.640734265734258 84
1780552027004 0.6681547619047524 85
1780552027006 0.60972048393825 86
1780552027009 0.6246753246753177 87
1780552027011 0.615405552531294 88
1780552027013 0.649447693307335 89
1780552027016 0.5735867446393708 90
1780552027018 0.5769230769230719 91
1780552027020 0.5124999999999966 92
1780552027023 0.6294117647058746 93
1780552027025 0.5367965367965326 94
1780552027028 0.5294117647058785 95
1780552027030 0.5428571428571386 96
1780552027032 0.5939393939393881 97
1780552027035 0.5694444444444394 98
1780552027037 0.6223196881091553 99
1780552027040 0.5536130536130491 100
1780552027042 0.6170212765957389 101
1780552027044 0.5581395348837164 102
1780552027047 0.6456804065499653 103
1780552027049 0.5749461117559225 104
1780552027051 0.6196846631629171 105
1780552027054 0.5512820512820469 106
1780552027056 0.5914285714285646 107
1780552027059 0.5138888888888854 108
1780552027061 0.5131578947368387 109
1780552027063 0.7372430900070762 110
1780552027066 0.6031249999999939 111
1780552027068 0.6284313725490114 112
1780552027070 0.4999999999999967 113
1780552027073 0.5882352941176414 114
1780552027075 0.5637254901960733 115
1780552027078 0.6253523462112347 116
1780552027080 0.5924767069948494 117
1780552027087 0.6122790253224976 118
1780552027089 0.5810810810810758 119
1780552027092 0.6406249999999927 120
1780552027094 0.5194298455167983 121
1780552027097 0.6604554865424357 122
1780552027099 0.6531249999999915 123
1780552027102 0.6843749999999915 124
1780552027104 0.6630824372759784 125
1780552027106 0.5975609756097497 126
1780552027109 0.6218749999999935 127
1780552027111 0.5365853658536546 128
1780552027113 0.598492723492718 129
1780552027116 0.626523297491033 130
1780552027118 0.7084086799276565 131
1780552027120 0.6130558183538256 132
1780552027123 0.6531249999999929 133
1780552027125 0.5792682926829206 134
1780552027128 0.7156249999999911 135
1780552027130 0.49999999999999695 136
1780552027132 0.7188350571583995 137
1780552027135 0.611255411255405 138
1780552027137 0.5884596252694356 139
1780552027139 0.5990903183885582 140
1780552027142 0.5458781362007125 141
1780552027144 0.5104166666666632 142
1780552027147 0.6223628691983054 143
1780552027149 0.6636754103390013 144
1780552027151 0.5398268398268355 145
1780552027154 0.6305434925648051 146
1780552027156 0.5283018867924489 147
1780552027158 0.535081502480506 148
1780552027161 0.6418219461697651 149
1780552027163 0.4879518072289098 150
1780552027166 0.594189695313285 151
1780552027168 0.5972452704945185 152
1780552027170 0.624999999999994 153
1780552027173 0.6285800422068073 154
1780552027175 0.7330861909175084 155
1780552027178 0.6505050505050443 156
1780552027180 0.7386363636363562 157
1780552027183 0.6761046761046683 158
1780552027185 0.5780163917418768 159
1780552027187 0.7267628205128133 160
1780552027190 0.7389709576926868 161
1780552027192 0.6327360724951027 162
1780552027194 0.5735294117647011 163
1780552027197 0.7338070229636422 164
1780552027199 0.7434136913843886 165
1780552027202 0.7758620689655094 166
1780552027204 0.5946519524617944 167
1780552027206 0.6320450885668216 168
1780552027209 0.6856094864837639 169
1780552027211 0.7137096774193479 170
1780552027213 0.7877221992558829 171
1780552027216 0.8486215538847033 172
1780552027218 0.6461412151067263 173
1780552027220 0.7020463001240114 174
1780552027223 0.6604247306203517 175
1780552027225 0.7248409017365908 176
1780552027228 0.7595459776127127 177
1780552027230 0.7793224178766265 178
1780552027232 0.7536764705882273 179
1780552027235 0.8458333333333246 180
1780552027237 0.7191060958070497 181
1780552027240 0.8012787723785085 182
1780552027242 0.7819630964078963 183
1780552027244 0.6395833333333262 184
1780552027247 0.7678571428571352 185
1780552027249 0.8180147058823436 186
1780552027251 0.8020969855832162 187
1780552027254 0.7897265336289647 188
1780552027256 0.7311165845648534 189
1780552027259 0.7242647058823456 190
1780552027262 0.7062807881773331 191
1780552027264 0.7535033773565809 192
1780552027267 0.7901429171920891 193
1780552027269 0.6998034719947508 194
1780552027271 0.777217318200917 195
1780552027274 0.7400061031431114 196
1780552027276 0.8056333644568858 197
1780552027278 0.7754043332316067 198
1780552027281 0.8019293924466255 199
1780552027283 0.8287337662337577 200
1780552027286 0.7256796593514503 201
1780552027288 0.5888691285699288 202
1780552027290 0.693358554014285 203
1780552027293 0.7836617405582846 204
1780552027295 0.7584154351395651 205
1780552027297 0.7306666666666584 206
1780552027300 0.7818336162988033 207
1780552027302 0.8279999999999912 208
1780552027305 0.684210526315783 209
1780552027307 0.7636828644501203 210
1780552027309 0.7222562219502174 211
1780552027312 0.7595959595959517 212
1780552027314 0.7195121951219443 213
1780552027316 0.8232614637108935 214
1780552027319 0.695999999999992 215
1780552027321 0.8374999999999911 216
1780552027324 0.7986666666666584 217
1780552027326 0.8505550368295378 218
1780552027328 0.8275418275418192 219
1780552027331 0.6444805194805134 220
1780552027333 0.7547985127122829 221
1780552027336 0.6532118055555475 222
1780552027338 0.831730769230761 223
1780552027340 0.8298611111111025 224
1780552027343 0.8749999999999909 225
1780552027345 0.7398000815993393 226
1780552027347 0.8407335907335818 227
1780552027350 0.8368226600985137 228
1780552027352 0.8138794567062735 229
1780552027354 0.8335038363171271 230
1780552027357 0.5445431996692801 231
1780552027359 0.866753472222213 232
1780552027361 0.8114543114543025 233
1780552027364 0.797014260249546 234
1780552027366 0.8819379603693239 235
1780552027369 0.7567255149222286 236
1780552027371 0.8027504105090231 237
1780552027373 0.6801816070108688 238
1780552027376 0.7970461334218302 239
1780552027378 0.837256493506485 240
1780552027380 0.8339490968801226 241
1780552027383 0.8572011423908521 242
1780552027385 0.7341063981283618 243
1780552027388 0.8306377784558965 244
1780552027390 0.8587684069611691 245
1780552027392 0.6965195246179885 246
1780552027395 0.7906164591557769 247
1780552027397 0.7812013694366557 248
1780552027399 0.8618931048551526 249
1780552027402 0.7331207612106412 250
1780552027404 0.8299999999999892 251
1780552027406 0.7829861111111032 252
1780552027409 0.7580627763995177 253
1780552027411 0.8202110389610309 254
1780552027414 0.8220574606116688 255
1780552027416 0.8353858784893182 256
1780552027418 0.6294117647058766 257
1780552027421 0.6914261460101788 258
1780552027423 0.70416666666666 259
1780552027425 0.7840479192938123 260
1780552027428 0.8473234082990093 261
1780552027430 0.7860243055555468 262
1780552027433 0.7521017578338172 263
1780552027435 0.8712745397212809 264
1780552027438 0.8462643678160833 265
1780552027440 0.8532763532763434 266
1780552027442 0.8319327731092347 267
1780552027445 0.8491048593350299 268
1780552027447 0.695746527777771 269
1780552027449 0.8119999999999914 270
1780552027452 0.7953699875981732 271
1780552027454 0.8369125427948869 272
1780552027457 0.8285314125650178 273
1780552027459 0.8447705663497225 274
1780552027461 0.775430853299698 275
1780552027464 0.8172743055555469 276
1780552027466 0.8002511191177987 277
1780552027468 0.7692220714608695 278
1780552027471 0.8124274099883773 279
1780552027473 0.7008547008546931 280
1780552027475 0.7829861111111021 281
1780552027478 0.8174872665534715 282
1780552027480 0.8492145514675399 283
1780552027483 0.8039092055485415 284
1780552027485 0.770775409329618 285
1780552027487 0.5389610389610344 286
1780552027490 0.8275162337662256 287
1780552027492 0.8249276560562129 288
1780552027495 0.7884357944598825 289
1780552027497 0.6538461538461479 290
1780552027499 0.5076923076923006 291
1780552027502 0.6675947155802973 292
1780552027504 0.7035156676493 293
1780552027506 0.836696090794443 294
1780552027509 0.749131944444436 295
1780552027511 0.8418288538770382 296
1780552027514 0.8727604008502796 297
1780552027516 0.8031655844155761 298
