1780506233009 0.0 0
1780506233011 0.13 1
1780506233012 0.15499999999999997 2
1780506233014 0.175 3
1780506233016 0.18 4
1780506233017 0.175 5
1780506233019 0.22000000000000003 6
1780506233020 0.23000000000000004 7
1780506233022 0.17 8
1780506233024 0.28500000000000003 9
1780506233025 0.195 10
1780506233027 0.205 11
1780506233028 0.205 12
1780506233030 0.21000000000000002 13
1780506233032 0.255 14
1780506233033 0.24 15
1780506233035 0.305 16
1780506233037 0.23000000000000004 17
1780506233038 0.25 18
1780506233040 0.22999999999999998 19
1780506233041 0.23500000000000001 20
1780506233043 0.255 21
1780506233045 0.31 22
1780506233046 0.26999999999999996 23
1780506233048 0.39 24
1780506233049 0.255 25
1780506233051 0.30499999999999994 26
1780506233053 0.25 27
1780506233054 0.28500000000000003 28
1780506233056 0.325 29
1780506233057 0.25999999999999995 30
1780506233059 0.31 31
1780506233060 0.27499999999999997 32
1780506233062 0.395 33
1780506233064 0.4 34
1780506233065 0.34 35
1780506233067 0.25 36
1780506233068 0.30999999999999994 37
1780506233070 0.26 38
1780506233072 0.255 39
1780506233073 0.225 40
1780506233075 0.37 41
1780506233076 0.33499999999999996 42
1780506233078 0.29500000000000004 43
1780506233080 0.34500000000000003 44
1780506233081 0.265 45
1780506233083 0.29 46
1780506233084 0.295 47
1780506233086 0.35 48
1780506233088 0.37 49
1780506233089 0.315 50
1780506233091 0.36 51
1780506233092 0.395 52
1780506233094 0.4 53
1780506233095 0.21999999999999997 54
1780506233097 0.37 55
1780506233099 0.38 56
1780506233100 0.27 57
1780506233102 0.37 58
1780506233103 0.32999999999999996 59
1780506233105 0.25000000000000006 60
1780506233107 0.365 61
1780506233108 0.38 62
1780506233110 0.295 63
1780506233111 0.495 64
1780506233113 0.44000000000000006 65
1780506233115 0.21000000000000002 66
1780506233116 0.41500000000000004 67
1780506233118 0.32 68
1780506233119 0.32 69
1780506233121 0.41500000000000004 70
1780506233123 0.31999999999999995 71
1780506233124 0.40499999999999997 72
1780506233126 0.29000000000000004 73
1780506233127 0.16999999999999998 74
1780506233129 0.38999999999999996 75
1780506233131 0.29500000000000004 76
1780506233132 0.28 77
1780506233134 0.32999999999999996 78
1780506233135 0.385 79
1780506233137 0.315 80
1780506233139 0.37 81
1780506233140 0.36 82
1780506233142 0.23500000000000001 83
1780506233144 0.37499999999999994 84
1780506233145 0.26 85
1780506233147 0.185 86
1780506233148 0.33999999999999997 87
1780506233150 0.32 88
1780506233152 0.255 89
1780506233153 0.36 90
1780506233155 0.325 91
1780506233156 0.40499999999999997 92
1780506233158 0.35 93
1780506233160 0.34 94
1780506233161 0.26999999999999996 95
1780506233163 0.385 96
1780506233164 0.34500000000000003 97
1780506233166 0.36500000000000005 98
1780506233168 0.425 99
1780506233169 0.35000000000000003 100
1780506233171 0.33999999999999997 101
1780506233172 0.2 102
1780506233174 0.42000000000000004 103
1780506233176 0.31000000000000005 104
1780506233177 0.35000000000000003 105
1780506233179 0.25999999999999995 106
1780506233180 0.37 107
1780506233182 0.355 108
1780506233183 0.365 109
1780506233185 0.29999999999999993 110
1780506233187 0.30500000000000005 111
1780506233188 0.29 112
1780506233190 0.37 113
1780506233192 0.375 114
1780506233193 0.4 115
1780506233195 0.305 116
1780506233196 0.355 117
1780506233198 0.305 118
1780506233200 0.34500000000000003 119
1780506233201 0.31 120
1780506233203 0.3350000000000001 121
1780506233205 0.27 122
1780506233206 0.42000000000000004 123
1780506233208 0.38499999999999995 124
1780506233210 0.34500000000000003 125
1780506233211 0.375 126
1780506233213 0.43 127
1780506233214 0.38 128
1780506233216 0.4 129
1780506233217 0.44000000000000006 130
1780506233219 0.255 131
1780506233221 0.34500000000000003 132
1780506233222 0.40499999999999997 133
1780506233224 0.335 134
1780506233226 0.25000000000000006 135
1780506233227 0.43000000000000005 136
1780506233229 0.325 137
1780506233230 0.39499999999999996 138
1780506233232 0.355 139
1780506233234 0.41500000000000004 140
1780506233235 0.35500000000000004 141
1780506233237 0.385 142
1780506233238 0.30500000000000005 143
1780506233240 0.35500000000000004 144
1780506233242 0.4250000000000001 145
1780506233243 0.33499999999999996 146
1780506233245 0.37000000000000005 147
1780506233246 0.31499999999999995 148
1780506233248 0.285 149
1780506233250 0.255 150
1780506233251 0.39 151
1780506233253 0.225 152
1780506233254 0.31499999999999995 153
1780506233256 0.31499999999999995 154
1780506233258 0.35 155
1780506233259 0.31999999999999995 156
1780506233261 0.29999999999999993 157
1780506233262 0.32 158
1780506233264 0.315 159
1780506233266 0.33999999999999997 160
1780506233267 0.265 161
1780506233269 0.375 162
1780506233270 0.3 163
1780506233272 0.30500000000000005 164
1780506233274 0.275 165
1780506233275 0.27999999999999997 166
1780506233277 0.325 167
1780506233278 0.31500000000000006 168
1780506233280 0.27 169
1780506233282 0.35500000000000004 170
1780506233283 0.35500000000000004 171
1780506233285 0.375 172
1780506233286 0.23500000000000001 173
1780506233288 0.39 174
1780506233290 0.35 175
1780506233291 0.24 176
1780506233293 0.335 177
1780506233294 0.27 178
1780506233296 0.34 179
1780506233297 0.255 180
1780506233299 0.32999999999999996 181
1780506233301 0.155 182
1780506233302 0.34 183
1780506233304 0.385 184
1780506233305 0.36500000000000005 185
1780506233307 0.36 186
1780506233309 0.38 187
1780506233310 0.31500000000000006 188
1780506233312 0.32999999999999996 189
1780506233313 0.395 190
1780506233315 0.33999999999999997 191
1780506233317 0.19 192
1780506233318 0.4 193
1780506233320 0.37999999999999995 194
1780506233321 0.37 195
1780506233323 0.30000000000000004 196
1780506233325 0.3350000000000001 197
1780506233326 0.29000000000000004 198
1780506233328 0.295 199
1780506233329 0.25 200
1780506233331 0.18 201
1780506233333 0.33999999999999997 202
1780506233334 0.33999999999999997 203
1780506233336 0.32 204
1780506233337 0.29500000000000004 205
1780506233339 0.24000000000000005 206
1780506233341 0.33499999999999996 207
1780506233342 0.29500000000000004 208
1780506233344 0.37500000000000006 209
1780506233345 0.23000000000000004 210
1780506233347 0.34500000000000003 211
1780506233348 0.41999999999999993 212
1780506233350 0.335 213
1780506233352 0.29500000000000004 214
1780506233353 0.36000000000000004 215
1780506233355 0.33 216
1780506233356 0.35 217
1780506233358 0.4 218
1780506233360 0.43000000000000005 219
1780506233361 0.32 220
1780506233363 0.355 221
1780506233364 0.38 222
1780506233366 0.425 223
1780506233368 0.40499999999999997 224
1780506233369 0.325 225
1780506233371 0.32999999999999996 226
1780506233372 0.33499999999999996 227
1780506233374 0.31 228
1780506233376 0.38499999999999995 229
1780506233377 0.38 230
1780506233379 0.32999999999999996 231
1780506233380 0.255 232
1780506233382 0.4050000000000001 233
1780506233384 0.32999999999999996 234
1780506233385 0.38 235
1780506233387 0.38500000000000006 236
1780506233388 0.3 237
1780506233390 0.34 238
1780506233392 0.41000000000000003 239
1780506233393 0.38 240
1780506233395 0.34500000000000003 241
1780506233396 0.3 242
1780506233398 0.36500000000000005 243
1780506233400 0.33999999999999997 244
1780506233401 0.35 245
1780506233403 0.32 246
1780506233404 0.32 247
1780506233406 0.31999999999999995 248
1780506233408 0.39 249
1780506233409 0.305 250
1780506233411 0.30999999999999994 251
1780506233412 0.3 252
1780506233414 0.41000000000000003 253
1780506233416 0.375 254
1780506233417 0.36 255
1780506233419 0.335 256
1780506233420 0.4050000000000001 257
1780506233422 0.39499999999999996 258
1780506233424 0.38 259
1780506233425 0.25999999999999995 260
1780506233427 0.375 261
1780506233428 0.41500000000000004 262
1780506233430 0.375 263
1780506233432 0.395 264
1780506233433 0.39499999999999996 265
1780506233435 0.36000000000000004 266
1780506233436 0.38499999999999995 267
1780506233438 0.36500000000000005 268
1780506233440 0.35 269
1780506233441 0.36500000000000005 270
1780506233443 0.35 271
1780506233444 0.375 272
1780506233446 0.36999999999999994 273
1780506233448 0.35500000000000004 274
1780506233449 0.36 275
1780506233451 0.255 276
1780506233452 0.37 277
1780506233454 0.33999999999999997 278
1780506233456 0.31500000000000006 279
1780506233457 0.335 280
1780506233459 0.32 281
1780506233460 0.325 282
1780506233462 0.43500000000000005 283
1780506233464 0.38499999999999995 284
1780506233465 0.3 285
1780506233467 0.24499999999999994 286
1780506233468 0.3 287
1780506233470 0.3450000000000001 288
1780506233471 0.42000000000000004 289
1780506233473 0.315 290
1780506233475 0.43000000000000005 291
1780506233476 0.37500000000000006 292
1780506233478 0.37 293
1780506233479 0.41000000000000003 294
1780506233481 0.355 295
1780506233483 0.275 296
1780506233484 0.36 297
1780506233486 0.45999999999999996 298
