1780252590260 0.0 0
1780252590262 0.034550432188009475 1
1780252590264 0.7640428722995151 2
1780252590266 0.593045843045843 3
1780252590268 0.7627449523987683 4
1780252590269 0.7940185021376972 5
1780252590271 0.8625491746815277 6
1780252590273 0.8413686204146732 7
1780252590275 0.8157071617800931 8
1780252590277 0.785142580287929 9
1780252590279 0.870972177677124 10
1780252590281 0.9107874684654871 11
1780252590283 0.9276984126984129 12
1780252590284 0.9028860028860028 13
1780252590286 0.8863152271704905 14
1780252590288 0.9394226301920809 15
1780252590290 0.9103896103896105 16
1780252590292 0.8867408103592315 17
1780252590294 0.919214414494735 18
1780252590296 0.8759736668746967 19
1780252590297 0.9453081232492997 20
1780252590299 0.9537308191427185 21
1780252590301 0.9742424242424242 22
1780252590303 0.9605431191615402 23
1780252590305 0.9656208703577125 24
1780252590307 0.9332938406622617 25
1780252590308 0.8976876924245346 26
1780252590310 0.9329619503303712 27
1780252590312 0.9508633243187019 28
1780252590314 0.9658589655958076 29
1780252590316 0.9354946985381767 30
1780252590318 0.9468364092048303 31
1780252590319 0.9621152518978606 32
1780252590321 0.9138894584947217 33
1780252590323 0.8968557422969188 34
1780252590325 0.9227402993650134 35
1780252590327 0.9453792584227367 36
1780252590329 0.9018416444844558 37
1780252590331 0.9857142857142858 38
1780252590333 0.9672943722943723 39
1780252590334 0.9400162337662337 40
1780252590336 0.9380865614396372 41
1780252590338 0.9003736857061666 42
1780252590340 0.9307981163479884 43
1780252590342 0.951598313966735 44
1780252590343 0.962169554320584 45
1780252590347 0.9063443135811557 46
1780252590349 0.9486111111111111 47
1780252590350 0.9571152518978605 48
1780252590352 0.9143779904306222 49
1780252590354 0.9498558897243108 50
1780252590356 0.8897704405942392 51
1780252590358 0.9399125118461502 52
1780252590360 0.9535714285714285 53
1780252590363 0.9526890756302521 54
1780252590365 0.9539939770374553 55
1780252590367 0.8866666666666667 56
1780252590369 0.9618398268398266 57
1780252590371 0.9585463659147869 58
1780252590373 0.9654511278195489 59
1780252590375 0.9457528703180877 60
1780252590377 0.9570312143996353 61
1780252590379 0.9704511278195488 62
1780252590380 0.9484632034632033 63
1780252590382 0.9523825869020376 64
1780252590384 0.9080451127819549 65
1780252590386 0.980952380952381 66
1780252590388 0.9711221234905446 67
1780252590390 0.9640127987954074 68
1780252590392 0.9616348563716987 69
1780252590393 0.9547054394880481 70
1780252590395 0.9597186147186146 71
1780252590397 0.9497211242863417 72
1780252590399 0.953045112781955 73
1780252590401 0.9223350750743402 74
1780252590403 0.9133261183261183 75
1780252590405 0.9517388167388166 76
1780252590407 0.8965795376121463 77
1780252590408 0.9477611849122146 78
1780252590410 0.9474749373433584 79
1780252590412 0.9707410236822002 80
1780252590414 0.9422703497875122 81
1780252590416 0.9041684304865483 82
1780252590418 0.9766017316017315 83
1780252590420 0.958579898362507 84
1780252590422 0.980952380952381 85
1780252590424 0.9350717033224774 86
1780252590425 0.950833902939166 87
1780252590427 0.9367480867945265 88
1780252590429 0.9186334133702554 89
1780252590431 0.9461221234905445 90
1780252590433 0.9512626262626263 91
1780252590435 0.9807142857142856 92
1780252590436 0.9857142857142858 93
1780252590438 0.9625324675324676 94
1780252590440 0.9716233766233765 95
1780252590442 0.9396657046657045 96
1780252590444 0.8256472943364702 97
1780252590446 0.9396719946719946 98
1780252590448 0.9333890761386225 99
1780252590449 0.9462668033720666 100
1780252590451 0.9567680565048985 101
1780252590453 0.9480055210489994 102
1780252590455 0.9681037078863165 103
1780252590457 0.9494166450609282 104
1780252590458 0.9352105263157895 105
1780252590460 0.9674327122153208 106
1780252590462 0.9658589655958076 107
1780252590464 0.9482483877678385 108
1780252590466 0.9622943722943722 109
1780252590468 0.957099567099567 110
1780252590469 0.9390993788819875 111
1780252590471 0.9204884576394873 112
1780252590473 0.9811471861471862 113
1780252590475 0.93747565884408 114
1780252590477 0.9713602187286398 115
1780252590479 0.9548746081504703 116
1780252590481 0.9510287081339712 117
1780252590483 0.900227850102665 118
1780252590484 0.9583167404677703 119
1780252590486 0.9498997493734336 120
1780252590488 0.9606641604010024 121
1780252590490 0.9616233766233766 122
1780252590492 0.9631037078863166 123
1780252590494 0.9556892230576441 124
1780252590495 0.9665550239234448 125
1780252590497 0.9614285714285714 126
1780252590499 0.9716233766233765 127
1780252590501 0.966861471861472 128
1780252590503 0.891219421101774 129
1780252590505 0.7724598930481283 130
1780252590506 0.9804511278195489 131
1780252590508 0.9661904761904762 132
1780252590510 0.9563602187286397 133
1780252590512 0.9683418031244118 134
1780252590514 0.9608840282524493 135
1780252590516 0.9711221234905445 136
1780252590518 0.9426759003996855 137
1780252590520 0.9459273182957393 138
1780252590522 0.961598313966735 139
1780252590523 0.9483083583083582 140
1780252590525 0.967077922077922 141
1780252590527 0.9719314590824887 142
1780252590529 0.9763852813852812 143
1780252590531 0.976190476190476 144
1780252590533 0.9807142857142856 145
1780252590535 0.9567388167388169 146
1780252590537 0.9807142857142856 147
1780252590538 0.8829412599808919 148
1780252590540 0.9716233766233765 149
1780252590542 0.970187969924812 150
1780252590544 0.961190476190476 151
1780252590546 0.9453896103896102 152
1780252590548 0.9415584415584416 153
1780252590549 0.9807142857142856 154
1780252590551 0.9722943722943723 155
1780252590553 0.9304001572847073 156
1780252590555 0.9513135110503532 157
1780252590557 0.9292396875155495 158
1780252590559 0.9360542381595014 159
1780252590560 0.9482436162870945 160
1780252590562 0.8231657541065205 161
1780252590564 0.9320095693779905 162
1780252590566 0.8797797164819384 163
1780252590568 0.9306480142664354 164
1780252590570 0.9037749287749287 165
1780252590571 0.8632104326909227 166
1780252590573 0.8908326967150495 167
1780252590575 0.9182900432900434 168
1780252590577 0.936000227842333 169
1780252590579 0.91805795236755 170
1780252590581 0.9034970238095237 171
1780252590583 0.9167280465106552 172
1780252590585 0.9421962922884985 173
1780252590586 0.9544889892715979 174
1780252590588 0.9423923444976078 175
1780252590590 0.9012697128293103 176
1780252590592 0.9540225563909773 177
1780252590594 0.9373607873607874 178
1780252590596 0.953648056923919 179
1780252590597 0.9532467532467532 180
1780252590599 0.9306324848780092 181
1780252590601 0.9292833368004993 182
1780252590603 0.9492070096189089 183
1780252590605 0.8989846410899043 184
1780252590607 0.9061005356199864 185
1780252590608 0.9348826276922253 186
1780252590610 0.9391091364775574 187
1780252590613 0.9151776179579383 188
1780252590615 0.9067747170843147 189
1780252590617 0.8786022445868993 190
1780252590619 0.9220133667502088 191
1780252590621 0.9043824394746457 192
1780252590623 0.9331779350624851 193
1780252590625 0.7733326992635327 194
1780252590627 0.915762054037916 195
1780252590629 0.9226566489066489 196
1780252590631 0.9586363636363636 197
1780252590633 0.9444660037189749 198
1780252590634 0.7804861418251511 199
1780252590636 0.8517724152277928 200
1780252590638 0.9462344720496894 201
1780252590640 0.9295241892610313 202
1780252590642 0.945310905722805 203
1780252590644 0.927328284479314 204
1780252590645 0.7169834307992202 205
1780252590647 0.9340226440226441 206
1780252590649 0.9604511278195489 207
1780252590651 0.9501785714285713 208
1780252590653 0.9310218728639782 209
1780252590655 0.9436905284731372 210
1780252590657 0.9295769617279916 211
1780252590658 0.9150510703606678 212
1780252590660 0.9242556517556517 213
1780252590662 0.9081432935493039 214
1780252590664 0.8512970001013478 215
1780252590666 0.9296532552414906 216
1780252590667 0.9548883572567783 217
1780252590670 0.9531752635871629 218
1780252590672 0.9735714285714285 219
1780252590673 0.9652130325814536 220
1780252590675 0.9278320802005012 221
1780252590677 0.9761221234905447 222
1780252590679 0.9483732057416268 223
1780252590681 0.9300351669688054 224
1780252590682 0.9034384183068394 225
1780252590684 0.9374747474747475 226
1780252590687 0.9433850931677019 227
1780252590688 0.9020745044429255 228
1780252590690 0.9542241092241092 229
1780252590692 0.9463257575757575 230
1780252590694 0.9584927239046233 231
1780252590696 0.8875617072985493 232
1780252590698 0.9168709611644393 233
1780252590700 0.9454010025062656 234
1780252590702 0.9286778705657426 235
1780252590703 0.9147979797979799 236
1780252590705 0.921839114832536 237
1780252590707 0.9185820818328558 238
1780252590709 0.9171704254824459 239
1780252590711 0.9399301242236024 240
1780252590713 0.9260691372610876 241
1780252590714 0.9283752869937081 242
1780252590716 0.9603577124629756 243
1780252590718 0.951067821067821 244
1780252590720 0.9475757575757575 245
1780252590722 0.9535213032581454 246
1780252590723 0.9624327122153209 247
1780252590725 0.9262172141583906 248
1780252590727 0.8990337006336209 249
1780252590729 0.9526695526695527 250
1780252590731 0.9404492456437537 251
1780252590733 0.9419314998726763 252
1780252590734 0.9494047619047619 253
1780252590736 0.9073260073260073 254
1780252590738 0.9260320289732054 255
1780252590740 0.9214725218844212 256
1780252590742 0.9122669526480779 257
1780252590744 0.8797316384180791 258
1780252590746 0.91677850277815 259
1780252590747 0.895932400932401 260
1780252590749 0.9257640067911714 261
1780252590751 0.9813852813852815 262
1780252590753 0.9341277513709875 263
1780252590755 0.9807142857142856 264
1780252590756 0.9483218334140396 265
1780252590758 0.9254010025062657 266
1780252590760 0.9622693096377306 267
1780252590762 0.9644047619047619 268
1780252590764 0.967056277056277 269
1780252590766 0.9504492456437535 270
1780252590768 0.9509022556390978 271
1780252590769 0.9569985569985571 272
1780252590771 0.9618614718614719 273
1780252590773 0.9476987924356346 274
1780252590775 0.9301332001332001 275
1780252590777 0.9411152882205513 276
1780252590778 0.9283597883597883 277
1780252590780 0.9263816738816738 278
1780252590782 0.9313397129186605 279
1780252590784 0.8739663364857873 280
1780252590786 0.9030357757137943 281
1780252590788 0.9366026726896293 282
1780252590789 0.9465205627705628 283
1780252590791 0.9180701754385966 284
1780252590793 0.9476190476190476 285
1780252590795 0.9498015873015874 286
1780252590797 0.9233770907455119 287
1780252590799 0.9150328934014491 288
1780252590801 0.9766233766233766 289
1780252590802 0.9463852813852813 290
1780252590804 0.9572476646160857 291
1780252590806 0.9525230896741194 292
1780252590808 0.9615299612668033 293
1780252590810 0.9035043509192116 294
1780252590811 0.923035355186385 295
1780252590813 0.9475335076822491 296
1780252590815 0.9381181379007465 297
1780252590817 0.918983473282211 298
1780252590819 0.9157252980937193 299
1780252590821 0.9564035087719299 300
1780252590823 0.9663602187286399 301
1780252590824 0.9518113465481888 302
1780252590826 0.9393124522536287 303
1780252590828 0.9723100570926657 304
1780252590830 0.9587747035573123 305
1780252590832 0.9148746200607902 306
1780252590833 0.9328006775832861 307
1780252590835 0.9666233766233766 308
1780252590837 0.9381316928685349 309
1780252590839 0.9496177944862156 310
1780252590841 0.9240691970568132 311
1780252590843 0.9719314590824888 312
1780252590844 0.9511221234905445 313
