1779403473812 0.0 0
1779403473818 0.12 1
1779403473821 0.24 2
1779403473823 0.28 3
1779403473825 0.385 4
1779403473827 0.36 5
1779403473829 0.405 6
1779403473832 0.43 7
1779403473834 0.48 8
1779403473836 0.385 9
1779403473838 0.4 10
1779403473840 0.335 11
1779403473842 0.305 12
1779403473844 0.36 13
1779403473847 0.365 14
1779403473849 0.4 15
1779403473851 0.435 16
1779403473853 0.435 17
1779403473855 0.29 18
1779403473857 0.295 19
1779403473859 0.295 20
1779403473862 0.36 21
1779403473864 0.485 22
1779403473866 0.435 23
1779403473868 0.395 24
1779403473870 0.315 25
1779403473872 0.335 26
1779403473874 0.36 27
1779403473876 0.36 28
1779403473879 0.335 29
1779403473881 0.41 30
1779403473883 0.24 31
1779403473885 0.315 32
1779403473887 0.355 33
1779403473889 0.485 34
1779403473891 0.395 35
1779403473893 0.37 36
1779403473896 0.4 37
1779403473898 0.355 38
1779403473900 0.31 39
1779403473902 0.295 40
1779403473904 0.405 41
1779403473906 0.365 42
1779403473908 0.345 43
1779403473910 0.32 44
1779403473912 0.33 45
1779403473914 0.355 46
1779403473917 0.355 47
1779403473919 0.355 48
1779403473921 0.435 49
1779403473923 0.365 50
1779403473925 0.46 51
1779403473927 0.335 52
1779403473929 0.32 53
1779403473931 0.43 54
1779403473933 0.325 55
1779403473935 0.31 56
1779403473938 0.33 57
1779403473940 0.35 58
1779403473942 0.495 59
1779403473944 0.37 60
1779403473946 0.32 61
1779403473948 0.395 62
1779403473950 0.38 63
1779403473952 0.42 64
1779403473955 0.375 65
1779403473957 0.345 66
1779403473959 0.345 67
1779403473961 0.415 68
1779403473963 0.335 69
1779403473965 0.375 70
1779403473967 0.415 71
1779403473970 0.39 72
1779403473972 0.41 73
1779403473974 0.395 74
1779403473976 0.495 75
1779403473978 0.41 76
1779403473980 0.405 77
1779403473982 0.39 78
1779403473984 0.36 79
1779403473986 0.405 80
1779403473989 0.355 81
1779403473991 0.345 82
1779403473993 0.38 83
1779403473995 0.41 84
1779403473997 0.35 85
1779403473999 0.315 86
1779403474001 0.445 87
1779403474003 0.35 88
1779403474005 0.34 89
1779403474008 0.4 90
1779403474010 0.315 91
1779403474012 0.43 92
1779403474014 0.4 93
1779403474016 0.41 94
1779403474018 0.41 95
1779403474020 0.375 96
1779403474022 0.41 97
1779403474025 0.405 98
1779403474027 0.375 99
1779403474029 0.46 100
1779403474031 0.355 101
1779403474033 0.38 102
1779403474035 0.39 103
1779403474037 0.3 104
1779403474039 0.385 105
1779403474042 0.42 106
1779403474044 0.41 107
1779403474046 0.42 108
1779403474048 0.315 109
1779403474050 0.405 110
1779403474052 0.35 111
1779403474054 0.395 112
1779403474056 0.375 113
1779403474058 0.395 114
1779403474060 0.315 115
1779403474062 0.28 116
1779403474065 0.36 117
1779403474067 0.37 118
1779403474069 0.365 119
1779403474071 0.4 120
1779403474073 0.425 121
1779403474075 0.335 122
1779403474077 0.395 123
1779403474080 0.38 124
1779403474082 0.39 125
1779403474084 0.355 126
1779403474086 0.4 127
1779403474088 0.435 128
1779403474090 0.315 129
1779403474092 0.43 130
1779403474094 0.44 131
1779403474096 0.395 132
1779403474098 0.435 133
1779403474100 0.3 134
1779403474103 0.33 135
1779403474105 0.335 136
1779403474107 0.3 137
1779403474109 0.3 138
1779403474111 0.425 139
1779403474113 0.42 140
1779403474115 0.39 141
1779403474117 0.445 142
1779403474119 0.435 143
1779403474121 0.395 144
1779403474123 0.29 145
1779403474126 0.32 146
1779403474128 0.42 147
1779403474130 0.3 148
1779403474132 0.365 149
1779403474134 0.38 150
1779403474136 0.325 151
1779403474138 0.4 152
1779403474140 0.385 153
1779403474142 0.43 154
1779403474144 0.42 155
1779403474146 0.33 156
1779403474148 0.41 157
1779403474151 0.31 158
1779403474153 0.4 159
1779403474155 0.36 160
1779403474157 0.38 161
1779403474159 0.315 162
1779403474161 0.39 163
1779403474163 0.335 164
1779403474165 0.365 165
1779403474167 0.38 166
1779403474169 0.345 167
1779403474171 0.395 168
1779403474173 0.365 169
1779403474175 0.42 170
1779403474177 0.42 171
1779403474180 0.385 172
1779403474182 0.355 173
1779403474184 0.35 174
1779403474186 0.295 175
1779403474188 0.405 176
1779403474190 0.445 177
1779403474192 0.385 178
1779403474194 0.34 179
1779403474196 0.335 180
1779403474198 0.36 181
1779403474200 0.4 182
1779403474203 0.415 183
1779403474205 0.345 184
1779403474207 0.335 185
1779403474209 0.395 186
1779403474211 0.425 187
1779403474213 0.39 188
1779403474215 0.46 189
1779403474218 0.325 190
1779403474220 0.37 191
1779403474222 0.315 192
1779403474224 0.36 193
1779403474226 0.375 194
1779403474228 0.495 195
1779403474230 0.425 196
1779403474232 0.38 197
1779403474234 0.315 198
1779403474236 0.36 199
1779403474238 0.375 200
1779403474240 0.325 201
1779403474242 0.395 202
1779403474245 0.41 203
1779403474247 0.44 204
1779403474249 0.36 205
1779403474251 0.36 206
1779403474253 0.305 207
1779403474255 0.4 208
1779403474257 0.385 209
1779403474259 0.44 210
1779403474261 0.295 211
1779403474263 0.4 212
1779403474265 0.275 213
1779403474269 0.345 214
1779403474273 0.345 215
1779403474276 0.41 216
1779403474278 0.37 217
1779403474280 0.45 218
1779403474282 0.385 219
1779403474284 0.37 220
1779403474288 0.365 221
1779403474292 0.355 222
1779403474295 0.48 223
1779403474299 0.415 224
1779403474303 0.4 225
1779403474306 0.37 226
1779403474310 0.465 227
1779403474314 0.355 228
1779403474317 0.37 229
1779403474321 0.365 230
1779403474324 0.415 231
1779403474328 0.345 232
1779403474331 0.33 233
1779403474334 0.345 234
1779403474338 0.46 235
1779403474340 0.345 236
1779403474342 0.415 237
1779403474345 0.345 238
1779403474348 0.36 239
1779403474351 0.5 240
1779403474355 0.41 241
1779403474359 0.43 242
1779403474363 0.34 243
1779403474366 0.34 244
1779403474370 0.375 245
1779403474374 0.415 246
1779403474377 0.285 247
1779403474381 0.395 248
1779403474384 0.385 249
1779403474388 0.335 250
1779403474392 0.345 251
1779403474395 0.35 252
1779403474399 0.37 253
1779403474402 0.425 254
1779403474406 0.4 255
1779403474409 0.375 256
1779403474413 0.295 257
1779403474416 0.385 258
1779403474420 0.4 259
1779403474423 0.385 260
1779403474427 0.415 261
1779403474431 0.315 262
1779403474435 0.395 263
1779403474438 0.425 264
1779403474442 0.39 265
1779403474445 0.46 266
1779403474449 0.34 267
1779403474453 0.265 268
1779403474456 0.405 269
1779403474460 0.355 270
1779403474463 0.415 271
1779403474467 0.365 272
1779403474471 0.375 273
1779403474474 0.425 274
1779403474478 0.375 275
1779403474482 0.355 276
1779403474485 0.37 277
1779403474489 0.36 278
1779403474493 0.395 279
1779403474497 0.415 280
1779403474501 0.315 281
1779403474505 0.395 282
1779403474510 0.34 283
1779403474514 0.41 284
1779403474518 0.445 285
1779403474522 0.41 286
1779403474526 0.475 287
1779403474529 0.41 288
1779403474533 0.385 289
1779403474536 0.315 290
1779403474540 0.37 291
1779403474545 0.43 292
1779403474549 0.35 293
1779403474553 0.365 294
1779403474557 0.425 295
1779403474561 0.42 296
1779403474565 0.42 297
1779403474570 0.445 298
1779403474574 0.34 299
1779403474578 0.395 300
1779403474582 0.42 301
1779403474586 0.41 302
1779403474590 0.42 303
1779403474594 0.445 304
1779403474598 0.38 305
1779403474602 0.35 306
1779403474604 0.34 307
1779403474606 0.38 308
1779403474608 0.395 309
1779403474610 0.395 310
1779403474613 0.42 311
1779403474615 0.325 312
1779403474617 0.37 313
