1780131026131 0.0 0
1780131026134 0.046463485166951146 1
1780131026137 0.09792860008546282 2
1780131026139 0.1421356849736934 3
1780131026142 0.24738792853797387 4
1780131026144 0.2529194872897139 5
1780131026146 0.40976089468131544 6
1780131026149 0.38858428791397326 7
1780131026151 0.445714287303791 8
1780131026153 0.39516301493151584 9
1780131026156 0.4723401290270319 10
1780131026158 0.48567545949090113 11
1780131026160 0.5177867213996782 12
1780131026163 0.5504556634262565 13
1780131026165 0.5886685433050002 14
1780131026167 0.5951427577170251 15
1780131026170 0.644562303052869 16
1780131026172 0.607499623270094 17
1780131026174 0.6400868500400599 18
1780131026177 0.6611225849986068 19
1780131026179 0.6337446759342223 20
1780131026181 0.7467147961912013 21
1780131026184 0.6791946608744863 22
1780131026186 0.7303337905449869 23
1780131026188 0.6881624408883151 24
1780131026191 0.7883997838286984 25
1780131026193 0.7636711908572313 26
1780131026195 0.7762051735375949 27
1780131026197 0.7437284073715004 28
1780131026200 0.8077308760235591 29
1780131026202 0.7588764559662392 30
1780131026204 0.7429869538590468 31
1780131026207 0.7811888273324328 32
1780131026209 0.7977508481675284 33
1780131026211 0.7658875318711472 34
1780131026214 0.7614971584424636 35
1780131026216 0.7777988677988678 36
1780131026218 0.7694915886092357 37
1780131026221 0.7620470338225723 38
1780131026223 0.7700721143119442 39
1780131026225 0.7701149784062068 40
1780131026228 0.8037714343576505 41
1780131026230 0.7889659667836818 42
1780131026232 0.7961522658048465 43
1780131026235 0.8449096800958161 44
1780131026237 0.7580110858456843 45
1780131026239 0.8097667245035666 46
1780131026242 0.8075129543240998 47
1780131026244 0.8004934145142224 48
1780131026246 0.8142159001214528 49
1780131026249 0.8086511141496793 50
1780131026251 0.7579117986312639 51
1780131026253 0.7984241986681011 52
1780131026255 0.7444444024967282 53
1780131026258 0.7821869557930939 54
1780131026260 0.8093360680794403 55
1780131026262 0.7957794427164818 56
1780131026265 0.8197809833549042 57
1780131026267 0.84884282415195 58
1780131026269 0.8271010087748902 59
1780131026281 0.8476217942681357 60
1780131026284 0.7978152368396272 61
1780131026286 0.8750797524995215 62
1780131026288 0.7898051407751445 63
1780131026291 0.8323952013174638 64
1780131026293 0.8284023526187327 65
1780131026295 0.8065974648262925 66
1780131026298 0.8076817967018233 67
1780131026300 0.7805166224778007 68
1780131026302 0.775049532239147 69
1780131026305 0.8006023206704697 70
1780131026307 0.8449500352614001 71
1780131026309 0.8629469717274596 72
1780131026312 0.8397012740801738 73
1780131026314 0.7971521201032798 74
1780131026316 0.8548895863104597 75
1780131026319 0.8668861738017185 76
1780131026321 0.8802595114254368 77
1780131026323 0.8475583671054908 78
1780131026325 0.8257095624353887 79
1780131026328 0.8415089711216229 80
1780131026330 0.7746845533829264 81
1780131026332 0.815310982633728 82
1780131026335 0.8350340463755097 83
1780131026337 0.8743726062679998 84
1780131026339 0.8788130512947661 85
1780131026342 0.8536174166416395 86
1780131026344 0.8317391244220513 87
1780131026346 0.8184563275340601 88
1780131026349 0.8473174708195698 89
1780131026351 0.8651316113639604 90
1780131026353 0.7982711724749028 91
1780131026356 0.8324656402692892 92
1780131026358 0.7733436438747735 93
1780131026360 0.838133219362434 94
1780131026363 0.8370533552044538 95
1780131026365 0.8418934281465255 96
1780131026368 0.8181126537708991 97
1780131026370 0.8247034425310092 98
1780131026372 0.8148551334559035 99
1780131026375 0.8498802872070627 100
1780131026377 0.8411894494339656 101
1780131026379 0.8731605857199194 102
1780131026382 0.8196849405837708 103
1780131026384 0.8522159497050442 104
1780131026386 0.855936426732319 105
1780131026389 0.8792986036866086 106
1780131026391 0.857714732501579 107
1780131026393 0.8481531789503926 108
1780131026396 0.8205474705474705 109
1780131026398 0.864492948596749 110
1780131026400 0.8393421833531702 111
1780131026403 0.8619385123415336 112
1780131026405 0.8324114438525905 113
1780131026407 0.8949069550193531 114
1780131026410 0.8391092378885083 115
1780131026412 0.8501454101454101 116
1780131026414 0.8809095571337668 117
1780131026417 0.8693920072225593 118
1780131026419 0.8096300563668984 119
1780131026421 0.8645593490679573 120
1780131026424 0.8200340078581737 121
1780131026426 0.8649894006550353 122
1780131026428 0.8809120767964842 123
1780131026431 0.7778647965015523 124
1780131026433 0.8236860601190544 125
1780131026435 0.8955267581821753 126
1780131026438 0.8723939284640945 127
1780131026440 0.875084559151991 128
1780131026442 0.8386367446775841 129
1780131026445 0.8854532841439132 130
1780131026447 0.84266657651729 131
1780131026449 0.8964916766916199 132
1780131026451 0.8555938074230758 133
1780131026454 0.8824951927754212 134
1780131026456 0.8677385885120905 135
1780131026459 0.8740642257105673 136
1780131026461 0.8911759532566588 137
1780131026463 0.8464680228206041 138
1780131026470 0.8780175771030176 139
1780131026473 0.9103188309098778 140
1780131026475 0.8477927927503914 141
1780131026477 0.8801893513658747 142
1780131026480 0.8554557437997745 143
1780131026482 0.8522808688327987 144
1780131026484 0.8394560769926624 145
1780131026487 0.8698405984467366 146
1780131026489 0.8997436656271776 147
1780131026491 0.8952385769093236 148
1780131026494 0.8732210744511846 149
1780131026496 0.8987377357321638 150
1780131026498 0.8721791320222453 151
1780131026501 0.8990444462844976 152
1780131026503 0.8459014785024577 153
1780131026506 0.8298044805134992 154
1780131026508 0.869511131006638 155
1780131026510 0.91397282292661 156
1780131026513 0.8845889611743271 157
1780131026515 0.868813211930903 158
1780131026517 0.9043681464734096 159
1780131026520 0.915270054800162 160
1780131026522 0.8946072338883635 161
1780131026524 0.950611970263133 162
1780131026527 0.8958057667621212 163
1780131026529 0.8936374882510357 164
1780131026531 0.9700646632725626 165
1780131026534 0.8996066436458113 166
1780131026536 0.909324875666339 167
1780131026539 0.9240662714205122 168
1780131026541 0.898061971335399 169
1780131026543 0.9431408243185946 170
1780131026546 0.8842167427533282 171
1780131026548 0.8854799256482015 172
1780131026550 0.9497921245147862 173
1780131026553 0.9501367771421807 174
1780131026555 0.9190410598612825 175
1780131026557 0.8955255685690469 176
1780131026560 0.9244217186322448 177
1780131026562 0.9087850646002125 178
1780131026564 0.9499223573613819 179
1780131026567 0.929658873432943 180
1780131026569 0.953850111884712 181
1780131026571 0.9041002134882185 182
1780131026574 0.9160835515342409 183
1780131026576 0.904998949633096 184
1780131026578 0.9504048017462653 185
1780131026581 0.9310509957878377 186
1780131026583 0.9288062404801216 187
1780131026585 0.9190750608305912 188
1780131026588 0.9297269896935539 189
1780131026590 0.9295554317312984 190
1780131026592 0.9300899133825963 191
1780131026595 0.9346246815617206 192
1780131026597 0.9497825378313184 193
1780131026600 0.9141893723065172 194
1780131026602 0.9147667408589998 195
1780131026604 0.9298376996420105 196
1780131026607 0.8948488088025958 197
1780131026609 0.9196492250522461 198
1780131026611 0.9303000935735211 199
1780131026614 0.8984806092926222 200
1780131026616 0.9147567024332108 201
1780131026618 0.8973945141107613 202
1780131026621 0.9502125858736898 203
1780131026623 0.9247988404406889 204
1780131026626 0.9346939581599403 205
1780131026628 0.9353201419889482 206
1780131026630 0.9559440837297062 207
1780131026633 0.9495565037028453 208
1780131026635 0.9297645601675812 209
1780131026637 0.9247060152599454 210
1780131026640 0.9596929005323787 211
1780131026642 0.95488963834144 212
1780131026644 0.9191151504424335 213
1780131026647 0.89583496343885 214
1780131026649 0.9288137810781629 215
1780131026652 0.9196386979313809 216
1780131026655 0.9447221477709282 217
1780131026657 0.9394651419041663 218
1780131026660 0.9295245926417375 219
1780131026662 0.9396773359289405 220
1780131026664 0.9602808228083626 221
1780131026667 0.935037382386548 222
1780131026669 0.9097507175628513 223
1780131026671 0.9110597203516686 224
1780131026674 0.9548086680114922 225
1780131026676 0.9108765875303177 226
1780131026678 0.9205040748095351 227
1780131026681 0.9357473420888056 228
1780131026683 0.9183057324691445 229
1780131026685 0.9553197957369972 230
1780131026688 0.9204401973721614 231
1780131026690 0.8940005126063578 232
1780131026692 0.9276430429671546 233
1780131026694 0.9302597859892543 234
1780131026697 0.940136667734811 235
1780131026699 0.8944399460188933 236
1780131026702 0.9044444590034274 237
1780131026704 0.9403251562301624 238
1780131026706 0.9295350617301837 239
1780131026708 0.9437591709542927 240
1780131026711 0.9346888331406349 241
1780131026713 0.9161132902372353 242
1780131026715 0.9600396006159209 243
1780131026718 0.9408804402265918 244
1780131026720 0.9594687155662764 245
1780131026723 0.8965500938841835 246
1780131026725 0.9359928902932755 247
1780131026727 0.9341452916728314 248
1780131026730 0.9409363973439862 249
1780131026732 0.9092654029752876 250
1780131026734 0.94446196792795 251
1780131026737 0.9400518181005986 252
1780131026739 0.9551080498448921 253
1780131026741 0.9450817475207719 254
1780131026744 0.9548686430765423 255
1780131026746 0.9398248435347281 256
1780131026748 0.9054929096007402 257
1780131026751 0.9059217499240921 258
1780131026753 0.9698306037137874 259
1780131026755 0.9251991652675298 260
1780131026758 0.9304425739769204 261
1780131026760 0.9207831789910783 262
1780131026762 0.9236314605543194 263
1780131026765 0.9141958790033247 264
1780131026767 0.945529058731883 265
1780131026769 0.9514279114279114 266
1780131026772 0.9245553847094283 267
1780131026774 0.9133571819873578 268
1780131026776 0.9245298753450231 269
1780131026779 0.9167574238626871 270
1780131026781 0.934433455094559 271
1780131026783 0.9391390371878175 272
1780131026786 0.959803533096216 273
1780131026788 0.9700937616085241 274
1780131026790 0.9551187994242596 275
1780131026792 0.940386745037908 276
1780131026795 0.9352609148244578 277
1780131026797 0.9251080839055881 278
1780131026799 0.9598004061418696 279
1780131026802 0.9536321808273028 280
1780131026804 0.950258618954323 281
1780131026806 0.9156173876199551 282
1780131026809 0.9549874921826141 283
1780131026811 0.9742489353464963 284
1780131026813 0.9240459500646014 285
1780131026816 0.949516252982235 286
1780131026818 0.9547023985855821 287
1780131026820 0.9403841566184463 288
1780131026823 0.9359901168103395 289
1780131026825 0.9400749998824454 290
1780131026827 0.9200658449618059 291
1780131026830 0.9347043105387135 292
1780131026832 0.9595956354300386 293
1780131026834 0.9400713791984654 294
1780131026837 0.9453403442941312 295
1780131026839 0.9499820312336358 296
1780131026841 0.9549556818876459 297
1780131026844 0.9302984189033687 298
1780131026846 0.9453723093238573 299
1780131026848 0.9205539377490597 300
1780131026851 0.9452826026510237 301
1780131026853 0.9394491152835183 302
1780131026855 0.9547082057865113 303
1780131026857 0.9601036362011971 304
1780131026860 0.9262050560948192 305
1780131026862 0.920083411598174 306
1780131026864 0.9320310391363023 307
1780131026867 0.9300228666082326 308
1780131026869 0.94026760744631 309
1780131026871 0.929040683321813 310
1780131026874 0.9300518025793425 311
1780131026876 0.949969177164299 312
1780131026878 0.9557725580776314 313
