1780073204164 0.0 0
1780073204166 0.16499999999999998 1
1780073204168 0.395 2
1780073204170 0.62 3
1780073204172 0.72 4
1780073204173 0.72 5
1780073204175 0.75 6
1780073204177 0.8100000000000002 7
1780073204179 0.7849999999999999 8
1780073204180 0.835 9
1780073204182 0.9199999999999999 10
1780073204184 0.9400000000000001 11
1780073204186 0.8800000000000001 12
1780073204187 0.9400000000000001 13
1780073204189 0.8549999999999999 14
1780073204191 0.97 15
1780073204193 0.9 16
1780073204195 0.925 17
1780073204196 0.9549999999999998 18
1780073204198 0.8699999999999999 19
1780073204200 0.915 20
1780073204202 0.8699999999999999 21
1780073204204 0.95 22
1780073204206 0.945 23
1780073204208 0.9199999999999999 24
1780073204210 0.9149999999999998 25
1780073204212 0.8949999999999999 26
1780073204215 0.9099999999999999 27
1780073204217 0.9 28
1780073204219 0.9650000000000001 29
1780073204221 0.6900000000000001 30
1780073204222 0.785 31
1780073204225 0.89 32
1780073204227 0.7949999999999999 33
1780073204228 0.9299999999999999 34
1780073204230 0.9399999999999998 35
1780073204232 0.915 36
1780073204234 0.925 37
1780073204236 0.9650000000000001 38
1780073204238 0.9399999999999998 39
1780073204240 0.9349999999999999 40
1780073204242 0.925 41
1780073204244 0.9499999999999998 42
1780073204246 0.9199999999999999 43
1780073204248 0.9299999999999999 44
1780073204249 0.9549999999999998 45
1780073204251 0.945 46
1780073204253 0.93 47
1780073204255 0.9199999999999999 48
1780073204256 0.96 49
1780073204258 0.9350000000000002 50
1780073204260 0.915 51
1780073204262 0.925 52
1780073204264 0.95 53
1780073204265 0.945 54
1780073204267 0.8150000000000001 55
1780073204269 0.8300000000000001 56
1780073204271 0.9 57
1780073204272 0.905 58
1780073204274 0.9499999999999998 59
1780073204276 0.93 60
1780073204278 0.9399999999999998 61
1780073204279 0.9049999999999999 62
1780073204281 0.925 63
1780073204283 0.9549999999999998 64
1780073204285 0.9349999999999999 65
1780073204287 0.915 66
1780073204289 0.945 67
1780073204291 0.9350000000000002 68
1780073204292 0.975 69
1780073204294 0.9149999999999998 70
1780073204296 0.96 71
1780073204298 0.8400000000000001 72
1780073204300 0.9549999999999998 73
1780073204301 0.8799999999999999 74
1780073204303 0.9899999999999999 75
1780073204305 0.9549999999999998 76
1780073204307 0.9399999999999998 77
1780073204308 0.75 78
1780073204310 0.905 79
1780073204312 0.9650000000000001 80
1780073204314 0.9649999999999999 81
1780073204315 0.925 82
1780073204317 0.9349999999999999 83
1780073204319 0.9200000000000002 84
1780073204321 0.9800000000000001 85
1780073204322 0.9200000000000002 86
1780073204324 0.945 87
1780073204326 0.93 88
1780073204327 0.8499999999999999 89
1780073204329 0.86 90
1780073204331 0.8400000000000001 91
1780073204333 0.9899999999999999 92
1780073204334 0.975 93
1780073204336 0.97 94
1780073204338 0.925 95
1780073204339 0.9349999999999999 96
1780073204341 0.9800000000000001 97
1780073204343 0.9349999999999999 98
1780073204345 0.9549999999999998 99
1780073204346 0.9549999999999998 100
1780073204348 0.975 101
1780073204350 0.915 102
1780073204352 0.96 103
1780073204353 0.975 104
1780073204355 0.97 105
1780073204357 0.97 106
1780073204358 0.95 107
1780073204360 0.9549999999999998 108
1780073204362 0.9749999999999999 109
1780073204364 0.96 110
1780073204366 0.9549999999999998 111
1780073204368 0.9549999999999998 112
1780073204369 0.975 113
1780073204371 0.9649999999999999 114
1780073204373 0.97 115
1780073204375 0.9650000000000001 116
1780073204378 0.8999999999999998 117
1780073204380 0.8400000000000001 118
1780073204382 0.875 119
1780073204383 0.945 120
1780073204385 0.9650000000000001 121
1780073204387 0.9550000000000001 122
1780073204389 0.9599999999999997 123
1780073204391 0.925 124
1780073204393 0.9549999999999998 125
1780073204395 0.96 126
1780073204396 0.8 127
1780073204398 0.9549999999999998 128
1780073204400 0.9349999999999999 129
1780073204403 0.8950000000000001 130
1780073204405 0.8899999999999999 131
1780073204407 0.96 132
1780073204408 0.97 133
1780073204410 0.9649999999999999 134
1780073204412 0.885 135
1780073204414 0.975 136
1780073204415 0.9049999999999999 137
1780073204417 0.9549999999999998 138
1780073204419 0.9349999999999999 139
1780073204421 0.96 140
1780073204422 0.93 141
1780073204424 0.99 142
1780073204426 0.9549999999999998 143
1780073204428 0.9749999999999999 144
1780073204429 0.9799999999999999 145
1780073204431 0.8549999999999999 146
1780073204433 0.97 147
1780073204435 0.985 148
1780073204438 0.9649999999999999 149
1780073204440 0.97 150
1780073204442 0.9549999999999998 151
1780073204444 0.9349999999999999 152
1780073204445 0.985 153
1780073204447 0.8950000000000001 154
1780073204449 0.96 155
1780073204451 0.95 156
1780073204453 0.6 157
1780073204455 0.9099999999999999 158
1780073204456 0.62 159
1780073204458 0.9099999999999999 160
1780073204460 0.78 161
1780073204461 0.9099999999999999 162
1780073204463 0.7849999999999999 163
1780073204465 0.8099999999999999 164
1780073204467 0.9099999999999999 165
1780073204469 0.915 166
1780073204470 0.675 167
1780073204472 0.885 168
1780073204474 0.95 169
1780073204476 0.89 170
1780073204477 0.96 171
1780073204479 0.9249999999999998 172
1780073204481 0.9400000000000001 173
1780073204483 0.8150000000000001 174
1780073204484 0.9349999999999998 175
1780073204486 0.9199999999999999 176
1780073204488 0.8550000000000001 177
1780073204490 0.9249999999999998 178
1780073204491 0.9549999999999998 179
1780073204493 0.9650000000000001 180
1780073204495 0.95 181
1780073204505 0.9199999999999999 182
1780073204507 0.89 183
1780073204509 0.9099999999999999 184
1780073204511 0.9349999999999999 185
1780073204512 0.945 186
1780073204514 0.9399999999999998 187
1780073204516 0.85 188
1780073204518 0.9000000000000001 189
1780073204519 0.57 190
1780073204521 0.875 191
1780073204523 0.9349999999999999 192
1780073204525 0.905 193
1780073204527 0.69 194
1780073204529 0.725 195
1780073204531 0.8099999999999999 196
1780073204533 0.9450000000000001 197
1780073204535 0.9550000000000001 198
1780073204537 0.945 199
1780073204539 0.945 200
1780073204542 0.9399999999999998 201
1780073204544 0.8150000000000001 202
1780073204546 0.73 203
1780073204548 0.9199999999999999 204
1780073204549 0.95 205
1780073204552 0.725 206
1780073204554 0.9400000000000001 207
1780073204556 0.96 208
1780073204557 0.9200000000000002 209
1780073204559 0.9450000000000001 210
1780073204561 0.9400000000000001 211
1780073204563 0.8 212
1780073204565 0.905 213
1780073204567 0.9399999999999998 214
1780073204569 0.9199999999999999 215
1780073204571 0.74 216
1780073204573 0.9349999999999999 217
1780073204575 0.9349999999999999 218
1780073204576 0.515 219
1780073204578 0.8950000000000001 220
1780073204580 0.93 221
1780073204582 0.9499999999999998 222
1780073204583 0.9450000000000001 223
1780073204585 0.9650000000000001 224
1780073204587 0.945 225
1780073204589 0.875 226
1780073204590 0.86 227
1780073204592 0.945 228
1780073204594 0.96 229
1780073204595 0.9549999999999998 230
1780073204597 0.9549999999999998 231
1780073204599 0.9000000000000001 232
1780073204601 0.96 233
1780073204602 0.9349999999999998 234
1780073204604 0.9049999999999999 235
1780073204606 0.93 236
1780073204608 0.8800000000000001 237
1780073204609 0.875 238
1780073204611 0.925 239
1780073204613 0.9650000000000001 240
1780073204615 0.925 241
1780073204616 0.945 242
1780073204618 0.95 243
1780073204620 0.9099999999999999 244
1780073204622 0.9550000000000001 245
1780073204623 0.925 246
1780073204625 0.9099999999999999 247
1780073204627 0.65 248
1780073204629 0.945 249
1780073204630 0.95 250
1780073204632 0.9550000000000001 251
1780073204634 0.85 252
1780073204636 0.95 253
1780073204637 0.9349999999999999 254
1780073204639 0.95 255
1780073204641 0.9400000000000001 256
1780073204643 0.8550000000000001 257
1780073204644 0.9400000000000001 258
1780073204646 0.8699999999999999 259
1780073204648 0.97 260
1780073204650 0.9349999999999999 261
1780073204651 0.945 262
1780073204653 0.9199999999999999 263
1780073204655 0.9099999999999999 264
1780073204656 0.9199999999999999 265
1780073204658 0.8800000000000001 266
1780073204660 0.9200000000000002 267
1780073204662 0.9550000000000001 268
1780073204663 0.97 269
1780073204665 0.95 270
1780073204667 0.9000000000000001 271
1780073204669 0.9450000000000001 272
1780073204670 0.8550000000000001 273
1780073204672 0.9650000000000001 274
1780073204674 0.9299999999999999 275
1780073204676 0.9249999999999998 276
1780073204677 0.8949999999999999 277
1780073204679 0.93 278
1780073204681 0.9600000000000002 279
1780073204683 0.9099999999999999 280
1780073204685 0.9349999999999999 281
1780073204686 0.8 282
1780073204688 0.9049999999999999 283
1780073204690 0.9400000000000001 284
1780073204692 0.9049999999999999 285
1780073204694 0.9400000000000001 286
1780073204696 0.9550000000000001 287
1780073204697 0.915 288
1780073204699 0.9800000000000001 289
1780073204701 0.95 290
1780073204704 0.9349999999999999 291
1780073204706 0.8949999999999999 292
1780073204714 0.8949999999999999 293
1780073204716 0.9499999999999998 294
1780073204718 0.9349999999999999 295
1780073204720 0.9450000000000001 296
1780073204722 0.9550000000000001 297
1780073204723 0.9700000000000001 298
1780073204726 0.9399999999999998 299
1780073204728 0.8800000000000001 300
1780073204730 0.96 301
1780073204732 0.945 302
1780073204734 0.96 303
1780073204736 0.97 304
1780073204737 0.9649999999999999 305
1780073204739 0.97 306
1780073204741 0.9549999999999998 307
1780073204743 0.9650000000000001 308
1780073204744 0.9299999999999999 309
1780073204746 0.9099999999999999 310
1780073204748 0.925 311
1780073204750 0.9649999999999999 312
1780073204751 0.9550000000000001 313
