1780527091388 0.0 0
1780527091390 0.8977777777777728 1
1780527091392 0.901111111111106 2
1780527091394 0.9077777777777726 3
1780527091395 0.9072222222222173 4
1780527091397 0.9055555555555506 5
1780527091399 0.9033333333333283 6
1780527091401 0.899999999999995 7
1780527091402 0.9083333333333284 8
1780527091404 0.9094444444444394 9
1780527091406 0.9138888888888838 10
1780527091407 0.9105555555555502 11
1780527091409 0.9122222222222172 12
1780527091411 0.9116666666666617 13
1780527091413 0.9072222222222172 14
1780527091414 0.909999999999995 15
1780527091416 0.9249999999999947 16
1780527091418 0.9138888888888838 17
1780527091420 0.9155555555555506 18
1780527091423 0.9183333333333282 19
1780527091425 0.916111111111106 20
1780527091427 0.9072222222222173 21
1780527091428 0.9183333333333282 22
1780527091430 0.9055555555555506 23
1780527091432 0.9227777777777728 24
1780527091433 0.9205555555555505 25
1780527091435 0.9222222222222172 26
1780527091437 0.9155555555555503 27
1780527091439 0.9205555555555505 28
1780527091440 0.9177777777777727 29
1780527091442 0.9283333333333281 30
1780527091444 0.9233333333333282 31
1780527091446 0.9177777777777727 32
1780527091448 0.9222222222222172 33
1780527091450 0.913888888888884 34
1780527091452 0.9205555555555506 35
1780527091454 0.9194444444444393 36
1780527091457 0.9166666666666614 37
1780527091459 0.9188888888888839 38
1780527091460 0.9127777777777727 39
1780527091462 0.9127777777777727 40
1780527091464 0.9094444444444394 41
1780527091466 0.922222222222217 42
1780527091467 0.9188888888888839 43
1780527091469 0.9199999999999949 44
1780527091471 0.9016666666666616 45
1780527091472 0.9149999999999949 46
1780527091474 0.9233333333333282 47
1780527091476 0.9205555555555506 48
1780527091478 0.9122222222222172 49
1780527091479 0.9277777777777727 50
1780527091481 0.917222222222217 51
1780527091483 0.9205555555555506 52
1780527091485 0.916111111111106 53
1780527091487 0.9211111111111061 54
1780527091489 0.9116666666666615 55
1780527091490 0.9094444444444394 56
1780527091492 0.9233333333333282 57
1780527091494 0.9211111111111059 58
1780527091495 0.932222222222217 59
1780527091497 0.9244444444444394 60
1780527091499 0.9105555555555505 61
1780527091501 0.9199999999999949 62
1780527091503 0.9305555555555504 63
1780527091505 0.9299999999999947 64
1780527091506 0.9227777777777726 65
1780527091508 0.9216666666666615 66
1780527091510 0.9244444444444394 67
1780527091512 0.9166666666666614 68
1780527091513 0.9216666666666615 69
1780527091515 0.9188888888888839 70
1780527091517 0.9149999999999949 71
1780527091518 0.9299999999999947 72
1780527091520 0.9305555555555504 73
1780527091522 0.9227777777777726 74
1780527091525 0.9222222222222172 75
1780527091528 0.9222222222222172 76
1780527091529 0.926111111111106 77
1780527091531 0.929999999999995 78
1780527091533 0.9188888888888836 79
1780527091535 0.9161111111111062 80
1780527091536 0.9144444444444393 81
1780527091538 0.9194444444444393 82
1780527091540 0.9222222222222172 83
1780527091541 0.9255555555555505 84
1780527091543 0.9211111111111059 85
1780527091545 0.9188888888888839 86
1780527091547 0.9255555555555505 87
1780527091548 0.9249999999999948 88
1780527091550 0.9227777777777728 89
1780527091552 0.9233333333333282 90
1780527091554 0.9249999999999948 91
1780527091555 0.9327777777777726 92
1780527091557 0.9188888888888839 93
1780527091559 0.9177777777777727 94
1780527091561 0.9272222222222171 95
1780527091563 0.9127777777777728 96
1780527091565 0.9155555555555506 97
1780527091567 0.9183333333333283 98
1780527091568 0.9194444444444393 99
1780527091570 0.9255555555555505 100
1780527091572 0.9244444444444394 101
1780527091574 0.9233333333333282 102
1780527091575 0.9244444444444394 103
1780527091577 0.9216666666666615 104
1780527091579 0.9138888888888838 105
1780527091581 0.9283333333333281 106
1780527091583 0.9288888888888837 107
1780527091585 0.9199999999999948 108
1780527091587 0.9227777777777725 109
1780527091588 0.9272222222222173 110
1780527091590 0.9266666666666616 111
1780527091592 0.9133333333333281 112
1780527091593 0.9288888888888838 113
1780527091595 0.9266666666666616 114
1780527091597 0.9188888888888836 115
1780527091598 0.9211111111111061 116
1780527091600 0.9166666666666616 117
1780527091602 0.9272222222222171 118
1780527091604 0.924999999999995 119
1780527091605 0.9233333333333282 120
1780527091607 0.9238888888888838 121
1780527091609 0.9344444444444395 122
1780527091610 0.9266666666666616 123
1780527091612 0.9255555555555505 124
1780527091614 0.9255555555555504 125
1780527091615 0.9266666666666616 126
1780527091617 0.931111111111106 127
1780527091619 0.9316666666666615 128
1780527091621 0.9199999999999948 129
1780527091624 0.9238888888888838 130
1780527091626 0.9283333333333281 131
1780527091629 0.9183333333333282 132
1780527091631 0.9244444444444394 133
1780527091634 0.924999999999995 134
1780527091636 0.9066666666666616 135
1780527091638 0.9227777777777726 136
1780527091640 0.9294444444444394 137
1780527091641 0.9261111111111061 138
1780527091643 0.9277777777777725 139
1780527091645 0.9227777777777726 140
1780527091646 0.9227777777777726 141
1780527091648 0.9255555555555505 142
1780527091650 0.9277777777777725 143
1780527091652 0.9272222222222171 144
1780527091653 0.9272222222222171 145
1780527091655 0.9288888888888838 146
1780527091657 0.9305555555555504 147
1780527091658 0.9222222222222172 148
1780527091660 0.9277777777777725 149
1780527091662 0.9266666666666614 150
1780527091664 0.9349999999999948 151
1780527091665 0.926111111111106 152
1780527091667 0.9288888888888838 153
1780527091669 0.9294444444444393 154
1780527091670 0.9322222222222172 155
1780527091672 0.9305555555555504 156
1780527091674 0.9355555555555503 157
1780527091676 0.9216666666666615 158
1780527091677 0.9205555555555505 159
1780527091679 0.9272222222222171 160
1780527091681 0.9294444444444393 161
1780527091682 0.9316666666666615 162
1780527091684 0.9255555555555505 163
1780527091686 0.9255555555555504 164
1780527091688 0.9272222222222171 165
1780527091690 0.9277777777777727 166
1780527091691 0.9277777777777725 167
1780527091693 0.9283333333333281 168
1780527091695 0.9244444444444394 169
1780527091697 0.9299999999999949 170
1780527091698 0.9255555555555504 171
1780527091700 0.9244444444444394 172
1780527091702 0.9288888888888838 173
1780527091703 0.9316666666666613 174
1780527091705 0.9088888888888839 175
1780527091707 0.9266666666666616 176
1780527091709 0.9322222222222172 177
1780527091710 0.9249999999999947 178
1780527091712 0.931111111111106 179
1780527091714 0.9366666666666615 180
1780527091715 0.9266666666666616 181
1780527091717 0.9277777777777727 182
1780527091719 0.926111111111106 183
1780527091721 0.9344444444444392 184
1780527091722 0.9344444444444392 185
1780527091724 0.9244444444444394 186
1780527091726 0.9327777777777726 187
1780527091728 0.9272222222222173 188
1780527091729 0.9244444444444392 189
1780527091731 0.9333333333333282 190
1780527091733 0.9344444444444393 191
1780527091735 0.9266666666666616 192
1780527091737 0.931111111111106 193
1780527091738 0.9311111111111059 194
1780527091740 0.9338888888888837 195
1780527091742 0.9361111111111059 196
1780527091743 0.9249999999999948 197
1780527091745 0.9277777777777725 198
1780527091747 0.9294444444444393 199
1780527091749 0.9394444444444392 200
1780527091750 0.9244444444444394 201
1780527091752 0.9288888888888838 202
1780527091754 0.9266666666666616 203
1780527091756 0.9299999999999949 204
1780527091757 0.9283333333333281 205
1780527091759 0.933333333333328 206
1780527091761 0.9216666666666615 207
1780527091763 0.9333333333333282 208
1780527091764 0.9255555555555504 209
1780527091766 0.926111111111106 210
1780527091768 0.9338888888888839 211
1780527091769 0.9372222222222168 212
1780527091771 0.9277777777777727 213
1780527091773 0.9283333333333281 214
1780527091775 0.9355555555555505 215
1780527091777 0.9272222222222171 216
1780527091778 0.9277777777777727 217
1780527091780 0.9366666666666614 218
1780527091782 0.9316666666666616 219
1780527091783 0.9349999999999948 220
1780527091785 0.9388888888888838 221
1780527091787 0.9305555555555504 222
1780527091789 0.9255555555555505 223
1780527091790 0.9188888888888839 224
1780527091792 0.9388888888888838 225
1780527091794 0.932222222222217 226
1780527091796 0.9283333333333281 227
1780527091799 0.931111111111106 228
1780527091801 0.9277777777777727 229
1780527091803 0.9344444444444393 230
1780527091805 0.924999999999995 231
1780527091806 0.9255555555555505 232
1780527091808 0.9288888888888837 233
1780527091810 0.928333333333328 234
1780527091811 0.9277777777777725 235
1780527091813 0.9316666666666615 236
1780527091815 0.9277777777777725 237
1780527091816 0.9294444444444391 238
1780527091818 0.931111111111106 239
1780527091820 0.9333333333333282 240
1780527091822 0.9288888888888838 241
1780527091824 0.9199999999999949 242
1780527091826 0.9244444444444392 243
1780527091827 0.9355555555555505 244
1780527091829 0.9405555555555504 245
1780527091831 0.9299999999999949 246
1780527091832 0.9327777777777726 247
1780527091834 0.9299999999999947 248
1780527091836 0.9361111111111061 249
1780527091837 0.9322222222222172 250
1780527091839 0.9344444444444393 251
1780527091841 0.9344444444444392 252
1780527091844 0.9288888888888837 253
1780527091846 0.9272222222222171 254
1780527091848 0.9355555555555505 255
1780527091849 0.9188888888888839 256
1780527091851 0.9316666666666616 257
1780527091853 0.9272222222222171 258
1780527091855 0.9305555555555504 259
1780527091856 0.931111111111106 260
1780527091858 0.9383333333333281 261
1780527091860 0.9216666666666615 262
1780527091861 0.9416666666666614 263
1780527091863 0.9311111111111059 264
1780527091865 0.9405555555555504 265
1780527091866 0.9377777777777727 266
1780527091868 0.9338888888888839 267
1780527091870 0.932222222222217 268
1780527091871 0.926111111111106 269
1780527091873 0.9288888888888837 270
1780527091875 0.9349999999999948 271
1780527091877 0.9383333333333284 272
1780527091878 0.931111111111106 273
1780527091880 0.9299999999999949 274
1780527091882 0.9288888888888838 275
1780527091883 0.9244444444444394 276
1780527091885 0.9327777777777726 277
1780527091887 0.9222222222222172 278
1780527091889 0.932222222222217 279
1780527091891 0.9305555555555504 280
1780527091892 0.9311111111111059 281
1780527091894 0.931111111111106 282
1780527091896 0.9333333333333282 283
1780527091897 0.9366666666666614 284
1780527091899 0.9327777777777726 285
1780527091901 0.9299999999999947 286
1780527091903 0.9388888888888836 287
1780527091905 0.9361111111111059 288
1780527091907 0.9399999999999948 289
1780527091908 0.9294444444444393 290
1780527091910 0.9283333333333281 291
1780527091912 0.9333333333333282 292
1780527091914 0.9238888888888835 293
1780527091915 0.932222222222217 294
1780527091917 0.9299999999999949 295
1780527091919 0.9349999999999948 296
1780527091921 0.9349999999999948 297
1780527091922 0.9266666666666616 298
