1780241120254 0.0 0
1780241120256 0.898888888888884 1
1780241120258 0.9149999999999949 2
1780241120259 0.9199999999999949 3
1780241120261 0.9399999999999947 4
1780241120263 0.9588888888888836 5
1780241120264 0.9494444444444392 6
1780241120266 0.9661111111111058 7
1780241120267 0.9644444444444391 8
1780241120269 0.9733333333333277 9
1780241120271 0.9811111111111055 10
1780241120272 0.97555555555555 11
1780241120274 0.9805555555555501 12
1780241120275 0.9861111111111056 13
1780241120277 0.9711111111111057 14
1780241120279 0.9772222222222167 15
1780241120280 0.9777777777777723 16
1780241120282 0.986666666666661 17
1780241120283 0.9755555555555502 18
1780241120285 0.978333333333328 19
1780241120287 0.9888888888888833 20
1780241120288 0.9827777777777722 21
1780241120290 0.9822222222222168 22
1780241120291 0.9883333333333277 23
1780241120293 0.9894444444444389 24
1780241120295 0.9916666666666611 25
1780241120296 0.9883333333333277 26
1780241120298 0.9883333333333277 27
1780241120300 0.9938888888888833 28
1780241120301 0.9938888888888833 29
1780241120303 0.99055555555555 30
1780241120305 0.9922222222222166 31
1780241120306 0.9872222222222167 32
1780241120308 0.9799999999999945 33
1780241120309 0.9955555555555499 34
1780241120311 0.9855555555555501 35
1780241120313 0.9927777777777722 36
1780241120314 0.9888888888888834 37
1780241120316 0.9794444444444389 38
1780241120318 0.9849999999999944 39
1780241120319 0.9938888888888833 40
1780241120321 0.9772222222222169 41
1780241120322 0.9827777777777722 42
1780241120324 0.9838888888888834 43
1780241120326 0.99055555555555 44
1780241120327 0.99055555555555 45
1780241120329 0.99055555555555 46
1780241120331 0.9894444444444389 47
1780241120332 0.9783333333333278 48
1780241120334 0.9899999999999946 49
1780241120336 0.9894444444444389 50
1780241120337 0.9827777777777722 51
1780241120339 0.9894444444444389 52
1780241120341 0.9827777777777722 53
1780241120342 0.9922222222222166 54
1780241120344 0.9922222222222168 55
1780241120346 0.9894444444444389 56
1780241120347 0.9888888888888833 57
1780241120349 0.9799999999999945 58
1780241120350 0.9944444444444388 59
1780241120352 0.9927777777777722 60
1780241120354 0.9899999999999946 61
1780241120355 0.9877777777777721 62
1780241120357 0.986666666666661 63
1780241120359 0.9955555555555501 64
1780241120360 0.99055555555555 65
1780241120362 0.9833333333333277 66
1780241120364 0.9849999999999944 67
1780241120366 0.9788888888888835 68
1780241120368 0.99055555555555 69
1780241120369 0.9822222222222168 70
1780241120371 0.9861111111111056 71
1780241120372 0.9883333333333277 72
1780241120374 0.9899999999999946 73
1780241120376 0.99055555555555 74
1780241120377 0.99055555555555 75
1780241120379 0.9927777777777722 76
1780241120381 0.9799999999999945 77
1780241120382 0.9788888888888835 78
1780241120384 0.9944444444444389 79
1780241120385 0.9933333333333279 80
1780241120387 0.9827777777777722 81
1780241120389 0.9883333333333277 82
1780241120391 0.9899999999999943 83
1780241120392 0.9894444444444389 84
1780241120394 0.9872222222222167 85
1780241120396 0.98555555555555 86
1780241120397 0.9888888888888833 87
1780241120399 0.9877777777777723 88
1780241120401 0.9922222222222166 89
1780241120402 0.9761111111111056 90
1780241120404 0.9888888888888834 91
1780241120406 0.9938888888888833 92
1780241120407 0.99055555555555 93
1780241120409 0.9949999999999944 94
1780241120410 0.9883333333333277 95
1780241120412 0.9766666666666612 96
1780241120414 0.9922222222222168 97
1780241120415 0.9788888888888835 98
1780241120417 0.9916666666666611 99
1780241120419 0.9855555555555501 100
1780241120420 0.9933333333333276 101
1780241120422 0.99055555555555 102
1780241120423 0.9949999999999944 103
1780241120425 0.9949999999999944 104
1780241120427 0.9938888888888833 105
1780241120428 0.9933333333333276 106
1780241120430 0.9883333333333277 107
1780241120432 0.9927777777777722 108
1780241120433 0.9961111111111055 109
1780241120435 0.9933333333333279 110
1780241120436 0.9949999999999944 111
1780241120438 0.9922222222222166 112
1780241120440 0.9944444444444389 113
1780241120441 0.9944444444444389 114
1780241120443 0.9899999999999946 115
1780241120445 0.9972222222222167 116
1780241120446 0.9922222222222166 117
1780241120448 0.9911111111111055 118
1780241120450 0.986666666666661 119
1780241120451 0.9933333333333276 120
1780241120453 0.9855555555555501 121
1780241120455 0.9894444444444389 122
1780241120456 0.9933333333333279 123
1780241120458 0.9944444444444388 124
1780241120460 0.9911111111111056 125
1780241120461 0.99055555555555 126
1780241120463 0.9822222222222168 127
1780241120464 0.9938888888888833 128
1780241120466 0.996666666666661 129
1780241120468 0.9899999999999946 130
1780241120469 0.9894444444444389 131
1780241120471 0.9849999999999944 132
1780241120473 0.9877777777777721 133
1780241120474 0.9949999999999944 134
1780241120476 0.9849999999999944 135
1780241120477 0.9933333333333276 136
1780241120479 0.9888888888888833 137
1780241120481 0.9899999999999946 138
1780241120482 0.9949999999999944 139
1780241120484 0.9883333333333277 140
1780241120486 0.9922222222222166 141
1780241120487 0.9877777777777723 142
1780241120489 0.9899999999999943 143
1780241120490 0.9955555555555499 144
1780241120492 0.9949999999999944 145
1780241120494 0.9922222222222166 146
1780241120495 0.9816666666666611 147
1780241120497 0.9961111111111055 148
1780241120498 0.9927777777777722 149
1780241120500 0.9872222222222167 150
1780241120502 0.9927777777777722 151
1780241120503 0.984444444444439 152
1780241120505 0.9772222222222169 153
1780241120506 0.9911111111111055 154
1780241120508 0.9877777777777721 155
1780241120510 0.9927777777777722 156
1780241120511 0.9938888888888833 157
1780241120513 0.9949999999999944 158
1780241120515 0.9944444444444388 159
1780241120516 0.9888888888888834 160
1780241120518 0.9944444444444389 161
1780241120519 0.9899999999999946 162
1780241120521 0.9938888888888833 163
1780241120523 0.9666666666666612 164
1780241120524 0.9894444444444389 165
1780241120526 0.9861111111111056 166
1780241120527 0.9916666666666611 167
1780241120529 0.9888888888888834 168
1780241120531 0.9927777777777722 169
1780241120532 0.9949999999999944 170
1780241120534 0.9961111111111055 171
1780241120535 0.9944444444444388 172
1780241120537 0.9938888888888833 173
1780241120539 0.9961111111111055 174
1780241120540 0.9955555555555501 175
1780241120542 0.9938888888888833 176
1780241120544 0.9966666666666611 177
1780241120546 0.9961111111111055 178
1780241120547 0.9966666666666611 179
1780241120549 0.9922222222222166 180
1780241120550 0.9922222222222166 181
1780241120552 0.9944444444444389 182
1780241120554 0.9938888888888833 183
1780241120555 0.99055555555555 184
1780241120557 0.9988888888888834 185
1780241120558 0.9944444444444389 186
1780241120560 0.9955555555555499 187
1780241120562 0.9911111111111056 188
1780241120563 0.9883333333333277 189
1780241120565 0.99055555555555 190
1780241120566 0.9944444444444389 191
1780241120568 0.9938888888888833 192
1780241120570 0.9949999999999944 193
1780241120571 0.9949999999999944 194
1780241120573 0.9944444444444389 195
1780241120575 0.9883333333333277 196
1780241120576 0.9872222222222167 197
1780241120578 0.9961111111111055 198
1780241120580 0.9955555555555499 199
1780241120581 0.9944444444444388 200
1780241120583 0.9972222222222167 201
1780241120584 0.9916666666666611 202
1780241120586 0.9955555555555501 203
1780241120588 0.9966666666666611 204
1780241120589 0.9961111111111055 205
1780241120591 0.9966666666666611 206
1780241120593 0.9949999999999944 207
1780241120594 0.9977777777777723 208
1780241120596 0.9961111111111055 209
1780241120597 0.9933333333333279 210
1780241120599 0.9966666666666611 211
1780241120600 0.9949999999999944 212
1780241120602 0.9955555555555499 213
1780241120604 0.9877777777777723 214
1780241120605 0.9944444444444388 215
1780241120607 0.9961111111111055 216
1780241120608 0.9961111111111055 217
1780241120610 0.9983333333333277 218
1780241120612 0.9972222222222167 219
1780241120613 0.996666666666661 220
1780241120615 0.9944444444444389 221
1780241120616 0.9977777777777721 222
1780241120618 0.9955555555555501 223
1780241120620 0.9961111111111055 224
1780241120621 0.9933333333333279 225
1780241120623 0.9955555555555501 226
1780241120624 0.9977777777777721 227
1780241120626 0.9933333333333279 228
1780241120628 0.9961111111111055 229
1780241120629 0.9972222222222167 230
1780241120631 0.9927777777777722 231
1780241120633 0.9961111111111055 232
1780241120634 0.9927777777777722 233
1780241120636 0.9938888888888833 234
1780241120637 0.9944444444444389 235
1780241120639 0.9961111111111055 236
1780241120641 0.9927777777777722 237
1780241120642 0.9977777777777723 238
1780241120644 0.9955555555555501 239
1780241120646 0.9955555555555499 240
1780241120647 0.9938888888888833 241
1780241120649 0.9949999999999944 242
1780241120651 0.9949999999999944 243
1780241120652 0.9961111111111055 244
1780241120654 0.9977777777777723 245
1780241120655 0.9949999999999944 246
1780241120657 0.9894444444444389 247
1780241120659 0.9949999999999944 248
1780241120660 0.9977777777777723 249
1780241120662 0.9961111111111055 250
1780241120664 0.9944444444444389 251
1780241120665 0.9944444444444389 252
1780241120667 0.9966666666666611 253
1780241120668 0.9972222222222167 254
1780241120670 0.9961111111111055 255
1780241120672 0.9877777777777721 256
1780241120673 0.9961111111111055 257
1780241120675 0.9972222222222167 258
1780241120676 0.9938888888888833 259
1780241120678 0.9977777777777723 260
1780241120680 0.9938888888888833 261
1780241120681 0.9983333333333277 262
1780241120683 0.9977777777777721 263
1780241120684 0.9916666666666611 264
1780241120686 0.9972222222222167 265
1780241120688 0.9961111111111055 266
1780241120689 0.9983333333333277 267
1780241120691 0.9988888888888834 268
1780241120692 0.9983333333333277 269
1780241120694 0.996666666666661 270
1780241120696 0.9972222222222167 271
1780241120697 0.9972222222222167 272
1780241120699 0.9955555555555501 273
1780241120700 0.98555555555555 274
1780241120702 0.9955555555555501 275
1780241120704 0.9938888888888833 276
1780241120705 0.9983333333333277 277
1780241120707 0.9938888888888833 278
1780241120709 0.9972222222222167 279
1780241120710 0.9933333333333279 280
1780241120712 0.9944444444444388 281
1780241120713 0.9949999999999944 282
1780241120715 0.9972222222222167 283
1780241120717 0.9966666666666611 284
1780241120718 0.9972222222222167 285
1780241120720 0.9949999999999944 286
1780241120721 0.99055555555555 287
1780241120723 0.9922222222222168 288
1780241120725 0.9983333333333277 289
1780241120726 0.9955555555555499 290
1780241120728 0.9955555555555499 291
1780241120730 0.9911111111111056 292
1780241120731 0.9966666666666611 293
1780241120733 0.9955555555555499 294
1780241120734 0.9944444444444388 295
1780241120736 0.9922222222222166 296
1780241120738 0.9927777777777722 297
1780241120739 0.9977777777777721 298
1780241120741 0.9949999999999944 299
1780241120742 0.9944444444444389 300
1780241120744 0.9988888888888834 301
1780241120746 0.9972222222222167 302
1780241120747 0.9922222222222168 303
1780241120749 0.9927777777777722 304
1780241120750 0.996666666666661 305
1780241120752 0.9972222222222167 306
1780241120754 0.9972222222222167 307
1780241120755 0.9983333333333277 308
1780241120757 0.9961111111111055 309
1780241120759 0.9977777777777723 310
1780241120760 0.9955555555555501 311
1780241120762 0.9972222222222167 312
1780241120763 0.9972222222222167 313
