1780114914850 0.0 0
1780114914852 0.10500000000000001 1
1780114914853 0.265 2
1780114914855 0.225 3
1780114914857 0.495 4
1780114914859 0.48 5
1780114914860 0.7200000000000001 6
1780114914862 0.72 7
1780114914864 0.805 8
1780114914865 0.7899999999999999 9
1780114914867 0.8150000000000001 10
1780114914869 0.8150000000000001 11
1780114914871 0.655 12
1780114914872 0.845 13
1780114914874 0.875 14
1780114914876 0.905 15
1780114914878 0.8549999999999999 16
1780114914879 0.8099999999999999 17
1780114914881 0.8100000000000002 18
1780114914883 0.875 19
1780114914884 0.9099999999999999 20
1780114914886 0.9299999999999999 21
1780114914888 0.8750000000000002 22
1780114914890 0.915 23
1780114914891 0.9 24
1780114914893 0.8799999999999999 25
1780114914895 0.885 26
1780114914896 0.8800000000000001 27
1780114914898 0.905 28
1780114914900 0.9149999999999998 29
1780114914902 0.685 30
1780114914903 0.8699999999999999 31
1780114914905 0.7649999999999999 32
1780114914907 0.945 33
1780114914908 0.925 34
1780114914910 0.8949999999999999 35
1780114914912 0.8800000000000001 36
1780114914914 0.9099999999999999 37
1780114914915 0.8950000000000001 38
1780114914917 0.805 39
1780114914919 0.97 40
1780114914921 0.95 41
1780114914922 0.77 42
1780114914924 0.7750000000000001 43
1780114914926 0.68 44
1780114914927 0.9 45
1780114914929 0.915 46
1780114914931 0.78 47
1780114914933 0.9149999999999998 48
1780114914934 0.925 49
1780114914936 0.8450000000000001 50
1780114914938 0.78 51
1780114914940 0.8800000000000001 52
1780114914942 0.9049999999999999 53
1780114914944 0.75 54
1780114914945 0.785 55
1780114914947 0.9099999999999999 56
1780114914949 0.95 57
1780114914951 0.9099999999999999 58
1780114914953 0.9099999999999999 59
1780114914954 0.97 60
1780114914956 0.9299999999999999 61
1780114914958 0.9200000000000002 62
1780114914960 0.925 63
1780114914961 0.845 64
1780114914963 0.945 65
1780114914965 0.9200000000000002 66
1780114914967 0.875 67
1780114914968 0.8700000000000001 68
1780114914970 0.9100000000000001 69
1780114914972 0.8 70
1780114914974 0.43499999999999994 71
1780114914975 0.93 72
1780114914977 0.8950000000000001 73
1780114914979 0.905 74
1780114914981 0.9599999999999997 75
1780114914982 0.9549999999999998 76
1780114914984 0.9549999999999998 77
1780114914986 0.86 78
1780114914988 0.9099999999999999 79
1780114914989 0.9349999999999999 80
1780114914991 0.9099999999999999 81
1780114914993 0.86 82
1780114914995 0.9149999999999998 83
1780114914997 0.875 84
1780114914998 0.825 85
1780114915000 0.825 86
1780114915002 0.9100000000000001 87
1780114915004 0.7700000000000001 88
1780114915005 0.945 89
1780114915007 0.9249999999999998 90
1780114915009 0.9099999999999999 91
1780114915011 0.915 92
1780114915012 0.9549999999999998 93
1780114915014 0.835 94
1780114915016 0.9199999999999999 95
1780114915018 0.9299999999999999 96
1780114915019 0.8999999999999998 97
1780114915021 0.8949999999999999 98
1780114915023 0.9400000000000001 99
1780114915025 0.9349999999999999 100
1780114915026 0.9299999999999999 101
1780114915029 0.95 102
1780114915031 0.95 103
1780114915032 0.9200000000000002 104
1780114915034 0.865 105
1780114915036 0.74 106
1780114915037 0.915 107
1780114915039 0.95 108
1780114915041 0.9250000000000002 109
1780114915043 0.9349999999999999 110
1780114915045 0.9299999999999999 111
1780114915046 0.9349999999999999 112
1780114915048 0.89 113
1780114915050 0.915 114
1780114915052 0.9400000000000001 115
1780114915053 0.9299999999999999 116
1780114915055 0.9399999999999998 117
1780114915057 0.95 118
1780114915059 0.9199999999999999 119
1780114915060 0.9349999999999999 120
1780114915062 0.9099999999999999 121
1780114915064 0.9049999999999999 122
1780114915066 0.8550000000000001 123
1780114915067 0.9400000000000001 124
1780114915069 0.85 125
1780114915071 0.9 126
1780114915073 0.925 127
1780114915074 0.8949999999999999 128
1780114915076 0.8 129
1780114915078 0.9450000000000001 130
1780114915080 0.8300000000000001 131
1780114915081 0.705 132
1780114915083 0.9100000000000001 133
1780114915085 0.905 134
1780114915087 0.9 135
1780114915088 0.9299999999999999 136
1780114915090 0.9 137
1780114915092 0.8800000000000001 138
1780114915094 0.85 139
1780114915095 0.8699999999999999 140
1780114915097 0.93 141
1780114915099 0.9099999999999999 142
1780114915101 0.9350000000000002 143
1780114915102 0.9400000000000001 144
1780114915104 0.8399999999999999 145
1780114915106 0.7999999999999999 146
1780114915108 0.9349999999999998 147
1780114915110 0.9399999999999998 148
1780114915111 0.9549999999999998 149
1780114915113 0.95 150
1780114915115 0.835 151
1780114915117 0.96 152
1780114915118 0.885 153
1780114915120 0.8949999999999999 154
1780114915122 0.915 155
1780114915124 0.9450000000000001 156
1780114915126 0.885 157
1780114915127 0.8400000000000001 158
1780114915129 0.9 159
1780114915131 0.9349999999999999 160
1780114915133 0.9649999999999999 161
1780114915134 0.96 162
1780114915136 0.95 163
1780114915138 0.9299999999999999 164
1780114915140 0.985 165
1780114915142 0.9549999999999998 166
1780114915143 0.9550000000000001 167
1780114915145 0.97 168
1780114915147 0.96 169
1780114915149 0.9800000000000001 170
1780114915151 0.915 171
1780114915152 0.8799999999999999 172
1780114915154 0.9549999999999998 173
1780114915156 0.97 174
1780114915158 0.96 175
1780114915160 0.95 176
1780114915161 0.9450000000000001 177
1780114915163 0.9650000000000001 178
1780114915165 0.975 179
1780114915167 0.9749999999999999 180
1780114915168 0.9799999999999999 181
1780114915170 0.9800000000000001 182
1780114915172 0.9500000000000002 183
1780114915174 0.975 184
1780114915176 0.97 185
1780114915177 0.8400000000000001 186
1780114915179 0.97 187
1780114915181 0.9649999999999999 188
1780114915183 0.96 189
1780114915185 0.96 190
1780114915186 0.975 191
1780114915188 0.9799999999999999 192
1780114915190 0.975 193
1780114915192 0.9549999999999998 194
1780114915193 0.93 195
1780114915195 0.875 196
1780114915197 0.9550000000000001 197
1780114915199 0.9549999999999998 198
1780114915201 0.9649999999999999 199
1780114915202 0.9199999999999999 200
1780114915204 0.9550000000000001 201
1780114915206 0.96 202
1780114915208 0.97 203
1780114915210 0.9799999999999999 204
1780114915211 0.975 205
1780114915213 0.9799999999999999 206
1780114915215 0.985 207
1780114915217 0.905 208
1780114915219 0.96 209
1780114915220 0.9799999999999999 210
1780114915222 0.985 211
1780114915224 0.985 212
1780114915226 0.9549999999999998 213
1780114915227 0.945 214
1780114915229 0.95 215
1780114915231 0.9549999999999998 216
1780114915233 0.9400000000000001 217
1780114915235 0.985 218
1780114915236 0.96 219
1780114915238 0.985 220
1780114915240 0.9949999999999999 221
1780114915242 0.96 222
1780114915243 0.9350000000000002 223
1780114915245 0.9649999999999999 224
1780114915247 0.96 225
1780114915249 0.8899999999999999 226
1780114915250 0.985 227
1780114915252 0.9800000000000001 228
1780114915254 0.975 229
1780114915256 0.975 230
1780114915258 0.975 231
1780114915260 0.9649999999999999 232
1780114915262 0.8550000000000001 233
1780114915263 0.97 234
1780114915265 0.975 235
1780114915267 0.9499999999999998 236
1780114915269 0.9099999999999999 237
1780114915270 0.9650000000000001 238
1780114915272 0.9499999999999998 239
1780114915274 0.9650000000000001 240
1780114915276 0.975 241
1780114915277 0.96 242
1780114915279 0.945 243
1780114915281 0.9899999999999999 244
1780114915283 0.97 245
1780114915285 0.9650000000000001 246
1780114915287 0.97 247
1780114915289 0.975 248
1780114915290 0.96 249
1780114915292 0.96 250
1780114915294 0.985 251
1780114915296 0.96 252
1780114915298 0.9399999999999998 253
1780114915299 0.8099999999999999 254
1780114915301 0.9549999999999998 255
1780114915303 0.945 256
1780114915305 0.925 257
1780114915306 0.96 258
1780114915308 0.9700000000000001 259
1780114915310 0.945 260
1780114915312 0.97 261
1780114915313 0.97 262
1780114915315 0.9649999999999999 263
1780114915317 0.9499999999999998 264
1780114915319 0.9649999999999999 265
1780114915320 0.8949999999999999 266
1780114915322 0.9550000000000001 267
1780114915324 0.945 268
1780114915326 0.9649999999999999 269
1780114915328 0.97 270
1780114915329 0.95 271
1780114915331 0.9550000000000001 272
1780114915333 0.9649999999999999 273
1780114915335 0.9799999999999999 274
1780114915336 0.97 275
1780114915338 0.9599999999999997 276
1780114915340 0.9649999999999999 277
1780114915342 0.945 278
1780114915343 0.9949999999999999 279
1780114915345 0.9700000000000001 280
1780114915347 0.975 281
1780114915349 0.9499999999999998 282
1780114915350 0.9749999999999999 283
1780114915352 0.985 284
1780114915354 0.97 285
1780114915356 0.8699999999999999 286
1780114915358 0.95 287
1780114915359 0.9549999999999998 288
1780114915361 0.9599999999999997 289
1780114915363 0.97 290
1780114915365 0.975 291
1780114915366 0.9499999999999998 292
1780114915368 0.96 293
1780114915370 0.9099999999999999 294
1780114915372 0.9399999999999998 295
1780114915374 0.96 296
1780114915375 0.975 297
1780114915377 0.95 298
1780114915389 0.9700000000000001 299
1780114915390 0.865 300
1780114915392 0.975 301
1780114915394 0.95 302
1780114915396 0.975 303
1780114915398 0.945 304
1780114915399 0.9549999999999998 305
1780114915401 0.9 306
1780114915403 0.95 307
1780114915405 0.97 308
1780114915406 0.86 309
1780114915408 0.95 310
1780114915410 0.8949999999999999 311
1780114915412 0.9649999999999999 312
1780114915413 0.9650000000000001 313
