1780139423114 0.0 0
1780139423117 0.09 1
1780139423120 0.25 2
1780139423123 0.34 3
1780139423126 0.4 4
1780139423129 0.455 5
1780139423132 0.58 6
1780139423134 0.55 7
1780139423137 0.605 8
1780139423140 0.61 9
1780139423143 0.605 10
1780139423145 0.5 11
1780139423148 0.595 12
1780139423151 0.605 13
1780139423153 0.655 14
1780139423156 0.68 15
1780139423159 0.555 16
1780139423161 0.635 17
1780139423164 0.59 18
1780139423167 0.735 19
1780139423169 0.69 20
1780139423172 0.615 21
1780139423175 0.71 22
1780139423177 0.72 23
1780139423180 0.65 24
1780139423183 0.67 25
1780139423185 0.675 26
1780139423188 0.67 27
1780139423191 0.56 28
1780139423193 0.735 29
1780139423196 0.67 30
1780139423199 0.775 31
1780139423201 0.695 32
1780139423204 0.64 33
1780139423207 0.685 34
1780139423209 0.75 35
1780139423212 0.805 36
1780139423215 0.645 37
1780139423217 0.745 38
1780139423220 0.78 39
1780139423223 0.745 40
1780139423225 0.805 41
1780139423228 0.78 42
1780139423231 0.82 43
1780139423233 0.765 44
1780139423236 0.71 45
1780139423239 0.81 46
1780139423241 0.8 47
1780139423244 0.82 48
1780139423247 0.81 49
1780139423249 0.85 50
1780139423252 0.8 51
1780139423255 0.825 52
1780139423257 0.51 53
1780139423260 0.74 54
1780139423263 0.865 55
1780139423265 0.785 56
1780139423268 0.825 57
1780139423271 0.845 58
1780139423273 0.825 59
1780139423276 0.835 60
1780139423279 0.81 61
1780139423281 0.835 62
1780139423284 0.78 63
1780139423287 0.785 64
1780139423289 0.805 65
1780139423292 0.81 66
1780139423295 0.685 67
1780139423297 0.84 68
1780139423300 0.76 69
1780139423303 0.815 70
1780139423305 0.87 71
1780139423308 0.77 72
1780139423311 0.775 73
1780139423313 0.84 74
1780139423316 0.885 75
1780139423319 0.84 76
1780139423321 0.855 77
1780139423324 0.86 78
1780139423327 0.845 79
1780139423329 0.835 80
1780139423332 0.825 81
1780139423335 0.8 82
1780139423337 0.82 83
1780139423340 0.85 84
1780139423342 0.865 85
1780139423345 0.855 86
1780139423348 0.86 87
1780139423350 0.845 88
1780139423353 0.785 89
1780139423356 0.79 90
1780139423358 0.83 91
1780139423361 0.825 92
1780139423364 0.83 93
1780139423366 0.855 94
1780139423369 0.805 95
1780139423371 0.85 96
1780139423374 0.845 97
1780139423377 0.375 98
1780139423379 0.795 99
1780139423382 0.865 100
1780139423385 0.855 101
1780139423387 0.88 102
1780139423390 0.9 103
1780139423393 0.805 104
1780139423395 0.785 105
1780139423398 0.87 106
1780139423401 0.8 107
1780139423403 0.845 108
1780139423406 0.86 109
1780139423408 0.865 110
1780139423411 0.745 111
1780139423414 0.91 112
1780139423416 0.87 113
1780139423419 0.835 114
1780139423422 0.81 115
1780139423424 0.91 116
1780139423427 0.9 117
1780139423430 0.905 118
1780139423432 0.845 119
1780139423435 0.89 120
1780139423438 0.885 121
1780139423440 0.86 122
1780139423443 0.855 123
1780139423446 0.89 124
1780139423448 0.87 125
1780139423451 0.9 126
1780139423453 0.735 127
1780139423456 0.91 128
1780139423459 0.865 129
1780139423461 0.885 130
1780139423464 0.86 131
1780139423467 0.8 132
1780139423469 0.835 133
1780139423472 0.925 134
1780139423475 0.86 135
1780139423477 0.86 136
1780139423480 0.86 137
1780139423482 0.825 138
1780139423485 0.88 139
1780139423488 0.88 140
1780139423490 0.835 141
1780139423493 0.885 142
1780139423496 0.91 143
1780139423498 0.875 144
1780139423501 0.9 145
1780139423504 0.85 146
1780139423506 0.935 147
1780139423509 0.85 148
1780139423511 0.89 149
1780139423514 0.875 150
1780139423517 0.83 151
1780139423519 0.91 152
1780139423522 0.885 153
1780139423525 0.865 154
1780139423527 0.88 155
1780139423530 0.885 156
1780139423532 0.91 157
1780139423535 0.93 158
1780139423538 0.925 159
1780139423540 0.94 160
1780139423543 0.92 161
1780139423546 0.925 162
1780139423548 0.92 163
1780139423551 0.855 164
1780139423554 0.83 165
1780139423556 0.91 166
1780139423559 0.92 167
1780139423562 0.89 168
1780139423564 0.85 169
1780139423567 0.97 170
1780139423569 0.895 171
1780139423572 0.895 172
1780139423575 0.915 173
1780139423577 0.915 174
1780139423580 0.935 175
1780139423583 0.885 176
1780139423585 0.935 177
1780139423588 0.95 178
1780139423590 0.965 179
1780139423593 0.94 180
1780139423596 0.955 181
1780139423598 0.925 182
1780139423601 0.93 183
1780139423604 0.88 184
1780139423607 0.93 185
1780139423609 0.935 186
1780139423612 0.885 187
1780139423614 0.965 188
1780139423617 0.965 189
1780139423620 0.92 190
1780139423622 0.94 191
1780139423625 0.92 192
1780139423628 0.955 193
1780139423630 0.945 194
1780139423633 0.925 195
1780139423636 0.93 196
1780139423638 0.875 197
1780139423641 0.925 198
1780139423643 0.935 199
1780139423646 0.905 200
1780139423649 0.95 201
1780139423652 0.945 202
1780139423654 0.96 203
1780139423657 0.95 204
1780139423660 0.96 205
1780139423662 0.965 206
1780139423665 0.97 207
1780139423668 0.97 208
1780139423670 0.95 209
1780139423673 0.925 210
1780139423676 0.945 211
1780139423678 0.935 212
1780139423681 0.95 213
1780139423684 0.955 214
1780139423686 0.94 215
1780139423689 0.925 216
1780139423692 0.95 217
1780139423694 0.965 218
1780139423697 0.93 219
1780139423700 0.96 220
1780139423702 0.975 221
1780139423705 0.94 222
1780139423708 0.92 223
1780139423710 0.95 224
1780139423713 0.91 225
1780139423716 0.92 226
1780139423718 0.93 227
1780139423721 0.905 228
1780139423723 0.955 229
1780139423726 0.97 230
1780139423729 0.915 231
1780139423731 0.91 232
1780139423734 0.885 233
1780139423737 0.95 234
1780139423739 0.96 235
1780139423742 0.915 236
1780139423745 0.935 237
1780139423747 0.95 238
1780139423750 0.945 239
1780139423753 0.935 240
1780139423755 0.97 241
1780139423758 0.95 242
1780139423761 0.95 243
1780139423763 0.975 244
1780139423766 0.965 245
1780139423769 0.855 246
1780139423771 0.895 247
1780139423774 0.96 248
1780139423776 0.97 249
1780139423779 0.94 250
1780139423782 0.94 251
1780139423784 0.94 252
1780139423787 0.96 253
1780139423790 0.765 254
1780139423792 0.955 255
1780139423795 0.95 256
1780139423797 0.915 257
1780139423800 0.915 258
1780139423803 0.97 259
1780139423805 0.925 260
1780139423808 0.955 261
1780139423811 0.93 262
1780139423813 0.93 263
1780139423816 0.895 264
1780139423819 0.955 265
1780139423821 0.96 266
1780139423824 0.955 267
1780139423826 0.94 268
1780139423829 0.955 269
1780139423832 0.955 270
1780139423834 0.95 271
1780139423837 0.925 272
1780139423840 0.96 273
1780139423842 0.95 274
1780139423845 0.925 275
1780139423848 0.935 276
1780139423850 0.905 277
1780139423853 0.925 278
1780139423855 0.97 279
1780139423858 0.94 280
1780139423861 0.96 281
1780139423863 0.935 282
1780139423866 0.965 283
1780139423869 0.965 284
1780139423871 0.935 285
1780139423874 0.965 286
1780139423877 0.97 287
1780139423879 0.955 288
1780139423882 0.94 289
1780139423884 0.96 290
1780139423887 0.975 291
1780139423890 0.95 292
1780139423892 0.85 293
1780139423895 0.93 294
1780139423898 0.915 295
1780139423900 0.97 296
1780139423903 0.955 297
1780139423906 0.94 298
1780139423908 0.935 299
1780139423911 0.96 300
1780139423914 0.98 301
1780139423916 0.97 302
1780139423919 0.93 303
1780139423921 0.95 304
1780139423924 0.94 305
1780139423927 0.955 306
1780139423929 0.94 307
1780139423932 0.965 308
1780139423935 0.96 309
1780139423937 0.91 310
1780139423940 0.96 311
1780139423943 0.92 312
1780139423945 0.96 313
