1780525195570 0.0 0
1780525195571 0.2914572864321608 1
1780525195573 0.7639502207948614 2
1780525195575 0.6533333333333333 3
1780525195576 0.2025 4
1780525195583 0.7522522522522523 5
1780525195584 0.8432423651721896 6
1780525195586 0.8351648351648351 7
1780525195587 0.8099503998380403 8
1780525195589 0.8168859649122806 9
1780525195590 0.7919347919347919 10
1780525195592 0.8102159468438539 11
1780525195594 0.8003942317667808 12
1780525195595 0.7729885057471264 13
1780525195597 0.7953329051594947 14
1780525195598 0.7352941176470589 15
1780525195600 0.7907268170426065 16
1780525195601 0.7827380952380952 17
1780525195603 0.7931034482758621 18
1780525195605 0.8333333333333334 19
1780525195606 0.7471898835808912 20
1780525195608 0.8312053115423902 21
1780525195609 0.7758620689655172 22
1780525195611 0.7868686868686869 23
1780525195612 0.8065934065934066 24
1780525195614 0.795664391810518 25
1780525195616 0.8334917115404921 26
1780525195617 0.8233830845771144 27
1780525195619 0.8733333333333333 28
1780525195620 0.8333333333333333 29
1780525195622 0.8723895094706169 30
1780525195623 0.8746666666666667 31
1780525195625 0.8337673611111112 32
1780525195627 0.8027027027027027 33
1780525195628 0.8579937304075235 34
1780525195630 0.8532234085687256 35
1780525195631 0.793233082706767 36
1780525195633 0.8722196655928824 37
1780525195635 0.7834166779294499 38
1780525195636 0.8057142857142857 39
1780525195638 0.8313186813186813 40
1780525195639 0.8262326232623263 41
1780525195641 0.868813825608798 42
1780525195642 0.895 43
1780525195644 0.8814718716829815 44
1780525195645 0.864723223059286 45
1780525195647 0.8504901960784315 46
1780525195649 0.8444444444444444 47
1780525195650 0.85882800608828 48
1780525195652 0.7867647058823529 49
1780525195653 0.8091166411133388 50
1780525195655 0.8681003584229391 51
1780525195657 0.8421994884910486 52
1780525195658 0.8356075373619234 53
1780525195660 0.8336333633363336 54
1780525195661 0.879707438530968 55
1780525195663 0.8266666666666667 56
1780525195665 0.733087896916705 57
1780525195666 0.8221288515406162 58
1780525195668 0.8566066066066066 59
1780525195669 0.8537762316238358 60
1780525195671 0.8366666666666667 61
1780525195672 0.7149296790479625 62
1780525195674 0.8335839598997494 63
1780525195675 0.8500000000000001 64
1780525195677 0.8849206349206349 65
1780525195678 0.8413333333333333 66
1780525195680 0.849408933988911 67
1780525195682 0.696969696969697 68
1780525195683 0.8053333333333333 69
1780525195685 0.857353422862758 70
1780525195686 0.837092731829574 71
1780525195688 0.8504380475594493 72
1780525195689 0.7919435215946844 73
1780525195691 0.9034926470588236 74
1780525195693 0.8973727422003284 75
1780525195694 0.8496704676221363 76
1780525195696 0.8838797814207651 77
1780525195697 0.828125 78
1780525195699 0.8747086247086246 79
1780525195700 0.8073866292660121 80
1780525195702 0.8896685929944569 81
1780525195703 0.8275353473705624 82
1780525195705 0.8690367205777643 83
1780525195706 0.8905925155925156 84
1780525195708 0.8700396825396826 85
1780525195710 0.7984293193717278 86
1780525195711 0.8430232558139534 87
1780525195713 0.7639751552795031 88
1780525195714 0.8738495398159264 89
1780525195716 0.8560424169667867 90
1780525195717 0.8726655348047538 91
1780525195719 0.8795955882352942 92
1780525195720 0.8501602564102564 93
1780525195722 0.8647395103009384 94
1780525195723 0.8342175066312998 95
1780525195725 0.8780381944444444 96
1780525195727 0.8636082792709299 97
1780525195728 0.8040334855403348 98
1780525195730 0.8354166666666667 99
1780525195731 0.8206521739130435 100
1780525195733 0.8243243243243243 101
1780525195734 0.8798498122653317 102
1780525195736 0.85 103
1780525195737 0.9235485034258926 104
1780525195739 0.8319079294689051 105
1780525195740 0.8452670605955277 106
1780525195742 0.837962962962963 107
1780525195744 0.8708145058510022 108
1780525195745 0.8517663588920112 109
1780525195747 0.85 110
1780525195748 0.8834757834757835 111
1780525195750 0.8511904761904763 112
1780525195751 0.823923782639379 113
1780525195754 0.8488254864401654 114
1780525195755 0.8819038336582197 115
1780525195757 0.8582744798625692 116
1780525195759 0.8836805555555556 117
1780525195760 0.825137016738261 118
1780525195762 0.860892930963208 119
1780525195763 0.8205870194295164 120
1780525195765 0.8626666666666667 121
1780525195766 0.845 122
1780525195768 0.807168458781362 123
1780525195769 0.8600164203612479 124
1780525195771 0.8673878205128205 125
1780525195772 0.8710179881418953 126
1780525195774 0.8379692446856626 127
1780525195776 0.8947610294117647 128
1780525195777 0.8384580855122882 129
1780525195779 0.7682044323835369 130
1780525195780 0.8172364199579599 131
1780525195782 0.8851351351351351 132
1780525195783 0.8254006799417193 133
1780525195785 0.874202322418663 134
1780525195786 0.8805642633228841 135
1780525195788 0.7158469945355191 136
1780525195789 0.7913335650561928 137
1780525195791 0.868091168091168 138
1780525195793 0.760004314529177 139
1780525195794 0.7992197423335148 140
1780525195796 0.884 141
1780525195797 0.8595907928388746 142
1780525195799 0.8038194444444444 143
1780525195800 0.8575581395348837 144
1780525195802 0.9193697868396664 145
1780525195803 0.8788576210900723 146
1780525195805 0.8421368547418968 147
1780525195806 0.8646626078132927 148
1780525195808 0.8722242669611091 149
1780525195809 0.4369047619047619 150
1780525195811 0.41457286432160806 151
1780525195813 0.5331632653061225 152
1780525195814 0.4125 153
1780525195816 0.4075 154
1780525195817 0.3875 155
1780525195819 0.405 156
1780525195820 0.41 157
1780525195822 0.4175 158
1780525195824 0.4 159
1780525195825 0.405 160
1780525195827 0.6417525773195876 161
1780525195828 0.405 162
1780525195830 0.39195979899497485 163
1780525195831 0.7908163265306123 164
1780525195833 0.405 165
1780525195834 0.435 166
1780525195836 0.6607142857142857 167
1780525195837 0.6616161616161615 168
1780525195839 0.42 169
1780525195841 0.3525 170
1780525195842 0.5828658251519402 171
1780525195844 0.5897861051235285 172
1780525195845 0.4 173
1780525195847 0.3969849246231156 174
1780525195848 0.395 175
1780525195850 0.9116161616161615 176
1780525195851 0.4025 177
1780525195853 0.4075 178
1780525195854 0.4125 179
1780525195856 0.415 180
1780525195857 0.5897435897435898 181
1780525195859 0.6208200058156441 182
1780525195861 0.6198830409356725 183
1780525195862 0.3975 184
1780525195864 0.3975 185
1780525195865 0.4075 186
1780525195867 0.6089511754068716 187
1780525195868 0.4025 188
1780525195870 0.4225 189
1780525195871 0.385 190
1780525195873 0.5921153551158154 191
1780525195875 0.654040404040404 192
1780525195880 0.4 193
1780525195882 0.42 194
1780525195884 0.40609137055837563 195
1780525195885 0.38 196
1780525195887 0.6452077334430275 197
1780525195888 0.37185929648241206 198
1780525195890 0.7379725085910653 199
1780525195891 0.7131754256106588 200
1780525195893 0.8762626262626263 201
1780525195895 0.4025 202
1780525195896 0.3775 203
1780525195898 0.907035175879397 204
1780525195899 0.395 205
1780525195901 0.375 206
1780525195902 0.4075 207
1780525195904 0.3825 208
1780525195905 0.37 209
1780525195907 0.9045226130653266 210
1780525195908 0.8085618085618086 211
1780525195910 0.5925239419215322 212
1780525195912 0.3975 213
1780525195913 0.6421052631578947 214
1780525195915 0.8888888888888888 215
1780525195916 0.8147130647130647 216
1780525195918 0.771043771043771 217
1780525195919 0.41 218
1780525195921 0.38 219
1780525195922 0.8611111111111112 220
1780525195924 0.3875 221
1780525195926 0.41 222
1780525195927 0.9035532994923858 223
1780525195929 0.702385849444673 224
1780525195930 0.7521150592216581 225
1780525195932 0.4325 226
1780525195933 0.9318181818181819 227
1780525195935 0.4325 228
1780525195936 0.8844221105527639 229
1780525195938 0.6590909090909092 230
1780525195940 0.405 231
1780525195941 0.9015151515151515 232
1780525195943 0.671875 233
1780525195944 0.5333333333333333 234
1780525195946 0.6284219001610306 235
1780525195947 0.3875 236
1780525195949 0.703125 237
1780525195950 0.6632653061224489 238
1780525195952 0.4325 239
1780525195954 0.395 240
1780525195955 0.3975 241
1780525195957 0.9111675126903553 242
1780525195958 0.898477157360406 243
1780525195960 0.6201151789387084 244
1780525195961 0.6441441441441442 245
1780525195963 0.75 246
1780525195964 0.7801801801801802 247
1780525195966 0.3875 248
1780525195967 0.5676818950930625 249
1780525195969 0.7157738095238095 250
1780525195971 0.4 251
1780525195972 0.8888888888888888 252
1780525195974 0.385 253
1780525195975 0.6451301832208294 254
1780525195977 0.6051282051282052 255
1780525195978 0.6461219939480809 256
1780525195980 0.6717171717171717 257
1780525195982 0.9045226130653266 258
1780525195983 0.6464646464646464 259
1780525195985 0.4 260
1780525195986 0.8994974874371859 261
1780525195988 0.8937823834196892 262
1780525195989 0.4075 263
1780525195991 0.4125 264
1780525195993 0.717948717948718 265
1780525195994 0.42 266
1780525195996 0.7470389170896785 267
1780525195997 0.65 268
1780525195999 0.8404885270170244 269
1780525196000 0.3875 270
1780525196002 0.7470389170896785 271
1780525196003 0.4025 272
1780525196005 0.3975 273
1780525196006 0.405 274
1780525196008 0.3693467336683417 275
1780525196010 0.676123802505527 276
1780525196011 0.7705506783719074 277
1780525196013 0.6887129724208376 278
1780525196014 0.6344086021505376 279
1780525196016 0.5741185897435898 280
1780525196017 0.6 281
1780525196019 0.3875 282
1780525196020 0.9020100502512562 283
1780525196022 0.8844221105527639 284
1780525196024 0.405 285
1780525196025 0.628125 286
1780525196027 0.9095477386934674 287
1780525196028 0.7411545623836127 288
1780525196030 0.5877034358047016 289
1780525196031 0.74822695035461 290
1780525196033 0.7269503546099291 291
1780525196034 0.4025 292
1780525196036 0.6974358974358974 293
1780525196037 0.6235824367548706 294
1780525196039 0.6029171766625867 295
1780525196041 0.5305435305435305 296
1780525196042 0.395 297
1780525196044 0.8994974874371859 298
