1780269541581 0.0 0
1780269541583 0.04351851851851852 1
1780269541584 0.300926891222726 2
1780269541586 0.3400046340233504 3
1780269541588 0.41910410759064803 4
1780269541589 0.5323989265207699 5
1780269541591 0.6002243556295744 6
1780269541592 0.6798088210598456 7
1780269541594 0.7097827570409138 8
1780269541595 0.6780786892310116 9
1780269541597 0.7567364372371571 10
1780269541598 0.7961359257064962 11
1780269541600 0.8018950073456967 12
1780269541601 0.7509225733410692 13
1780269541603 0.8627731522821008 14
1780269541604 0.7770947923153025 15
1780269541606 0.9202602797188881 16
1780269541607 0.8430663400102972 17
1780269541609 0.859643104007674 18
1780269541610 0.8608108851948535 19
1780269541612 0.8891623049826419 20
1780269541613 0.9259911726650539 21
1780269541615 0.8517399452261216 22
1780269541616 0.9061506319797328 23
1780269541618 0.8910371836189073 24
1780269541619 0.862461450418653 25
1780269541621 0.9150239341317649 26
1780269541622 0.9054737004544451 27
1780269541624 0.8225447635877569 28
1780269541625 0.9391850956856779 29
1780269541627 0.9291921336567126 30
1780269541628 0.8528713565135171 31
1780269541630 0.905778636236737 32
1780269541631 0.9095501182600026 33
1780269541633 0.9500566378422605 34
1780269541634 0.8900763271815902 35
1780269541636 0.9246585271809918 36
1780269541637 0.9047661214207473 37
1780269541639 0.925384012301796 38
1780269541640 0.9204706320537589 39
1780269541642 0.9502118175802385 40
1780269541643 0.9349417790881207 41
1780269541645 0.9008170905948318 42
1780269541646 0.9395012701623742 43
1780269541648 0.9200431895874772 44
1780269541649 0.8943237682038172 45
1780269541651 0.9203011783275686 46
1780269541652 0.9254942629126885 47
1780269541654 0.9502174802858445 48
1780269541655 0.9408598654234084 49
1780269541657 0.9398618954382159 50
1780269541658 0.8872675379696113 51
1780269541660 0.9246920772851454 52
1780269541662 0.8949954467156009 53
1780269541664 0.9048372414226075 54
1780269541665 0.9305740975766652 55
1780269541667 0.908948850880815 56
1780269541668 0.9101910640436479 57
1780269541670 0.924500124480869 58
1780269541671 0.9602166532654337 59
1780269541673 0.9297420871811116 60
1780269541675 0.9206041153942459 61
1780269541685 0.9138883474034383 62
1780269541687 0.9142790136692577 63
1780269541689 0.9253769192601029 64
1780269541690 0.9193797345145228 65
1780269541692 0.9145006096395771 66
1780269541693 0.9146700274363946 67
1780269541695 0.9030110140893196 68
1780269541696 0.9343207626776305 69
1780269541698 0.9104677913727978 70
1780269541699 0.9262672697279495 71
1780269541701 0.8979608825744301 72
1780269541702 0.9101233716381343 73
1780269541704 0.8992388584504296 74
1780269541705 0.9342850324686014 75
1780269541707 0.9295860976156227 76
1780269541708 0.9291913241771439 77
1780269541710 0.9499499217085867 78
1780269541711 0.9447453047118689 79
1780269541713 0.934581153211329 80
1780269541714 0.89358944119863 81
1780269541716 0.9199602430090236 82
1780269541717 0.9451308605338816 83
1780269541719 0.8949369204239537 84
1780269541720 0.9243917956241446 85
1780269541722 0.8890978148937071 86
1780269541723 0.9200179448282263 87
1780269541725 0.9104275406521877 88
1780269541726 0.9093522489016117 89
1780269541728 0.9495205256180865 90
1780269541729 0.8772894547313153 91
1780269541731 0.9043923733439213 92
1780269541733 0.8952545293816154 93
1780269541734 0.885227411530364 94
1780269541736 0.8984329319489186 95
1780269541737 0.934471544715447 96
1780269541739 0.929116585458049 97
1780269541740 0.8991061183914276 98
1780269541742 0.9247245360445051 99
1780269541745 0.8947578287992354 100
1780269541746 0.8802121583027336 101
1780269541748 0.9037979017233877 102
1780269541750 0.9337354548330158 103
1780269541751 0.9142359089585707 104
1780269541753 0.8989621991020623 105
1780269541754 0.9244101423548836 106
1780269541756 0.90575404484262 107
1780269541757 0.9301849561510129 108
1780269541759 0.9454726168140801 109
1780269541760 0.8945895353116896 110
1780269541762 0.888360447586998 111
1780269541763 0.9198181276088253 112
1780269541765 0.9038289562351419 113
1780269541766 0.884864542717634 114
1780269541768 0.9296971321361566 115
1780269541769 0.9296381491852728 116
1780269541771 0.9103926183975144 117
1780269541772 0.9352725292263161 118
1780269541774 0.9145567495567496 119
1780269541775 0.9296061059975738 120
1780269541777 0.9302005247640677 121
1780269541779 0.9095682858006351 122
1780269541780 0.9599718103890119 123
1780269541782 0.9188092179555595 124
1780269541784 0.8897475247884239 125
1780269541785 0.9201306663822709 126
1780269541787 0.8849013267434319 127
1780269541788 0.9346756431416251 128
1780269541790 0.8991045243484267 129
1780269541791 0.9253637298374141 130
1780269541793 0.8993533628706929 131
1780269541794 0.9327832330271354 132
1780269541796 0.9053490433400576 133
1780269541797 0.9451853367000993 134
1780269541799 0.9388956760766177 135
1780269541800 0.9009376823433307 136
1780269541802 0.9247952266282267 137
1780269541803 0.9196915093234166 138
1780269541805 0.8901879624523443 139
1780269541806 0.939953048662933 140
1780269541808 0.9248077745959646 141
1780269541809 0.9092726873214678 142
1780269541811 0.9293828846103678 143
1780269541812 0.9181381910938816 144
1780269541814 0.9447623736506323 145
1780269541815 0.8978654578365527 146
1780269541817 0.9548066600505625 147
1780269541818 0.9193316998223408 148
1780269541820 0.9155563825759664 149
1780269541821 0.9094950632755511 150
1780269541823 0.920926262441025 151
1780269541824 0.9449342399149844 152
1780269541826 0.9191228518227952 153
1780269541827 0.8714799193104712 154
1780269541829 0.8749452144923382 155
1780269541830 0.8418957285832978 156
1780269541832 0.7903319609201962 157
1780269541834 0.7635472484840745 158
1780269541835 0.7713809039072257 159
1780269541837 0.7672600465274064 160
1780269541838 0.8236345979800618 161
1780269541840 0.7507346953861768 162
1780269541841 0.7691317803817804 163
1780269541843 0.817223014983113 164
1780269541844 0.8100373597688802 165
1780269541846 0.7692576653095735 166
1780269541847 0.8250867161650216 167
1780269541849 0.7989455350377936 168
1780269541850 0.7945095640538516 169
1780269541852 0.8399516662514841 170
1780269541853 0.7884856380148497 171
1780269541855 0.811188398479947 172
1780269541856 0.824557896908049 173
1780269541863 0.8788544061843163 174
1780269541864 0.8355364016940208 175
1780269541866 0.8117683596765307 176
1780269541867 0.8546499750328451 177
1780269541869 0.8432486756905362 178
1780269541870 0.8703461073350913 179
1780269541872 0.8470404695396485 180
1780269541873 0.8305310277886926 181
1780269541875 0.8208685120603321 182
1780269541876 0.8365148203572541 183
1780269541878 0.8189386878026159 184
1780269541879 0.8802354552354552 185
1780269541881 0.8174086372275763 186
1780269541882 0.8351983844602587 187
1780269541884 0.8293127558243837 188
1780269541886 0.8113913020107605 189
1780269541887 0.8443114973595314 190
1780269541889 0.8582426537946436 191
1780269541890 0.8183380956967354 192
1780269541892 0.8083061653793362 193
1780269541893 0.8058317742328953 194
1780269541895 0.822202474837263 195
1780269541896 0.8067853991194888 196
1780269541898 0.7987683474141962 197
1780269541899 0.7992480176690704 198
1780269541901 0.8141717218353932 199
1780269541902 0.8090365689081992 200
1780269541904 0.8383471610880037 201
1780269541905 0.8242882858736518 202
1780269541907 0.8552459683396781 203
1780269541908 0.7847022962812437 204
1780269541910 0.8134680509905158 205
1780269541912 0.8330325656256337 206
1780269541913 0.8998132898238879 207
1780269541915 0.833128602865445 208
1780269541916 0.8401311922878033 209
1780269541918 0.8639643775702229 210
1780269541919 0.824474311842733 211
1780269541921 0.8288795140188329 212
1780269541922 0.8577331534433663 213
1780269541924 0.825869124819777 214
1780269541925 0.8383910599356759 215
1780269541927 0.8342232726507438 216
1780269541928 0.8629117608963565 217
1780269541930 0.8191272581516484 218
1780269541931 0.8592295542295542 219
1780269541933 0.8152263732050967 220
1780269541935 0.8338137858499384 221
1780269541936 0.837815571150049 222
1780269541938 0.8206365083127893 223
1780269541939 0.8191047582960811 224
1780269541941 0.8032629125577164 225
1780269541942 0.8147447236795861 226
1780269541944 0.8115899525601888 227
1780269541945 0.8411438341308181 228
1780269541947 0.8035021084934509 229
1780269541948 0.842897495375099 230
1780269541950 0.7839635859516745 231
1780269541951 0.7860972960286461 232
1780269541953 0.7992844168303165 233
1780269541954 0.8291747818577087 234
1780269541956 0.8231283838787344 235
1780269541957 0.7937168694463378 236
1780269541959 0.8492774792774792 237
1780269541960 0.813564579052384 238
1780269541962 0.8195065232870112 239
1780269541963 0.8735218944760097 240
1780269541965 0.8284896240207538 241
1780269541966 0.8732796578688748 242
1780269541968 0.8415729310664679 243
1780269541969 0.8158957600549386 244
1780269541971 0.8257222828153061 245
1780269541972 0.7556966824485184 246
1780269541974 0.8619629625776819 247
1780269541975 0.8688153444632338 248
1780269541977 0.8308987594923648 249
1780269541978 0.8014413969035278 250
1780269541980 0.8486485414874524 251
1780269541981 0.8305607114207885 252
1780269541983 0.8182566485005509 253
1780269541984 0.849923074452286 254
1780269541986 0.8541366945630923 255
1780269541988 0.8167694698182503 256
1780269541989 0.8653073832342125 257
1780269541991 0.7711816409998337 258
1780269541992 0.8635920334454532 259
1780269541994 0.840331002980494 260
1780269541995 0.8301866635089012 261
1780269541997 0.859748292255681 262
1780269541998 0.8015269016210892 263
1780269542000 0.7789123269611075 264
1780269542001 0.7965887421281411 265
1780269542003 0.8548879468084699 266
1780269542004 0.8249782348591197 267
1780269542006 0.829328868620817 268
1780269542007 0.8643422856011458 269
1780269542009 0.7933497757312553 270
1780269542010 0.8176851274850317 271
1780269542012 0.816411210516802 272
1780269542013 0.8389048180728033 273
1780269542015 0.8150241812699646 274
1780269542016 0.8391554934088594 275
1780269542018 0.8136240401255881 276
1780269542019 0.7887004743329127 277
1780269542021 0.8345841150719201 278
1780269542022 0.8697871966742842 279
1780269542024 0.8328450542347247 280
1780269542025 0.8297839096960044 281
1780269542027 0.8250635850035796 282
1780269542028 0.8499781125904361 283
1780269542030 0.8206473811801154 284
1780269542031 0.834044895281424 285
1780269542033 0.8376546266411733 286
1780269542035 0.7960191846818423 287
1780269542037 0.8440888238747748 288
1780269542038 0.8694197814736967 289
1780269542040 0.7738418766570542 290
1780269542041 0.8745120510134704 291
1780269542043 0.7975698179526881 292
1780269542044 0.835573171229252 293
1780269542046 0.7797977099933124 294
1780269542047 0.8251892688534775 295
1780269542049 0.8539186682833876 296
1780269542050 0.8637503715680864 297
1780269542052 0.7740218470016985 298
1780269542053 0.8342187834731165 299
1780269542055 0.849169564065525 300
1780269542056 0.8342415927351828 301
1780269542058 0.8097595221279432 302
1780269542059 0.7985039595158951 303
1780269542061 0.8407224792751109 304
1780269542062 0.8183898734586954 305
1780269542064 0.8029962307834163 306
1780269542065 0.8008649746186645 307
1780269542067 0.829830995562703 308
1780269542068 0.7466941925535232 309
1780269542070 0.8118539657418469 310
1780269542071 0.7851462979820861 311
1780269542073 0.8494913644335981 312
1780269542074 0.8530945870461348 313
