1780118935942 0.0 0
1780118935945 0.085 1
1780118935948 0.27 2
1780118935950 0.4 3
1780118935952 0.325 4
1780118935954 0.56 5
1780118935956 0.515 6
1780118935958 0.715 7
1780118935959 0.69 8
1780118935961 0.795 9
1780118935963 0.75 10
1780118935966 0.585 11
1780118935968 0.785 12
1780118935970 0.77 13
1780118935972 0.84 14
1780118935974 0.85 15
1780118935976 0.835 16
1780118935978 0.905 17
1780118935980 0.915 18
1780118935982 0.9 19
1780118935984 0.81 20
1780118935986 0.82 21
1780118935988 0.88 22
1780118935990 0.905 23
1780118935992 0.92 24
1780118935994 0.825 25
1780118935996 0.89 26
1780118935998 0.89 27
1780118936000 0.825 28
1780118936002 0.86 29
1780118936004 0.86 30
1780118936006 0.87 31
1780118936008 0.83 32
1780118936010 0.8 33
1780118936012 0.925 34
1780118936014 0.815 35
1780118936016 0.92 36
1780118936018 0.63 37
1780118936020 0.865 38
1780118936022 0.81 39
1780118936024 0.88 40
1780118936026 0.855 41
1780118936028 0.895 42
1780118936030 0.855 43
1780118936032 0.895 44
1780118936034 0.9 45
1780118936036 0.915 46
1780118936038 0.83 47
1780118936040 0.905 48
1780118936042 0.9 49
1780118936044 0.82 50
1780118936046 0.84 51
1780118936048 0.81 52
1780118936050 0.925 53
1780118936052 0.895 54
1780118936054 0.735 55
1780118936056 0.835 56
1780118936058 0.92 57
1780118936060 0.915 58
1780118936062 0.925 59
1780118936064 0.64 60
1780118936066 0.905 61
1780118936068 0.89 62
1780118936070 0.895 63
1780118936072 0.755 64
1780118936074 0.85 65
1780118936076 0.675 66
1780118936078 0.9 67
1780118936079 0.83 68
1780118936082 0.895 69
1780118936083 0.9 70
1780118936085 0.755 71
1780118936088 0.84 72
1780118936090 0.915 73
1780118936092 0.915 74
1780118936094 0.905 75
1780118936095 0.895 76
1780118936097 0.625 77
1780118936099 0.87 78
1780118936101 0.94 79
1780118936103 0.92 80
1780118936105 0.855 81
1780118936107 0.855 82
1780118936109 0.92 83
1780118936111 0.835 84
1780118936113 0.765 85
1780118936115 0.905 86
1780118936117 0.89 87
1780118936119 0.945 88
1780118936121 0.92 89
1780118936123 0.845 90
1780118936125 0.8 91
1780118936127 0.91 92
1780118936129 0.9 93
1780118936131 0.87 94
1780118936133 0.855 95
1780118936135 0.93 96
1780118936137 0.89 97
1780118936139 0.87 98
1780118936141 0.92 99
1780118936143 0.93 100
1780118936145 0.935 101
1780118936147 0.9 102
1780118936149 0.88 103
1780118936151 0.915 104
1780118936153 0.945 105
1780118936155 0.96 106
1780118936157 0.94 107
1780118936159 0.895 108
1780118936161 0.915 109
1780118936163 0.89 110
1780118936165 0.93 111
1780118936167 0.94 112
1780118936169 0.835 113
1780118936171 0.95 114
1780118936173 0.87 115
1780118936175 0.89 116
1780118936177 0.935 117
1780118936179 0.905 118
1780118936181 0.925 119
1780118936183 0.93 120
1780118936185 0.9 121
1780118936187 0.895 122
1780118936189 0.895 123
1780118936191 0.835 124
1780118936193 0.935 125
1780118936195 0.875 126
1780118936197 0.95 127
1780118936199 0.92 128
1780118936201 0.925 129
1780118936203 0.905 130
1780118936205 0.85 131
1780118936207 0.865 132
1780118936209 0.9 133
1780118936211 0.93 134
1780118936213 0.91 135
1780118936215 0.955 136
1780118936217 0.95 137
1780118936219 0.955 138
1780118936221 0.875 139
1780118936223 0.885 140
1780118936224 0.9 141
1780118936226 0.845 142
1780118936228 0.955 143
1780118936230 0.94 144
1780118936232 0.935 145
1780118936234 0.86 146
1780118936236 0.91 147
1780118936238 0.87 148
1780118936240 0.915 149
1780118936242 0.94 150
1780118936244 0.92 151
1780118936246 0.91 152
1780118936248 0.905 153
1780118936250 0.955 154
1780118936252 0.945 155
1780118936254 0.945 156
1780118936256 0.9 157
1780118936258 0.92 158
1780118936260 0.95 159
1780118936262 0.965 160
1780118936264 0.96 161
1780118936266 0.96 162
1780118936268 0.93 163
1780118936270 0.94 164
1780118936272 0.96 165
1780118936273 0.96 166
1780118936275 0.96 167
1780118936277 0.955 168
1780118936279 0.96 169
1780118936281 0.96 170
1780118936283 0.975 171
1780118936285 0.95 172
1780118936287 0.95 173
1780118936289 0.97 174
1780118936291 0.94 175
1780118936293 0.95 176
1780118936295 0.98 177
1780118936297 0.955 178
1780118936299 0.985 179
1780118936301 0.975 180
1780118936303 0.94 181
1780118936305 0.96 182
1780118936307 0.975 183
1780118936309 0.955 184
1780118936311 0.955 185
1780118936313 0.96 186
1780118936315 0.955 187
1780118936317 0.92 188
1780118936319 0.965 189
1780118936320 0.95 190
1780118936322 0.955 191
1780118936324 0.95 192
1780118936326 0.98 193
1780118936328 0.975 194
1780118936330 0.965 195
1780118936332 0.97 196
1780118936334 0.895 197
1780118936336 0.965 198
1780118936338 0.96 199
1780118936340 0.975 200
1780118936342 0.97 201
1780118936344 0.98 202
1780118936346 0.96 203
1780118936348 0.965 204
1780118936350 0.96 205
1780118936352 0.98 206
1780118936354 0.935 207
1780118936356 0.955 208
1780118936358 0.96 209
1780118936360 0.955 210
1780118936362 0.945 211
1780118936364 0.97 212
1780118936366 0.955 213
1780118936368 0.975 214
1780118936370 0.935 215
1780118936371 0.965 216
1780118936373 0.985 217
1780118936375 0.975 218
1780118936377 0.98 219
1780118936379 0.955 220
1780118936381 0.91 221
1780118936383 0.89 222
1780118936385 0.955 223
1780118936387 0.94 224
1780118936389 0.98 225
1780118936391 0.985 226
1780118936393 0.97 227
1780118936395 0.955 228
1780118936397 0.955 229
1780118936399 0.94 230
1780118936401 0.9 231
1780118936403 0.97 232
1780118936405 0.965 233
1780118936407 0.96 234
1780118936409 0.945 235
1780118936411 0.87 236
1780118936413 0.955 237
1780118936415 0.995 238
1780118936417 0.98 239
1780118936418 0.97 240
1780118936420 0.95 241
1780118936422 0.965 242
1780118936424 0.935 243
1780118936426 0.94 244
1780118936428 0.975 245
1780118936430 0.975 246
1780118936432 0.87 247
1780118936434 0.875 248
1780118936436 0.955 249
1780118936438 0.96 250
1780118936440 0.985 251
1780118936442 0.96 252
1780118936444 0.965 253
1780118936446 0.94 254
1780118936448 0.925 255
1780118936450 0.95 256
1780118936452 0.96 257
1780118936453 0.965 258
1780118936455 0.965 259
1780118936457 0.935 260
1780118936459 0.95 261
1780118936461 0.955 262
1780118936463 0.97 263
1780118936465 0.96 264
1780118936467 0.96 265
1780118936469 0.955 266
1780118936471 0.98 267
1780118936473 0.975 268
1780118936475 0.96 269
1780118936477 0.985 270
1780118936479 0.985 271
1780118936481 0.97 272
1780118936483 0.935 273
1780118936485 0.965 274
1780118936487 0.955 275
1780118936489 0.965 276
1780118936491 0.925 277
1780118936493 0.9 278
1780118936495 0.965 279
1780118936497 0.78 280
1780118936499 0.97 281
1780118936501 0.955 282
1780118936503 0.96 283
1780118936505 0.95 284
1780118936507 0.965 285
1780118936509 0.92 286
1780118936511 0.945 287
1780118936513 0.95 288
1780118936515 0.96 289
1780118936517 0.955 290
1780118936519 0.94 291
1780118936520 0.985 292
1780118936522 0.965 293
1780118936524 0.935 294
1780118936526 0.98 295
1780118936528 0.945 296
1780118936530 0.97 297
1780118936532 0.965 298
1780118936534 0.92 299
1780118936536 0.955 300
1780118936538 0.96 301
1780118936540 0.95 302
1780118936542 0.985 303
1780118936544 0.99 304
1780118936546 0.98 305
1780118936548 0.97 306
1780118936550 0.965 307
1780118936552 0.985 308
1780118936554 0.965 309
1780118936556 0.965 310
1780118936558 0.985 311
1780118936560 0.965 312
1780118936562 0.985 313
