1780551313808 0.0 0
1780551313810 0.11347239361945245 1
1780551313812 0.11016973420044422 2
1780551313813 0.12093433232605462 3
1780551313815 0.08488612836438922 4
1780551313817 0.17534487734487733 5
1780551313819 0.11562325529221351 6
1780551313821 0.19571312446487762 7
1780551313834 0.02577528440081035 8
1780551313836 0.1541954887218045 9
1780551313837 0.10213919815025334 10
1780551313839 0.21659686435677852 11
1780551313841 0.17790602663719035 12
1780551313843 0.16480209930914158 13
1780551313845 0.21100148643626904 14
1780551313846 0.24838755663488682 15
1780551313848 0.18047065431511508 16
1780551313850 0.25461235144785765 17
1780551313852 0.2841083574750721 18
1780551313854 0.23766641201935318 19
1780551313855 0.19548414553828794 20
1780551313857 0.19324932186313262 21
1780551313859 0.2308517695822153 22
1780551313861 0.22055230293088396 23
1780551313863 0.3230165662748293 24
1780551313864 0.21105850805149054 25
1780551313866 0.211479310400283 26
1780551313868 0.2512894705647858 27
1780551313870 0.2862289521891985 28
1780551313871 0.15744721713613324 29
1780551313873 0.2764360402568984 30
1780551313875 0.28374117025978324 31
1780551313877 0.2569120627074646 32
1780551313878 0.2968519233291961 33
1780551313880 0.2544507422668787 34
1780551313882 0.08293754642591852 35
1780551313884 0.3465943542903655 36
1780551313885 0.32878468314860065 37
1780551313887 0.2623958687360749 38
1780551313889 0.2649853388912243 39
1780551313891 0.3373466223158905 40
1780551313892 0.3104510874282197 41
1780551313894 0.2467142157562326 42
1780551313896 0.1730879690053077 43
1780551313898 0.36136444982033217 44
1780551313900 0.3930503504712288 45
1780551313902 0.23832664867098408 46
1780551313903 0.33913104042154824 47
1780551313905 0.32849838850356455 48
1780551313907 0.18197126382511802 49
1780551313909 0.3214360691604379 50
1780551313911 0.24859882128668617 51
1780551313913 0.23615211652692913 52
1780551313922 0.2263279265296298 53
1780551313924 0.3688827075497124 54
1780551313926 0.3381866553851921 55
1780551313928 0.35232721720753635 56
1780551313930 0.3051102861034211 57
1780551313932 0.3721271045789913 58
1780551313934 0.24824122446181268 59
1780551313936 0.24238218463260094 60
1780551313938 0.33491540713794427 61
1780551313940 0.34200181286724074 62
1780551313942 0.2222942378834334 63
1780551313943 0.4078317397166846 64
1780551313945 0.33572763036770514 65
1780551313947 0.23538504089891937 66
1780551313949 0.41835470079338155 67
1780551313950 0.24999995244277678 68
1780551313952 0.38259068426859866 69
1780551313954 0.25586586124981825 70
1780551313956 0.32355057743406757 71
1780551313958 0.3674402938539963 72
1780551313959 0.3882595251580817 73
1780551313961 0.2591505577600876 74
1780551313963 0.3299028397282667 75
1780551313965 0.3571649203509669 76
1780551313967 0.2294701220818162 77
1780551313969 0.31242561772682254 78
1780551313970 0.3903204036516289 79
1780551313972 0.2696120175435624 80
1780551313974 0.34813547582270477 81
1780551313976 0.35672049943498124 82
1780551313978 0.27670852742936625 83
1780551313980 0.25295832968328724 84
1780551313982 0.35281401955315 85
1780551313984 0.37772278540489 86
1780551313986 0.29756703670614376 87
1780551313988 0.24728759142139434 88
1780551313990 0.2622596472842805 89
1780551313992 0.3361329109550314 90
1780551313994 0.3578763072041104 91
1780551313996 0.35724017361948396 92
1780551313997 0.3541636665928757 93
1780551313999 0.2978592086071856 94
1780551314001 0.3798369876686306 95
1780551314008 0.3662747564278388 96
1780551314010 0.33191827895014275 97
1780551314012 0.20781709040485136 98
1780551314013 0.31232520009280007 99
1780551314015 0.4403632709525732 100
1780551314017 0.3278100423835041 101
1780551314019 0.28884532922290357 102
1780551314021 0.4064319682191105 103
1780551314023 0.3859446672818297 104
1780551314025 0.3312289052403291 105
1780551314027 0.33494922689969125 106
1780551314028 0.2900464673984574 107
1780551314030 0.35472554368623727 108
1780551314032 0.2686374263118449 109
1780551314034 0.36067093790917654 110
1780551314036 0.2588936236036368 111
1780551314038 0.26415672141478597 112
1780551314040 0.32329141066463585 113
1780551314041 0.313219802674609 114
1780551314043 0.34744481809930344 115
1780551314045 0.320192412168771 116
1780551314047 0.38719146133264803 117
1780551314049 0.339046463542169 118
1780551314051 0.24861806710562556 119
1780551314053 0.2784428564851257 120
1780551314054 0.3593534169921371 121
1780551314056 0.41018379428690954 122
1780551314058 0.4483417560700169 123
1780551314060 0.37023929130347616 124
1780551314062 0.3139766905865896 125
1780551314064 0.33238668400899823 126
1780551314066 0.40490006980220333 127
1780551314067 0.3100970642418011 128
1780551314069 0.286667703497998 129
1780551314071 0.27695419875043853 130
1780551314073 0.3943084824951173 131
1780551314075 0.2499386857569391 132
1780551314077 0.2590659552642492 133
1780551314079 0.2966032148722331 134
1780551314081 0.2731284288806595 135
1780551314083 0.3668536904454319 136
1780551314085 0.2826449348839809 137
1780551314087 0.3851902689071239 138
1780551314089 0.32969110648403355 139
1780551314090 0.363992118992119 140
1780551314092 0.305108856470841 141
1780551314094 0.439249944356766 142
1780551314096 0.3827353498754428 143
1780551314098 0.3549967501741821 144
1780551314100 0.3111183858897502 145
1780551314102 0.2398083232239241 146
1780551314104 0.3437782291363845 147
1780551314106 0.3187531386803778 148
1780551314108 0.30681459664563543 149
1780551314110 0.26143658115172363 150
1780551314111 0.4515780650945224 151
1780551314113 0.26456048287755607 152
1780551314115 0.36011298337423786 153
1780551314117 0.3691614179042678 154
1780551314119 0.33175248073878116 155
1780551314121 0.30450353556259635 156
1780551314123 0.3428931539632137 157
1780551314125 0.23218330675890558 158
1780551314127 0.21451717764019249 159
1780551314129 0.368373706671579 160
1780551314131 0.20474070065037203 161
1780551314133 0.38047944379968124 162
1780551314135 0.20613382418224174 163
1780551314137 0.30871574463646073 164
1780551314138 0.3246690432929929 165
1780551314140 0.27483058098742197 166
1780551314142 0.27927126509700717 167
1780551314144 0.27270329337236426 168
1780551314146 0.3058016427830349 169
1780551314148 0.26138741093747975 170
1780551314150 0.26572714078374454 171
1780551314152 0.22114494624349051 172
1780551314153 0.32006316737183016 173
1780551314155 0.19142037244653767 174
1780551314157 0.3232506577222929 175
1780551314159 0.3035663510895709 176
1780551314161 0.30571072572078767 177
1780551314163 0.39691798306552406 178
1780551314164 0.17241848635727353 179
1780551314166 0.36243747455164677 180
1780551314168 0.315117355994467 181
1780551314170 0.25895423654603034 182
1780551314172 0.29911994541406306 183
1780551314174 0.36542562643030785 184
1780551314176 0.3585118878469262 185
1780551314178 0.3342397155058456 186
1780551314180 0.3902484228167294 187
1780551314182 0.32238450306765914 188
1780551314184 0.2061936370528453 189
1780551314186 0.31019600312703766 190
1780551314188 0.3814859822427298 191
1780551314190 0.13276978033560474 192
1780551314192 0.28407856539745086 193
1780551314194 0.3061250175512723 194
1780551314195 0.27938826078010887 195
1780551314197 0.4030150732641262 196
1780551314199 0.30881810718017616 197
1780551314201 0.3845597675589075 198
1780551314203 0.3218319164463698 199
1780551314205 0.31732657501036066 200
1780551314207 0.2726796446648605 201
1780551314209 0.22149754524862236 202
1780551314210 0.30818857457897536 203
1780551314212 0.33234830055519715 204
1780551314214 0.3863791212151201 205
1780551314216 0.32145749592558104 206
1780551314218 0.3764825144074103 207
1780551314220 0.2745675089659545 208
1780551314222 0.3560651714889003 209
1780551314224 0.353851156983539 210
1780551314226 0.25068609053796115 211
1780551314228 0.43274608681991883 212
1780551314229 0.2114783645406301 213
1780551314231 0.3835767114941152 214
1780551314236 0.38891037699386843 215
1780551314238 0.3514191919697132 216
1780551314239 0.1339273657414791 217
1780551314241 0.28612170734381687 218
1780551314243 0.36913509992862553 219
1780551314245 0.27485971353325306 220
1780551314247 0.45533353700974555 221
1780551314249 0.26377232758281144 222
1780551314251 0.3876406845009386 223
1780551314252 0.2478077376828572 224
1780551314254 0.3504398564438779 225
1780551314256 0.23582242147953783 226
1780551314258 0.25701795705543834 227
1780551314260 0.41334470980735494 228
1780551314262 0.4099488939006323 229
1780551314264 0.40943736046821594 230
1780551314265 0.312711283021654 231
1780551314267 0.32410742134831794 232
1780551314269 0.32369656639732325 233
1780551314271 0.2701759151936637 234
1780551314273 0.31397105438942696 235
1780551314275 0.39039473509862993 236
1780551314277 0.2645848770899585 237
1780551314278 0.24179669580240132 238
1780551314280 0.35329449726497786 239
1780551314282 0.33062307261260454 240
1780551314284 0.2936412955103286 241
1780551314286 0.2785277568498664 242
1780551314288 0.33778102216079037 243
1780551314290 0.33446838195126494 244
1780551314292 0.3917181944533764 245
1780551314294 0.39401924364278684 246
1780551314296 0.4199565751427453 247
1780551314298 0.33795474765588623 248
1780551314299 0.387912628761534 249
1780551314301 0.2882766347128049 250
1780551314303 0.2284448922724785 251
1780551314305 0.3462490010494723 252
1780551314307 0.3001430125777952 253
1780551314309 0.3778664582422223 254
1780551314311 0.42740735837489324 255
1780551314313 0.3841818242731946 256
1780551314314 0.39034485759024545 257
1780551314316 0.340448740123121 258
1780551314318 0.35442219887508647 259
1780551314320 0.35866999282578677 260
1780551314322 0.31965392595979664 261
1780551314323 0.32281525541392897 262
1780551314325 0.4155789493345622 263
1780551314327 0.3248222918327106 264
1780551314329 0.4494226273638038 265
1780551314331 0.43110672510208303 266
1780551314333 0.41219745167113586 267
1780551314335 0.3237217936783154 268
1780551314336 0.2899522916624549 269
1780551314338 0.37644970243722364 270
1780551314340 0.40646045888689136 271
1780551314342 0.28340102381278853 272
1780551314344 0.289484368471104 273
1780551314346 0.2988122058840919 274
1780551314347 0.3377589117851501 275
1780551314349 0.3592483755697309 276
1780551314351 0.3420050183841479 277
1780551314353 0.3708092003174436 278
1780551314355 0.32788511359085876 279
1780551314357 0.33248334259350043 280
1780551314358 0.30261799697386244 281
1780551314360 0.3571993950231573 282
1780551314362 0.42788288744705205 283
1780551314364 0.37063716340254543 284
1780551314366 0.3543187211781339 285
1780551314368 0.3899807453483006 286
1780551314370 0.38650031168544896 287
1780551314372 0.3379683377980233 288
1780551314374 0.41879058294722576 289
1780551314376 0.33629189890110445 290
1780551314378 0.32899539804274075 291
1780551314379 0.3613025689997693 292
1780551314381 0.24992110622537073 293
1780551314383 0.3770018830074807 294
1780551314385 0.26874091624091623 295
1780551314387 0.31152096951404035 296
1780551314388 0.23555890508435287 297
1780551314390 0.23839340277360632 298
