1780142375528 0.0 0
1780142375531 0.03349687976456405 1
1780142375534 0.30331154826059903 2
1780142375537 0.3715838999709967 3
1780142375540 0.4392400221675937 4
1780142375542 0.5872732406200967 5
1780142375545 0.6854106280193237 6
1780142375548 0.6057561694268351 7
1780142375550 0.6652509220943387 8
1780142375553 0.7646607378129117 9
1780142375556 0.7255195279866332 10
1780142375559 0.7672042383627053 11
1780142375561 0.7495112526362526 12
1780142375564 0.7822693368746 13
1780142375567 0.8109495329232171 14
1780142375569 0.8002105302105302 15
1780142375572 0.7743701137171286 16
1780142375575 0.8407518682690307 17
1780142375578 0.8409694428378639 18
1780142375580 0.8112854998458714 19
1780142375583 0.8287850307587149 20
1780142375586 0.8146825396825396 21
1780142375589 0.8561483253588517 22
1780142375591 0.8793404450054068 23
1780142375594 0.8401162756232416 24
1780142375597 0.9146245059288539 25
1780142375600 0.8598958235606842 26
1780142375602 0.8910395749346322 27
1780142375605 0.8610015234163841 28
1780142375608 0.8534277988753691 29
1780142375611 0.8575224938460233 30
1780142375613 0.904351408825093 31
1780142375616 0.8520760233918129 32
1780142375619 0.8894569632476994 33
1780142375622 0.8460012356064988 34
1780142375624 0.8502619362062086 35
1780142375627 0.9125288192199956 36
1780142375630 0.894819282088279 37
1780142375633 0.8877394146064223 38
1780142375635 0.9169175970228602 39
1780142375638 0.899483144134847 40
1780142375641 0.8712885474555956 41
1780142375644 0.9004102710549488 42
1780142375646 0.8711026265902427 43
1780142375649 0.863141227574866 44
1780142375652 0.8392296592296592 45
1780142375655 0.8640088883395171 46
1780142375657 0.8677142857142858 47
1780142375660 0.8747524016194091 48
1780142375663 0.8985821272548963 49
1780142375666 0.8637064608452076 50
1780142375669 0.8673953823953824 51
1780142375672 0.8703605481094039 52
1780142375674 0.9043460099524173 53
1780142375677 0.9068060260995043 54
1780142375680 0.8745350341093376 55
1780142375682 0.8787940233141471 56
1780142375685 0.9104957180500659 57
1780142375688 0.8931921169570922 58
1780142375691 0.909296218487395 59
1780142375693 0.8741446376121299 60
1780142375696 0.8725691699604743 61
1780142375699 0.8329094623986265 62
1780142375702 0.9043727617411829 63
1780142375704 0.8922544996851421 64
1780142375707 0.8678042508869576 65
1780142375710 0.8743994708994709 66
1780142375713 0.9175586694007747 67
1780142375715 0.883703081232493 68
1780142375718 0.8852323651007861 69
1780142375721 0.8602097684923772 70
1780142375724 0.8781105390287312 71
1780142375727 0.8621683449400841 72
1780142375729 0.8941567966739591 73
1780142375732 0.8847271904508747 74
1780142375735 0.9117564075071816 75
1780142375738 0.8682502035695439 76
1780142375740 0.8842435254803676 77
1780142375743 0.8849771693921312 78
1780142375746 0.9116276477146041 79
1780142375749 0.9294172189366698 80
1780142375751 0.8228282828282829 81
1780142375754 0.8826709142848597 82
1780142375757 0.9098518354710305 83
1780142375760 0.8944699689042803 84
1780142375762 0.8748412698412699 85
1780142375765 0.8829190885840502 86
1780142375768 0.9314153961980048 87
1780142375770 0.9254826757922734 88
1780142375773 0.8763440893471852 89
1780142375777 0.8785899671758214 90
1780142375781 0.9004818641503425 91
1780142375784 0.898652874902875 92
1780142375787 0.8829094929352366 93
1780142375789 0.8977453526865293 94
1780142375792 0.9137688863610925 95
1780142375795 0.9156866804692892 96
1780142375799 0.9069365520287583 97
1780142375802 0.8765992958448201 98
1780142375805 0.896904761904762 99
1780142375808 0.9077883277260892 100
1780142375810 0.8907635392829899 101
1780142375813 0.8966962861699704 102
1780142375816 0.8894672566182864 103
1780142375819 0.9229801777170199 104
1780142375822 0.9232109203619501 105
1780142375824 0.927106782106782 106
1780142375827 0.9085861506914139 107
1780142375830 0.9137600258881722 108
1780142375833 0.892886002886003 109
1780142375836 0.8963179105634349 110
1780142375839 0.8990027151211362 111
1780142375842 0.9281486732408795 112
1780142375846 0.9033638016610153 113
1780142375849 0.9333600305110602 114
1780142375852 0.9222043745727957 115
1780142375855 0.9350116932875553 116
1780142375858 0.9430985071374087 117
1780142375860 0.9082979187098179 118
1780142375863 0.8902539682539683 119
1780142375866 0.9091803037004276 120
1780142375869 0.912586769955191 121
1780142375871 0.8903344535581376 122
1780142375874 0.9168581418581419 123
1780142375877 0.9028358999102034 124
1780142375880 0.9326551886963786 125
1780142375883 0.9005442900179743 126
1780142375886 0.9111294045390155 127
1780142375889 0.9035052185516582 128
1780142375893 0.8952069031273837 129
1780142375897 0.89515333789018 130
1780142375900 0.9579089026915113 131
1780142375903 0.9059723320158104 132
1780142375906 0.8228932957447096 133
1780142375909 0.9246298717809015 134
1780142375912 0.9022848183260083 135
1780142375914 0.9277144772339281 136
1780142375917 0.9422727272727272 137
1780142375920 0.9224306938294351 138
1780142375923 0.9036919616331381 139
1780142375927 0.9187229437229437 140
1780142375930 0.911017316017316 141
1780142375933 0.8961823985193551 142
1780142375936 0.9137826197672745 143
1780142375939 0.9247801321485533 144
1780142375941 0.9032795220924511 145
1780142375944 0.9421508316245157 146
1780142375948 0.938124098124098 147
1780142375951 0.8789406487232574 148
1780142375954 0.8867823580787977 149
1780142375956 0.8968050468050468 150
1780142375959 0.9188200280112044 151
1780142375962 0.9461162040573805 152
1780142375966 0.9513784461152882 153
1780142375969 0.9424511278195489 154
1780142375972 0.9211750335434546 155
1780142375975 0.9165925419609631 156
1780142375978 0.8898242710162215 157
1780142375981 0.9173511712873414 158
1780142375984 0.9250109247477669 159
1780142375987 0.9330519480519481 160
1780142375990 0.9393720875077719 161
1780142375993 0.9661471861471862 162
1780142375996 0.9374977848662059 163
1780142375998 0.951555023923445 164
1780142376002 0.9433930093776641 165
1780142376006 0.9564213564213564 166
1780142376009 0.9406890331890331 167
1780142376012 0.9463535353535353 168
1780142376014 0.9553827751196172 169
1780142376017 0.9568771566597654 170
1780142376020 0.9613602187286396 171
1780142376023 0.9236591478696742 172
1780142376026 0.9627022100706311 173
1780142376029 0.9433418031244118 174
1780142376031 0.9613216011042098 175
1780142376034 0.9244209956709956 176
1780142376037 0.9531752635871629 177
1780142376041 0.9477938423132931 178
1780142376044 0.967345537757437 179
1780142376047 0.970566567934989 180
1780142376050 0.9237051837051837 181
1780142376054 0.9562668033720666 182
1780142376057 0.952244246981089 183
1780142376061 0.9459706959706959 184
1780142376064 0.9518520940031238 185
1780142376067 0.9329852298731017 186
1780142376070 0.9516181758744688 187
1780142376073 0.954920634920635 188
1780142376076 0.9581567555251767 189
1780142376079 0.9335858585858585 190
1780142376081 0.9506277056277057 191
1780142376084 0.9517680565048986 192
1780142376089 0.9547883597883597 193
1780142376092 0.9761471861471861 194
1780142376095 0.9721946169772255 195
1780142376097 0.9461921515017488 196
1780142376100 0.9733082706766917 197
1780142376103 0.9618614718614719 198
1780142376106 0.9535798983625071 199
1780142376109 0.9531469979296066 200
1780142376111 0.9565440115440115 201
1780142376114 0.9355415052783475 202
1780142376117 0.9099100022784233 203
1780142376120 0.9498883572567782 204
1780142376123 0.9332806654316952 205
1780142376126 0.957591442374051 206
1780142376128 0.9350095507310474 207
1780142376132 0.9609523809523809 208
1780142376136 0.9708840282524493 209
1780142376139 0.9443892339544513 210
1780142376142 0.9754511278195489 211
1780142376144 0.9518181818181818 212
1780142376147 0.9564285714285713 213
1780142376150 0.957026549750335 214
1780142376154 0.9533948507632719 215
1780142376157 0.9713852813852814 216
1780142376160 0.9675324675324676 217
1780142376163 0.9604761904761905 218
1780142376166 0.9766233766233766 219
1780142376169 0.9459523809523811 220
1780142376173 0.9663059163059163 221
1780142376177 0.932593984962406 222
1780142376179 0.9420995670995671 223
1780142376182 0.9135847083673172 224
1780142376185 0.9421152518978605 225
1780142376188 0.9813852813852814 226
1780142376191 0.9713852813852814 227
1780142376193 0.937532934901356 228
1780142376196 0.9400346133876891 229
1780142376199 0.9608589655958077 230
1780142376203 0.9502380952380953 231
1780142376207 0.7854155844155845 232
1780142376210 0.9380451127819549 233
1780142376212 0.9515299612668034 234
1780142376215 0.9028235511665313 235
1780142376218 0.9631037078863166 236
1780142376221 0.9711221234905445 237
1780142376224 0.9589792663476875 238
1780142376227 0.9369038477862007 239
1780142376230 0.9561127456321964 240
1780142376232 0.9628405499915796 241
1780142376235 0.9440919492406907 242
1780142376239 0.9387445887445889 243
1780142376243 0.9518520940031238 244
1780142376246 0.955952380952381 245
1780142376248 0.9674641148325358 246
1780142376251 0.9607660455486542 247
1780142376254 0.9502397705493681 248
1780142376257 0.9681037078863165 249
1780142376259 0.9520277967646388 250
1780142376262 0.9663852813852813 251
1780142376265 0.9470745044429254 252
1780142376268 0.952169554320584 253
1780142376271 0.9461347497531708 254
1780142376275 0.955833902939166 255
1780142376278 0.970187969924812 256
1780142376281 0.9613602187286396 257
1780142376284 0.9675324675324675 258
1780142376288 0.9763852813852812 259
1780142376292 0.9561904761904761 260
1780142376295 0.9406656958602039 261
1780142376297 0.9718398268398267 262
1780142376300 0.971839826839827 263
1780142376303 0.9570995670995671 264
1780142376306 0.954525201893623 265
1780142376309 0.9672943722943723 266
1780142376311 0.9771946169772256 267
1780142376314 0.9456892230576441 268
1780142376317 0.9316949777275865 269
1780142376320 0.9721946169772255 270
1780142376323 0.9713852813852814 271
1780142376325 0.9706892230576442 272
1780142376328 0.9570562770562769 273
1780142376331 0.9652130325814536 274
1780142376336 0.9528154873349381 275
1780142376340 0.9593121693121693 276
1780142376343 0.9278093257505022 277
1780142376346 0.9766233766233766 278
1780142376349 0.9679653679653679 279
1780142376352 0.9857142857142858 280
1780142376355 0.9904761904761905 281
1780142376358 0.980952380952381 282
1780142376361 0.966097060833903 283
1780142376364 0.962670807453416 284
1780142376367 0.9711221234905445 285
1780142376371 0.9208997538409303 286
1780142376374 0.9570995670995671 287
1780142376377 0.9342862838915471 288
1780142376379 0.9158415256241342 289
1780142376382 0.9225706852487038 290
1780142376385 0.9498751820262118 291
1780142376388 0.9625585703388906 292
1780142376392 0.9713852813852814 293
1780142376395 0.9681818181818181 294
1780142376398 0.9761471861471861 295
1780142376401 0.9716233766233767 296
1780142376404 0.9718181818181817 297
1780142376407 0.9215412748171369 298
1780142376410 0.965952380952381 299
1780142376413 0.9624327122153209 300
1780142376415 0.9568181818181818 301
1780142376418 0.951641604010025 302
1780142376421 0.957099567099567 303
1780142376425 0.9418589655958076 304
1780142376428 0.9904761904761905 305
1780142376431 0.9816017316017316 306
1780142376436 0.9582191480017567 307
1780142376440 0.9759523809523809 308
1780142376443 0.9528138528138529 309
1780142376446 0.9464553093964859 310
1780142376449 0.9388912451082836 311
1780142376452 0.9533418031244117 312
1780142376455 0.9549831649831649 313
