1780719657519 0.0 0
1780719657547 0.15 1
1780719657586 0.335 2
1780719657603 0.63 3
1780719657631 0.705 4
1780719657679 0.805 5
1780719657717 0.77 6
1780719657742 0.8 7
1780719657771 0.825 8
1780719657805 0.9 9
1780719657842 0.92 10
1780719657871 0.955 11
1780719657898 0.935 12
1780719657930 0.87 13
1780719657962 0.83 14
1780719657989 0.85 15
1780719658014 0.855 16
1780719658059 0.855 17
1780719658084 0.875 18
1780719658116 0.87 19
1780719658147 0.875 20
1780719658176 0.83 21
1780719658204 0.895 22
1780719658226 0.915 23
1780719658258 0.875 24
1780719658285 0.88 25
1780719658315 0.86 26
1780719658344 0.84 27
1780719658365 0.865 28
1780719658383 0.865 29
1780719658411 0.865 30
1780719658426 0.825 31
1780719658455 0.835 32
1780719658496 0.825 33
1780719658527 0.885 34
1780719658572 0.855 35
1780719658598 0.88 36
1780719658626 0.815 37
1780719658658 0.89 38
1780719658682 0.86 39
1780719658706 0.865 40
1780719658720 0.86 41
1780719658738 0.855 42
1780719658754 0.835 43
1780719658780 0.885 44
1780719658817 0.915 45
1780719658839 0.865 46
1780719658871 0.87 47
1780719658921 0.855 48
1780719658949 0.895 49
1780719658966 0.835 50
1780719658983 0.845 51
1780719658999 0.85 52
1780719659016 0.86 53
1780719659032 0.895 54
1780719659049 0.87 55
1780719659066 0.89 56
1780719659087 0.845 57
1780719659101 0.9 58
1780719659118 0.83 59
1780719659134 0.9 60
1780719659150 0.875 61
1780719659164 0.875 62
1780719659180 0.87 63
1780719659215 0.88 64
1780719659236 0.875 65
1780719659266 0.845 66
1780719659294 0.9 67
1780719659330 0.88 68
1780719659367 0.865 69
1780719659398 0.84 70
1780719659425 0.86 71
1780719659451 0.89 72
1780719659490 0.87 73
1780719659521 0.87 74
1780719659573 0.885 75
1780719659603 0.91 76
1780719659637 0.865 77
1780719659670 0.84 78
1780719659727 0.91 79
1780719659761 0.86 80
1780719659787 0.885 81
1780719659817 0.83 82
1780719659852 0.83 83
1780719659888 0.85 84
1780719659922 0.895 85
1780719659955 0.835 86
1780719659980 0.86 87
1780719660008 0.82 88
1780719660034 0.89 89
1780719660059 0.885 90
1780719660093 0.86 91
1780719660118 0.89 92
1780719660149 0.885 93
1780719660188 0.86 94
1780719660226 0.9 95
1780719660247 0.87 96
1780719660284 0.9 97
1780719660319 0.87 98
1780719660348 0.875 99
1780719660382 0.885 100
1780719660408 0.895 101
1780719660442 0.835 102
1780719660462 0.86 103
1780719660497 0.85 104
1780719660534 0.865 105
1780719660571 0.895 106
1780719660607 0.84 107
1780719660649 0.88 108
1780719660711 0.865 109
1780719660734 0.885 110
1780719660756 0.835 111
1780719660787 0.88 112
1780719660822 0.845 113
1780719660854 0.86 114
1780719660878 0.86 115
1780719660895 0.89 116
1780719660911 0.84 117
1780719660928 0.875 118
1780719660945 0.91 119
1780719660960 0.845 120
1780719660977 0.905 121
1780719660993 0.88 122
1780719661009 0.85 123
1780719661044 0.84 124
1780719661060 0.885 125
1780719661071 0.845 126
1780719661086 0.885 127
1780719661099 0.88 128
1780719661114 0.815 129
1780719661130 0.865 130
1780719661145 0.88 131
1780719661162 0.85 132
1780719661177 0.845 133
1780719661196 0.875 134
1780719661211 0.905 135
1780719661226 0.875 136
1780719661244 0.79 137
1780719661258 0.83 138
1780719661273 0.84 139
1780719661303 0.805 140
1780719661319 0.845 141
1780719661335 0.86 142
1780719661349 0.86 143
1780719661365 0.87 144
1780719661379 0.895 145
1780719661393 0.835 146
1780719661408 0.87 147
1780719661424 0.89 148
1780719661437 0.84 149
1780719661452 0.895 150
1780719661466 0.845 151
1780719661480 0.855 152
1780719661494 0.87 153
1780719661510 0.855 154
1780719661523 0.835 155
1780719661537 0.73 156
1780719661565 0.71 157
1780719661580 0.72 158
1780719661597 0.715 159
1780719661613 0.695 160
1780719661629 0.605 161
1780719661658 0.705 162
1780719661693 0.735 163
1780719661713 0.61 164
1780719661740 0.655 165
1780719661763 0.7 166
1780719661779 0.725 167
1780719661793 0.645 168
1780719661809 0.62 169
1780719661825 0.645 170
1780719661846 0.66 171
1780719661879 0.685 172
1780719661896 0.675 173
1780719661910 0.66 174
1780719661925 0.73 175
1780719661943 0.65 176
1780719661959 0.63 177
1780719661974 0.67 178
1780719661989 0.695 179
1780719662005 0.71 180
1780719662022 0.72 181
1780719662048 0.655 182
1780719662067 0.72 183
1780719662080 0.67 184
1780719662093 0.7 185
1780719662107 0.73 186
1780719662122 0.62 187
1780719662150 0.675 188
1780719662165 0.645 189
1780719662180 0.675 190
1780719662194 0.62 191
1780719662208 0.71 192
1780719662222 0.61 193
1780719662237 0.68 194
1780719662252 0.625 195
1780719662265 0.595 196
1780719662278 0.715 197
1780719662292 0.595 198
1780719662306 0.675 199
1780719662320 0.705 200
1780719662335 0.6 201
1780719662348 0.69 202
1780719662361 0.715 203
1780719662396 0.705 204
1780719662420 0.645 205
1780719662445 0.645 206
1780719662462 0.695 207
1780719662478 0.675 208
1780719662499 0.61 209
1780719662515 0.685 210
1780719662529 0.665 211
1780719662547 0.65 212
1780719662582 0.66 213
1780719662610 0.675 214
1780719662656 0.605 215
1780719662679 0.645 216
1780719662705 0.68 217
1780719662744 0.665 218
1780719662769 0.705 219
1780719662805 0.635 220
1780719662845 0.695 221
1780719662879 0.695 222
1780719662906 0.7 223
1780719662931 0.65 224
1780719662954 0.635 225
1780719662978 0.63 226
1780719663000 0.7 227
1780719663023 0.66 228
1780719663068 0.725 229
1780719663101 0.71 230
1780719663133 0.64 231
1780719663166 0.575 232
1780719663194 0.665 233
1780719663218 0.67 234
1780719663255 0.71 235
1780719663285 0.665 236
1780719663316 0.605 237
1780719663339 0.66 238
1780719663365 0.725 239
1780719663396 0.705 240
1780719663444 0.685 241
1780719663483 0.705 242
1780719663512 0.695 243
1780719663551 0.69 244
1780719663578 0.64 245
1780719663605 0.625 246
1780719663646 0.68 247
1780719663677 0.635 248
1780719663705 0.695 249
1780719663731 0.67 250
1780719663755 0.555 251
1780719663790 0.69 252
1780719663813 0.655 253
1780719663850 0.64 254
1780719663874 0.69 255
1780719663903 0.66 256
1780719663938 0.66 257
1780719663969 0.655 258
1780719663993 0.67 259
1780719664035 0.605 260
1780719664058 0.625 261
1780719664080 0.66 262
1780719664108 0.66 263
1780719664150 0.645 264
1780719664181 0.67 265
1780719664206 0.715 266
1780719664241 0.625 267
1780719664267 0.64 268
1780719664305 0.68 269
1780719664333 0.565 270
1780719664364 0.71 271
1780719664391 0.605 272
1780719664436 0.705 273
1780719664461 0.72 274
1780719664492 0.625 275
1780719664526 0.615 276
1780719664561 0.64 277
1780719664592 0.725 278
1780719664641 0.68 279
1780719664661 0.615 280
1780719664697 0.59 281
1780719664728 0.55 282
1780719664752 0.725 283
1780719664780 0.615 284
1780719664832 0.605 285
1780719664856 0.66 286
1780719664882 0.62 287
1780719664913 0.7 288
1780719664941 0.675 289
1780719664968 0.66 290
1780719665016 0.635 291
1780719665044 0.665 292
1780719665072 0.675 293
1780719665088 0.66 294
1780719665116 0.72 295
1780719665147 0.685 296
1780719665173 0.615 297
1780719665210 0.645 298
1780719665236 0.775 299
1780719665263 0.66 300
1780719665296 0.725 301
1780719665325 0.655 302
1780719665346 0.68 303
1780719665373 0.655 304
1780719665415 0.61 305
1780719665436 0.7 306
1780719665463 0.67 307
1780719665487 0.665 308
1780719665513 0.655 309
1780719665547 0.71 310
1780719665593 0.66 311
1780719665622 0.645 312
1780719665643 0.67 313
