1780124741407 0.0 0
1780124741409 0.04659090909090909 1
1780124741412 0.27184958258795466 2
1780124741414 0.41555300867389944 3
1780124741416 0.41485541336194187 4
1780124741418 0.6481561264822135 5
1780124741420 0.6735743758157551 6
1780124741423 0.7353250188616043 7
1780124741425 0.6824430869863705 8
1780124741427 0.7805290106987901 9
1780124741429 0.7654276916716343 10
1780124741431 0.7718364874682011 11
1780124741433 0.7530356515932485 12
1780124741436 0.8111503850205223 13
1780124741438 0.7899346308203251 14
1780124741440 0.8262358670288915 15
1780124741442 0.7985176957545378 16
1780124741445 0.855992323641065 17
1780124741447 0.8555330898239513 18
1780124741449 0.8301789624316547 19
1780124741451 0.8336996711685665 20
1780124741453 0.8155638040120798 21
1780124741456 0.8517022670312144 22
1780124741458 0.8858588577931693 23
1780124741460 0.9120345444029654 24
1780124741462 0.9220349095349094 25
1780124741464 0.8852884516957744 26
1780124741466 0.8830666096134646 27
1780124741469 0.8629368738342018 28
1780124741471 0.8808271901206683 29
1780124741474 0.8529093209527991 30
1780124741476 0.8715035194004163 31
1780124741478 0.8327598063009962 32
1780124741480 0.8837517822679111 33
1780124741483 0.8984263648251064 34
1780124741485 0.8668209535276098 35
1780124741487 0.8956691559787535 36
1780124741489 0.9136385836385836 37
1780124741491 0.9026025001568481 38
1780124741493 0.89752664002664 39
1780124741496 0.8566038444363253 40
1780124741498 0.8414699995345156 41
1780124741500 0.8959783272283273 42
1780124741502 0.8583579213184477 43
1780124741504 0.829487546100389 44
1780124741507 0.8782637822881725 45
1780124741509 0.8776640129736105 46
1780124741511 0.8451161995898838 47
1780124741513 0.8664807755846253 48
1780124741515 0.7811995190679402 49
1780124741518 0.9134445391683244 50
1780124741520 0.8830993537765984 51
1780124741522 0.7388492566903361 52
1780124741524 0.8935991999886526 53
1780124741526 0.9335663154541873 54
1780124741528 0.8109675427119646 55
1780124741531 0.8756921373943592 56
1780124741533 0.9163920088526363 57
1780124741535 0.892660320166714 58
1780124741537 0.8494042228524987 59
1780124741539 0.7853186274509804 60
1780124741541 0.8447859853395243 61
1780124741544 0.8570116141168773 62
1780124741546 0.891418726201335 63
1780124741548 0.8657648199753464 64
1780124741550 0.9122741702741702 65
1780124741552 0.8904301242236023 66
1780124741555 0.9288757136583223 67
1780124741557 0.9177080632616024 68
1780124741559 0.7761532201813531 69
1780124741561 0.8955505067015365 70
1780124741563 0.8485923452137374 71
1780124741566 0.8703144224196855 72
1780124741568 0.8788467672678199 73
1780124741570 0.8680731440577988 74
1780124741572 0.923607676480203 75
1780124741574 0.9001834575103185 76
1780124741576 0.8859126984126984 77
1780124741579 0.9167415917415918 78
1780124741581 0.9308888382572593 79
1780124741583 0.880658274474064 80
1780124741585 0.8690956602736788 81
1780124741587 0.8935757841192624 82
1780124741589 0.9210034556087188 83
1780124741592 0.9093468726163234 84
1780124741594 0.8837714757909264 85
1780124741596 0.8711156483657831 86
1780124741598 0.9097605042016808 87
1780124741600 0.8875365076100369 88
1780124741602 0.8896176046176046 89
1780124741605 0.905586050105501 90
1780124741607 0.89052457346575 91
1780124741609 0.8977073365231261 92
1780124741611 0.8499134199134201 93
1780124741613 0.8978483346046275 94
1780124741615 0.8797222836503023 95
1780124741618 0.8619121667805878 96
1780124741620 0.8856328320802005 97
1780124741622 0.906144679881522 98
1780124741624 0.9286739241151005 99
1780124741626 0.8913652315998863 100
1780124741629 0.9157378867225414 101
1780124741631 0.8957003014783336 102
1780124741633 0.8789075339075338 103
1780124741635 0.8607683312802624 104
1780124741637 0.9367637917637917 105
1780124741640 0.9034510112313316 106
1780124741642 0.9246590909090908 107
1780124741644 0.876635081821252 108
1780124741646 0.8855961831426228 109
1780124741648 0.9161629777769231 110
1780124741650 0.9213257575757577 111
1780124741653 0.9112805853566723 112
1780124741655 0.8896255419118958 113
1780124741657 0.7902456042354176 114
1780124741659 0.9145502645502646 115
1780124741661 0.9003462327146539 116
1780124741664 0.9200135627373479 117
1780124741666 0.8912553926084683 118
1780124741668 0.8743680778047785 119
1780124741670 0.9111438373357877 120
1780124741673 0.9265940290546564 121
1780124741675 0.9307170259408111 122
1780124741677 0.9236724386724386 123
1780124741679 0.9132352941176471 124
1780124741681 0.9422442469810891 125
1780124741683 0.9017367415193502 126
1780124741685 0.8949626988538089 127
1780124741688 0.9416307814992024 128
1780124741690 0.8664828738512949 129
1780124741692 0.8684518247490385 130
1780124741694 0.912161172161172 131
1780124741696 0.9041035353535355 132
1780124741698 0.898198326432022 133
1780124741701 0.8905465838509319 134
1780124741703 0.905841437145785 135
1780124741705 0.9289328393447386 136
1780124741707 0.9385981257491555 137
1780124741709 0.9277382851067062 138
1780124741711 0.911017695754538 139
1780124741714 0.9162994607731451 140
1780124741716 0.9343150183150183 141
1780124741718 0.8632625756309966 142
1780124741720 0.91243200020803 143
1780124741722 0.8760838333206754 144
1780124741724 0.9180701754385965 145
1780124741726 0.9326508377430439 146
1780124741729 0.8810397771677483 147
1780124741731 0.957987012987013 148
1780124741733 0.9162844249571938 149
1780124741735 0.940686680469289 150
1780124741737 0.9306641604010025 151
1780124741739 0.8171328671328671 152
1780124741742 0.9332916778111287 153
1780124741744 0.9039974937343359 154
1780124741746 0.9154689754689755 155
1780124741748 0.9179551150603782 156
1780124741750 0.9003576134010917 157
1780124741752 0.9221080368906456 158
1780124741755 0.990909090909091 159
1780124741757 0.9716233766233767 160
1780124741759 0.9561904761904761 161
1780124741761 0.9441791236985745 162
1780124741763 0.9616056166056166 163
1780124741765 0.9520312143996355 164
1780124741767 0.940689223057644 165
1780124741770 0.9615766689450901 166
1780124741772 0.955194805194805 167
1780124741774 0.9579870129870128 168
1780124741776 0.9447115895800107 169
1780124741778 0.9267193786605551 170
1780124741781 0.9719314590824888 171
1780124741783 0.9484460162263366 172
1780124741785 0.9718614718614719 173
1780124741787 0.9391853645972639 174
1780124741789 0.9483901861139714 175
1780124741791 0.9568147641831851 176
1780124741794 0.9672727272727272 177
1780124741796 0.9520061517429937 178
1780124741798 0.9674327122153208 179
1780124741800 0.9583418031244119 180
1780124741802 0.960609857978279 181
1780124741804 0.9114697394109159 182
1780124741807 0.936911196911197 183
1780124741809 0.9516250519346494 184
1780124741811 0.9573160173160172 185
1780124741814 0.9720562770562771 186
1780124741816 0.9571962922884986 187
1780124741818 0.9584033613445377 188
1780124741820 0.9766233766233766 189
1780124741822 0.9631037078863164 190
1780124741824 0.9726708074534163 191
1780124741827 0.9757142857142856 192
1780124741829 0.9661904761904762 193
1780124741831 0.9596825396825397 194
1780124741833 0.9370243791296424 195
1780124741835 0.9528138528138529 196
1780124741837 0.9703577124629756 197
1780124741840 0.965187969924812 198
1780124741842 0.9109985248017702 199
1780124741844 0.9157859482465754 200
1780124741846 0.9541785498228329 201
1780124741848 0.954355789138398 202
1780124741850 0.9085186307944928 203
1780124741853 0.9579089026915113 204
1780124741855 0.960527950310559 205
1780124741857 0.9766233766233766 206
1780124741859 0.9497342995169082 207
1780124741861 0.9680848861283643 208
1780124741863 0.9726024547534845 209
1780124741865 0.9394987468671679 210
1780124741868 0.9716233766233765 211
1780124741870 0.9383697881066302 212
1780124741872 0.9568614718614719 213
1780124741874 0.9475836329955323 214
1780124741876 0.9621946169772257 215
1780124741878 0.9445177865612647 216
1780124741881 0.9551264524948737 217
1780124741883 0.9659523809523808 218
1780124741885 0.9952380952380953 219
1780124741887 0.9608840282524493 220
1780124741889 0.9617680565048985 221
1780124741891 0.9602130325814535 222
1780124741894 0.928051948051948 223
1780124741896 0.9274498746867168 224
1780124741898 0.9651515151515151 225
1780124741900 0.981147186147186 226
1780124741902 0.9547186147186147 227
1780124741904 0.9675108225108225 228
1780124741907 0.9722943722943722 229
1780124741909 0.9807142857142856 230
1780124741911 0.9484415584415584 231
1780124741913 0.9578154873349382 232
1780124741915 0.9479152426520848 233
1780124741917 0.9669314590824888 234
1780124741919 0.9443306796402771 235
1780124741922 0.9223991797676009 236
1780124741924 0.9613602187286396 237
1780124741926 0.9813852813852814 238
1780124741928 0.9759523809523809 239
1780124741930 0.9904761904761905 240
1780124741932 0.9431752635871629 241
1780124741935 0.9661471861471862 242
1780124741937 0.9510305958132046 243
1780124741939 0.9395493395493396 244
1780124741941 0.9579536124794746 245
1780124741943 0.9620312143996352 246
1780124741945 0.9495150920780212 247
1780124741947 0.9524390521758944 248
1780124741950 0.96657666894509 249
1780124741952 0.9533240431066519 250
1780124741954 0.9811471861471862 251
1780124741956 0.9485610766045548 252
1780124741958 0.9622943722943722 253
1780124741961 0.9409973463069438 254
1780124741963 0.9457433356117566 255
1780124741965 0.9809523809523808 256
1780124741967 0.9608589655958075 257
1780124741969 0.9508441558441559 258
1780124741972 0.9406060606060607 259
1780124741974 0.9597582972582972 260
1780124741976 0.923529049897471 261
1780124741978 0.9422395823317885 262
1780124741981 0.985909090909091 263
1780124741983 0.9482950954461252 264
1780124741985 0.9570745044429255 265
1780124741987 0.9702380952380951 266
1780124741989 0.975689223057644 267
1780124741991 0.9620312143996355 268
1780124741994 0.9688095238095238 269
1780124741996 0.9724327122153209 270
1780124741998 0.9807142857142856 271
1780124742000 0.9711221234905445 272
1780124742002 0.9707142857142858 273
1780124742005 0.9754511278195489 274
1780124742007 0.962169554320584 275
1780124742009 0.962485759854181 276
1780124742011 0.9758840282524494 277
1780124742013 0.9854761904761904 278
1780124742015 0.9532003262438045 279
1780124742018 0.9542036124794746 280
1780124742020 0.9807142857142856 281
1780124742022 0.9804761904761904 282
1780124742025 0.9511904761904763 283
1780124742027 0.933746223265674 284
1780124742029 0.9661654135338346 285
1780124742031 0.990909090909091 286
1780124742033 0.9370651265845774 287
1780124742035 0.9416751364577453 288
1780124742038 0.9677489177489178 289
1780124742040 0.9537412587412588 290
1780124742042 0.9531784005468216 291
1780124742044 0.9585213032581453 292
1780124742046 0.9579089026915113 293
1780124742048 0.955952380952381 294
1780124742051 0.9709523809523809 295
1780124742053 0.9757142857142858 296
1780124742055 0.9754761904761905 297
1780124742057 0.9513636363636364 298
1780124742059 0.958492723904623 299
1780124742062 0.9482916778111287 300
1780124742064 0.9565440115440115 301
1780124742066 0.9557142857142857 302
1780124742068 0.9540127987954076 303
1780124742070 0.9813852813852814 304
1780124742072 0.9861471861471861 305
1780124742075 0.9809090909090908 306
1780124742077 0.9687558817993601 307
1780124742079 0.9758840282524492 308
1780124742081 0.9398746081504703 309
1780124742083 0.9709523809523809 310
1780124742086 0.9804761904761905 311
1780124742088 0.9580243428069515 312
1780124742090 0.9544011544011545 313
