1780110265032 0.0 0
1780110265035 0.1 1
1780110265037 0.205 2
1780110265038 0.33 3
1780110265040 0.465 4
1780110265042 0.5 5
1780110265044 0.55 6
1780110265045 0.555 7
1780110265047 0.625 8
1780110265049 0.73 9
1780110265051 0.705 10
1780110265052 0.63 11
1780110265054 0.72 12
1780110265056 0.795 13
1780110265057 0.745 14
1780110265059 0.795 15
1780110265061 0.79 16
1780110265062 0.8 17
1780110265064 0.865 18
1780110265066 0.77 19
1780110265068 0.74 20
1780110265069 0.85 21
1780110265071 0.88 22
1780110265073 0.81 23
1780110265074 0.815 24
1780110265076 0.875 25
1780110265078 0.805 26
1780110265079 0.88 27
1780110265081 0.795 28
1780110265083 0.775 29
1780110265085 0.87 30
1780110265086 0.81 31
1780110265088 0.86 32
1780110265090 0.83 33
1780110265091 0.835 34
1780110265093 0.81 35
1780110265095 0.825 36
1780110265097 0.8 37
1780110265098 0.875 38
1780110265100 0.815 39
1780110265102 0.795 40
1780110265103 0.875 41
1780110265105 0.855 42
1780110265107 0.81 43
1780110265108 0.85 44
1780110265110 0.82 45
1780110265112 0.555 46
1780110265114 0.845 47
1780110265115 0.8 48
1780110265117 0.905 49
1780110265119 0.93 50
1780110265120 0.805 51
1780110265122 0.845 52
1780110265124 0.74 53
1780110265125 0.94 54
1780110265127 0.825 55
1780110265129 0.85 56
1780110265130 0.835 57
1780110265132 0.805 58
1780110265134 0.905 59
1780110265135 0.915 60
1780110265137 0.89 61
1780110265139 0.87 62
1780110265140 0.885 63
1780110265142 0.87 64
1780110265144 0.9 65
1780110265145 0.845 66
1780110265147 0.91 67
1780110265149 0.88 68
1780110265151 0.9 69
1780110265152 0.875 70
1780110265154 0.855 71
1780110265156 0.925 72
1780110265157 0.77 73
1780110265159 0.925 74
1780110265160 0.84 75
1780110265162 0.905 76
1780110265164 0.9 77
1780110265166 0.91 78
1780110265167 0.925 79
1780110265169 0.895 80
1780110265170 0.875 81
1780110265172 0.87 82
1780110265174 0.895 83
1780110265176 0.81 84
1780110265177 0.875 85
1780110265179 0.805 86
1780110265181 0.795 87
1780110265182 0.92 88
1780110265184 0.89 89
1780110265186 0.885 90
1780110265187 0.89 91
1780110265189 0.855 92
1780110265191 0.87 93
1780110265192 0.865 94
1780110265194 0.875 95
1780110265196 0.89 96
1780110265197 0.87 97
1780110265199 0.89 98
1780110265201 0.92 99
1780110265202 0.93 100
1780110265204 0.805 101
1780110265206 0.875 102
1780110265207 0.845 103
1780110265209 0.885 104
1780110265211 0.905 105
1780110265212 0.875 106
1780110265214 0.915 107
1780110265216 0.91 108
1780110265217 0.945 109
1780110265219 0.925 110
1780110265221 0.7 111
1780110265222 0.935 112
1780110265224 0.905 113
1780110265226 0.9 114
1780110265227 0.905 115
1780110265229 0.935 116
1780110265231 0.92 117
1780110265233 0.81 118
1780110265234 0.805 119
1780110265236 0.815 120
1780110265238 0.89 121
1780110265239 0.91 122
1780110265241 0.86 123
1780110265243 0.855 124
1780110265245 0.92 125
1780110265246 0.865 126
1780110265248 0.855 127
1780110265250 0.94 128
1780110265251 0.885 129
1780110265253 0.715 130
1780110265255 0.925 131
1780110265256 0.91 132
1780110265258 0.91 133
1780110265260 0.945 134
1780110265261 0.925 135
1780110265263 0.91 136
1780110265265 0.955 137
1780110265267 0.9 138
1780110265268 0.89 139
1780110265270 0.905 140
1780110265272 0.785 141
1780110265273 0.9 142
1780110265275 0.895 143
1780110265277 0.87 144
1780110265279 0.95 145
1780110265280 0.86 146
1780110265282 0.86 147
1780110265284 0.88 148
1780110265285 0.895 149
1780110265287 0.915 150
1780110265289 0.92 151
1780110265291 0.935 152
1780110265292 0.94 153
1780110265294 0.855 154
1780110265296 0.875 155
1780110265298 0.925 156
1780110265299 0.89 157
1780110265301 0.92 158
1780110265303 0.965 159
1780110265304 0.955 160
1780110265306 0.96 161
1780110265308 0.945 162
1780110265310 0.96 163
1780110265311 0.945 164
1780110265313 0.965 165
1780110265315 0.96 166
1780110265316 0.95 167
1780110265318 0.94 168
1780110265320 0.96 169
1780110265322 0.955 170
1780110265323 0.955 171
1780110265325 0.97 172
1780110265327 0.94 173
1780110265328 0.935 174
1780110265330 0.945 175
1780110265332 0.95 176
1780110265334 0.975 177
1780110265335 0.945 178
1780110265337 0.955 179
1780110265339 0.965 180
1780110265340 0.965 181
1780110265342 0.935 182
1780110265344 0.93 183
1780110265346 0.96 184
1780110265347 0.955 185
1780110265349 0.915 186
1780110265351 0.93 187
1780110265352 0.95 188
1780110265354 0.97 189
1780110265356 0.955 190
1780110265357 0.97 191
1780110265359 0.975 192
1780110265361 0.955 193
1780110265363 0.955 194
1780110265364 0.97 195
1780110265366 0.96 196
1780110265368 0.975 197
1780110265369 0.955 198
1780110265371 0.955 199
1780110265373 0.96 200
1780110265375 0.945 201
1780110265376 0.985 202
1780110265378 0.93 203
1780110265380 0.935 204
1780110265381 0.945 205
1780110265383 0.83 206
1780110265385 0.955 207
1780110265387 0.965 208
1780110265388 0.98 209
1780110265390 0.9 210
1780110265392 0.96 211
1780110265393 0.94 212
1780110265395 0.93 213
1780110265397 0.955 214
1780110265399 0.985 215
1780110265400 0.97 216
1780110265402 0.965 217
1780110265404 0.97 218
1780110265405 0.905 219
1780110265407 0.93 220
1780110265409 0.955 221
1780110265410 0.955 222
1780110265412 0.86 223
1780110265414 0.885 224
1780110265416 0.95 225
1780110265417 0.97 226
1780110265419 0.96 227
1780110265421 0.94 228
1780110265422 0.935 229
1780110265424 0.94 230
1780110265426 0.94 231
1780110265428 0.96 232
1780110265429 0.96 233
1780110265431 0.94 234
1780110265433 0.91 235
1780110265434 0.94 236
1780110265436 0.975 237
1780110265438 0.98 238
1780110265439 0.96 239
1780110265441 0.965 240
1780110265443 0.955 241
1780110265445 0.955 242
1780110265446 0.93 243
1780110265448 0.96 244
1780110265450 0.965 245
1780110265451 0.955 246
1780110265453 0.87 247
1780110265455 0.955 248
1780110265456 0.94 249
1780110265458 0.97 250
1780110265460 0.965 251
1780110265461 0.95 252
1780110265463 0.965 253
1780110265465 0.925 254
1780110265466 0.965 255
1780110265468 0.955 256
1780110265470 0.95 257
1780110265471 0.975 258
1780110265473 0.965 259
1780110265475 0.905 260
1780110265476 0.915 261
1780110265478 0.925 262
1780110265480 0.97 263
1780110265481 0.96 264
1780110265483 0.955 265
1780110265485 0.94 266
1780110265486 0.955 267
1780110265488 0.945 268
1780110265490 0.96 269
1780110265492 0.98 270
1780110265493 0.955 271
1780110265495 0.955 272
1780110265497 0.97 273
1780110265498 0.955 274
1780110265500 0.98 275
1780110265502 0.945 276
1780110265503 0.97 277
1780110265505 0.985 278
1780110265507 0.96 279
1780110265508 0.985 280
1780110265510 0.97 281
1780110265512 0.935 282
1780110265513 0.965 283
1780110265515 0.91 284
1780110265517 0.965 285
1780110265518 0.985 286
1780110265520 0.955 287
1780110265522 0.97 288
1780110265523 0.91 289
1780110265525 0.97 290
1780110265527 0.95 291
1780110265528 0.885 292
1780110265530 0.96 293
1780110265532 0.945 294
1780110265533 0.94 295
1780110265535 0.965 296
1780110265537 0.945 297
1780110265538 0.935 298
1780110265540 0.94 299
1780110265542 0.945 300
1780110265543 0.94 301
1780110265545 0.95 302
1780110265547 0.975 303
1780110265548 0.965 304
1780110265550 0.98 305
1780110265552 0.955 306
1780110265553 0.965 307
1780110265555 0.975 308
1780110265557 0.955 309
1780110265558 0.96 310
1780110265560 0.98 311
1780110265562 0.96 312
1780110265563 0.965 313
