1780131057934 0.0 0
1780131057937 0.095 1
1780131057939 0.10999999999999999 2
1780131057941 0.22000000000000003 3
1780131057944 0.26999999999999996 4
1780131057946 0.385 5
1780131057948 0.5050000000000001 6
1780131057951 0.43499999999999994 7
1780131057953 0.48 8
1780131057956 0.5549999999999999 9
1780131057958 0.6 10
1780131057960 0.585 11
1780131057963 0.64 12
1780131057965 0.7150000000000001 13
1780131057967 0.61 14
1780131057970 0.7 15
1780131057972 0.75 16
1780131057974 0.72 17
1780131057977 0.735 18
1780131057979 0.75 19
1780131057981 0.7649999999999999 20
1780131057984 0.7999999999999999 21
1780131057986 0.8099999999999999 22
1780131057989 0.8099999999999999 23
1780131057991 0.77 24
1780131057993 0.8400000000000001 25
1780131057996 0.8549999999999999 26
1780131057998 0.785 27
1780131058000 0.765 28
1780131058003 0.795 29
1780131058005 0.8550000000000001 30
1780131058007 0.7899999999999999 31
1780131058010 0.8200000000000001 32
1780131058012 0.75 33
1780131058014 0.8149999999999998 34
1780131058017 0.8150000000000001 35
1780131058019 0.825 36
1780131058021 0.8400000000000001 37
1780131058024 0.8300000000000001 38
1780131058026 0.8400000000000001 39
1780131058028 0.8550000000000001 40
1780131058031 0.8299999999999998 41
1780131058033 0.825 42
1780131058035 0.8550000000000001 43
1780131058038 0.875 44
1780131058040 0.8099999999999999 45
1780131058042 0.8150000000000001 46
1780131058045 0.805 47
1780131058047 0.8799999999999999 48
1780131058049 0.8300000000000001 49
1780131058052 0.8699999999999999 50
1780131058054 0.8200000000000001 51
1780131058056 0.8150000000000001 52
1780131058058 0.8 53
1780131058061 0.8350000000000002 54
1780131058063 0.835 55
1780131058065 0.865 56
1780131058068 0.9000000000000001 57
1780131058070 0.8799999999999999 58
1780131058073 0.86 59
1780131058075 0.875 60
1780131058077 0.8799999999999999 61
1780131058080 0.85 62
1780131058082 0.8699999999999999 63
1780131058084 0.8700000000000001 64
1780131058087 0.8550000000000001 65
1780131058089 0.8400000000000001 66
1780131058091 0.8 67
1780131058094 0.8299999999999998 68
1780131058096 0.8300000000000001 69
1780131058098 0.8299999999999998 70
1780131058101 0.845 71
1780131058103 0.8800000000000001 72
1780131058105 0.8550000000000001 73
1780131058108 0.8 74
1780131058110 0.8150000000000001 75
1780131058112 0.825 76
1780131058115 0.885 77
1780131058117 0.8549999999999999 78
1780131058119 0.835 79
1780131058122 0.8800000000000001 80
1780131058124 0.7849999999999999 81
1780131058126 0.8399999999999999 82
1780131058129 0.9099999999999999 83
1780131058131 0.8800000000000001 84
1780131058133 0.89 85
1780131058136 0.8399999999999999 86
1780131058138 0.86 87
1780131058140 0.8049999999999999 88
1780131058143 0.8299999999999998 89
1780131058145 0.845 90
1780131058147 0.85 91
1780131058150 0.8400000000000001 92
1780131058152 0.8400000000000001 93
1780131058154 0.86 94
1780131058157 0.835 95
1780131058159 0.8899999999999999 96
1780131058161 0.82 97
1780131058164 0.7449999999999999 98
1780131058166 0.8700000000000001 99
1780131058168 0.915 100
1780131058171 0.8300000000000001 101
1780131058173 0.8699999999999999 102
1780131058176 0.8950000000000001 103
1780131058178 0.8850000000000001 104
1780131058180 0.89 105
1780131058183 0.915 106
1780131058185 0.875 107
1780131058187 0.9200000000000002 108
1780131058190 0.8600000000000001 109
1780131058200 0.8800000000000001 110
1780131058202 0.7499999999999999 111
1780131058205 0.9 112
1780131058207 0.8149999999999998 113
1780131058209 0.805 114
1780131058212 0.8699999999999999 115
1780131058214 0.865 116
1780131058217 0.8399999999999999 117
1780131058219 0.8950000000000001 118
1780131058222 0.8550000000000001 119
1780131058224 0.875 120
1780131058226 0.89 121
1780131058229 0.865 122
1780131058231 0.86 123
1780131058233 0.9200000000000002 124
1780131058236 0.8850000000000001 125
1780131058238 0.89 126
1780131058240 0.8699999999999999 127
1780131058243 0.875 128
1780131058245 0.8950000000000001 129
1780131058248 0.89 130
1780131058250 0.8150000000000001 131
1780131058253 0.905 132
1780131058255 0.86 133
1780131058258 0.885 134
1780131058260 0.865 135
1780131058262 0.8700000000000001 136
1780131058265 0.9099999999999999 137
1780131058267 0.885 138
1780131058269 0.8949999999999999 139
1780131058272 0.8699999999999999 140
1780131058274 0.7500000000000001 141
1780131058276 0.9149999999999998 142
1780131058279 0.825 143
1780131058281 0.8200000000000001 144
1780131058283 0.885 145
1780131058286 0.85 146
1780131058288 0.885 147
1780131058291 0.9349999999999998 148
1780131058293 0.915 149
1780131058295 0.82 150
1780131058298 0.8699999999999999 151
1780131058300 0.905 152
1780131058302 0.8800000000000001 153
1780131058305 0.8550000000000001 154
1780131058307 0.9049999999999999 155
1780131058310 0.905 156
1780131058312 0.9149999999999998 157
1780131058314 0.9199999999999999 158
1780131058317 0.9099999999999999 159
1780131058319 0.925 160
1780131058321 0.9099999999999999 161
1780131058324 0.9349999999999999 162
1780131058326 0.9 163
1780131058329 0.905 164
1780131058331 0.9349999999999999 165
1780131058333 0.9 166
1780131058336 0.9049999999999999 167
1780131058338 0.9399999999999998 168
1780131058341 0.905 169
1780131058343 0.95 170
1780131058345 0.8850000000000001 171
1780131058348 0.8700000000000001 172
1780131058350 0.9400000000000001 173
1780131058352 0.9649999999999999 174
1780131058355 0.9349999999999999 175
1780131058357 0.875 176
1780131058360 0.9249999999999998 177
1780131058362 0.9299999999999999 178
1780131058364 0.975 179
1780131058367 0.945 180
1780131058369 0.9649999999999999 181
1780131058371 0.945 182
1780131058374 0.9200000000000002 183
1780131058376 0.885 184
1780131058383 0.925 185
1780131058386 0.9399999999999998 186
1780131058388 0.905 187
1780131058390 0.9549999999999998 188
1780131058393 0.9399999999999998 189
1780131058395 0.9199999999999999 190
1780131058398 0.925 191
1780131058400 0.9399999999999998 192
1780131058402 0.9200000000000002 193
1780131058405 0.9200000000000002 194
1780131058407 0.905 195
1780131058409 0.9349999999999999 196
1780131058412 0.8699999999999999 197
1780131058414 0.9349999999999999 198
1780131058416 0.915 199
1780131058419 0.925 200
1780131058421 0.9199999999999999 201
1780131058423 0.9099999999999999 202
1780131058426 0.9499999999999998 203
1780131058428 0.9349999999999999 204
1780131058430 0.9550000000000001 205
1780131058433 0.9099999999999999 206
1780131058435 0.9650000000000001 207
1780131058437 0.93 208
1780131058440 0.9299999999999999 209
1780131058442 0.9550000000000001 210
1780131058444 0.95 211
1780131058447 0.9399999999999998 212
1780131058449 0.945 213
1780131058451 0.9400000000000001 214
1780131058454 0.96 215
1780131058456 0.9400000000000001 216
1780131058458 0.95 217
1780131058461 0.96 218
1780131058463 0.9499999999999998 219
1780131058465 0.95 220
1780131058468 0.9349999999999999 221
1780131058470 0.95 222
1780131058472 0.9099999999999999 223
1780131058475 0.9299999999999999 224
1780131058477 0.9450000000000001 225
1780131058480 0.9400000000000001 226
1780131058482 0.9299999999999999 227
1780131058484 0.96 228
1780131058487 0.9349999999999999 229
1780131058489 0.96 230
1780131058491 0.9649999999999999 231
1780131058494 0.9299999999999999 232
1780131058496 0.93 233
1780131058498 0.9149999999999998 234
1780131058501 0.9349999999999999 235
1780131058503 0.9099999999999999 236
1780131058505 0.9550000000000001 237
1780131058508 0.97 238
1780131058511 0.9099999999999999 239
1780131058513 0.9349999999999999 240
1780131058515 0.97 241
1780131058518 0.9399999999999998 242
1780131058520 0.9649999999999999 243
1780131058523 0.96 244
1780131058525 0.9549999999999998 245
1780131058527 0.9199999999999999 246
1780131058529 0.9550000000000001 247
1780131058532 0.9649999999999999 248
1780131058534 0.9400000000000001 249
1780131058536 0.9450000000000001 250
1780131058539 0.9650000000000001 251
1780131058541 0.9349999999999999 252
1780131058544 0.9349999999999999 253
1780131058546 0.95 254
1780131058548 0.9400000000000001 255
1780131058551 0.9399999999999998 256
1780131058553 0.925 257
1780131058555 0.9549999999999998 258
1780131058558 0.905 259
1780131058560 0.9299999999999999 260
1780131058562 0.9049999999999999 261
1780131058566 0.9400000000000001 262
1780131058568 0.9250000000000002 263
1780131058570 0.93 264
1780131058573 0.9349999999999999 265
1780131058575 0.9799999999999999 266
1780131058577 0.9550000000000001 267
1780131058580 0.93 268
1780131058582 0.95 269
1780131058584 0.9400000000000001 270
1780131058587 0.9249999999999998 271
1780131058589 0.945 272
1780131058591 0.9400000000000001 273
1780131058594 0.9549999999999998 274
1780131058596 0.9649999999999999 275
1780131058598 0.96 276
1780131058601 0.9 277
1780131058603 0.945 278
1780131058605 0.9649999999999999 279
1780131058608 0.9299999999999999 280
1780131058610 0.97 281
1780131058612 0.9299999999999999 282
1780131058615 0.9599999999999997 283
1780131058617 0.9499999999999998 284
1780131058619 0.9400000000000001 285
1780131058622 0.885 286
1780131058624 0.96 287
1780131058626 0.9400000000000001 288
1780131058629 0.9549999999999998 289
1780131058631 0.97 290
1780131058633 0.9 291
1780131058636 0.9349999999999999 292
1780131058638 0.95 293
1780131058640 0.925 294
1780131058643 0.9400000000000001 295
1780131058645 0.96 296
1780131058647 0.95 297
1780131058650 0.95 298
1780131058652 0.9049999999999999 299
1780131058654 0.9550000000000001 300
1780131058657 0.96 301
1780131058659 0.9299999999999999 302
1780131058661 0.925 303
1780131058664 0.945 304
1780131058666 0.945 305
1780131058668 0.945 306
1780131058671 0.9200000000000002 307
1780131058673 0.9549999999999998 308
1780131058675 0.89 309
1780131058678 0.9650000000000001 310
1780131058680 0.95 311
1780131058683 0.945 312
1780131058685 0.9349999999999999 313
