1780124425981 0.0 0
1780124425984 0.8972222222222171 1
1780124425986 0.9127777777777727 2
1780124425988 0.9138888888888838 3
1780124425990 0.9338888888888837 4
1780124425992 0.9427777777777724 5
1780124425994 0.958333333333328 6
1780124425996 0.9494444444444392 7
1780124425999 0.9566666666666613 8
1780124426001 0.9594444444444392 9
1780124426003 0.9711111111111057 10
1780124426005 0.9672222222222168 11
1780124426007 0.9666666666666612 12
1780124426009 0.9716666666666611 13
1780124426012 0.9677777777777724 14
1780124426014 0.9683333333333278 15
1780124426016 0.9811111111111055 16
1780124426018 0.9749999999999945 17
1780124426020 0.9738888888888834 18
1780124426022 0.9572222222222168 19
1780124426024 0.976666666666661 20
1780124426026 0.9861111111111056 21
1780124426029 0.9777777777777722 22
1780124426031 0.9805555555555501 23
1780124426033 0.9711111111111057 24
1780124426035 0.976666666666661 25
1780124426037 0.9799999999999944 26
1780124426039 0.9827777777777722 27
1780124426041 0.9738888888888834 28
1780124426044 0.9805555555555502 29
1780124426046 0.9838888888888835 30
1780124426048 0.9788888888888835 31
1780124426050 0.9738888888888834 32
1780124426052 0.9761111111111056 33
1780124426054 0.9811111111111057 34
1780124426056 0.9827777777777722 35
1780124426058 0.9816666666666611 36
1780124426061 0.9794444444444389 37
1780124426063 0.9849999999999944 38
1780124426065 0.9772222222222167 39
1780124426067 0.99055555555555 40
1780124426069 0.9827777777777722 41
1780124426071 0.9805555555555501 42
1780124426073 0.984444444444439 43
1780124426075 0.9849999999999944 44
1780124426078 0.9661111111111058 45
1780124426080 0.9833333333333278 46
1780124426082 0.9761111111111056 47
1780124426084 0.9911111111111055 48
1780124426086 0.9866666666666613 49
1780124426088 0.9877777777777721 50
1780124426090 0.9811111111111057 51
1780124426092 0.9838888888888834 52
1780124426094 0.9833333333333277 53
1780124426097 0.9794444444444389 54
1780124426099 0.9916666666666611 55
1780124426101 0.9822222222222166 56
1780124426103 0.9699999999999946 57
1780124426105 0.9872222222222167 58
1780124426107 0.9633333333333279 59
1780124426109 0.9855555555555501 60
1780124426111 0.98555555555555 61
1780124426114 0.9855555555555501 62
1780124426117 0.984444444444439 63
1780124426119 0.9872222222222167 64
1780124426123 0.9899999999999943 65
1780124426126 0.98555555555555 66
1780124426128 0.98555555555555 67
1780124426130 0.9777777777777723 68
1780124426132 0.9799999999999944 69
1780124426134 0.9811111111111055 70
1780124426136 0.9738888888888836 71
1780124426138 0.9783333333333278 72
1780124426141 0.9827777777777722 73
1780124426143 0.9788888888888835 74
1780124426145 0.98555555555555 75
1780124426147 0.9883333333333277 76
1780124426150 0.9883333333333277 77
1780124426152 0.9833333333333277 78
1780124426154 0.99055555555555 79
1780124426156 0.9855555555555501 80
1780124426158 0.9844444444444388 81
1780124426160 0.98555555555555 82
1780124426162 0.9849999999999944 83
1780124426164 0.9888888888888834 84
1780124426166 0.9899999999999943 85
1780124426169 0.9872222222222167 86
1780124426171 0.9916666666666611 87
1780124426173 0.9716666666666613 88
1780124426175 0.99055555555555 89
1780124426177 0.9894444444444389 90
1780124426179 0.9811111111111057 91
1780124426181 0.9788888888888833 92
1780124426183 0.9833333333333278 93
1780124426186 0.9494444444444392 94
1780124426188 0.9855555555555501 95
1780124426190 0.9894444444444389 96
1780124426192 0.986666666666661 97
1780124426194 0.9711111111111057 98
1780124426196 0.9861111111111056 99
1780124426198 0.9861111111111056 100
1780124426201 0.9894444444444389 101
1780124426203 0.9911111111111055 102
1780124426205 0.9799999999999945 103
1780124426207 0.984444444444439 104
1780124426209 0.9849999999999944 105
1780124426211 0.9911111111111056 106
1780124426213 0.98555555555555 107
1780124426215 0.9761111111111056 108
1780124426218 0.99055555555555 109
1780124426220 0.9866666666666613 110
1780124426222 0.9888888888888834 111
1780124426224 0.9899999999999943 112
1780124426226 0.9805555555555501 113
1780124426228 0.9861111111111056 114
1780124426230 0.984444444444439 115
1780124426232 0.99055555555555 116
1780124426234 0.9888888888888834 117
1780124426237 0.9877777777777723 118
1780124426239 0.9799999999999945 119
1780124426241 0.9877777777777721 120
1780124426243 0.9861111111111056 121
1780124426245 0.9827777777777722 122
1780124426247 0.9877777777777721 123
1780124426249 0.99055555555555 124
1780124426251 0.9811111111111057 125
1780124426254 0.9894444444444389 126
1780124426256 0.9855555555555501 127
1780124426258 0.9894444444444389 128
1780124426260 0.9894444444444389 129
1780124426262 0.9877777777777721 130
1780124426264 0.9872222222222167 131
1780124426266 0.9883333333333277 132
1780124426268 0.9827777777777722 133
1780124426270 0.9872222222222167 134
1780124426273 0.9894444444444389 135
1780124426275 0.9861111111111056 136
1780124426277 0.9916666666666611 137
1780124426279 0.9822222222222168 138
1780124426281 0.9749999999999945 139
1780124426283 0.9944444444444388 140
1780124426285 0.9849999999999944 141
1780124426287 0.9788888888888835 142
1780124426289 0.9805555555555501 143
1780124426293 0.9872222222222167 144
1780124426295 0.9877777777777721 145
1780124426297 0.9872222222222167 146
1780124426300 0.9911111111111056 147
1780124426302 0.99055555555555 148
1780124426304 0.9888888888888834 149
1780124426306 0.9911111111111055 150
1780124426308 0.9855555555555501 151
1780124426310 0.99055555555555 152
1780124426312 0.9883333333333277 153
1780124426315 0.9855555555555501 154
1780124426317 0.9777777777777723 155
1780124426319 0.9899999999999946 156
1780124426321 0.9899999999999943 157
1780124426323 0.9872222222222167 158
1780124426325 0.9922222222222168 159
1780124426328 0.9944444444444389 160
1780124426330 0.9883333333333277 161
1780124426332 0.99055555555555 162
1780124426334 0.9888888888888833 163
1780124426336 0.9899999999999946 164
1780124426338 0.9972222222222167 165
1780124426340 0.9933333333333276 166
1780124426343 0.99055555555555 167
1780124426345 0.9911111111111056 168
1780124426347 0.9916666666666611 169
1780124426349 0.9933333333333279 170
1780124426351 0.9877777777777721 171
1780124426353 0.9877777777777723 172
1780124426355 0.9927777777777722 173
1780124426357 0.9933333333333276 174
1780124426359 0.9927777777777722 175
1780124426362 0.9911111111111055 176
1780124426364 0.9938888888888833 177
1780124426366 0.9938888888888833 178
1780124426368 0.9955555555555499 179
1780124426370 0.9944444444444388 180
1780124426372 0.9955555555555501 181
1780124426374 0.9922222222222166 182
1780124426377 0.9927777777777722 183
1780124426379 0.9927777777777722 184
1780124426381 0.9949999999999944 185
1780124426383 0.9961111111111055 186
1780124426385 0.9944444444444388 187
1780124426387 0.9927777777777722 188
1780124426389 0.9983333333333277 189
1780124426391 0.9938888888888833 190
1780124426394 0.9922222222222166 191
1780124426396 0.9955555555555499 192
1780124426398 0.9938888888888833 193
1780124426400 0.99055555555555 194
1780124426402 0.9927777777777722 195
1780124426404 0.9938888888888833 196
1780124426406 0.99055555555555 197
1780124426409 0.9872222222222167 198
1780124426411 0.9949999999999944 199
1780124426413 0.9922222222222168 200
1780124426415 0.9922222222222166 201
1780124426417 0.9922222222222168 202
1780124426419 0.9944444444444388 203
1780124426421 0.9949999999999944 204
1780124426423 0.9955555555555499 205
1780124426426 0.996666666666661 206
1780124426428 0.9983333333333277 207
1780124426430 0.9972222222222167 208
1780124426432 0.9933333333333279 209
1780124426434 0.9972222222222167 210
1780124426436 0.9944444444444388 211
1780124426438 0.9961111111111055 212
1780124426440 0.9938888888888833 213
1780124426442 0.9933333333333279 214
1780124426444 0.9949999999999944 215
1780124426447 0.9955555555555499 216
1780124426449 0.9905555555555502 217
1780124426451 0.9949999999999944 218
1780124426453 0.9927777777777722 219
1780124426455 0.9922222222222168 220
1780124426457 0.9961111111111055 221
1780124426459 0.9944444444444389 222
1780124426461 0.9933333333333276 223
1780124426463 0.9949999999999944 224
1780124426466 0.9938888888888833 225
1780124426468 0.9877777777777721 226
1780124426470 0.9916666666666611 227
1780124426472 0.9955555555555501 228
1780124426474 0.9933333333333276 229
1780124426476 0.9927777777777722 230
1780124426478 0.9922222222222168 231
1780124426480 0.9844444444444388 232
1780124426482 0.9955555555555501 233
1780124426484 0.9944444444444388 234
1780124426487 0.9933333333333279 235
1780124426489 0.9911111111111056 236
1780124426491 0.9961111111111055 237
1780124426493 0.9961111111111055 238
1780124426496 0.9938888888888833 239
1780124426498 0.9972222222222167 240
1780124426500 0.9961111111111055 241
1780124426502 0.9949999999999944 242
1780124426504 0.9955555555555501 243
1780124426506 0.9972222222222167 244
1780124426508 0.9966666666666611 245
1780124426510 0.9949999999999944 246
1780124426512 0.9972222222222167 247
1780124426515 0.996666666666661 248
1780124426517 0.9949999999999944 249
1780124426519 0.9944444444444389 250
1780124426521 0.9977777777777723 251
1780124426523 0.9949999999999944 252
1780124426525 0.9916666666666611 253
1780124426527 0.9955555555555499 254
1780124426529 0.9944444444444389 255
1780124426532 0.9933333333333276 256
1780124426534 0.9938888888888833 257
1780124426536 0.9961111111111055 258
1780124426538 0.9977777777777721 259
1780124426540 0.9894444444444389 260
1780124426542 0.9922222222222168 261
1780124426544 0.9933333333333276 262
1780124426546 0.9944444444444389 263
1780124426548 0.9766666666666612 264
1780124426551 0.9944444444444388 265
1780124426553 0.9961111111111055 266
1780124426555 0.99055555555555 267
1780124426557 0.9922222222222166 268
1780124426560 0.9949999999999944 269
1780124426562 0.9944444444444389 270
1780124426564 0.9855555555555501 271
1780124426566 0.9916666666666611 272
1780124426568 0.9938888888888833 273
1780124426570 0.9961111111111055 274
1780124426582 0.9938888888888833 275
1780124426584 0.9866666666666613 276
1780124426586 0.9949999999999944 277
1780124426588 0.9933333333333276 278
1780124426590 0.9949999999999944 279
1780124426592 0.9961111111111055 280
1780124426594 0.996666666666661 281
1780124426597 0.9922222222222166 282
1780124426599 0.9961111111111055 283
1780124426601 0.9977777777777723 284
1780124426603 0.9961111111111055 285
1780124426605 0.9938888888888833 286
1780124426607 0.9955555555555501 287
1780124426609 0.9972222222222167 288
1780124426611 0.9955555555555499 289
1780124426613 0.9922222222222166 290
1780124426616 0.9966666666666611 291
1780124426618 0.9911111111111055 292
1780124426620 0.9944444444444388 293
1780124426622 0.9927777777777722 294
1780124426624 0.9949999999999944 295
1780124426626 0.9972222222222167 296
1780124426628 0.9972222222222167 297
1780124426631 0.9944444444444388 298
1780124426633 0.9955555555555501 299
1780124426635 0.9949999999999944 300
1780124426637 0.9988888888888834 301
1780124426639 0.9944444444444388 302
1780124426641 0.9944444444444388 303
1780124426644 0.9911111111111055 304
1780124426646 0.9944444444444388 305
1780124426648 0.9938888888888833 306
1780124426650 0.9922222222222168 307
1780124426652 0.9961111111111055 308
1780124426654 0.9938888888888833 309
1780124426657 0.9944444444444389 310
1780124426659 0.9933333333333276 311
1780124426661 0.9961111111111055 312
1780124426663 0.9949999999999944 313
