1780243672673 0.0 0
1780243672675 0.11500000000000002 1
1780243672676 0.165 2
1780243672678 0.5399999999999999 3
1780243672680 0.64 4
1780243672681 0.6950000000000001 5
1780243672683 0.735 6
1780243672685 0.72 7
1780243672686 0.72 8
1780243672688 0.865 9
1780243672690 0.86 10
1780243672691 0.8550000000000001 11
1780243672693 0.79 12
1780243672695 0.8549999999999999 13
1780243672696 0.915 14
1780243672698 0.865 15
1780243672700 0.67 16
1780243672701 0.905 17
1780243672703 0.9249999999999998 18
1780243672705 0.8899999999999999 19
1780243672706 0.8850000000000001 20
1780243672708 0.925 21
1780243672710 0.915 22
1780243672711 0.9199999999999999 23
1780243672713 0.9299999999999999 24
1780243672715 0.9199999999999999 25
1780243672716 0.905 26
1780243672718 0.9349999999999999 27
1780243672720 0.9200000000000002 28
1780243672722 0.9 29
1780243672723 0.9400000000000001 30
1780243672725 0.93 31
1780243672727 0.8949999999999999 32
1780243672728 0.925 33
1780243672730 0.9199999999999999 34
1780243672732 0.905 35
1780243672733 0.8699999999999999 36
1780243672735 0.8400000000000001 37
1780243672737 0.9199999999999999 38
1780243672738 0.93 39
1780243672740 0.945 40
1780243672742 0.9199999999999999 41
1780243672743 0.9400000000000001 42
1780243672745 0.9399999999999998 43
1780243672747 0.945 44
1780243672748 0.945 45
1780243672750 0.915 46
1780243672752 0.925 47
1780243672753 0.9399999999999998 48
1780243672755 0.885 49
1780243672757 0.9450000000000001 50
1780243672758 0.9199999999999999 51
1780243672760 0.8800000000000001 52
1780243672762 0.905 53
1780243672763 0.9400000000000001 54
1780243672765 0.9099999999999999 55
1780243672767 0.9349999999999999 56
1780243672768 0.9299999999999999 57
1780243672770 0.9349999999999999 58
1780243672772 0.9400000000000001 59
1780243672773 0.9549999999999998 60
1780243672775 0.845 61
1780243672777 0.93 62
1780243672778 0.945 63
1780243672780 0.925 64
1780243672782 0.9299999999999999 65
1780243672783 0.96 66
1780243672785 0.9499999999999998 67
1780243672787 0.9099999999999999 68
1780243672788 0.95 69
1780243672790 0.925 70
1780243672792 0.9349999999999999 71
1780243672793 0.945 72
1780243672795 0.93 73
1780243672797 0.835 74
1780243672798 0.9299999999999999 75
1780243672800 0.95 76
1780243672802 0.945 77
1780243672803 0.9200000000000002 78
1780243672805 0.865 79
1780243672807 0.9049999999999999 80
1780243672808 0.925 81
1780243672810 0.8949999999999999 82
1780243672812 0.905 83
1780243672813 0.9549999999999998 84
1780243672815 0.8550000000000001 85
1780243672817 0.875 86
1780243672818 0.925 87
1780243672820 0.9549999999999998 88
1780243672822 0.975 89
1780243672823 0.9349999999999999 90
1780243672825 0.9550000000000001 91
1780243672827 0.925 92
1780243672828 0.9199999999999999 93
1780243672830 0.9349999999999999 94
1780243672832 0.925 95
1780243672833 0.9200000000000002 96
1780243672835 0.925 97
1780243672837 0.915 98
1780243672839 0.975 99
1780243672840 0.9549999999999998 100
1780243672842 0.95 101
1780243672844 0.9349999999999999 102
1780243672845 0.9099999999999999 103
1780243672847 0.875 104
1780243672849 0.9099999999999999 105
1780243672850 0.885 106
1780243672852 0.9550000000000001 107
1780243672854 0.9199999999999999 108
1780243672855 0.865 109
1780243672857 0.9400000000000001 110
1780243672859 0.925 111
1780243672860 0.9349999999999999 112
1780243672862 0.93 113
1780243672864 0.95 114
1780243672865 0.945 115
1780243672867 0.9299999999999999 116
1780243672869 0.9799999999999999 117
1780243672870 0.8949999999999999 118
1780243672872 0.89 119
1780243672874 0.97 120
1780243672875 0.9550000000000001 121
1780243672877 0.925 122
1780243672879 0.9499999999999998 123
1780243672880 0.9400000000000001 124
1780243672882 0.9299999999999999 125
1780243672884 0.95 126
1780243672885 0.8800000000000001 127
1780243672887 0.9399999999999998 128
1780243672889 0.8949999999999999 129
1780243672890 0.915 130
1780243672892 0.95 131
1780243672894 0.9400000000000001 132
1780243672895 0.9550000000000001 133
1780243672897 0.9749999999999999 134
1780243672899 0.9149999999999998 135
1780243672900 0.9649999999999999 136
1780243672902 0.9549999999999998 137
1780243672904 0.93 138
1780243672905 0.9349999999999999 139
1780243672907 0.885 140
1780243672909 0.97 141
1780243672910 0.95 142
1780243672912 0.9399999999999998 143
1780243672914 0.915 144
1780243672915 0.945 145
1780243672917 0.9399999999999998 146
1780243672919 0.95 147
1780243672920 0.95 148
1780243672922 0.875 149
1780243672924 0.9549999999999998 150
1780243672925 0.9399999999999998 151
1780243672927 0.99 152
1780243672929 0.9099999999999999 153
1780243672930 0.95 154
1780243672932 0.9 155
1780243672934 0.9400000000000001 156
1780243672935 0.9099999999999999 157
1780243672937 0.89 158
1780243672939 0.9550000000000001 159
1780243672941 0.9650000000000001 160
1780243672942 0.9299999999999999 161
1780243672944 0.945 162
1780243672946 0.9400000000000001 163
1780243672947 0.8899999999999999 164
1780243672949 0.9400000000000001 165
1780243672951 0.865 166
1780243672952 0.8850000000000001 167
1780243672954 0.85 168
1780243672956 0.925 169
1780243672957 0.875 170
1780243672959 0.795 171
1780243672961 0.89 172
1780243672963 0.9399999999999998 173
1780243672964 0.9149999999999998 174
1780243672966 0.8800000000000001 175
1780243672968 0.905 176
1780243672969 0.925 177
1780243672971 0.845 178
1780243672973 0.905 179
1780243672974 0.85 180
1780243672976 0.8950000000000001 181
1780243672982 0.85 182
1780243672988 0.8550000000000001 183
1780243672989 0.9 184
1780243672991 0.875 185
1780243672993 0.915 186
1780243672994 0.875 187
1780243672996 0.885 188
1780243672998 0.9149999999999998 189
1780243672999 0.85 190
1780243673001 0.9099999999999999 191
1780243673003 0.9049999999999999 192
1780243673005 0.93 193
1780243673006 0.905 194
1780243673008 0.93 195
1780243673010 0.925 196
1780243673011 0.885 197
1780243673013 0.915 198
1780243673015 0.9349999999999999 199
1780243673016 0.9249999999999998 200
1780243673018 0.8100000000000002 201
1780243673020 0.885 202
1780243673021 0.845 203
1780243673023 0.93 204
1780243673025 0.9299999999999999 205
1780243673026 0.9149999999999998 206
1780243673028 0.9099999999999999 207
1780243673030 0.8600000000000001 208
1780243673031 0.9450000000000001 209
1780243673033 0.9349999999999999 210
1780243673035 0.865 211
1780243673036 0.875 212
1780243673038 0.93 213
1780243673040 0.8300000000000001 214
1780243673041 0.89 215
1780243673043 0.9099999999999999 216
1780243673045 0.9350000000000002 217
1780243673047 0.9349999999999999 218
1780243673048 0.885 219
1780243673050 0.9349999999999998 220
1780243673052 0.95 221
1780243673053 0.9349999999999999 222
1780243673055 0.8400000000000001 223
1780243673057 0.885 224
1780243673059 0.9099999999999999 225
1780243673060 0.8949999999999999 226
1780243673062 0.905 227
1780243673064 0.9399999999999998 228
1780243673065 0.875 229
1780243673067 0.9099999999999999 230
1780243673069 0.9049999999999999 231
1780243673070 0.9450000000000001 232
1780243673072 0.8700000000000001 233
1780243673074 0.905 234
1780243673076 0.8949999999999999 235
1780243673077 0.915 236
1780243673079 0.925 237
1780243673081 0.835 238
1780243673082 0.915 239
1780243673084 0.95 240
1780243673086 0.8899999999999999 241
1780243673087 0.8550000000000001 242
1780243673089 0.9000000000000001 243
1780243673091 0.865 244
1780243673092 0.8300000000000001 245
1780243673094 0.9349999999999999 246
1780243673096 0.8649999999999999 247
1780243673097 0.9349999999999999 248
1780243673100 0.93 249
1780243673101 0.96 250
1780243673103 0.945 251
1780243673105 0.93 252
1780243673106 0.9399999999999998 253
1780243673108 0.72 254
1780243673109 0.8949999999999999 255
1780243673111 0.9349999999999999 256
1780243673113 0.8950000000000001 257
1780243673114 0.95 258
1780243673116 0.9349999999999999 259
1780243673118 0.8699999999999999 260
1780243673119 0.9 261
1780243673121 0.9100000000000001 262
1780243673123 0.795 263
1780243673124 0.9199999999999999 264
1780243673126 0.9199999999999999 265
1780243673128 0.9349999999999999 266
1780243673129 0.95 267
1780243673131 0.95 268
1780243673133 0.885 269
1780243673134 0.72 270
1780243673136 0.925 271
1780243673138 0.8949999999999999 272
1780243673139 0.9400000000000001 273
1780243673141 0.9399999999999998 274
1780243673143 0.89 275
1780243673144 0.885 276
1780243673146 0.9 277
1780243673148 0.975 278
1780243673149 0.915 279
1780243673151 0.945 280
1780243673153 0.9349999999999999 281
1780243673154 0.925 282
1780243673156 0.9149999999999998 283
1780243673163 0.9 284
1780243673164 0.9349999999999999 285
1780243673166 0.9550000000000001 286
1780243673168 0.9 287
1780243673170 0.9450000000000001 288
1780243673171 0.78 289
1780243673173 0.9 290
1780243673175 0.925 291
1780243673176 0.8950000000000001 292
1780243673178 0.875 293
1780243673180 0.95 294
1780243673181 0.9650000000000001 295
1780243673183 0.9549999999999998 296
1780243673185 0.9 297
1780243673186 0.8300000000000001 298
1780243673188 0.865 299
1780243673190 0.9200000000000002 300
1780243673191 0.93 301
1780243673193 0.945 302
1780243673195 0.95 303
1780243673196 0.93 304
1780243673198 0.945 305
1780243673200 0.95 306
1780243673201 0.9399999999999998 307
1780243673203 0.93 308
1780243673205 0.8300000000000001 309
1780243673206 0.9049999999999999 310
1780243673208 0.8800000000000001 311
1780243673210 0.945 312
1780243673211 0.9400000000000001 313
