1780282770310 0.0 0
1780282770317 0.71 1
1780282770320 0.74 2
1780282770323 0.85 3
1780282770326 0.895 4
1780282770330 0.89 5
1780282770334 0.845 6
1780282770338 0.905 7
1780282770341 0.915 8
1780282770345 0.865 9
1780282770349 0.895 10
1780282770353 0.915 11
1780282770357 0.815 12
1780282770360 0.865 13
1780282770363 0.91 14
1780282770366 0.91 15
1780282770368 0.89 16
1780282770371 0.93 17
1780282770374 0.955 18
1780282770377 0.915 19
1780282770380 0.91 20
1780282770383 0.885 21
1780282770385 0.92 22
1780282770388 0.92 23
1780282770391 0.925 24
1780282770394 0.905 25
1780282770396 0.9 26
1780282770399 0.87 27
1780282770401 0.895 28
1780282770404 0.93 29
1780282770406 0.925 30
1780282770409 0.92 31
1780282770411 0.9 32
1780282770412 0.9 33
1780282770414 0.9 34
1780282770416 0.92 35
1780282770418 0.94 36
1780282770420 0.875 37
1780282770422 0.89 38
1780282770424 0.905 39
1780282770426 0.915 40
1780282770429 0.975 41
1780282770431 0.915 42
1780282770433 0.935 43
1780282770435 0.93 44
1780282770437 0.905 45
1780282770439 0.915 46
1780282770441 0.85 47
1780282770443 0.885 48
1780282770445 0.915 49
1780282770447 0.945 50
1780282770449 0.885 51
1780282770451 0.94 52
1780282770453 0.93 53
1780282770456 0.925 54
1780282770458 0.935 55
1780282770460 0.88 56
1780282770462 0.94 57
1780282770464 0.915 58
1780282770466 0.955 59
1780282770468 0.955 60
1780282770470 0.93 61
1780282770473 0.945 62
1780282770475 0.92 63
1780282770477 0.94 64
1780282770479 0.95 65
1780282770481 0.875 66
1780282770483 0.935 67
1780282770485 0.925 68
1780282770487 0.94 69
1780282770489 0.95 70
1780282770491 0.89 71
1780282770493 0.925 72
1780282770496 0.915 73
1780282770499 0.92 74
1780282770502 0.935 75
1780282770505 0.915 76
1780282770509 0.895 77
1780282770512 0.905 78
1780282770514 0.925 79
1780282770517 0.935 80
1780282770519 0.955 81
1780282770521 0.95 82
1780282770524 0.885 83
1780282770527 0.945 84
1780282770529 0.945 85
1780282770531 0.935 86
1780282770533 0.87 87
1780282770536 0.94 88
1780282770538 0.92 89
1780282770540 0.935 90
1780282770543 0.96 91
1780282770545 0.96 92
1780282770547 0.92 93
1780282770550 0.92 94
1780282770552 0.94 95
1780282770555 0.92 96
1780282770557 0.905 97
1780282770560 0.905 98
1780282770562 0.86 99
1780282770564 0.955 100
1780282770566 0.895 101
1780282770568 0.86 102
1780282770570 0.835 103
1780282770572 0.95 104
1780282770574 0.955 105
1780282770577 0.94 106
1780282770579 0.93 107
1780282770581 0.88 108
1780282770583 0.905 109
1780282770585 0.95 110
1780282770587 0.945 111
1780282770589 0.945 112
1780282770591 0.885 113
1780282770593 0.925 114
1780282770595 0.895 115
1780282770597 0.935 116
1780282770599 0.92 117
1780282770601 0.94 118
1780282770603 0.935 119
1780282770605 0.94 120
1780282770607 0.91 121
1780282770610 0.93 122
1780282770612 0.9 123
1780282770614 0.945 124
1780282770616 0.92 125
1780282770618 0.95 126
1780282770620 0.945 127
1780282770622 0.95 128
1780282770624 0.96 129
1780282770626 0.93 130
1780282770628 0.95 131
1780282770631 0.935 132
1780282770633 0.925 133
1780282770635 0.92 134
1780282770637 0.94 135
1780282770639 0.935 136
1780282770641 0.925 137
1780282770643 0.925 138
1780282770645 0.94 139
1780282770647 0.96 140
1780282770649 0.89 141
1780282770651 0.95 142
1780282770653 0.93 143
1780282770655 0.935 144
1780282770657 0.915 145
1780282770659 0.895 146
1780282770661 0.895 147
1780282770663 0.945 148
1780282770665 0.925 149
1780282770667 0.95 150
1780282770669 0.95 151
1780282770672 0.9 152
1780282770674 0.96 153
1780282770676 0.94 154
1780282770678 0.875 155
1780282770680 0.93 156
1780282770682 0.94 157
1780282770684 0.875 158
1780282770686 0.945 159
1780282770688 0.945 160
1780282770690 0.91 161
1780282770692 0.94 162
1780282770694 0.935 163
1780282770696 0.955 164
1780282770698 0.94 165
1780282770700 0.845 166
1780282770702 0.93 167
1780282770705 0.93 168
1780282770707 0.935 169
1780282770709 0.93 170
1780282770711 0.965 171
1780282770713 0.925 172
1780282770715 0.885 173
1780282770717 0.94 174
1780282770719 0.225 175
1780282770721 0.44 176
1780282770723 0.43 177
1780282770725 0.61 178
1780282770727 0.645 179
1780282770729 0.575 180
1780282770731 0.77 181
1780282770733 0.765 182
1780282770735 0.785 183
1780282770737 0.695 184
1780282770740 0.795 185
1780282770742 0.79 186
1780282770744 0.72 187
1780282770746 0.785 188
1780282770748 0.76 189
1780282770750 0.795 190
1780282770753 0.8 191
1780282770755 0.745 192
1780282770758 0.81 193
1780282770760 0.67 194
1780282770762 0.785 195
1780282770764 0.76 196
1780282770766 0.805 197
1780282770768 0.81 198
1780282770770 0.775 199
1780282770773 0.74 200
1780282770775 0.73 201
1780282770777 0.845 202
1780282770779 0.755 203
1780282770781 0.735 204
1780282770783 0.675 205
1780282770785 0.78 206
1780282770787 0.755 207
1780282770789 0.825 208
1780282770791 0.82 209
1780282770793 0.8 210
1780282770795 0.825 211
1780282770798 0.83 212
1780282770800 0.83 213
1780282770802 0.735 214
1780282770804 0.825 215
1780282770806 0.8 216
1780282770808 0.82 217
1780282770810 0.83 218
1780282770813 0.78 219
1780282770815 0.74 220
1780282770817 0.82 221
1780282770819 0.79 222
1780282770821 0.775 223
1780282770823 0.805 224
1780282770825 0.83 225
1780282770827 0.795 226
1780282770829 0.845 227
1780282770832 0.82 228
1780282770834 0.82 229
1780282770836 0.84 230
1780282770838 0.83 231
1780282770840 0.84 232
1780282770842 0.83 233
1780282770844 0.82 234
1780282770846 0.83 235
1780282770848 0.705 236
1780282770851 0.795 237
1780282770853 0.825 238
1780282770855 0.805 239
1780282770857 0.845 240
1780282770859 0.835 241
1780282770861 0.885 242
1780282770863 0.855 243
1780282770866 0.8 244
1780282770869 0.805 245
1780282770872 0.845 246
1780282770875 0.705 247
1780282770878 0.86 248
1780282770880 0.825 249
1780282770882 0.855 250
1780282770884 0.87 251
1780282770887 0.64 252
1780282770889 0.79 253
1780282770892 0.885 254
1780282770894 0.875 255
1780282770897 0.79 256
1780282770900 0.825 257
1780282770903 0.88 258
1780282770905 0.825 259
1780282770908 0.81 260
1780282770911 0.76 261
1780282770914 0.805 262
1780282770917 0.82 263
1780282770920 0.85 264
1780282770922 0.855 265
1780282770925 0.85 266
1780282770927 0.83 267
1780282770929 0.825 268
1780282770932 0.745 269
1780282770934 0.83 270
1780282770936 0.845 271
1780282770938 0.8 272
1780282770941 0.825 273
1780282770943 0.82 274
1780282770945 0.865 275
1780282770947 0.8 276
1780282770949 0.83 277
1780282770952 0.815 278
1780282770954 0.855 279
1780282770957 0.87 280
1780282770960 0.84 281
1780282770962 0.815 282
1780282770964 0.815 283
1780282770967 0.835 284
1780282770969 0.785 285
1780282770972 0.59 286
1780282770974 0.685 287
1780282770976 0.865 288
1780282770978 0.625 289
1780282770980 0.86 290
1780282770982 0.865 291
1780282770984 0.845 292
1780282770986 0.87 293
1780282770988 0.89 294
1780282770990 0.9 295
1780282770992 0.855 296
1780282770994 0.805 297
1780282770996 0.835 298
1780282770999 0.905 299
1780282771001 0.835 300
1780282771003 0.845 301
1780282771005 0.855 302
1780282771007 0.84 303
1780282771009 0.795 304
1780282771011 0.845 305
1780282771013 0.92 306
1780282771015 0.875 307
1780282771017 0.845 308
1780282771019 0.845 309
1780282771021 0.78 310
1780282771023 0.83 311
1780282771025 0.595 312
1780282771027 0.875 313
1780282771029 0.835 314
1780282771031 0.87 315
1780282771033 0.855 316
1780282771035 0.825 317
1780282771037 0.835 318
1780282771039 0.85 319
1780282771041 0.74 320
1780282771043 0.855 321
1780282771045 0.845 322
1780282771047 0.825 323
1780282771050 0.825 324
1780282771052 0.87 325
1780282771054 0.82 326
1780282771056 0.85 327
1780282771058 0.78 328
1780282771060 0.875 329
1780282771062 0.82 330
1780282771064 0.81 331
1780282771066 0.845 332
1780282771068 0.83 333
1780282771070 0.71 334
1780282771072 0.855 335
1780282771074 0.86 336
1780282771076 0.8 337
1780282771078 0.77 338
1780282771080 0.86 339
1780282771081 0.82 340
1780282771083 0.785 341
1780282771085 0.825 342
1780282771087 0.88 343
1780282771089 0.815 344
1780282771091 0.865 345
1780282771093 0.82 346
1780282771095 0.865 347
1780282771097 0.8 348
