1780121673639 0.0 0
1780121673642 0.115 1
1780121673644 0.175 2
1780121673645 0.24 3
1780121673647 0.28 4
1780121673649 0.38 5
1780121673651 0.36 6
1780121673652 0.41 7
1780121673654 0.48 8
1780121673656 0.535 9
1780121673657 0.45 10
1780121673659 0.66 11
1780121673661 0.605 12
1780121673663 0.66 13
1780121673664 0.65 14
1780121673666 0.68 15
1780121673668 0.745 16
1780121673670 0.67 17
1780121673671 0.78 18
1780121673673 0.74 19
1780121673675 0.755 20
1780121673676 0.73 21
1780121673678 0.81 22
1780121673680 0.785 23
1780121673681 0.765 24
1780121673683 0.8 25
1780121673685 0.83 26
1780121673687 0.785 27
1780121673688 0.75 28
1780121673690 0.835 29
1780121673692 0.8 30
1780121673693 0.755 31
1780121673695 0.765 32
1780121673697 0.805 33
1780121673699 0.81 34
1780121673700 0.775 35
1780121673702 0.8 36
1780121673704 0.78 37
1780121673705 0.815 38
1780121673707 0.785 39
1780121673709 0.76 40
1780121673711 0.86 41
1780121673712 0.8 42
1780121673714 0.79 43
1780121673716 0.87 44
1780121673718 0.85 45
1780121673719 0.835 46
1780121673721 0.82 47
1780121673723 0.84 48
1780121673725 0.875 49
1780121673726 0.8 50
1780121673728 0.8 51
1780121673730 0.805 52
1780121673731 0.83 53
1780121673733 0.79 54
1780121673735 0.82 55
1780121673736 0.83 56
1780121673738 0.87 57
1780121673740 0.825 58
1780121673741 0.855 59
1780121673743 0.84 60
1780121673745 0.855 61
1780121673746 0.83 62
1780121673748 0.805 63
1780121673750 0.86 64
1780121673751 0.855 65
1780121673753 0.885 66
1780121673755 0.885 67
1780121673757 0.84 68
1780121673758 0.855 69
1780121673760 0.795 70
1780121673762 0.78 71
1780121673764 0.91 72
1780121673765 0.905 73
1780121673767 0.87 74
1780121673769 0.855 75
1780121673770 0.875 76
1780121673772 0.89 77
1780121673774 0.82 78
1780121673776 0.91 79
1780121673777 0.885 80
1780121673779 0.91 81
1780121673781 0.805 82
1780121673782 0.82 83
1780121673784 0.86 84
1780121673786 0.925 85
1780121673787 0.86 86
1780121673789 0.89 87
1780121673791 0.83 88
1780121673792 0.77 89
1780121673794 0.845 90
1780121673796 0.795 91
1780121673798 0.905 92
1780121673799 0.875 93
1780121673801 0.845 94
1780121673803 0.895 95
1780121673805 0.85 96
1780121673806 0.89 97
1780121673808 0.87 98
1780121673810 0.85 99
1780121673811 0.825 100
1780121673813 0.845 101
1780121673815 0.845 102
1780121673817 0.82 103
1780121673818 0.87 104
1780121673820 0.87 105
1780121673822 0.87 106
1780121673823 0.89 107
1780121673825 0.9 108
1780121673827 0.875 109
1780121673828 0.885 110
1780121673830 0.875 111
1780121673832 0.9 112
1780121673833 0.9 113
1780121673835 0.885 114
1780121673837 0.875 115
1780121673838 0.92 116
1780121673840 0.84 117
1780121673842 0.885 118
1780121673843 0.925 119
1780121673845 0.83 120
1780121673847 0.865 121
1780121673848 0.86 122
1780121673850 0.89 123
1780121673852 0.905 124
1780121673854 0.82 125
1780121673855 0.88 126
1780121673857 0.885 127
1780121673859 0.88 128
1780121673860 0.88 129
1780121673862 0.87 130
1780121673864 0.915 131
1780121673865 0.88 132
1780121673867 0.895 133
1780121673869 0.91 134
1780121673870 0.875 135
1780121673872 0.89 136
1780121673874 0.83 137
1780121673875 0.845 138
1780121673877 0.835 139
1780121673879 0.86 140
1780121673881 0.85 141
1780121673882 0.9 142
1780121673884 0.9 143
1780121673886 0.88 144
1780121673887 0.91 145
1780121673889 0.785 146
1780121673891 0.87 147
1780121673892 0.885 148
1780121673894 0.905 149
1780121673896 0.895 150
1780121673898 0.865 151
1780121673899 0.86 152
1780121673901 0.915 153
1780121673903 0.895 154
1780121673905 0.9 155
1780121673906 0.87 156
1780121673908 0.9 157
1780121673910 0.94 158
1780121673912 0.935 159
1780121673913 0.89 160
1780121673915 0.925 161
1780121673917 0.93 162
1780121673918 0.935 163
1780121673920 0.935 164
1780121673922 0.925 165
1780121673923 0.93 166
1780121673925 0.92 167
1780121673927 0.895 168
1780121673928 0.94 169
1780121673930 0.935 170
1780121673932 0.95 171
1780121673933 0.94 172
1780121673935 0.94 173
1780121673937 0.94 174
1780121673938 0.89 175
1780121673940 0.935 176
1780121673942 0.95 177
1780121673943 0.96 178
1780121673945 0.96 179
1780121673947 0.965 180
1780121673949 0.955 181
1780121673951 0.95 182
1780121673952 0.915 183
1780121673954 0.905 184
1780121673956 0.95 185
1780121673957 0.93 186
1780121673959 0.925 187
1780121673961 0.89 188
1780121673963 0.935 189
1780121673964 0.93 190
1780121673966 0.895 191
1780121673968 0.94 192
1780121673969 0.915 193
1780121673971 0.92 194
1780121673973 0.925 195
1780121673975 0.93 196
1780121673976 0.93 197
1780121673978 0.93 198
1780121673980 0.955 199
1780121673981 0.945 200
1780121673983 0.945 201
1780121673985 0.91 202
1780121673987 0.94 203
1780121673988 0.925 204
1780121673990 0.91 205
1780121673992 0.93 206
1780121673993 0.965 207
1780121673995 0.945 208
1780121673997 0.925 209
1780121673999 0.95 210
1780121674000 0.955 211
1780121674002 0.92 212
1780121674004 0.935 213
1780121674006 0.93 214
1780121674007 0.92 215
1780121674009 0.96 216
1780121674011 0.945 217
1780121674013 0.935 218
1780121674014 0.96 219
1780121674016 0.95 220
1780121674018 0.94 221
1780121674020 0.96 222
1780121674021 0.95 223
1780121674023 0.935 224
1780121674025 0.93 225
1780121674026 0.945 226
1780121674028 0.945 227
1780121674030 0.93 228
1780121674031 0.95 229
1780121674033 0.925 230
1780121674035 0.95 231
1780121674036 0.94 232
1780121674038 0.93 233
1780121674040 0.9 234
1780121674042 0.935 235
1780121674043 0.95 236
1780121674045 0.95 237
1780121674047 0.955 238
1780121674049 0.945 239
1780121674050 0.875 240
1780121674052 0.945 241
1780121674054 0.95 242
1780121674055 0.94 243
1780121674057 0.935 244
1780121674059 0.975 245
1780121674061 0.955 246
1780121674062 0.955 247
1780121674064 0.94 248
1780121674066 0.93 249
1780121674067 0.965 250
1780121674069 0.93 251
1780121674071 0.93 252
1780121674072 0.95 253
1780121674074 0.93 254
1780121674076 0.955 255
1780121674078 0.945 256
1780121674079 0.925 257
1780121674081 0.95 258
1780121674083 0.93 259
1780121674084 0.935 260
1780121674086 0.945 261
1780121674088 0.975 262
1780121674090 0.96 263
1780121674091 0.96 264
1780121674093 0.955 265
1780121674095 0.93 266
1780121674097 0.94 267
1780121674098 0.97 268
1780121674101 0.965 269
1780121674103 0.955 270
1780121674105 0.96 271
1780121674106 0.945 272
1780121674108 0.96 273
1780121674110 0.925 274
1780121674111 0.945 275
1780121674113 0.925 276
1780121674115 0.93 277
1780121674116 0.925 278
1780121674118 0.95 279
1780121674120 0.915 280
1780121674122 0.96 281
1780121674123 0.95 282
1780121674125 0.97 283
1780121674127 0.95 284
1780121674128 0.965 285
1780121674130 0.94 286
1780121674132 0.9 287
1780121674133 0.95 288
1780121674135 0.98 289
1780121674137 0.945 290
1780121674138 0.94 291
1780121674140 0.965 292
1780121674142 0.96 293
1780121674143 0.95 294
1780121674145 0.96 295
1780121674147 0.95 296
1780121674149 0.955 297
1780121674150 0.985 298
1780121674152 0.955 299
1780121674154 0.945 300
1780121674155 0.97 301
1780121674157 0.94 302
1780121674159 0.96 303
1780121674160 0.97 304
1780121674162 0.955 305
1780121674164 0.955 306
1780121674165 0.96 307
1780121674167 0.95 308
1780121674169 0.955 309
1780121674170 0.94 310
1780121674172 0.93 311
1780121674174 0.965 312
1780121674175 0.955 313
