1780125833963 0.0 0
1780125833965 0.05065359477124183 1
1780125833967 0.0858562891559786 2
1780125833969 0.12658000243283193 3
1780125833971 0.1528324721873109 4
1780125833973 0.2666434797274029 5
1780125833974 0.2389597709299614 6
1780125833976 0.2732412316556242 7
1780125833978 0.27215383740336924 8
1780125833980 0.32148470930273415 9
1780125833982 0.34891857086236805 10
1780125833984 0.46526443094838293 11
1780125833985 0.4369425394536382 12
1780125833987 0.4345079814275571 13
1780125833989 0.44224440846781266 14
1780125833991 0.4861139524496778 15
1780125833993 0.546835464329411 16
1780125833995 0.5593294282084771 17
1780125833997 0.562276429812931 18
1780125833999 0.5514131796977999 19
1780125834000 0.5633629218993492 20
1780125834002 0.6047592747432285 21
1780125834004 0.6236513234319484 22
1780125834006 0.6112004138168496 23
1780125834008 0.6684902931053232 24
1780125834010 0.6314141701699304 25
1780125834012 0.6539974727694916 26
1780125834013 0.5293411692801393 27
1780125834015 0.6242292490118577 28
1780125834017 0.6390039250688171 29
1780125834019 0.6613364723395201 30
1780125834021 0.6266846823870027 31
1780125834023 0.638515651015651 32
1780125834024 0.6011954757682278 33
1780125834031 0.6289468122561734 34
1780125834033 0.560220676328052 35
1780125834035 0.6064666945933239 36
1780125834037 0.560741268852649 37
1780125834039 0.6278463895329806 38
1780125834041 0.6252514490929124 39
1780125834043 0.5962391653181127 40
1780125834045 0.6974820932162815 41
1780125834047 0.6504751290485834 42
1780125834048 0.6275163916840597 43
1780125834050 0.6868006305158887 44
1780125834052 0.7260045217838186 45
1780125834054 0.7031827645830883 46
1780125834056 0.6370611455633692 47
1780125834058 0.6450009264320485 48
1780125834059 0.6294840289080208 49
1780125834061 0.6135690873064764 50
1780125834063 0.6295255579616343 51
1780125834065 0.6093576369625674 52
1780125834067 0.6657879940964128 53
1780125834069 0.6292478676576805 54
1780125834070 0.7109897443830773 55
1780125834072 0.6886169377660722 56
1780125834074 0.6842016994633273 57
1780125834076 0.6667380665409592 58
1780125834078 0.6770915070765507 59
1780125834080 0.7017617119624737 60
1780125834081 0.710911138279395 61
1780125834083 0.7244841393513598 62
1780125834085 0.659527935378051 63
1780125834087 0.6949301459005015 64
1780125834089 0.7116592595772099 65
1780125834091 0.7215238060395561 66
1780125834093 0.7326354922575853 67
1780125834095 0.6824747985079138 68
1780125834096 0.7089249561291269 69
1780125834098 0.7038581567884372 70
1780125834100 0.6297365319024661 71
1780125834102 0.7443872842416922 72
1780125834104 0.6966146706078057 73
1780125834106 0.7395827822982406 74
1780125834108 0.7238253394229732 75
1780125834109 0.6862345555332933 76
1780125834111 0.6998737347313273 77
1780125834113 0.7035199939127754 78
1780125834115 0.7505688689998402 79
1780125834117 0.7286312798522039 80
1780125834119 0.7127012121683507 81
1780125834121 0.6736829678243292 82
1780125834122 0.7235808561190565 83
1780125834124 0.7356669226830517 84
1780125834126 0.7673940199398219 85
1780125834128 0.7663863854008731 86
1780125834130 0.7474083527914643 87
1780125834132 0.7199844521165055 88
1780125834134 0.7514781873382643 89
1780125834136 0.7039999765258373 90
1780125834137 0.7653663200739957 91
1780125834139 0.7939587967053885 92
1780125834141 0.7421153585445829 93
1780125834143 0.7002881758764111 94
1780125834145 0.8123261752867016 95
1780125834147 0.7388880869915632 96
1780125834149 0.7784128161496284 97
1780125834150 0.6924533971531813 98
1780125834152 0.7862332535526886 99
1780125834154 0.7407697629818764 100
1780125834156 0.720973543516647 101
1780125834158 0.7226555324620341 102
1780125834160 0.7583286018265598 103
1780125834161 0.7565854539097753 104
1780125834163 0.7967033938483006 105
1780125834165 0.7114341504748481 106
1780125834167 0.7561757135207821 107
1780125834169 0.7861710237274949 108
1780125834171 0.6715054768067447 109
1780125834172 0.7651362019473475 110
1780125834174 0.7943089246087425 111
1780125834176 0.716029143229013 112
1780125834178 0.747205104682971 113
1780125834180 0.7632553854095361 114
1780125834182 0.7845770021716626 115
1780125834184 0.8241665578674354 116
1780125834185 0.7917461729636832 117
1780125834187 0.7783613729265902 118
1780125834189 0.8218640788990095 119
1780125834191 0.7731111500696252 120
1780125834193 0.8147806335611214 121
1780125834195 0.8078048236653068 122
1780125834196 0.7618388423196931 123
1780125834198 0.7003733710390058 124
1780125834200 0.7401704073306012 125
1780125834202 0.7764912270481165 126
1780125834204 0.8056558403488694 127
1780125834206 0.7871913668305444 128
1780125834208 0.7977375022635386 129
1780125834209 0.8114769198504547 130
1780125834211 0.8239691338471827 131
1780125834214 0.7965354869981642 132
1780125834216 0.7493559952328528 133
1780125834218 0.7232096000961425 134
1780125834220 0.8122364760639151 135
1780125834221 0.7701527603363589 136
1780125834223 0.749351158631218 137
1780125834225 0.7904287779582712 138
1780125834227 0.7963001692385797 139
1780125834229 0.7736046579960609 140
1780125834231 0.7889190273674284 141
1780125834233 0.8464613171464185 142
1780125834235 0.8273837344455609 143
1780125834237 0.8048751060874446 144
1780125834238 0.8053827043758395 145
1780125834240 0.7787729104921796 146
1780125834242 0.8434585716942269 147
1780125834244 0.844358478796936 148
1780125834246 0.8006849347093249 149
1780125834248 0.8300894566552686 150
1780125834249 0.7658501305665444 151
1780125834251 0.8028001241595429 152
1780125834253 0.811279383912465 153
1780125834255 0.788320242790884 154
1780125834257 0.7884898526688836 155
1780125834259 0.8392521680089222 156
1780125834260 0.8191474979064912 157
1780125834262 0.8546901811009044 158
1780125834264 0.8315917024068499 159
1780125834266 0.8333854579102628 160
1780125834268 0.8458830350935613 161
1780125834270 0.8675918883071763 162
1780125834271 0.8840529674823792 163
1780125834273 0.8126764532733726 164
1780125834275 0.8734746292509673 165
1780125834277 0.8863144227728142 166
1780125834279 0.8645779726214509 167
1780125834281 0.8760918022325717 168
1780125834283 0.8787269330131379 169
1780125834285 0.8886228501041767 170
1780125834286 0.895274847450714 171
1780125834288 0.8809077495135949 172
1780125834290 0.8792662707425223 173
1780125834292 0.8423999981905881 174
1780125834294 0.8485752773727816 175
1780125834296 0.8481707437227334 176
1780125834298 0.8897708941405391 177
1780125834299 0.9058068093380924 178
1780125834301 0.9153278364767454 179
1780125834303 0.9397493721036128 180
1780125834305 0.8814952618748695 181
1780125834307 0.8610271457254768 182
1780125834309 0.8731426341352604 183
1780125834310 0.8804116775642583 184
1780125834312 0.8885061230311552 185
1780125834314 0.8849556723561859 186
1780125834316 0.8395442969425714 187
1780125834318 0.8239742456943997 188
1780125834320 0.8651999681267976 189
1780125834322 0.8751504217967632 190
1780125834324 0.9043703456976289 191
1780125834326 0.9153389524899824 192
1780125834327 0.8580331238278921 193
1780125834329 0.8550751144747114 194
1780125834331 0.8990114280344749 195
1780125834333 0.8737712833922153 196
1780125834335 0.9146510754854786 197
1780125834337 0.8807584726661464 198
1780125834339 0.8943275559129219 199
1780125834340 0.909011239060348 200
1780125834342 0.9153514005760478 201
1780125834344 0.867370094850914 202
1780125834346 0.9258153548494474 203
1780125834348 0.8884821058231319 204
1780125834350 0.8839482956863618 205
1780125834351 0.8845496406472015 206
1780125834353 0.905196383140229 207
1780125834355 0.9049485540724991 208
1780125834357 0.8851141201141202 209
1780125834359 0.8990274393456769 210
1780125834361 0.8800239200222272 211
1780125834363 0.9115033055352306 212
1780125834364 0.9005111791769714 213
1780125834366 0.8836717716014372 214
1780125834368 0.8581205903157123 215
1780125834370 0.8952508988558486 216
1780125834372 0.9094116838702921 217
1780125834374 0.8836280173870108 218
1780125834375 0.9380276282715307 219
1780125834377 0.8796087747737676 220
1780125834379 0.88479836467507 221
1780125834381 0.9044039348917398 222
1780125834383 0.9345423831624089 223
1780125834385 0.8735867593198627 224
1780125834387 0.9190440453855088 225
1780125834389 0.8999110538584223 226
1780125834390 0.9147026260106536 227
1780125834392 0.8856117930449452 228
1780125834394 0.9050447155816295 229
1780125834396 0.888824108790673 230
1780125834398 0.944843158553043 231
1780125834400 0.8657737046458311 232
1780125834402 0.9008111523227804 233
1780125834404 0.885885466614935 234
1780125834405 0.8707124400147656 235
1780125834407 0.9049618653374214 236
1780125834409 0.8930094472108682 237
1780125834411 0.9084382057722955 238
1780125834413 0.90051582251839 239
1780125834415 0.9402049823102455 240
1780125834417 0.8978795668361899 241
1780125834418 0.8904448892717017 242
1780125834420 0.8986025077906442 243
1780125834422 0.890617984501168 244
1780125834424 0.9500964418551068 245
1780125834426 0.9342819836722276 246
1780125834428 0.9048926020492132 247
1780125834430 0.8952567910136662 248
1780125834432 0.925966513759392 249
1780125834434 0.9351732755904771 250
1780125834435 0.8993286886555849 251
1780125834437 0.9196716054033128 252
1780125834439 0.9059340410931599 253
1780125834441 0.9018577783085053 254
1780125834443 0.934821222850748 255
1780125834445 0.9150548039893355 256
1780125834447 0.8903653068384239 257
1780125834448 0.9352303343551813 258
1780125834450 0.9083787633311472 259
1780125834452 0.900774600557417 260
1780125834454 0.8683136025754766 261
1780125834456 0.9351554383582625 262
1780125834458 0.9394185902529933 263
1780125834459 0.9096173494225559 264
1780125834461 0.9022904845273267 265
1780125834463 0.8813057736896746 266
1780125834465 0.8654857477328146 267
1780125834467 0.9352970644902758 268
1780125834469 0.9343177733591801 269
1780125834471 0.899094920247631 270
1780125834473 0.9550723196358627 271
1780125834474 0.863396565288675 272
1780125834476 0.9450695259722934 273
1780125834478 0.9351449766263034 274
1780125834480 0.9288159344577831 275
1780125834482 0.9152089873706736 276
1780125834484 0.9394228376256617 277
1780125834486 0.9347375375915247 278
1780125834488 0.9095205163526208 279
1780125834489 0.8680671348235608 280
1780125834491 0.8897908908638941 281
1780125834493 0.9045889348135818 282
1780125834495 0.9354953795367864 283
1780125834497 0.9353578033873285 284
1780125834499 0.9353895227579437 285
1780125834501 0.9205338157777183 286
1780125834502 0.9147923337438817 287
1780125834504 0.9142125025051856 288
1780125834506 0.9494240526268767 289
1780125834508 0.9145604706387761 290
1780125834510 0.9199125811449302 291
1780125834512 0.918771012898099 292
1780125834514 0.9052219098730727 293
1780125834516 0.9151246066251888 294
1780125834518 0.9194127908890426 295
1780125834520 0.9245005927932757 296
1780125834521 0.9193202594743031 297
1780125834523 0.9187572482136176 298
1780125834525 0.9103658536585367 299
1780125834527 0.9144554632359512 300
1780125834529 0.9351662598004061 301
1780125834531 0.9147627317823156 302
1780125834533 0.9293726183264054 303
1780125834534 0.9145227127113567 304
1780125834536 0.9335659270126537 305
1780125834538 0.9097948199539388 306
1780125834540 0.9112034222116707 307
1780125834542 0.914678207622949 308
1780125834544 0.9358279397111234 309
1780125834546 0.934628329609074 310
1780125834547 0.8893137686632627 311
1780125834549 0.9295414706655428 312
1780125834551 0.909672849478056 313
