1780127897071 0.0 0
1780127897074 0.145 1
1780127897076 0.09 2
1780127897079 0.19499999999999998 3
1780127897081 0.225 4
1780127897083 0.25 5
1780127897085 0.3 6
1780127897087 0.40499999999999997 7
1780127897090 0.38 8
1780127897092 0.38 9
1780127897094 0.395 10
1780127897096 0.41 11
1780127897099 0.40499999999999997 12
1780127897101 0.475 13
1780127897103 0.505 14
1780127897105 0.445 15
1780127897108 0.49000000000000005 16
1780127897110 0.47000000000000003 17
1780127897112 0.5599999999999999 18
1780127897114 0.515 19
1780127897117 0.5549999999999999 20
1780127897119 0.54 21
1780127897121 0.5900000000000001 22
1780127897123 0.58 23
1780127897126 0.615 24
1780127897128 0.6449999999999999 25
1780127897130 0.605 26
1780127897132 0.705 27
1780127897135 0.635 28
1780127897137 0.6050000000000001 29
1780127897139 0.6649999999999999 30
1780127897141 0.67 31
1780127897144 0.65 32
1780127897146 0.67 33
1780127897148 0.65 34
1780127897150 0.69 35
1780127897153 0.6450000000000001 36
1780127897155 0.7100000000000001 37
1780127897157 0.6599999999999999 38
1780127897159 0.6799999999999999 39
1780127897162 0.6500000000000001 40
1780127897164 0.6450000000000001 41
1780127897166 0.6849999999999999 42
1780127897168 0.715 43
1780127897171 0.7350000000000001 44
1780127897173 0.6900000000000001 45
1780127897175 0.65 46
1780127897177 0.655 47
1780127897180 0.6599999999999999 48
1780127897182 0.6549999999999999 49
1780127897184 0.7050000000000001 50
1780127897186 0.645 51
1780127897189 0.695 52
1780127897191 0.705 53
1780127897193 0.7100000000000001 54
1780127897195 0.595 55
1780127897198 0.6849999999999999 56
1780127897200 0.705 57
1780127897202 0.72 58
1780127897204 0.715 59
1780127897207 0.7049999999999998 60
1780127897209 0.6000000000000001 61
1780127897211 0.6900000000000001 62
1780127897213 0.675 63
1780127897216 0.7250000000000001 64
1780127897218 0.71 65
1780127897220 0.7 66
1780127897223 0.725 67
1780127897225 0.7350000000000001 68
1780127897227 0.705 69
1780127897230 0.71 70
1780127897232 0.705 71
1780127897234 0.725 72
1780127897236 0.72 73
1780127897239 0.715 74
1780127897241 0.7299999999999999 75
1780127897243 0.76 76
1780127897245 0.7250000000000001 77
1780127897248 0.725 78
1780127897250 0.7300000000000001 79
1780127897252 0.7249999999999999 80
1780127897254 0.665 81
1780127897257 0.705 82
1780127897259 0.775 83
1780127897261 0.7350000000000001 84
1780127897263 0.71 85
1780127897266 0.7350000000000001 86
1780127897268 0.76 87
1780127897270 0.77 88
1780127897272 0.735 89
1780127897275 0.6449999999999999 90
1780127897277 0.7150000000000001 91
1780127897279 0.745 92
1780127897281 0.705 93
1780127897283 0.685 94
1780127897286 0.7399999999999999 95
1780127897288 0.745 96
1780127897290 0.72 97
1780127897293 0.7499999999999999 98
1780127897295 0.72 99
1780127897297 0.715 100
1780127897299 0.67 101
1780127897301 0.7699999999999999 102
1780127897304 0.76 103
1780127897306 0.8049999999999999 104
1780127897308 0.7799999999999999 105
1780127897311 0.765 106
1780127897313 0.745 107
1780127897315 0.7700000000000001 108
1780127897317 0.78 109
1780127897320 0.735 110
1780127897322 0.805 111
1780127897324 0.71 112
1780127897327 0.78 113
1780127897329 0.765 114
1780127897331 0.785 115
1780127897333 0.805 116
1780127897336 0.8099999999999999 117
1780127897338 0.7449999999999999 118
1780127897341 0.7499999999999999 119
1780127897343 0.765 120
1780127897345 0.75 121
1780127897347 0.7949999999999999 122
1780127897350 0.77 123
1780127897352 0.745 124
1780127897354 0.7899999999999999 125
1780127897357 0.74 126
1780127897359 0.7649999999999999 127
1780127897361 0.755 128
1780127897363 0.735 129
1780127897366 0.735 130
1780127897368 0.8300000000000001 131
1780127897370 0.7499999999999999 132
1780127897372 0.76 133
1780127897375 0.7350000000000001 134
1780127897377 0.76 135
1780127897379 0.805 136
1780127897382 0.8 137
1780127897384 0.77 138
1780127897386 0.7350000000000001 139
1780127897388 0.7899999999999999 140
1780127897391 0.8 141
1780127897393 0.825 142
1780127897395 0.8099999999999999 143
1780127897397 0.7849999999999999 144
1780127897400 0.77 145
1780127897402 0.795 146
1780127897414 0.8150000000000001 147
1780127897417 0.835 148
1780127897419 0.7899999999999999 149
1780127897421 0.8450000000000001 150
1780127897424 0.8049999999999999 151
1780127897426 0.7649999999999999 152
1780127897428 0.8800000000000001 153
1780127897431 0.8099999999999999 154
1780127897433 0.775 155
1780127897435 0.77 156
1780127897438 0.735 157
1780127897440 0.8549999999999999 158
1780127897442 0.875 159
1780127897445 0.8550000000000001 160
1780127897447 0.8400000000000001 161
1780127897449 0.865 162
1780127897452 0.885 163
1780127897454 0.835 164
1780127897456 0.825 165
1780127897459 0.8699999999999999 166
1780127897461 0.885 167
1780127897463 0.8200000000000001 168
1780127897465 0.89 169
1780127897468 0.8699999999999999 170
1780127897470 0.8550000000000001 171
1780127897472 0.795 172
1780127897475 0.8699999999999999 173
1780127897477 0.8400000000000001 174
1780127897479 0.8550000000000001 175
1780127897482 0.9099999999999999 176
1780127897484 0.875 177
1780127897486 0.8799999999999999 178
1780127897489 0.8949999999999999 179
1780127897491 0.885 180
1780127897493 0.8700000000000001 181
1780127897495 0.8550000000000001 182
1780127897498 0.8800000000000001 183
1780127897500 0.9049999999999999 184
1780127897502 0.8899999999999999 185
1780127897505 0.8899999999999999 186
1780127897507 0.86 187
1780127897509 0.8800000000000001 188
1780127897512 0.885 189
1780127897514 0.8949999999999999 190
1780127897516 0.8549999999999999 191
1780127897518 0.8450000000000001 192
1780127897521 0.9 193
1780127897523 0.905 194
1780127897525 0.9099999999999999 195
1780127897528 0.875 196
1780127897530 0.8949999999999999 197
1780127897532 0.875 198
1780127897534 0.8700000000000001 199
1780127897537 0.875 200
1780127897539 0.9049999999999999 201
1780127897541 0.8799999999999999 202
1780127897544 0.8550000000000001 203
1780127897546 0.8850000000000001 204
1780127897548 0.885 205
1780127897550 0.8899999999999999 206
1780127897553 0.8949999999999999 207
1780127897555 0.86 208
1780127897557 0.8700000000000001 209
1780127897560 0.875 210
1780127897562 0.9100000000000001 211
1780127897564 0.8899999999999999 212
1780127897566 0.8950000000000001 213
1780127897569 0.885 214
1780127897571 0.9 215
1780127897573 0.9099999999999999 216
1780127897575 0.9100000000000001 217
1780127897578 0.885 218
1780127897580 0.9099999999999999 219
1780127897582 0.89 220
1780127897585 0.915 221
1780127897587 0.9099999999999999 222
1780127897589 0.845 223
1780127897591 0.89 224
1780127897594 0.8800000000000001 225
1780127897601 0.9049999999999999 226
1780127897603 0.885 227
1780127897605 0.875 228
1780127897607 0.86 229
1780127897610 0.86 230
1780127897612 0.9099999999999999 231
1780127897614 0.9049999999999999 232
1780127897617 0.8550000000000001 233
1780127897619 0.9099999999999999 234
1780127897621 0.875 235
1780127897623 0.86 236
1780127897626 0.9 237
1780127897628 0.885 238
1780127897630 0.89 239
1780127897633 0.9 240
1780127897635 0.905 241
1780127897637 0.89 242
1780127897640 0.875 243
1780127897642 0.9100000000000001 244
1780127897644 0.875 245
1780127897647 0.8799999999999999 246
1780127897649 0.925 247
1780127897651 0.885 248
1780127897653 0.89 249
1780127897656 0.9200000000000002 250
1780127897658 0.9100000000000001 251
1780127897660 0.915 252
1780127897663 0.9049999999999999 253
1780127897665 0.89 254
1780127897667 0.875 255
1780127897669 0.9100000000000001 256
1780127897672 0.885 257
1780127897674 0.9099999999999999 258
1780127897676 0.9 259
1780127897678 0.8999999999999998 260
1780127897681 0.905 261
1780127897683 0.8699999999999999 262
1780127897685 0.9200000000000002 263
1780127897687 0.8699999999999999 264
1780127897690 0.8949999999999999 265
1780127897692 0.8899999999999999 266
1780127897694 0.9100000000000001 267
1780127897696 0.9 268
1780127897699 0.915 269
1780127897701 0.9399999999999998 270
1780127897703 0.9099999999999999 271
1780127897705 0.9099999999999999 272
1780127897708 0.9200000000000002 273
1780127897710 0.93 274
1780127897712 0.9099999999999999 275
1780127897714 0.9349999999999999 276
1780127897717 0.8850000000000001 277
1780127897719 0.9499999999999998 278
1780127897721 0.9299999999999999 279
1780127897723 0.915 280
1780127897726 0.9549999999999998 281
1780127897728 0.9299999999999999 282
1780127897730 0.865 283
1780127897732 0.8649999999999999 284
1780127897735 0.9200000000000002 285
1780127897737 0.8949999999999999 286
1780127897739 0.8800000000000001 287
1780127897741 0.9049999999999999 288
1780127897744 0.8950000000000001 289
1780127897746 0.905 290
1780127897748 0.8550000000000001 291
1780127897750 0.9100000000000001 292
1780127897753 0.9 293
1780127897755 0.925 294
1780127897757 0.9349999999999999 295
1780127897759 0.925 296
1780127897762 0.9 297
1780127897764 0.9250000000000002 298
1780127897766 0.9349999999999999 299
1780127897769 0.8799999999999999 300
1780127897771 0.915 301
1780127897773 0.9199999999999999 302
1780127897775 0.9400000000000001 303
1780127897778 0.9149999999999998 304
1780127897780 0.9349999999999999 305
1780127897783 0.915 306
1780127897785 0.9199999999999999 307
1780127897788 0.9349999999999999 308
1780127897790 0.8899999999999999 309
1780127897792 0.905 310
1780127897794 0.9199999999999999 311
1780127897797 0.9349999999999999 312
1780127897799 0.9 313
