1780129848359 0.0 0
1780129848362 0.10500000000000001 1
1780129848364 0.11000000000000001 2
1780129848367 0.12 3
1780129848369 0.195 4
1780129848372 0.165 5
1780129848374 0.15 6
1780129848376 0.20500000000000002 7
1780129848379 0.18 8
1780129848381 0.24500000000000002 9
1780129848384 0.19999999999999998 10
1780129848386 0.22500000000000003 11
1780129848388 0.23000000000000004 12
1780129848391 0.165 13
1780129848393 0.19499999999999998 14
1780129848396 0.255 15
1780129848398 0.26 16
1780129848400 0.24 17
1780129848403 0.16499999999999998 18
1780129848405 0.29500000000000004 19
1780129848408 0.265 20
1780129848410 0.24500000000000002 21
1780129848412 0.255 22
1780129848415 0.255 23
1780129848417 0.23500000000000001 24
1780129848420 0.28 25
1780129848422 0.255 26
1780129848425 0.26 27
1780129848427 0.2 28
1780129848429 0.305 29
1780129848432 0.295 30
1780129848434 0.315 31
1780129848437 0.265 32
1780129848439 0.33499999999999996 33
1780129848441 0.29500000000000004 34
1780129848444 0.27999999999999997 35
1780129848446 0.27999999999999997 36
1780129848449 0.315 37
1780129848451 0.33 38
1780129848454 0.23500000000000001 39
1780129848456 0.325 40
1780129848458 0.32 41
1780129848461 0.32500000000000007 42
1780129848463 0.30000000000000004 43
1780129848466 0.30000000000000004 44
1780129848468 0.305 45
1780129848470 0.38 46
1780129848473 0.34 47
1780129848475 0.365 48
1780129848478 0.34500000000000003 49
1780129848480 0.32999999999999996 50
1780129848483 0.33999999999999997 51
1780129848485 0.3350000000000001 52
1780129848487 0.35 53
1780129848490 0.36500000000000005 54
1780129848492 0.39 55
1780129848495 0.4 56
1780129848497 0.43999999999999995 57
1780129848500 0.375 58
1780129848502 0.35 59
1780129848504 0.4 60
1780129848507 0.35 61
1780129848509 0.355 62
1780129848512 0.4 63
1780129848514 0.355 64
1780129848516 0.335 65
1780129848519 0.44499999999999995 66
1780129848521 0.4 67
1780129848524 0.4 68
1780129848526 0.38 69
1780129848529 0.38500000000000006 70
1780129848531 0.425 71
1780129848534 0.41500000000000004 72
1780129848536 0.425 73
1780129848538 0.43500000000000005 74
1780129848541 0.39 75
1780129848543 0.4 76
1780129848546 0.44000000000000006 77
1780129848548 0.45999999999999996 78
1780129848551 0.43499999999999994 79
1780129848553 0.425 80
1780129848556 0.43 81
1780129848558 0.46499999999999997 82
1780129848560 0.465 83
1780129848563 0.465 84
1780129848565 0.45 85
1780129848568 0.41000000000000003 86
1780129848570 0.4699999999999999 87
1780129848572 0.40499999999999997 88
1780129848575 0.4699999999999999 89
1780129848577 0.4749999999999999 90
1780129848580 0.37999999999999995 91
1780129848582 0.40499999999999997 92
1780129848584 0.48 93
1780129848587 0.525 94
1780129848589 0.4749999999999999 95
1780129848592 0.48999999999999994 96
1780129848594 0.43999999999999995 97
1780129848597 0.4750000000000001 98
1780129848599 0.48 99
1780129848602 0.51 100
1780129848604 0.515 101
1780129848607 0.505 102
1780129848609 0.48 103
1780129848611 0.445 104
1780129848614 0.46499999999999986 105
1780129848616 0.525 106
1780129848619 0.48500000000000004 107
1780129848621 0.5800000000000001 108
1780129848623 0.515 109
1780129848626 0.4800000000000001 110
1780129848628 0.5200000000000001 111
1780129848631 0.5 112
1780129848633 0.47000000000000003 113
1780129848635 0.5 114
1780129848638 0.4499999999999999 115
1780129848640 0.495 116
1780129848642 0.47999999999999987 117
1780129848645 0.48500000000000004 118
1780129848647 0.5149999999999999 119
1780129848650 0.44000000000000006 120
1780129848652 0.4700000000000001 121
1780129848654 0.48 122
1780129848657 0.5 123
1780129848659 0.5 124
1780129848662 0.41500000000000004 125
1780129848664 0.5250000000000001 126
1780129848666 0.475 127
1780129848669 0.54 128
1780129848671 0.4899999999999999 129
1780129848673 0.48 130
1780129848676 0.4999999999999999 131
1780129848678 0.555 132
1780129848681 0.515 133
1780129848683 0.535 134
1780129848685 0.52 135
1780129848688 0.51 136
1780129848690 0.525 137
1780129848693 0.525 138
1780129848695 0.545 139
1780129848697 0.5850000000000001 140
1780129848700 0.495 141
1780129848702 0.525 142
1780129848705 0.5200000000000001 143
1780129848708 0.5800000000000001 144
1780129848710 0.53 145
1780129848713 0.515 146
1780129848715 0.51 147
1780129848717 0.52 148
1780129848720 0.5650000000000001 149
1780129848722 0.52 150
1780129848725 0.5499999999999999 151
1780129848727 0.5599999999999999 152
1780129848729 0.525 153
1780129848732 0.5350000000000001 154
1780129848734 0.515 155
1780129848737 0.5599999999999999 156
1780129848739 0.585 157
1780129848741 0.5399999999999999 158
1780129848744 0.47999999999999987 159
1780129848746 0.5900000000000001 160
1780129848749 0.575 161
1780129848751 0.52 162
1780129848753 0.5750000000000001 163
1780129848756 0.63 164
1780129848758 0.62 165
1780129848761 0.6050000000000001 166
1780129848763 0.585 167
1780129848765 0.61 168
1780129848768 0.5999999999999999 169
1780129848770 0.6399999999999999 170
1780129848773 0.5599999999999999 171
1780129848775 0.545 172
1780129848777 0.5800000000000001 173
1780129848780 0.6100000000000001 174
1780129848782 0.625 175
1780129848784 0.55 176
1780129848787 0.6399999999999999 177
1780129848789 0.6 178
1780129848792 0.62 179
1780129848794 0.66 180
1780129848796 0.675 181
1780129848803 0.635 182
1780129848810 0.635 183
1780129848813 0.635 184
1780129848815 0.65 185
1780129848817 0.6050000000000001 186
1780129848820 0.63 187
1780129848822 0.665 188
1780129848825 0.665 189
1780129848827 0.655 190
1780129848830 0.6849999999999999 191
1780129848832 0.7100000000000001 192
1780129848834 0.655 193
1780129848837 0.705 194
1780129848839 0.7 195
1780129848842 0.6799999999999999 196
1780129848844 0.6900000000000001 197
1780129848846 0.675 198
1780129848849 0.675 199
1780129848851 0.66 200
1780129848853 0.6950000000000001 201
1780129848856 0.6499999999999999 202
1780129848859 0.6849999999999999 203
1780129848861 0.6799999999999999 204
1780129848864 0.66 205
1780129848866 0.685 206
1780129848868 0.7249999999999999 207
1780129848871 0.7250000000000001 208
1780129848873 0.6950000000000001 209
1780129848876 0.6950000000000001 210
1780129848878 0.69 211
1780129848880 0.7000000000000001 212
1780129848883 0.75 213
1780129848885 0.6849999999999999 214
1780129848888 0.695 215
1780129848890 0.7100000000000001 216
1780129848893 0.7350000000000001 217
1780129848895 0.7 218
1780129848898 0.6799999999999999 219
1780129848900 0.6699999999999999 220
1780129848902 0.7150000000000001 221
1780129848905 0.6500000000000001 222
1780129848907 0.715 223
1780129848910 0.705 224
1780129848912 0.685 225
1780129848914 0.6399999999999999 226
1780129848917 0.655 227
1780129848919 0.725 228
1780129848922 0.705 229
1780129848924 0.6799999999999999 230
1780129848926 0.74 231
1780129848929 0.665 232
1780129848931 0.715 233
1780129848934 0.71 234
1780129848936 0.785 235
1780129848938 0.7100000000000001 236
1780129848941 0.725 237
1780129848943 0.6849999999999999 238
1780129848946 0.72 239
1780129848948 0.71 240
1780129848950 0.7 241
1780129848953 0.705 242
1780129848955 0.8 243
1780129848958 0.7750000000000001 244
1780129848960 0.73 245
1780129848962 0.6799999999999999 246
1780129848965 0.7249999999999999 247
1780129848968 0.7649999999999999 248
1780129848970 0.7450000000000001 249
1780129848973 0.73 250
1780129848975 0.7750000000000001 251
1780129848978 0.6950000000000001 252
1780129848980 0.7249999999999999 253
1780129848982 0.705 254
1780129848985 0.7450000000000001 255
1780129848987 0.755 256
1780129848995 0.725 257
1780129848997 0.7299999999999999 258
1780129848999 0.7350000000000001 259
1780129849002 0.7 260
1780129849004 0.7150000000000001 261
1780129849007 0.7 262
1780129849009 0.775 263
1780129849011 0.74 264
1780129849014 0.745 265
1780129849016 0.705 266
1780129849019 0.75 267
1780129849021 0.755 268
1780129849023 0.78 269
1780129849026 0.75 270
1780129849028 0.7499999999999999 271
1780129849031 0.77 272
1780129849033 0.78 273
1780129849035 0.76 274
1780129849038 0.74 275
1780129849040 0.7449999999999999 276
1780129849043 0.76 277
1780129849045 0.77 278
1780129849047 0.795 279
1780129849050 0.78 280
1780129849052 0.745 281
1780129849055 0.725 282
1780129849057 0.73 283
1780129849059 0.765 284
1780129849062 0.7849999999999999 285
1780129849064 0.7499999999999999 286
1780129849067 0.8049999999999999 287
1780129849069 0.78 288
1780129849072 0.795 289
1780129849074 0.78 290
1780129849076 0.735 291
1780129849079 0.75 292
1780129849081 0.7849999999999999 293
1780129849084 0.7649999999999999 294
1780129849086 0.775 295
1780129849088 0.8150000000000001 296
1780129849091 0.79 297
1780129849093 0.7550000000000001 298
1780129849096 0.76 299
1780129849098 0.76 300
1780129849100 0.7850000000000001 301
1780129849103 0.75 302
1780129849105 0.78 303
1780129849108 0.7949999999999999 304
1780129849110 0.79 305
1780129849112 0.74 306
1780129849115 0.715 307
1780129849117 0.7350000000000001 308
1780129849120 0.75 309
1780129849122 0.77 310
1780129849125 0.7500000000000001 311
1780129849127 0.7649999999999999 312
1780129849129 0.805 313
