1780141282069 0.0 0
1780141282072 0.03392029657089898 1
1780141282075 0.3892384871177441 2
1780141282077 0.3986698695123421 3
1780141282080 0.6098223044690047 4
1780141282083 0.5247007419989271 5
1780141282086 0.6980554771315641 6
1780141282088 0.6320849997375741 7
1780141282091 0.7093635357368753 8
1780141282094 0.7359370988446727 9
1780141282096 0.7209728797772275 10
1780141282099 0.7471255060728745 11
1780141282102 0.7301161167145822 12
1780141282105 0.7132819347834828 13
1780141282107 0.7215546218487395 14
1780141282110 0.7803044254245627 15
1780141282113 0.8413998611038085 16
1780141282116 0.7808460699846868 17
1780141282118 0.7748588872427882 18
1780141282121 0.8008486517296587 19
1780141282124 0.6746776265254526 20
1780141282127 0.7959408787669657 21
1780141282129 0.7885803689064559 22
1780141282132 0.8061608769079491 23
1780141282135 0.7612041773231031 24
1780141282137 0.816199976494094 25
1780141282140 0.8156122853181677 26
1780141282143 0.7945860821568369 27
1780141282146 0.7954794657097288 28
1780141282148 0.8025788995950286 29
1780141282151 0.8211875043339575 30
1780141282154 0.8247824397824399 31
1780141282156 0.8097777871284813 32
1780141282159 0.814019944019944 33
1780141282162 0.8466772164616992 34
1780141282165 0.7797057483280393 35
1780141282167 0.7899002804783242 36
1780141282170 0.8119298907968984 37
1780141282173 0.8482804232804233 38
1780141282175 0.8321030887271297 39
1780141282178 0.8659645211132624 40
1780141282181 0.8208085281614693 41
1780141282184 0.8251739402854964 42
1780141282186 0.8304143308654586 43
1780141282189 0.8468194008172472 44
1780141282192 0.840173267538761 45
1780141282195 0.8483764995492684 46
1780141282197 0.8598546454393137 47
1780141282200 0.848643522992434 48
1780141282203 0.8637540911101282 49
1780141282205 0.8678011438573264 50
1780141282208 0.8151406926406926 51
1780141282211 0.8518177885189164 52
1780141282214 0.8438208556149733 53
1780141282217 0.8324174979609762 54
1780141282219 0.8571418206350566 55
1780141282222 0.8567183742183742 56
1780141282225 0.8627145157579941 57
1780141282227 0.89254329004329 58
1780141282230 0.8488839809971175 59
1780141282233 0.9133005474917241 60
1780141282236 0.8768483645174318 61
1780141282238 0.8844617098122699 62
1780141282241 0.8275479216719626 63
1780141282244 0.8983080638121693 64
1780141282247 0.8726885473002042 65
1780141282249 0.814685016282936 66
1780141282252 0.8724332513032202 67
1780141282255 0.8642781855825333 68
1780141282258 0.8824751272119693 69
1780141282261 0.8221665609807651 70
1780141282263 0.8660179797319385 71
1780141282266 0.8561868686868687 72
1780141282269 0.8896686430782541 73
1780141282272 0.8385570022475394 74
1780141282274 0.8752558190601668 75
1780141282277 0.8961485258134875 76
1780141282280 0.9375757575757577 77
1780141282283 0.9031880187367565 78
1780141282285 0.8597811931790261 79
1780141282288 0.8767857142857143 80
1780141282291 0.8461952806109153 81
1780141282293 0.8233398163832947 82
1780141282296 0.8607158636570402 83
1780141282299 0.8617830524022475 84
1780141282302 0.8823538961038961 85
1780141282305 0.8374411351649205 86
1780141282308 0.8997661461345672 87
1780141282310 0.8740615445262773 88
1780141282313 0.7167897118361515 89
1780141282316 0.8987109077040426 90
1780141282319 0.8623020546704758 91
1780141282321 0.8667653240479327 92
1780141282324 0.8687408293460926 93
1780141282327 0.886929311916154 94
1780141282329 0.8656108279592262 95
1780141282332 0.8759421941951653 96
1780141282335 0.8631932102984734 97
1780141282337 0.8705511421842692 98
1780141282340 0.8812531830914183 99
1780141282343 0.8689798359535201 100
1780141282345 0.9169590643274853 101
1780141282348 0.8604655090509686 102
1780141282351 0.9089739165203561 103
1780141282354 0.8891396718176905 104
1780141282356 0.8840280290744686 105
1780141282359 0.9018771929824562 106
1780141282362 0.8937799909853685 107
1780141282365 0.9230676328502415 108
1780141282367 0.8888613199665831 109
1780141282370 0.8663855774868086 110
1780141282373 0.8836187058555481 111
1780141282375 0.9181090770404271 112
1780141282378 0.8932114454546815 113
1780141282381 0.8688910797734328 114
1780141282384 0.9179191276559697 115
1780141282387 0.9149160535747972 116
1780141282389 0.9498272195640617 117
1780141282392 0.9141812865497077 118
1780141282395 0.8807341884122071 119
1780141282397 0.9075689223057644 120
1780141282400 0.9236690210374421 121
1780141282403 0.8564429642947949 122
1780141282406 0.9539660911171207 123
1780141282408 0.9096476946648572 124
1780141282411 0.7939057753959232 125
1780141282414 0.951235759854181 126
1780141282417 0.8811096870965291 127
1780141282419 0.9146971595655806 128
1780141282422 0.8914298262124349 129
1780141282425 0.885 130
1780141282427 0.8902871762740185 131
1780141282430 0.92249252357948 132
1780141282433 0.8637254901960784 133
1780141282436 0.8969382664119507 134
1780141282438 0.9333757309941519 135
1780141282441 0.9039396452360849 136
1780141282444 0.9324105718842561 137
1780141282447 0.9156641604010025 138
1780141282450 0.9279630152456239 139
1780141282453 0.948414138795264 140
1780141282455 0.8690654294679062 141
1780141282458 0.9180463675658185 142
1780141282461 0.8925214741398954 143
1780141282463 0.9267480867945265 144
1780141282466 0.8858648317626645 145
1780141282469 0.9105973839504597 146
1780141282472 0.9375700280112046 147
1780141282474 0.9221069719753932 148
1780141282477 0.9418882098293864 149
1780141282480 0.9220494417862838 150
1780141282482 0.9092817725752507 151
1780141282485 0.9336922015182886 152
1780141282488 0.8780453964936724 153
1780141282491 0.901386007839097 154
1780141282494 0.9271933621933621 155
1780141282497 0.918829426507445 156
1780141282500 0.9514522100706311 157
1780141282503 0.8857070707070708 158
1780141282505 0.9185413709097918 159
1780141282508 0.9654761904761904 160
1780141282511 0.9516666666666665 161
1780141282514 0.9466208703577126 162
1780141282516 0.9404621401989823 163
1780141282519 0.9034579036524116 164
1780141282522 0.9367281840966051 165
1780141282525 0.9161645870469399 166
1780141282527 0.9341681113191409 167
1780141282530 0.9476122999807212 168
1780141282533 0.9377646025472112 169
1780141282535 0.962987012987013 170
1780141282538 0.9111297182349813 171
1780141282541 0.8791716123158955 172
1780141282543 0.9301311249137336 173
1780141282546 0.9663602187286398 174
1780141282549 0.920156847982935 175
1780141282552 0.9143853618002226 176
1780141282554 0.9489117886943974 177
1780141282557 0.9371428571428572 178
1780141282560 0.9571695543205841 179
1780141282562 0.9678405499915798 180
1780141282565 0.9716017316017316 181
1780141282568 0.9263636363636364 182
1780141282571 0.9365269719287757 183
1780141282573 0.9394736842105263 184
1780141282576 0.9542606516290727 185
1780141282579 0.9711471861471861 186
1780141282581 0.9474531024531025 187
1780141282584 0.9716233766233765 188
1780141282587 0.9629089026915112 189
1780141282590 0.9486367433735856 190
1780141282592 0.972670807453416 191
1780141282595 0.8054738562091505 192
1780141282598 0.9291010134030729 193
1780141282601 0.9385972584720733 194
1780141282603 0.9197475596299126 195
1780141282606 0.9488883399209487 196
1780141282609 0.9245519398615374 197
1780141282611 0.939333402951824 198
1780141282614 0.9672943722943723 199
1780141282617 0.9395384294068505 200
1780141282620 0.9566666666666667 201
1780141282622 0.9536498855835239 202
1780141282625 0.9614035087719298 203
1780141282628 0.9721946169772255 204
1780141282630 0.9672943722943723 205
1780141282633 0.9529089026915113 206
1780141282636 0.980952380952381 207
1780141282639 0.9761221234905445 208
1780141282641 0.9576479076479076 209
1780141282644 0.9681037078863165 210
1780141282647 0.9479692529692529 211
1780141282650 0.9813852813852814 212
1780141282652 0.9448591835319524 213
1780141282655 0.9517604617604617 214
1780141282658 0.9582034632034631 215
1780141282661 0.9610970608339029 216
1780141282663 0.945102495543672 217
1780141282666 0.9656459330143541 218
1780141282669 0.9579186602870813 219
1780141282672 0.9563873626373626 220
1780141282674 0.9811471861471862 221
1780141282677 0.9551127033885655 222
1780141282680 0.9507252980937192 223
1780141282683 0.9685714285714286 224
1780141282685 0.9432251082251082 225
1780141282688 0.9083764474008376 226
1780141282691 0.962965367965368 227
1780141282694 0.9386363636363635 228
1780141282696 0.9191176470588236 229
1780141282699 0.9681037078863166 230
1780141282702 0.9518364092048304 231
1780141282704 0.9505665679349888 232
1780141282707 0.9578405499915796 233
1780141282710 0.9411403508771929 234
1780141282713 0.9533418031244117 235
1780141282715 0.9282721956406167 236
1780141282718 0.9127988292863843 237
1780141282721 0.9608840282524491 238
1780141282723 0.9534415584415583 239
1780141282726 0.9596455973693827 240
1780141282729 0.9708840282524493 241
1780141282732 0.9505958077010707 242
1780141282734 0.9807142857142856 243
1780141282737 0.9758840282524494 244
1780141282740 0.9759523809523809 245
1780141282743 0.9631037078863166 246
1780141282745 0.9566017316017316 247
1780141282748 0.9852380952380952 248
1780141282751 0.9465122044241037 249
1780141282753 0.9621946169772256 250
1780141282756 0.9763852813852815 251
1780141282759 0.9624076495586793 252
1780141282762 0.9579403053087263 253
1780141282764 0.9570095693779905 254
1780141282767 0.9679089026915115 255
1780141282770 0.9678217282336276 256
1780141282773 0.9470277967646389 257
1780141282775 0.9183082706766916 258
1780141282778 0.9713852813852814 259
1780141282781 0.9047078061006175 260
1780141282784 0.9481469979296065 261
1780141282786 0.9667931191615402 262
1780141282789 0.9480200501253131 263
1780141282792 0.9108556998556997 264
1780141282794 0.9536498855835239 265
1780141282797 0.9713602187286398 266
1780141282800 0.9617388167388168 267
1780141282803 0.9479692529692529 268
1780141282805 0.9559706959706962 269
1780141282808 0.96375588179936 270
1780141282811 0.9377705627705627 271
1780141282813 0.9302465650291737 272
1780141282816 0.8687804878048782 273
1780141282819 0.9807142857142856 274
1780141282822 0.9679089026915115 275
1780141282824 0.9563602187286395 276
1780141282827 0.9493641712978098 277
1780141282830 0.9513351560719983 278
1780141282832 0.9759523809523809 279
1780141282835 0.943030303030303 280
1780141282838 0.9811471861471862 281
1780141282840 0.9556892230576441 282
1780141282843 0.9299206349206349 283
1780141282846 0.9763852813852815 284
1780141282849 0.9527611849122147 285
1780141282851 0.9763852813852812 286
1780141282854 0.9654511278195489 287
1780141282857 0.9664285714285714 288
1780141282859 0.9145629699248122 289
1780141282862 0.964047619047619 290
1780141282865 0.9904761904761905 291
1780141282868 0.9484864830059336 292
1780141282870 0.9562172141583906 293
1780141282873 0.9547186147186146 294
1780141282876 0.9394356187290969 295
1780141282878 0.9376911976911975 296
1780141282881 0.9592857142857142 297
1780141282884 0.957987012987013 298
1780141282886 0.9533333333333334 299
1780141282889 0.9672943722943723 300
1780141282892 0.9709523809523809 301
1780141282894 0.9107207207207209 302
1780141282897 0.9626024547534845 303
1780141282900 0.9571152518978605 304
1780141282903 0.9482832080200503 305
1780141282905 0.9415498231745371 306
1780141282908 0.929938394938395 307
1780141282911 0.9611654135338344 308
1780141282913 0.9590225563909774 309
1780141282916 0.9566034069130044 310
1780141282919 0.9722943722943723 311
1780141282922 0.9426190476190476 312
1780141282924 0.9613852813852815 313
