1780109762109 0.0 0
1780109762112 0.08 1
1780109762114 0.385 2
1780109762116 0.31 3
1780109762118 0.505 4
1780109762119 0.62 5
1780109762121 0.655 6
1780109762123 0.625 7
1780109762125 0.79 8
1780109762126 0.895 9
1780109762128 0.845 10
1780109762130 0.845 11
1780109762131 0.655 12
1780109762133 0.535 13
1780109762135 0.825 14
1780109762137 0.875 15
1780109762138 0.86 16
1780109762140 0.91 17
1780109762142 0.91 18
1780109762143 0.815 19
1780109762145 0.85 20
1780109762147 0.89 21
1780109762148 0.89 22
1780109762150 0.905 23
1780109762152 0.92 24
1780109762153 0.77 25
1780109762155 0.835 26
1780109762157 0.86 27
1780109762159 0.91 28
1780109762160 0.645 29
1780109762162 0.845 30
1780109762164 0.865 31
1780109762165 0.78 32
1780109762167 0.77 33
1780109762169 0.92 34
1780109762170 0.805 35
1780109762172 0.93 36
1780109762174 0.915 37
1780109762175 0.92 38
1780109762177 0.875 39
1780109762179 0.85 40
1780109762181 0.83 41
1780109762182 0.91 42
1780109762184 0.83 43
1780109762186 0.895 44
1780109762187 0.87 45
1780109762189 0.915 46
1780109762191 0.885 47
1780109762193 0.63 48
1780109762194 0.815 49
1780109762196 0.89 50
1780109762198 0.905 51
1780109762199 0.92 52
1780109762201 0.88 53
1780109762203 0.905 54
1780109762204 0.865 55
1780109762206 0.825 56
1780109762208 0.91 57
1780109762209 0.895 58
1780109762211 0.765 59
1780109762213 0.94 60
1780109762214 0.915 61
1780109762216 0.895 62
1780109762218 0.51 63
1780109762220 0.915 64
1780109762221 0.72 65
1780109762223 0.94 66
1780109762225 0.895 67
1780109762226 0.92 68
1780109762228 0.88 69
1780109762230 0.895 70
1780109762231 0.89 71
1780109762233 0.9 72
1780109762235 0.945 73
1780109762236 0.88 74
1780109762238 0.885 75
1780109762240 0.95 76
1780109762241 0.91 77
1780109762243 0.93 78
1780109762245 0.945 79
1780109762246 0.92 80
1780109762248 0.915 81
1780109762250 0.865 82
1780109762251 0.945 83
1780109762253 0.905 84
1780109762255 0.76 85
1780109762256 0.905 86
1780109762258 0.92 87
1780109762260 0.92 88
1780109762261 0.945 89
1780109762263 0.93 90
1780109762265 0.95 91
1780109762266 0.82 92
1780109762268 0.905 93
1780109762270 0.93 94
1780109762271 0.93 95
1780109762273 0.92 96
1780109762275 0.89 97
1780109762276 0.79 98
1780109762278 0.955 99
1780109762280 0.87 100
1780109762281 0.93 101
1780109762283 0.93 102
1780109762285 0.905 103
1780109762286 0.91 104
1780109762288 0.965 105
1780109762290 0.87 106
1780109762291 0.87 107
1780109762293 0.825 108
1780109762295 0.96 109
1780109762296 0.95 110
1780109762298 0.94 111
1780109762300 0.935 112
1780109762301 0.915 113
1780109762303 0.95 114
1780109762305 0.945 115
1780109762306 0.945 116
1780109762308 0.925 117
1780109762310 0.885 118
1780109762312 0.645 119
1780109762314 0.835 120
1780109762315 0.925 121
1780109762317 0.93 122
1780109762319 0.93 123
1780109762320 0.915 124
1780109762322 0.89 125
1780109762324 0.92 126
1780109762325 0.945 127
1780109762327 0.91 128
1780109762329 0.925 129
1780109762331 0.915 130
1780109762332 0.915 131
1780109762334 0.92 132
1780109762336 0.935 133
1780109762337 0.825 134
1780109762339 0.92 135
1780109762341 0.955 136
1780109762342 0.96 137
1780109762344 0.81 138
1780109762346 0.93 139
1780109762348 0.625 140
1780109762349 0.885 141
1780109762351 0.94 142
1780109762353 0.93 143
1780109762354 0.925 144
1780109762356 0.925 145
1780109762358 0.935 146
1780109762359 0.965 147
1780109762361 0.97 148
1780109762363 0.835 149
1780109762364 0.93 150
1780109762366 0.94 151
1780109762368 0.86 152
1780109762369 0.955 153
1780109762371 0.84 154
1780109762373 0.915 155
1780109762375 0.785 156
1780109762376 0.895 157
1780109762378 0.945 158
1780109762380 0.97 159
1780109762381 0.955 160
1780109762383 0.88 161
1780109762385 0.94 162
1780109762387 0.97 163
1780109762388 0.945 164
1780109762390 0.89 165
1780109762392 0.94 166
1780109762393 0.935 167
1780109762395 0.955 168
1780109762397 0.965 169
1780109762398 0.95 170
1780109762400 0.955 171
1780109762402 0.935 172
1780109762403 0.955 173
1780109762405 0.95 174
1780109762407 0.955 175
1780109762408 0.96 176
1780109762410 0.97 177
1780109762412 0.97 178
1780109762413 0.845 179
1780109762415 0.97 180
1780109762417 0.97 181
1780109762419 0.945 182
1780109762420 0.955 183
1780109762422 0.965 184
1780109762424 0.96 185
1780109762425 0.96 186
1780109762427 0.865 187
1780109762429 0.945 188
1780109762430 0.93 189
1780109762432 0.955 190
1780109762434 0.955 191
1780109762435 0.945 192
1780109762437 0.95 193
1780109762439 0.965 194
1780109762440 0.935 195
1780109762442 0.97 196
1780109762444 0.985 197
1780109762445 0.96 198
1780109762447 0.955 199
1780109762449 0.925 200
1780109762450 0.97 201
1780109762452 0.985 202
1780109762454 0.965 203
1780109762457 0.98 204
1780109762459 0.96 205
1780109762461 0.97 206
1780109762463 0.965 207
1780109762464 0.875 208
1780109762466 0.98 209
1780109762468 0.95 210
1780109762469 0.96 211
1780109762471 0.97 212
1780109762473 0.96 213
1780109762475 0.975 214
1780109762477 0.985 215
1780109762480 0.96 216
1780109762482 0.93 217
1780109762483 0.965 218
1780109762485 0.985 219
1780109762487 0.975 220
1780109762488 0.97 221
1780109762490 0.97 222
1780109762492 0.86 223
1780109762494 0.975 224
1780109762495 0.9 225
1780109762497 0.985 226
1780109762499 0.97 227
1780109762501 0.97 228
1780109762504 0.965 229
1780109762506 0.92 230
1780109762508 0.945 231
1780109762509 0.95 232
1780109762511 0.96 233
1780109762513 0.945 234
1780109762514 0.95 235
1780109762516 0.96 236
1780109762518 0.97 237
1780109762520 0.99 238
1780109762521 0.985 239
1780109762523 0.985 240
1780109762525 0.975 241
1780109762526 0.96 242
1780109762528 0.97 243
1780109762530 0.965 244
1780109762531 0.99 245
1780109762533 0.97 246
1780109762535 0.96 247
1780109762537 0.94 248
1780109762539 0.965 249
1780109762540 0.965 250
1780109762542 0.975 251
1780109762544 0.95 252
1780109762545 0.875 253
1780109762547 0.965 254
1780109762549 0.95 255
1780109762550 0.885 256
1780109762552 0.945 257
1780109762554 0.875 258
1780109762556 0.97 259
1780109762558 0.955 260
1780109762561 0.955 261
1780109762563 0.95 262
1780109762564 0.99 263
1780109762566 0.955 264
1780109762568 0.96 265
1780109762570 0.945 266
1780109762572 0.98 267
1780109762574 0.975 268
1780109762576 0.97 269
1780109762577 0.995 270
1780109762579 0.985 271
1780109762581 0.97 272
1780109762583 0.975 273
1780109762584 0.95 274
1780109762586 0.96 275
1780109762588 0.99 276
1780109762590 0.975 277
1780109762591 0.97 278
1780109762593 0.965 279
1780109762594 0.97 280
1780109762596 0.935 281
1780109762598 0.97 282
1780109762599 0.96 283
1780109762601 0.95 284
1780109762603 0.97 285
1780109762604 0.875 286
1780109762606 0.94 287
1780109762608 0.95 288
1780109762609 0.96 289
1780109762612 0.935 290
1780109762614 0.95 291
1780109762616 0.97 292
1780109762618 0.965 293
1780109762620 0.965 294
1780109762621 0.96 295
1780109762623 0.975 296
1780109762625 0.965 297
1780109762626 0.97 298
1780109762628 0.965 299
1780109762630 0.975 300
1780109762631 0.945 301
1780109762633 0.965 302
1780109762635 0.99 303
1780109762636 0.97 304
1780109762638 0.915 305
1780109762640 0.97 306
1780109762642 0.96 307
1780109762643 0.95 308
1780109762645 0.935 309
1780109762647 0.92 310
1780109762649 0.985 311
1780109762651 0.955 312
1780109762652 0.985 313
