1780562761395 0.0 0
1780562761397 0.9011111111111061 1
1780562761399 0.9027777777777727 2
1780562761401 0.9083333333333282 3
1780562761403 0.9088888888888839 4
1780562761405 0.9105555555555505 5
1780562761406 0.9155555555555503 6
1780562761408 0.9077777777777728 7
1780562761410 0.9194444444444393 8
1780562761412 0.9111111111111059 9
1780562761413 0.917222222222217 10
1780562761415 0.9244444444444394 11
1780562761417 0.912222222222217 12
1780562761419 0.9133333333333281 13
1780562761420 0.9244444444444392 14
1780562761422 0.9149999999999949 15
1780562761424 0.906111111111106 16
1780562761426 0.9177777777777727 17
1780562761427 0.9216666666666615 18
1780562761429 0.9033333333333283 19
1780562761431 0.9183333333333283 20
1780562761433 0.9149999999999949 21
1780562761434 0.9105555555555507 22
1780562761436 0.9177777777777726 23
1780562761438 0.9083333333333282 24
1780562761440 0.9211111111111061 25
1780562761442 0.9272222222222173 26
1780562761443 0.926111111111106 27
1780562761445 0.9299999999999947 28
1780562761447 0.9233333333333285 29
1780562761449 0.9166666666666616 30
1780562761450 0.9244444444444394 31
1780562761452 0.9155555555555503 32
1780562761454 0.9327777777777726 33
1780562761456 0.9199999999999949 34
1780562761457 0.9205555555555502 35
1780562761459 0.9149999999999949 36
1780562761461 0.926111111111106 37
1780562761463 0.9272222222222171 38
1780562761464 0.9327777777777724 39
1780562761466 0.9283333333333281 40
1780562761468 0.9177777777777727 41
1780562761470 0.9355555555555505 42
1780562761471 0.9249999999999948 43
1780562761473 0.9294444444444393 44
1780562761475 0.9272222222222173 45
1780562761477 0.926111111111106 46
1780562761479 0.9177777777777726 47
1780562761480 0.9188888888888839 48
1780562761482 0.9227777777777726 49
1780562761484 0.9255555555555504 50
1780562761486 0.9177777777777727 51
1780562761487 0.9177777777777727 52
1780562761489 0.9272222222222171 53
1780562761491 0.9127777777777727 54
1780562761493 0.9294444444444391 55
1780562761494 0.931111111111106 56
1780562761496 0.9277777777777727 57
1780562761498 0.9272222222222171 58
1780562761500 0.916111111111106 59
1780562761501 0.9277777777777727 60
1780562761503 0.9249999999999948 61
1780562761505 0.9372222222222171 62
1780562761507 0.9244444444444392 63
1780562761508 0.9305555555555504 64
1780562761510 0.9305555555555504 65
1780562761512 0.9227777777777726 66
1780562761514 0.9366666666666614 67
1780562761515 0.9211111111111059 68
1780562761517 0.9344444444444393 69
1780562761519 0.9277777777777725 70
1780562761521 0.933333333333328 71
1780562761522 0.9305555555555504 72
1780562761524 0.9199999999999949 73
1780562761526 0.9277777777777725 74
1780562761528 0.9283333333333281 75
1780562761529 0.9266666666666616 76
1780562761531 0.9288888888888837 77
1780562761533 0.9244444444444392 78
1780562761535 0.9377777777777727 79
1780562761536 0.9349999999999948 80
1780562761538 0.9272222222222171 81
1780562761540 0.932222222222217 82
1780562761542 0.9233333333333282 83
1780562761543 0.9233333333333282 84
1780562761545 0.9316666666666616 85
1780562761547 0.9344444444444393 86
1780562761549 0.932222222222217 87
1780562761551 0.9238888888888835 88
1780562761552 0.9288888888888838 89
1780562761554 0.9238888888888839 90
1780562761556 0.9288888888888838 91
1780562761558 0.9355555555555505 92
1780562761559 0.9338888888888839 93
1780562761561 0.9177777777777727 94
1780562761563 0.9305555555555504 95
1780562761565 0.9349999999999948 96
1780562761566 0.924999999999995 97
1780562761568 0.9238888888888838 98
1780562761570 0.9227777777777726 99
1780562761572 0.9338888888888836 100
1780562761574 0.932222222222217 101
1780562761835 0.9349999999999946 102
1780562761837 0.9277777777777727 103
1780562761839 0.9272222222222168 104
1780562761841 0.9244444444444392 105
1780562761843 0.9299999999999949 106
1780562761845 0.9233333333333282 107
1780562761846 0.9338888888888839 108
1780562761848 0.9283333333333281 109
1780562761850 0.9288888888888837 110
1780562761852 0.9266666666666614 111
1780562761853 0.9255555555555505 112
1780562761855 0.9249999999999948 113
1780562761857 0.9299999999999949 114
1780562761859 0.9305555555555504 115
1780562761861 0.9255555555555504 116
1780562761862 0.9327777777777726 117
1780562761864 0.9211111111111061 118
1780562761866 0.9244444444444394 119
1780562761868 0.9372222222222171 120
1780562761869 0.9377777777777727 121
1780562761871 0.9322222222222172 122
1780562761873 0.9272222222222171 123
1780562761875 0.9349999999999948 124
1780562761876 0.9388888888888836 125
1780562761878 0.9299999999999947 126
1780562761880 0.9322222222222172 127
1780562761881 0.9316666666666615 128
1780562761883 0.9311111111111059 129
1780562761885 0.9305555555555504 130
1780562761887 0.931111111111106 131
1780562761888 0.9283333333333281 132
1780562761890 0.9283333333333281 133
1780562761892 0.9305555555555504 134
1780562761894 0.9266666666666614 135
1780562761896 0.9372222222222171 136
1780562761897 0.9238888888888838 137
1780562761899 0.9211111111111061 138
1780562761901 0.9327777777777726 139
1780562761903 0.9244444444444394 140
1780562761904 0.9299999999999949 141
1780562761906 0.9327777777777726 142
1780562761908 0.931111111111106 143
1780562761909 0.9349999999999948 144
1780562761911 0.9294444444444393 145
1780562761913 0.9255555555555504 146
1780562761915 0.9361111111111059 147
1780562761917 0.9294444444444393 148
1780562761918 0.9249999999999948 149
1780562761920 0.9272222222222171 150
1780562761922 0.9272222222222173 151
1780562761924 0.9316666666666615 152
1780562761925 0.9216666666666615 153
1780562761927 0.9266666666666614 154
1780562761929 0.926111111111106 155
1780562761931 0.9227777777777726 156
1780562761932 0.9199999999999948 157
1780562761934 0.9277777777777727 158
1780562761936 0.9272222222222168 159
1780562761938 0.9183333333333283 160
1780562761939 0.926111111111106 161
1780562761941 0.9261111111111061 162
1780562761943 0.9272222222222171 163
1780562761944 0.9266666666666614 164
1780562761946 0.922222222222217 165
1780562761948 0.9294444444444393 166
1780562761950 0.9266666666666614 167
1780562761951 0.9311111111111059 168
1780562761953 0.926111111111106 169
1780562761955 0.9222222222222172 170
1780562761957 0.931111111111106 171
1780562761958 0.9155555555555506 172
1780562761960 0.9283333333333281 173
1780562761962 0.9255555555555504 174
1780562761964 0.926111111111106 175
1780562761965 0.9199999999999948 176
1780562761967 0.9177777777777726 177
1780562761969 0.9327777777777726 178
1780562761971 0.9316666666666615 179
1780562761972 0.9199999999999949 180
1780562761974 0.9305555555555504 181
1780562761976 0.9255555555555504 182
1780562761978 0.9327777777777726 183
1780562761979 0.9299999999999947 184
1780562761981 0.9166666666666616 185
1780562761983 0.9266666666666616 186
1780562761984 0.9211111111111061 187
1780562761986 0.9316666666666616 188
1780562761988 0.9211111111111061 189
1780562761990 0.917222222222217 190
1780562761991 0.9211111111111059 191
1780562761993 0.9272222222222171 192
1780562761995 0.9327777777777726 193
1780562761997 0.9305555555555504 194
1780562761998 0.9272222222222173 195
1780562762000 0.9149999999999949 196
1780562762002 0.9266666666666616 197
1780562762004 0.9299999999999947 198
1780562762005 0.9277777777777725 199
1780562762007 0.9294444444444393 200
1780562762009 0.924999999999995 201
1780562762011 0.9288888888888838 202
1780562762012 0.9316666666666615 203
1780562762014 0.9199999999999949 204
1780562762016 0.9283333333333281 205
1780562762017 0.9255555555555504 206
1780562762019 0.9249999999999947 207
1780562762021 0.9149999999999949 208
1780562762023 0.9305555555555504 209
1780562762024 0.9299999999999947 210
1780562762026 0.9277777777777725 211
1780562762028 0.9288888888888838 212
1780562762030 0.933333333333328 213
1780562762031 0.9272222222222171 214
1780562762033 0.9288888888888838 215
1780562762035 0.9305555555555504 216
1780562762037 0.9272222222222168 217
1780562762038 0.9216666666666615 218
1780562762040 0.9277777777777729 219
1780562762042 0.9166666666666614 220
1780562762044 0.9255555555555505 221
1780562762045 0.9244444444444392 222
1780562762047 0.9294444444444393 223
1780562762049 0.9316666666666616 224
1780562762050 0.9283333333333281 225
1780562762052 0.9261111111111061 226
1780562762054 0.9183333333333282 227
1780562762056 0.9288888888888838 228
1780562762057 0.9238888888888838 229
1780562762059 0.9294444444444394 230
1780562762061 0.9283333333333281 231
1780562762063 0.9316666666666615 232
1780562762064 0.9188888888888839 233
1780562762066 0.9355555555555503 234
1780562762068 0.9266666666666616 235
1780562762069 0.9244444444444392 236
1780562762071 0.9333333333333282 237
1780562762073 0.9272222222222171 238
1780562762075 0.9227777777777726 239
1780562762076 0.9216666666666615 240
1780562762078 0.9299999999999947 241
1780562762080 0.9294444444444394 242
1780562762082 0.9355555555555503 243
1780562762083 0.9194444444444392 244
1780562762085 0.9249999999999948 245
1780562762087 0.9361111111111059 246
1780562762089 0.9194444444444393 247
1780562762090 0.9222222222222172 248
1780562762092 0.9227777777777725 249
1780562762094 0.9183333333333283 250
1780562762096 0.9161111111111062 251
1780562762097 0.9288888888888838 252
1780562762099 0.9316666666666613 253
1780562762101 0.9338888888888837 254
1780562762102 0.9355555555555505 255
1780562762104 0.9294444444444393 256
1780562762106 0.9311111111111059 257
1780562762108 0.9255555555555504 258
1780562762110 0.9188888888888839 259
1780562762111 0.9255555555555504 260
1780562762113 0.9283333333333281 261
1780562762115 0.9316666666666616 262
1780562762117 0.9288888888888838 263
1780562762118 0.9327777777777726 264
1780562762120 0.926111111111106 265
1780562762122 0.9183333333333282 266
1780562762124 0.9361111111111059 267
1780562762125 0.9305555555555504 268
1780562762127 0.9344444444444392 269
1780562762129 0.926111111111106 270
1780562762131 0.9227777777777726 271
1780562762132 0.9338888888888837 272
1780562762134 0.9244444444444394 273
1780562762136 0.9277777777777727 274
1780562762138 0.9377777777777727 275
1780562762139 0.926111111111106 276
1780562762141 0.9277777777777727 277
1780562762143 0.9288888888888838 278
1780562762145 0.9311111111111059 279
1780562762146 0.9388888888888836 280
1780562762148 0.9305555555555504 281
1780562762150 0.9194444444444393 282
1780562762152 0.9261111111111061 283
1780562762153 0.9311111111111059 284
1780562762155 0.926111111111106 285
1780562762157 0.9272222222222171 286
1780562762159 0.9333333333333282 287
1780562762160 0.9299999999999947 288
1780562762162 0.9233333333333281 289
1780562762164 0.9299999999999949 290
1780562762166 0.9249999999999948 291
1780562762167 0.9316666666666615 292
1780562762169 0.9361111111111059 293
1780562762171 0.9266666666666616 294
1780562762173 0.926111111111106 295
1780562762174 0.9327777777777726 296
1780562762177 0.9288888888888838 297
1780562762189 0.9327777777777726 298
