1780131969074 0.0 0
1780131969076 0.14500000000000002 1
1780131969078 0.18 2
1780131969080 0.3 3
1780131969082 0.39 4
1780131969084 0.41500000000000004 5
1780131969086 0.45499999999999996 6
1780131969088 0.545 7
1780131969090 0.5050000000000001 8
1780131969093 0.5850000000000001 9
1780131969095 0.535 10
1780131969097 0.62 11
1780131969099 0.6049999999999999 12
1780131969101 0.74 13
1780131969103 0.725 14
1780131969105 0.72 15
1780131969107 0.7349999999999999 16
1780131969109 0.72 17
1780131969111 0.7 18
1780131969113 0.7849999999999999 19
1780131969115 0.805 20
1780131969117 0.805 21
1780131969119 0.8549999999999999 22
1780131969121 0.8149999999999998 23
1780131969123 0.82 24
1780131969125 0.8 25
1780131969127 0.8399999999999999 26
1780131969129 0.8 27
1780131969131 0.795 28
1780131969134 0.7949999999999999 29
1780131969136 0.8300000000000001 30
1780131969138 0.8300000000000001 31
1780131969140 0.8099999999999999 32
1780131969142 0.72 33
1780131969144 0.8400000000000001 34
1780131969146 0.77 35
1780131969148 0.7749999999999998 36
1780131969150 0.7699999999999999 37
1780131969152 0.8799999999999999 38
1780131969154 0.825 39
1780131969156 0.76 40
1780131969158 0.835 41
1780131969160 0.835 42
1780131969162 0.795 43
1780131969164 0.785 44
1780131969166 0.86 45
1780131969168 0.9 46
1780131969170 0.8450000000000001 47
1780131969172 0.7000000000000001 48
1780131969174 0.835 49
1780131969176 0.8400000000000001 50
1780131969178 0.86 51
1780131969180 0.835 52
1780131969182 0.86 53
1780131969184 0.85 54
1780131969186 0.7849999999999999 55
1780131969188 0.8049999999999999 56
1780131969190 0.865 57
1780131969192 0.8549999999999999 58
1780131969194 0.825 59
1780131969196 0.8550000000000001 60
1780131969198 0.82 61
1780131969200 0.8150000000000001 62
1780131969202 0.795 63
1780131969204 0.845 64
1780131969206 0.8949999999999999 65
1780131969208 0.885 66
1780131969211 0.8300000000000001 67
1780131969213 0.8049999999999999 68
1780131969215 0.9049999999999999 69
1780131969217 0.845 70
1780131969219 0.8400000000000001 71
1780131969221 0.86 72
1780131969223 0.865 73
1780131969225 0.7849999999999999 74
1780131969227 0.8649999999999999 75
1780131969229 0.8649999999999999 76
1780131969231 0.8099999999999999 77
1780131969233 0.845 78
1780131969235 0.89 79
1780131969237 0.89 80
1780131969239 0.8800000000000001 81
1780131969241 0.82 82
1780131969243 0.865 83
1780131969245 0.865 84
1780131969247 0.8800000000000001 85
1780131969249 0.8799999999999999 86
1780131969251 0.905 87
1780131969253 0.825 88
1780131969255 0.885 89
1780131969257 0.865 90
1780131969259 0.865 91
1780131969261 0.885 92
1780131969263 0.875 93
1780131969265 0.835 94
1780131969267 0.885 95
1780131969270 0.875 96
1780131969272 0.845 97
1780131969274 0.865 98
1780131969276 0.8350000000000002 99
1780131969278 0.835 100
1780131969280 0.8699999999999999 101
1780131969282 0.845 102
1780131969284 0.8400000000000001 103
1780131969286 0.755 104
1780131969288 0.8800000000000001 105
1780131969290 0.8350000000000002 106
1780131969292 0.835 107
1780131969294 0.8850000000000001 108
1780131969296 0.825 109
1780131969298 0.86 110
1780131969300 0.8400000000000001 111
1780131969302 0.835 112
1780131969304 0.8850000000000001 113
1780131969306 0.8450000000000001 114
1780131969308 0.8450000000000001 115
1780131969310 0.8 116
1780131969312 0.8949999999999999 117
1780131969314 0.8949999999999999 118
1780131969316 0.885 119
1780131969318 0.8150000000000001 120
1780131969320 0.875 121
1780131969322 0.8949999999999999 122
1780131969324 0.865 123
1780131969326 0.8799999999999999 124
1780131969328 0.8099999999999999 125
1780131969331 0.865 126
1780131969333 0.8699999999999999 127
1780131969335 0.9099999999999999 128
1780131969337 0.8949999999999999 129
1780131969339 0.8699999999999999 130
1780131969341 0.8999999999999998 131
1780131969343 0.875 132
1780131969345 0.8799999999999999 133
1780131969347 0.905 134
1780131969349 0.8850000000000001 135
1780131969351 0.8949999999999999 136
1780131969353 0.85 137
1780131969355 0.835 138
1780131969357 0.845 139
1780131969359 0.8949999999999999 140
1780131969361 0.89 141
1780131969363 0.8899999999999999 142
1780131969365 0.915 143
1780131969367 0.8899999999999999 144
1780131969370 0.8049999999999999 145
1780131969372 0.9099999999999999 146
1780131969374 0.885 147
1780131969376 0.885 148
1780131969378 0.89 149
1780131969380 0.8600000000000001 150
1780131969382 0.7949999999999999 151
1780131969384 0.8300000000000001 152
1780131969386 0.905 153
1780131969388 0.8799999999999999 154
1780131969390 0.8749999999999998 155
1780131969393 0.9 156
1780131969395 0.915 157
1780131969397 0.8800000000000001 158
1780131969399 0.9299999999999999 159
1780131969401 0.9 160
1780131969403 0.9549999999999998 161
1780131969405 0.9149999999999998 162
1780131969408 0.9299999999999999 163
1780131969410 0.8950000000000001 164
1780131969412 0.8949999999999999 165
1780131969414 0.9 166
1780131969416 0.8800000000000001 167
1780131969418 0.9 168
1780131969420 0.885 169
1780131969422 0.9299999999999999 170
1780131969424 0.9299999999999999 171
1780131969426 0.9099999999999998 172
1780131969428 0.9099999999999999 173
1780131969430 0.96 174
1780131969432 0.9299999999999999 175
1780131969434 0.9099999999999999 176
1780131969436 0.93 177
1780131969438 0.9349999999999999 178
1780131969440 0.96 179
1780131969442 0.9349999999999999 180
1780131969444 0.9349999999999999 181
1780131969455 0.93 182
1780131969458 0.9349999999999999 183
1780131969460 0.885 184
1780131969462 0.9299999999999999 185
1780131969464 0.925 186
1780131969466 0.9149999999999998 187
1780131969468 0.9149999999999998 188
1780131969470 0.9299999999999999 189
1780131969472 0.9349999999999999 190
1780131969474 0.9199999999999999 191
1780131969477 0.9399999999999998 192
1780131969479 0.9049999999999999 193
1780131969481 0.8800000000000001 194
1780131969483 0.9199999999999999 195
1780131969485 0.9399999999999998 196
1780131969487 0.9650000000000001 197
1780131969489 0.9650000000000001 198
1780131969491 0.95 199
1780131969494 0.915 200
1780131969496 0.9099999999999998 201
1780131969498 0.9100000000000001 202
1780131969500 0.945 203
1780131969502 0.9400000000000001 204
1780131969504 0.9450000000000001 205
1780131969506 0.9649999999999999 206
1780131969508 0.9650000000000001 207
1780131969510 0.9349999999999999 208
1780131969512 0.9199999999999999 209
1780131969514 0.925 210
1780131969516 0.9499999999999998 211
1780131969518 0.8950000000000001 212
1780131969521 0.945 213
1780131969523 0.9099999999999999 214
1780131969525 0.9200000000000002 215
1780131969527 0.93 216
1780131969529 0.95 217
1780131969531 0.9349999999999999 218
1780131969533 0.975 219
1780131969535 0.9499999999999998 220
1780131969537 0.9299999999999999 221
1780131969539 0.9649999999999999 222
1780131969541 0.9400000000000001 223
1780131969543 0.9399999999999998 224
1780131969545 0.9400000000000001 225
1780131969547 0.945 226
1780131969550 0.945 227
1780131969552 0.9349999999999999 228
1780131969554 0.9649999999999999 229
1780131969556 0.9299999999999999 230
1780131969558 0.95 231
1780131969560 0.9199999999999999 232
1780131969562 0.8999999999999998 233
1780131969564 0.9299999999999999 234
1780131969566 0.9349999999999999 235
1780131969568 0.95 236
1780131969570 0.9 237
1780131969572 0.9299999999999999 238
1780131969575 0.915 239
1780131969577 0.96 240
1780131969579 0.9400000000000001 241
1780131969581 0.9449999999999997 242
1780131969583 0.9650000000000001 243
1780131969585 0.9399999999999998 244
1780131969587 0.9649999999999999 245
1780131969589 0.95 246
1780131969591 0.945 247
1780131969593 0.9400000000000001 248
1780131969595 0.975 249
1780131969597 0.95 250
1780131969599 0.9399999999999998 251
1780131969601 0.9599999999999997 252
1780131969603 0.96 253
1780131969605 0.8800000000000001 254
1780131969607 0.95 255
1780131969609 0.9549999999999998 256
1780131969611 0.93 257
1780131969613 0.9700000000000001 258
1780131969615 0.96 259
1780131969617 0.9400000000000001 260
1780131969619 0.9400000000000001 261
1780131969621 0.9499999999999998 262
1780131969623 0.915 263
1780131969625 0.945 264
1780131969627 0.95 265
1780131969629 0.95 266
1780131969631 0.9800000000000001 267
1780131969633 0.9799999999999999 268
1780131969635 0.9549999999999998 269
1780131969637 0.95 270
1780131969645 0.9650000000000001 271
1780131969647 0.9400000000000001 272
1780131969649 0.9450000000000001 273
1780131969651 0.915 274
1780131969653 0.95 275
1780131969655 0.9049999999999999 276
1780131969657 0.945 277
1780131969659 0.9499999999999998 278
1780131969661 0.9549999999999998 279
1780131969663 0.9 280
1780131969665 0.9049999999999999 281
1780131969667 0.945 282
1780131969669 0.9650000000000001 283
1780131969672 0.96 284
1780131969674 0.9549999999999998 285
1780131969676 0.97 286
1780131969678 0.95 287
1780131969680 0.9349999999999999 288
1780131969682 0.9800000000000001 289
1780131969684 0.945 290
1780131969686 0.9549999999999998 291
1780131969688 0.9549999999999998 292
1780131969690 0.945 293
1780131969692 0.9649999999999999 294
1780131969694 0.8949999999999999 295
1780131969696 0.9249999999999998 296
1780131969698 0.95 297
1780131969700 0.9799999999999999 298
1780131969702 0.925 299
1780131969704 0.9400000000000001 300
1780131969706 0.96 301
1780131969708 0.9649999999999999 302
1780131969710 0.95 303
1780131969712 0.9650000000000001 304
1780131969714 0.96 305
1780131969716 0.9 306
1780131969718 0.9599999999999997 307
1780131969720 0.93 308
1780131969722 0.9349999999999999 309
1780131969724 0.9499999999999998 310
1780131969726 0.9099999999999999 311
1780131969728 0.97 312
1780131969730 0.96 313
