1780134302806 0.0 0
1780134302809 0.09 1
1780134302811 0.255 2
1780134302814 0.29500000000000004 3
1780134302816 0.46499999999999997 4
1780134302819 0.59 5
1780134302821 0.67 6
1780134302824 0.65 7
1780134302826 0.8 8
1780134302829 0.7649999999999999 9
1780134302831 0.8200000000000001 10
1780134302833 0.82 11
1780134302836 0.8699999999999999 12
1780134302838 0.8150000000000001 13
1780134302841 0.8400000000000001 14
1780134302843 0.74 15
1780134302845 0.8699999999999999 16
1780134302848 0.86 17
1780134302850 0.865 18
1780134302853 0.8800000000000001 19
1780134302855 0.9200000000000002 20
1780134302857 0.9149999999999998 21
1780134302860 0.89 22
1780134302862 0.835 23
1780134302865 0.9349999999999999 24
1780134302867 0.9199999999999999 25
1780134302870 0.7950000000000002 26
1780134302872 0.905 27
1780134302874 0.925 28
1780134302877 0.845 29
1780134302879 0.885 30
1780134302882 0.8699999999999999 31
1780134302884 0.72 32
1780134302887 0.7550000000000001 33
1780134302889 0.8949999999999999 34
1780134302891 0.925 35
1780134302894 0.6849999999999999 36
1780134302896 0.885 37
1780134302899 0.915 38
1780134302901 0.5599999999999999 39
1780134302903 0.9549999999999998 40
1780134302906 0.8950000000000001 41
1780134302908 0.905 42
1780134302911 0.9149999999999998 43
1780134302913 0.885 44
1780134302916 0.825 45
1780134302918 0.795 46
1780134302920 0.93 47
1780134302923 0.9549999999999998 48
1780134302925 0.8800000000000001 49
1780134302928 0.9299999999999999 50
1780134302930 0.9099999999999999 51
1780134302932 0.9200000000000002 52
1780134302935 0.8850000000000001 53
1780134302937 0.8400000000000001 54
1780134302940 0.9099999999999999 55
1780134302942 0.875 56
1780134302945 0.8949999999999999 57
1780134302947 0.95 58
1780134302949 0.9199999999999999 59
1780134302952 0.9550000000000001 60
1780134302954 0.9249999999999998 61
1780134302957 0.9049999999999999 62
1780134302959 0.9349999999999999 63
1780134302961 0.925 64
1780134302964 0.8699999999999999 65
1780134302966 0.7899999999999999 66
1780134302969 0.925 67
1780134302971 0.89 68
1780134302974 0.925 69
1780134302976 0.9049999999999999 70
1780134302978 0.925 71
1780134302981 0.9299999999999999 72
1780134302983 0.93 73
1780134302986 0.9299999999999999 74
1780134302988 0.8649999999999999 75
1780134302990 0.9600000000000002 76
1780134302993 0.9549999999999998 77
1780134302995 0.9549999999999998 78
1780134302998 0.8699999999999999 79
1780134303000 0.9299999999999999 80
1780134303003 0.765 81
1780134303005 0.9149999999999998 82
1780134303007 0.9199999999999999 83
1780134303010 0.97 84
1780134303013 0.9 85
1780134303015 0.9149999999999998 86
1780134303018 0.9349999999999999 87
1780134303020 0.9 88
1780134303023 0.9399999999999998 89
1780134303025 0.93 90
1780134303027 0.905 91
1780134303030 0.9349999999999999 92
1780134303032 0.8150000000000001 93
1780134303035 0.765 94
1780134303037 0.8 95
1780134303039 0.9199999999999999 96
1780134303042 0.885 97
1780134303044 0.875 98
1780134303047 0.8800000000000001 99
1780134303049 0.9549999999999998 100
1780134303052 0.925 101
1780134303054 0.93 102
1780134303056 0.9 103
1780134303059 0.9700000000000001 104
1780134303061 0.915 105
1780134303064 0.9249999999999998 106
1780134303066 0.9199999999999999 107
1780134303068 0.9600000000000002 108
1780134303071 0.9499999999999998 109
1780134303073 0.9 110
1780134303076 0.905 111
1780134303078 0.9099999999999999 112
1780134303081 0.905 113
1780134303083 0.9399999999999998 114
1780134303085 0.95 115
1780134303088 0.8350000000000002 116
1780134303090 0.85 117
1780134303093 0.9499999999999998 118
1780134303095 0.9099999999999999 119
1780134303098 0.905 120
1780134303100 0.9199999999999999 121
1780134303102 0.9399999999999998 122
1780134303105 0.9550000000000001 123
1780134303107 0.9400000000000001 124
1780134303110 0.9099999999999999 125
1780134303112 0.8950000000000001 126
1780134303114 0.8949999999999999 127
1780134303117 0.945 128
1780134303119 0.89 129
1780134303122 0.8949999999999999 130
1780134303124 0.945 131
1780134303126 0.925 132
1780134303129 0.875 133
1780134303131 0.9349999999999999 134
1780134303134 0.95 135
1780134303136 0.86 136
1780134303139 0.9349999999999999 137
1780134303141 0.8400000000000001 138
1780134303143 0.9299999999999999 139
1780134303146 0.9549999999999998 140
1780134303148 0.905 141
1780134303151 0.8600000000000001 142
1780134303153 0.9199999999999999 143
1780134303155 0.93 144
1780134303158 0.845 145
1780134303160 0.9399999999999998 146
1780134303163 0.9399999999999998 147
1780134303165 0.9000000000000001 148
1780134303167 0.945 149
1780134303170 0.975 150
1780134303172 0.9349999999999999 151
1780134303175 0.96 152
1780134303177 0.7899999999999999 153
1780134303179 0.8149999999999998 154
1780134303182 0.9549999999999998 155
1780134303184 0.96 156
1780134303187 0.7100000000000001 157
1780134303189 0.9400000000000001 158
1780134303192 0.95 159
1780134303194 0.8300000000000001 160
1780134303196 0.9550000000000001 161
1780134303199 0.9550000000000001 162
1780134303201 0.9349999999999999 163
1780134303204 0.9349999999999999 164
1780134303206 0.97 165
1780134303208 0.96 166
1780134303211 0.9650000000000001 167
1780134303213 0.985 168
1780134303216 0.975 169
1780134303218 0.985 170
1780134303220 0.9349999999999999 171
1780134303223 0.8149999999999998 172
1780134303225 0.9550000000000001 173
1780134303228 0.9949999999999999 174
1780134303230 0.9550000000000001 175
1780134303232 0.9499999999999998 176
1780134303235 0.9049999999999999 177
1780134303237 0.9549999999999998 178
1780134303240 0.97 179
1780134303242 0.9550000000000001 180
1780134303245 0.975 181
1780134303248 0.9299999999999999 182
1780134303250 0.9700000000000001 183
1780134303253 0.9799999999999999 184
1780134303255 0.97 185
1780134303258 0.985 186
1780134303260 0.95 187
1780134303263 0.9650000000000001 188
1780134303265 0.9549999999999998 189
1780134303268 0.97 190
1780134303270 0.9649999999999999 191
1780134303273 0.97 192
1780134303275 0.95 193
1780134303278 0.97 194
1780134303280 0.925 195
1780134303283 0.97 196
1780134303285 0.96 197
1780134303287 0.945 198
1780134303290 0.9499999999999998 199
1780134303292 0.96 200
1780134303295 0.97 201
1780134303297 0.9700000000000001 202
1780134303299 0.905 203
1780134303302 0.97 204
1780134303304 0.9550000000000001 205
1780134303307 0.9799999999999999 206
1780134303309 0.8699999999999999 207
1780134303312 0.985 208
1780134303314 0.975 209
1780134303317 0.9800000000000001 210
1780134303319 0.9800000000000001 211
1780134303321 0.975 212
1780134303324 0.9650000000000001 213
1780134303326 0.95 214
1780134303329 0.97 215
1780134303331 0.9399999999999998 216
1780134303334 0.9599999999999997 217
1780134303336 0.99 218
1780134303339 0.975 219
1780134303341 0.97 220
1780134303344 0.99 221
1780134303346 0.96 222
1780134303348 0.975 223
1780134303351 0.975 224
1780134303353 0.96 225
1780134303356 0.9200000000000002 226
1780134303358 0.95 227
1780134303361 0.96 228
1780134303363 0.95 229
1780134303366 0.97 230
1780134303368 0.97 231
1780134303371 0.9549999999999998 232
1780134303373 0.9899999999999999 233
1780134303375 0.9499999999999998 234
1780134303378 0.97 235
1780134303380 0.9649999999999999 236
1780134303383 0.975 237
1780134303385 0.9650000000000001 238
1780134303388 0.95 239
1780134303390 0.97 240
1780134303393 0.9149999999999998 241
1780134303395 0.9799999999999999 242
1780134303398 0.9399999999999998 243
1780134303400 0.975 244
1780134303402 0.9799999999999999 245
1780134303405 0.96 246
1780134303407 0.9799999999999999 247
1780134303410 0.985 248
1780134303412 0.97 249
1780134303415 0.97 250
1780134303417 0.9299999999999999 251
1780134303420 0.97 252
1780134303422 0.9550000000000001 253
1780134303425 0.9800000000000001 254
1780134303427 0.985 255
1780134303429 0.9349999999999999 256
1780134303432 0.9549999999999998 257
1780134303434 0.9299999999999999 258
1780134303437 0.985 259
1780134303439 0.945 260
1780134303442 0.9799999999999999 261
1780134303444 0.985 262
1780134303446 0.96 263
1780134303449 0.9549999999999998 264
1780134303451 0.975 265
1780134303454 0.97 266
1780134303456 0.96 267
1780134303459 0.95 268
1780134303461 0.97 269
1780134303464 0.9649999999999999 270
1780134303466 0.975 271
1780134303478 0.9200000000000002 272
1780134303480 0.9650000000000001 273
1780134303483 0.985 274
1780134303485 0.9899999999999999 275
1780134303488 0.96 276
1780134303490 0.96 277
1780134303493 0.9649999999999999 278
1780134303495 0.8950000000000001 279
1780134303498 0.975 280
1780134303500 0.9650000000000001 281
1780134303502 0.9650000000000001 282
1780134303505 0.95 283
1780134303507 0.99 284
1780134303510 0.97 285
1780134303512 0.97 286
1780134303515 0.975 287
1780134303517 0.9800000000000001 288
1780134303520 0.97 289
1780134303522 0.96 290
1780134303524 0.945 291
1780134303527 0.9549999999999998 292
1780134303529 0.9549999999999998 293
1780134303532 0.975 294
1780134303535 0.8699999999999999 295
1780134303537 0.975 296
1780134303539 0.97 297
1780134303542 0.97 298
1780134303544 0.9550000000000001 299
1780134303547 0.9649999999999999 300
1780134303549 0.9800000000000001 301
1780134303551 0.9700000000000001 302
1780134303554 0.9049999999999999 303
1780134303556 0.9499999999999998 304
1780134303559 0.96 305
1780134303561 0.9700000000000001 306
1780134303564 0.96 307
1780134303566 0.9749999999999999 308
1780134303568 0.95 309
1780134303571 0.9649999999999999 310
1780134303573 0.9549999999999998 311
1780134303576 0.925 312
1780134303578 0.9649999999999999 313
