1780122533309 0.0 0
1780122533313 0.075 1
1780122533315 0.165 2
1780122533317 0.155 3
1780122533319 0.19 4
1780122533322 0.42 5
1780122533324 0.515 6
1780122533326 0.725 7
1780122533328 0.755 8
1780122533330 0.55 9
1780122533332 0.82 10
1780122533334 0.755 11
1780122533336 0.86 12
1780122533339 0.825 13
1780122533341 0.89 14
1780122533343 0.875 15
1780122533345 0.875 16
1780122533347 0.82 17
1780122533349 0.855 18
1780122533351 0.885 19
1780122533353 0.865 20
1780122533355 0.835 21
1780122533358 0.925 22
1780122533360 0.91 23
1780122533362 0.94 24
1780122533364 0.65 25
1780122533366 0.9 26
1780122533368 0.905 27
1780122533370 0.91 28
1780122533372 0.835 29
1780122533374 0.805 30
1780122533376 0.925 31
1780122533379 0.725 32
1780122533381 0.915 33
1780122533383 0.79 34
1780122533385 0.89 35
1780122533387 0.825 36
1780122533389 0.73 37
1780122533391 0.73 38
1780122533393 0.94 39
1780122533395 0.935 40
1780122533398 0.85 41
1780122533400 0.495 42
1780122533402 0.91 43
1780122533404 0.905 44
1780122533406 0.73 45
1780122533408 0.92 46
1780122533410 0.87 47
1780122533412 0.895 48
1780122533415 0.775 49
1780122533417 0.555 50
1780122533419 0.865 51
1780122533421 0.9 52
1780122533423 0.765 53
1780122533425 0.92 54
1780122533427 0.86 55
1780122533429 0.935 56
1780122533431 0.905 57
1780122533433 0.81 58
1780122533435 0.95 59
1780122533438 0.91 60
1780122533440 0.855 61
1780122533442 0.81 62
1780122533444 0.93 63
1780122533446 0.865 64
1780122533448 0.9 65
1780122533450 0.88 66
1780122533452 0.75 67
1780122533454 0.915 68
1780122533456 0.93 69
1780122533458 0.925 70
1780122533460 0.935 71
1780122533462 0.925 72
1780122533465 0.945 73
1780122533467 0.885 74
1780122533469 0.915 75
1780122533471 0.95 76
1780122533473 0.94 77
1780122533475 0.875 78
1780122533477 0.95 79
1780122533479 0.93 80
1780122533481 0.895 81
1780122533483 0.86 82
1780122533485 0.67 83
1780122533488 0.925 84
1780122533490 0.865 85
1780122533492 0.855 86
1780122533494 0.785 87
1780122533496 0.845 88
1780122533498 0.885 89
1780122533500 0.905 90
1780122533502 0.955 91
1780122533504 0.855 92
1780122533506 0.89 93
1780122533508 0.83 94
1780122533511 0.94 95
1780122533513 0.93 96
1780122533515 0.87 97
1780122533517 0.91 98
1780122533519 0.945 99
1780122533521 0.93 100
1780122533523 0.775 101
1780122533525 0.91 102
1780122533527 0.9 103
1780122533529 0.93 104
1780122533531 0.79 105
1780122533533 0.945 106
1780122533535 0.95 107
1780122533538 0.93 108
1780122533540 0.945 109
1780122533542 0.945 110
1780122533544 0.945 111
1780122533546 0.875 112
1780122533548 0.82 113
1780122533550 0.925 114
1780122533552 0.965 115
1780122533554 0.965 116
1780122533556 0.975 117
1780122533558 0.91 118
1780122533560 0.895 119
1780122533563 0.9 120
1780122533565 0.935 121
1780122533567 0.87 122
1780122533569 0.915 123
1780122533571 0.885 124
1780122533573 0.91 125
1780122533575 0.895 126
1780122533577 0.88 127
1780122533579 0.895 128
1780122533581 0.905 129
1780122533583 0.905 130
1780122533585 0.885 131
1780122533587 0.925 132
1780122533589 0.93 133
1780122533591 0.905 134
1780122533594 0.68 135
1780122533596 0.91 136
1780122533598 0.945 137
1780122533600 0.95 138
1780122533602 0.92 139
1780122533604 0.93 140
1780122533606 0.94 141
1780122533608 0.945 142
1780122533610 0.905 143
1780122533612 0.92 144
1780122533614 0.9 145
1780122533617 0.945 146
1780122533619 0.955 147
1780122533621 0.94 148
1780122533623 0.865 149
1780122533625 0.92 150
1780122533627 0.945 151
1780122533629 0.955 152
1780122533632 0.975 153
1780122533634 0.94 154
1780122533636 0.84 155
1780122533638 0.95 156
1780122533640 0.895 157
1780122533642 0.98 158
1780122533644 0.98 159
1780122533646 0.98 160
1780122533648 0.965 161
1780122533651 0.965 162
1780122533653 0.975 163
1780122533655 0.945 164
1780122533657 0.965 165
1780122533659 0.98 166
1780122533661 0.97 167
1780122533664 0.96 168
1780122533666 0.95 169
1780122533668 0.97 170
1780122533670 0.835 171
1780122533672 0.93 172
1780122533674 0.97 173
1780122533676 0.95 174
1780122533678 0.92 175
1780122533681 0.955 176
1780122533683 0.98 177
1780122533685 0.96 178
1780122533687 0.97 179
1780122533689 0.965 180
1780122533691 0.955 181
1780122533693 0.94 182
1780122533695 0.81 183
1780122533698 0.94 184
1780122533700 0.945 185
1780122533702 0.91 186
1780122533704 0.955 187
1780122533706 0.97 188
1780122533708 0.985 189
1780122533710 0.945 190
1780122533713 0.95 191
1780122533715 0.96 192
1780122533717 0.975 193
1780122533719 0.92 194
1780122533721 0.955 195
1780122533723 0.95 196
1780122533725 0.98 197
1780122533727 0.96 198
1780122533730 0.955 199
1780122533732 0.945 200
1780122533734 0.96 201
1780122533736 0.995 202
1780122533738 0.965 203
1780122533741 0.97 204
1780122533743 0.91 205
1780122533745 0.92 206
1780122533747 0.96 207
1780122533749 0.97 208
1780122533751 0.96 209
1780122533754 0.89 210
1780122533756 0.985 211
1780122533758 0.98 212
1780122533760 0.965 213
1780122533762 0.975 214
1780122533764 0.98 215
1780122533766 0.955 216
1780122533768 0.985 217
1780122533771 0.925 218
1780122533773 0.995 219
1780122533775 0.94 220
1780122533777 0.975 221
1780122533779 0.95 222
1780122533781 0.865 223
1780122533783 0.955 224
1780122533785 0.975 225
1780122533788 0.96 226
1780122533790 0.98 227
1780122533792 0.95 228
1780122533794 0.96 229
1780122533796 0.965 230
1780122533798 0.905 231
1780122533800 0.96 232
1780122533803 0.95 233
1780122533805 0.945 234
1780122533807 0.945 235
1780122533809 0.975 236
1780122533811 0.975 237
1780122533813 0.99 238
1780122533815 0.98 239
1780122533817 0.98 240
1780122533819 0.965 241
1780122533821 0.955 242
1780122533823 0.865 243
1780122533826 0.84 244
1780122533828 0.965 245
1780122533830 0.97 246
1780122533832 0.975 247
1780122533834 0.93 248
1780122533836 0.925 249
1780122533838 0.97 250
1780122533840 0.98 251
1780122533843 0.98 252
1780122533845 0.96 253
1780122533847 0.975 254
1780122533849 0.98 255
1780122533851 0.98 256
1780122533854 0.96 257
1780122533856 0.94 258
1780122533858 0.95 259
1780122533860 0.935 260
1780122533862 0.94 261
1780122533864 0.925 262
1780122533866 0.97 263
1780122533869 0.96 264
1780122533871 0.97 265
1780122533873 0.96 266
1780122533875 0.96 267
1780122533877 0.96 268
1780122533879 0.975 269
1780122533881 0.985 270
1780122533884 0.975 271
1780122533886 0.96 272
1780122533888 0.98 273
1780122533890 0.975 274
1780122533892 0.97 275
1780122533894 0.955 276
1780122533896 0.98 277
1780122533898 0.99 278
1780122533901 0.97 279
1780122533903 0.99 280
1780122533905 0.995 281
1780122533907 0.975 282
1780122533909 0.985 283
1780122533911 0.895 284
1780122533913 0.935 285
1780122533915 0.985 286
1780122533917 0.97 287
1780122533919 0.955 288
1780122533921 0.9 289
1780122533924 0.96 290
1780122533926 0.97 291
1780122533928 0.965 292
1780122533930 0.975 293
1780122533932 0.98 294
1780122533934 0.985 295
1780122533936 0.975 296
1780122533938 0.975 297
1780122533940 0.91 298
1780122533942 0.94 299
1780122533944 0.965 300
1780122533947 0.96 301
1780122533949 0.89 302
1780122533951 0.97 303
1780122533953 0.99 304
1780122533955 0.985 305
1780122533957 0.98 306
1780122533959 0.91 307
1780122533961 0.97 308
1780122533963 0.97 309
1780122533965 0.98 310
1780122533967 0.995 311
1780122533969 0.945 312
1780122533972 0.99 313
