1780527993943 0.0 0
1780527993945 0.026577247888723298 1
1780527993946 0.11620830150241915 2
1780527993948 0.1037922077922078 3
1780527993949 0.1528295297648426 4
1780527993951 0.11961643880853312 5
1780527993952 0.11189493145678271 6
1780527993954 0.17565205410002288 7
1780527993955 0.18310252916651676 8
1780527993957 0.30525570199677104 9
1780527993959 0.195751971302572 10
1780527993960 0.14582234777150033 11
1780527993962 0.0962454688168974 12
1780527993963 0.2198259469821561 13
1780527993965 0.1308956658888601 14
1780527993966 0.18030480205118202 15
1780527993968 0.2944790972992971 16
1780527993969 0.2473206080396489 17
1780527993971 0.27823925287385587 18
1780527993972 0.19967873303167422 19
1780527993974 0.11234006388120507 20
1780527993975 0.2545118075948279 21
1780527993977 0.1730962768886087 22
1780527993979 0.18521915046211718 23
1780527993980 0.15467438014802765 24
1780527993982 0.24017746268653709 25
1780527993983 0.2050814459412044 26
1780527993985 0.10095486638964898 27
1780527993986 0.1523660832628088 28
1780527993988 0.12351366687825802 29
1780527993989 0.27918406217585423 30
1780527993991 0.26135181847138367 31
1780527993992 0.3003158697745139 32
1780527993994 0.14249646539492225 33
1780527993995 0.21400001458871318 34
1780527993997 0.2619748802323037 35
1780527993998 0.27784196570347847 36
1780527994000 0.26028368710738153 37
1780527994002 0.2515176868751349 38
1780527994003 0.20033890560974726 39
1780527994005 0.24264530167020504 40
1780527994006 0.17290584454450003 41
1780527994008 0.17871225193323417 42
1780527994009 0.17295934881728967 43
1780527994011 0.28308128470602534 44
1780527994012 0.22725889481363856 45
1780527994014 0.1059837910440689 46
1780527994015 0.2603227718224812 47
1780527994017 0.224192653919913 48
1780527994018 0.29521400615500626 49
1780527994020 0.354422425159426 50
1780527994022 0.2568170331536384 51
1780527994023 0.2330722819201521 52
1780527994025 0.2241554888152703 53
1780527994026 0.24991479574812908 54
1780527994028 0.27736701509872247 55
1780527994029 0.26093618456301515 56
1780527994031 0.1628713655642127 57
1780527994032 0.24182591382258098 58
1780527994034 0.2850092069282607 59
1780527994035 0.24173055826665313 60
1780527994037 0.31878958976211447 61
1780527994038 0.3351861871190521 62
1780527994040 0.30094961261410813 63
1780527994042 0.22523231264980872 64
1780527994043 0.1382007401300743 65
1780527994045 0.24644890953431933 66
1780527994046 0.20822255554106342 67
1780527994048 0.29157256286941446 68
1780527994049 0.1979931475311502 69
1780527994051 0.3350147754137116 70
1780527994052 0.3161232690025259 71
1780527994054 0.20985053093348024 72
1780527994055 0.250320659543564 73
1780527994057 0.35602854815797064 74
1780527994058 0.2991439804798536 75
1780527994068 0.32911189449198136 76
1780527994069 0.3334627594627594 77
1780527994071 0.2636434739664003 78
1780527994073 0.23645359427601473 79
1780527994074 0.33628944409575856 80
1780527994076 0.374244668267998 81
1780527994077 0.18210397871523193 82
1780527994079 0.293117385325136 83
1780527994080 0.3710270444850214 84
1780527994082 0.19376680911794722 85
1780527994083 0.23538017343651146 86
1780527994085 0.1591810187343303 87
1780527994086 0.22815790101398417 88
1780527994088 0.14365547995233152 89
1780527994089 0.29019262289450454 90
1780527994091 0.2891108444987755 91
1780527994093 0.36395004039186873 92
1780527994094 0.28075096946064687 93
1780527994096 0.2524245321470404 94
1780527994097 0.1495813365378583 95
1780527994099 0.2208580941110677 96
1780527994100 0.3001975417888151 97
1780527994102 0.30437976184002846 98
1780527994103 0.25265549621722483 99
1780527994105 0.3363693621851517 100
1780527994106 0.30628069765393706 101
1780527994108 0.20134173617879583 102
1780527994109 0.29834566848511257 103
1780527994111 0.3250851721701327 104
1780527994112 0.29201074670525184 105
1780527994114 0.27138667389344595 106
1780527994115 0.22853079816219254 107
1780527994117 0.3371132198205128 108
1780527994119 0.37091585137972294 109
1780527994120 0.3206399535514877 110
1780527994122 0.3117657695140533 111
1780527994123 0.321029565696267 112
1780527994125 0.3007466385797853 113
1780527994126 0.3016616443665624 114
1780527994128 0.2648597136277446 115
1780527994129 0.32178852345407727 116
1780527994131 0.33769135276488216 117
1780527994133 0.17857993827337657 118
1780527994134 0.29413917766501907 119
1780527994136 0.3447622831436111 120
1780527994137 0.3260869737006413 121
1780527994139 0.3493568834841369 122
1780527994140 0.3052809444464423 123
1780527994142 0.35796238277099507 124
1780527994143 0.2913029239173404 125
1780527994145 0.2748659227925675 126
1780527994146 0.2560858724608725 127
1780527994148 0.29644728727436637 128
1780527994149 0.33966526769068384 129
1780527994151 0.2987331087582858 130
1780527994152 0.3100488016995205 131
1780527994154 0.23620826344666662 132
1780527994155 0.2746835865842193 133
1780527994157 0.2317143291759532 134
1780527994159 0.30890856455372584 135
1780527994160 0.19601198586966492 136
1780527994171 0.15230772111459673 137
1780527994173 0.3696323249073088 138
1780527994174 0.2203872923733435 139
1780527994176 0.3017510665851978 140
1780527994177 0.3340082409530882 141
1780527994179 0.35158097610432076 142
1780527994180 0.3161653720795822 143
1780527994182 0.3400758886114078 144
1780527994183 0.3269506197035217 145
1780527994185 0.23441435219267856 146
1780527994186 0.3480592332282261 147
1780527994188 0.3321146853510108 148
1780527994189 0.34136989081264024 149
1780527994191 0.3786161792888873 150
1780527994193 0.3561922481113658 151
1780527994194 0.3055335171723189 152
1780527994196 0.1783059514066728 153
1780527994197 0.3190391969438866 154
1780527994199 0.3310288714719556 155
1780527994200 0.35590550445927693 156
1780527994202 0.2721588021959323 157
1780527994203 0.2824652559557035 158
1780527994205 0.3272620362208328 159
1780527994206 0.2888783266365501 160
1780527994208 0.2840633992633529 161
1780527994209 0.2393996096415451 162
1780527994211 0.29803926678400905 163
1780527994212 0.21820185043714457 164
1780527994214 0.20899085101581738 165
1780527994216 0.25972804481119954 166
1780527994217 0.3445392411993513 167
1780527994219 0.22293278616808027 168
1780527994220 0.3018292048613747 169
1780527994222 0.2982261584909061 170
1780527994223 0.32471721961527156 171
1780527994225 0.319700335585558 172
1780527994227 0.31502944253121284 173
1780527994228 0.27905260495034007 174
1780527994230 0.2431759949196231 175
1780527994231 0.31899552701310896 176
1780527994233 0.29439391012413324 177
1780527994234 0.33403028648159294 178
1780527994236 0.2981849950603671 179
1780527994237 0.19726735372235793 180
1780527994239 0.30437227222277075 181
1780527994241 0.20774177373923716 182
1780527994242 0.24062389394240777 183
1780527994244 0.2166671881862099 184
1780527994245 0.28664930766949 185
1780527994247 0.2281986095315726 186
1780527994248 0.3581300169364686 187
1780527994250 0.27893114090971466 188
1780527994251 0.29493025760545233 189
1780527994253 0.19122232005282852 190
1780527994254 0.3510472603417688 191
1780527994256 0.23815026943308965 192
1780527994257 0.27601024387764495 193
1780527994259 0.3119563663791257 194
1780527994260 0.31722514069770014 195
1780527994262 0.3060716613593851 196
1780527994264 0.3565111121538119 197
1780527994265 0.29492677972083786 198
1780527994267 0.30266416677707003 199
1780527994268 0.3110816458374258 200
1780527994270 0.31661796743949305 201
1780527994271 0.29334053147959227 202
1780527994273 0.31463488340512225 203
1780527994274 0.31992541667374064 204
1780527994276 0.3001692719555439 205
1780527994277 0.3355430235818524 206
1780527994279 0.3436482188438298 207
1780527994280 0.3570917336405951 208
1780527994282 0.1552939357679163 209
1780527994283 0.3082870919360297 210
1780527994285 0.1789191882286511 211
1780527994286 0.3147646982646982 212
1780527994288 0.30567818128133406 213
1780527994290 0.2717948059002061 214
1780527994291 0.3273329098745058 215
1780527994293 0.18911328179770243 216
1780527994294 0.3300568993663623 217
1780527994296 0.35912451098918796 218
1780527994297 0.1812102032835215 219
1780527994299 0.29898100543968237 220
1780527994300 0.2536964874839366 221
1780527994302 0.3595676153197919 222
1780527994303 0.24694755412746416 223
1780527994305 0.30762164732113584 224
1780527994306 0.3083944339176712 225
1780527994308 0.30923332289898997 226
1780527994309 0.3759340652171334 227
1780527994311 0.3223130862036732 228
1780527994313 0.33096483959981415 229
1780527994314 0.31786128181851037 230
1780527994316 0.25440594910372216 231
1780527994317 0.31337808256642924 232
1780527994319 0.39048172617284244 233
1780527994320 0.258543163921752 234
1780527994322 0.25372815427379325 235
1780527994323 0.34650739778107226 236
1780527994325 0.29364585818993116 237
1780527994327 0.32317568157993015 238
1780527994328 0.4126080724687536 239
1780527994330 0.19102611865903332 240
1780527994331 0.2544838806326807 241
1780527994333 0.1793736106629314 242
1780527994334 0.33367423081493486 243
1780527994336 0.17050817539947974 244
1780527994337 0.2692651107265649 245
1780527994339 0.2616003678246241 246
1780527994345 0.3488516188112963 247
1780527994347 0.19921145107480515 248
1780527994348 0.35471595882307994 249
1780527994350 0.33141757971278235 250
1780527994351 0.2956728079336862 251
1780527994353 0.3472922231108264 252
1780527994354 0.3254836481963212 253
1780527994356 0.320803607739778 254
1780527994358 0.3559682250940247 255
1780527994359 0.32965673225812064 256
1780527994361 0.37276736724601667 257
1780527994362 0.24294502737253515 258
1780527994364 0.25538864464337213 259
1780527994365 0.29045589859348514 260
1780527994367 0.2858306878306878 261
1780527994368 0.292890900814439 262
1780527994370 0.36562313334799396 263
1780527994371 0.36717477571505036 264
1780527994373 0.34267901767901765 265
1780527994374 0.3421078684742731 266
1780527994376 0.26327699233318774 267
1780527994377 0.27165287303218333 268
1780527994379 0.31444551228960055 269
1780527994380 0.30109871853268205 270
1780527994382 0.3681001630789783 271
1780527994384 0.3379339291127468 272
1780527994385 0.2850386580205343 273
1780527994387 0.29182704172849694 274
1780527994388 0.33251517024955657 275
1780527994390 0.37266195285251547 276
1780527994391 0.3535238238282471 277
1780527994393 0.39639879319780874 278
1780527994394 0.3168428463628997 279
1780527994396 0.31218891554179434 280
1780527994397 0.3806204812169088 281
1780527994399 0.362319226778396 282
1780527994400 0.41504850621789735 283
1780527994402 0.25368217492340916 284
1780527994403 0.2585799607692457 285
1780527994405 0.3568206984479139 286
1780527994407 0.3266875696515165 287
1780527994408 0.35680754490254174 288
1780527994410 0.25459747535377786 289
1780527994411 0.3183864765978309 290
1780527994413 0.2945058054875099 291
1780527994414 0.2659817165102777 292
1780527994416 0.3864462887921968 293
1780527994417 0.2872848055123119 294
1780527994419 0.38783094098883575 295
1780527994420 0.3857342424307899 296
1780527994422 0.2935383384491415 297
1780527994423 0.3472365763884526 298
