1780108563064 0.0 0
1780108563066 0.11000000000000001 1
1780108563068 0.195 2
1780108563069 0.31500000000000006 3
1780108563071 0.4050000000000001 4
1780108563073 0.35000000000000003 5
1780108563074 0.41500000000000004 6
1780108563076 0.39 7
1780108563078 0.39 8
1780108563079 0.445 9
1780108563081 0.425 10
1780108563082 0.495 11
1780108563084 0.445 12
1780108563086 0.42000000000000004 13
1780108563087 0.39499999999999996 14
1780108563089 0.4050000000000001 15
1780108563090 0.5549999999999999 16
1780108563092 0.5599999999999999 17
1780108563094 0.5250000000000001 18
1780108563095 0.5399999999999999 19
1780108563097 0.465 20
1780108563099 0.54 21
1780108563100 0.555 22
1780108563102 0.5549999999999999 23
1780108563103 0.525 24
1780108563105 0.525 25
1780108563107 0.535 26
1780108563108 0.5799999999999998 27
1780108563110 0.555 28
1780108563112 0.6199999999999999 29
1780108563113 0.53 30
1780108563115 0.5850000000000001 31
1780108563116 0.605 32
1780108563118 0.56 33
1780108563120 0.6249999999999999 34
1780108563121 0.675 35
1780108563123 0.605 36
1780108563125 0.6 37
1780108563126 0.64 38
1780108563128 0.625 39
1780108563130 0.6799999999999999 40
1780108563131 0.6249999999999999 41
1780108563133 0.675 42
1780108563134 0.655 43
1780108563136 0.7000000000000001 44
1780108563138 0.565 45
1780108563139 0.645 46
1780108563141 0.6900000000000001 47
1780108563143 0.655 48
1780108563144 0.7000000000000001 49
1780108563146 0.6849999999999999 50
1780108563147 0.7150000000000001 51
1780108563149 0.715 52
1780108563151 0.7 53
1780108563152 0.655 54
1780108563154 0.6799999999999999 55
1780108563156 0.74 56
1780108563157 0.7699999999999999 57
1780108563159 0.76 58
1780108563161 0.72 59
1780108563162 0.75 60
1780108563164 0.655 61
1780108563165 0.72 62
1780108563167 0.74 63
1780108563169 0.75 64
1780108563170 0.745 65
1780108563172 0.72 66
1780108563174 0.6900000000000001 67
1780108563175 0.75 68
1780108563177 0.7299999999999999 69
1780108563178 0.735 70
1780108563180 0.78 71
1780108563182 0.7849999999999999 72
1780108563183 0.7449999999999999 73
1780108563185 0.705 74
1780108563187 0.795 75
1780108563188 0.6950000000000001 76
1780108563190 0.8099999999999999 77
1780108563191 0.7899999999999999 78
1780108563193 0.795 79
1780108563195 0.795 80
1780108563196 0.74 81
1780108563198 0.7699999999999999 82
1780108563200 0.8400000000000001 83
1780108563201 0.795 84
1780108563203 0.8299999999999998 85
1780108563205 0.8049999999999999 86
1780108563207 0.79 87
1780108563208 0.765 88
1780108563210 0.805 89
1780108563212 0.8300000000000001 90
1780108563213 0.775 91
1780108563215 0.805 92
1780108563217 0.76 93
1780108563219 0.79 94
1780108563220 0.775 95
1780108563222 0.8399999999999999 96
1780108563224 0.765 97
1780108563225 0.805 98
1780108563227 0.8300000000000001 99
1780108563228 0.7949999999999999 100
1780108563230 0.8549999999999999 101
1780108563232 0.79 102
1780108563233 0.825 103
1780108563235 0.7999999999999999 104
1780108563237 0.77 105
1780108563238 0.82 106
1780108563240 0.82 107
1780108563242 0.8700000000000001 108
1780108563244 0.8099999999999999 109
1780108563245 0.825 110
1780108563247 0.8300000000000001 111
1780108563248 0.8150000000000001 112
1780108563250 0.7949999999999999 113
1780108563252 0.835 114
1780108563253 0.8100000000000002 115
1780108563255 0.8399999999999999 116
1780108563257 0.845 117
1780108563258 0.8099999999999999 118
1780108563260 0.8 119
1780108563261 0.8550000000000001 120
1780108563263 0.7750000000000001 121
1780108563265 0.845 122
1780108563266 0.85 123
1780108563268 0.865 124
1780108563269 0.8550000000000001 125
1780108563271 0.85 126
1780108563273 0.835 127
1780108563274 0.825 128
1780108563276 0.8 129
1780108563277 0.8699999999999999 130
1780108563279 0.8400000000000001 131
1780108563281 0.8949999999999999 132
1780108563282 0.7799999999999999 133
1780108563284 0.86 134
1780108563286 0.86 135
1780108563287 0.8099999999999999 136
1780108563289 0.845 137
1780108563290 0.8099999999999999 138
1780108563292 0.8300000000000001 139
1780108563294 0.8949999999999999 140
1780108563295 0.805 141
1780108563297 0.8 142
1780108563298 0.8550000000000001 143
1780108563300 0.85 144
1780108563302 0.875 145
1780108563303 0.82 146
1780108563305 0.8699999999999999 147
1780108563306 0.85 148
1780108563308 0.8699999999999999 149
1780108563310 0.7999999999999999 150
1780108563311 0.8550000000000001 151
1780108563313 0.86 152
1780108563315 0.85 153
1780108563316 0.85 154
1780108563318 0.865 155
1780108563319 0.9 156
1780108563321 0.8699999999999999 157
1780108563323 0.8550000000000001 158
1780108563325 0.8949999999999999 159
1780108563326 0.9200000000000002 160
1780108563328 0.9099999999999999 161
1780108563329 0.9599999999999997 162
1780108563331 0.865 163
1780108563333 0.9099999999999999 164
1780108563334 0.8900000000000002 165
1780108563336 0.8800000000000001 166
1780108563337 0.9099999999999999 167
1780108563339 0.9199999999999999 168
1780108563341 0.9199999999999999 169
1780108563343 0.9399999999999998 170
1780108563344 0.845 171
1780108563346 0.8699999999999999 172
1780108563347 0.9099999999999999 173
1780108563349 0.9399999999999998 174
1780108563351 0.915 175
1780108563352 0.8850000000000001 176
1780108563354 0.8950000000000001 177
1780108563356 0.9099999999999999 178
1780108563357 0.9149999999999998 179
1780108563359 0.9349999999999999 180
1780108563360 0.9350000000000002 181
1780108563362 0.9099999999999999 182
1780108563364 0.9199999999999999 183
1780108563365 0.925 184
1780108563367 0.925 185
1780108563368 0.9099999999999999 186
1780108563370 0.8949999999999999 187
1780108563372 0.9100000000000001 188
1780108563373 0.9 189
1780108563375 0.925 190
1780108563377 0.9499999999999998 191
1780108563378 0.9349999999999998 192
1780108563380 0.9199999999999999 193
1780108563382 0.9350000000000002 194
1780108563383 0.9000000000000001 195
1780108563385 0.9099999999999999 196
1780108563386 0.9 197
1780108563388 0.885 198
1780108563390 0.925 199
1780108563391 0.86 200
1780108563393 0.9199999999999999 201
1780108563395 0.9099999999999999 202
1780108563396 0.9400000000000001 203
1780108563398 0.925 204
1780108563399 0.945 205
1780108563401 0.9199999999999999 206
1780108563403 0.95 207
1780108563404 0.9399999999999998 208
1780108563406 0.95 209
1780108563407 0.9200000000000002 210
1780108563409 0.9550000000000001 211
1780108563411 0.945 212
1780108563412 0.9299999999999999 213
1780108563414 0.8949999999999999 214
1780108563416 0.9199999999999999 215
1780108563417 0.9200000000000002 216
1780108563419 0.925 217
1780108563420 0.9199999999999999 218
1780108563422 0.93 219
1780108563424 0.89 220
1780108563425 0.945 221
1780108563427 0.9299999999999999 222
1780108563429 0.9200000000000002 223
1780108563430 0.95 224
1780108563432 0.9399999999999998 225
1780108563433 0.915 226
1780108563435 0.925 227
1780108563437 0.945 228
1780108563438 0.915 229
1780108563440 0.95 230
1780108563441 0.945 231
1780108563443 0.9049999999999999 232
1780108563445 0.915 233
1780108563446 0.89 234
1780108563448 0.9 235
1780108563449 0.8899999999999999 236
1780108563451 0.875 237
1780108563453 0.96 238
1780108563454 0.925 239
1780108563456 0.9349999999999999 240
1780108563458 0.9549999999999998 241
1780108563459 0.9349999999999999 242
1780108563461 0.945 243
1780108563462 0.9199999999999997 244
1780108563464 0.9549999999999998 245
1780108563466 0.89 246
1780108563467 0.9400000000000001 247
1780108563469 0.96 248
1780108563470 0.945 249
1780108563472 0.915 250
1780108563474 0.95 251
1780108563475 0.945 252
1780108563477 0.9549999999999998 253
1780108563478 0.9400000000000001 254
1780108563480 0.97 255
1780108563482 0.945 256
1780108563483 0.93 257
1780108563485 0.9399999999999998 258
1780108563487 0.97 259
1780108563488 0.8799999999999999 260
1780108563490 0.9399999999999998 261
1780108563492 0.9049999999999999 262
1780108563493 0.9199999999999999 263
1780108563495 0.915 264
1780108563496 0.9099999999999999 265
1780108563498 0.9649999999999999 266
1780108563500 0.945 267
1780108563501 0.9200000000000002 268
1780108563503 0.9200000000000002 269
1780108563505 0.9199999999999999 270
1780108563506 0.925 271
1780108563508 0.93 272
1780108563509 0.9199999999999999 273
1780108563511 0.95 274
1780108563513 0.95 275
1780108563514 0.9349999999999999 276
1780108563516 0.915 277
1780108563517 0.9400000000000001 278
1780108563519 0.96 279
1780108563521 0.9149999999999998 280
1780108563522 0.945 281
1780108563524 0.9299999999999999 282
1780108563525 0.945 283
1780108563527 0.9399999999999998 284
1780108563529 0.9349999999999999 285
1780108563530 0.96 286
1780108563532 0.93 287
1780108563533 0.9400000000000001 288
1780108563535 0.9499999999999998 289
1780108563537 0.925 290
1780108563538 0.9550000000000001 291
1780108563540 0.9099999999999998 292
1780108563542 0.925 293
1780108563543 0.8949999999999999 294
1780108563545 0.9400000000000001 295
1780108563546 0.9550000000000001 296
1780108563548 0.9349999999999999 297
1780108563550 0.9 298
1780108563551 0.9199999999999999 299
1780108563553 0.95 300
1780108563555 0.95 301
1780108563556 0.95 302
1780108563558 0.9199999999999999 303
1780108563560 0.95 304
1780108563561 0.945 305
1780108563563 0.95 306
1780108563565 0.9349999999999999 307
1780108563566 0.9550000000000001 308
1780108563568 0.945 309
1780108563569 0.9149999999999998 310
1780108563571 0.9349999999999999 311
1780108563573 0.9349999999999999 312
1780108563574 0.9550000000000001 313
