1780116433248 0.0 0
1780116433250 0.07719298245614034 1
1780116433252 0.3916666666666667 2
1780116433254 0.5418460012210012 3
1780116433256 0.5098697054579407 4
1780116433258 0.5285862230827906 5
1780116433260 0.7009975626309566 6
1780116433262 0.6951885804254225 7
1780116433264 0.40925328025947216 8
1780116433266 0.5868153153153153 9
1780116433268 0.5071253384296862 10
1780116433269 0.7398252974415765 11
1780116433271 0.699568185697218 12
1780116433273 0.7078638269942619 13
1780116433275 0.6902849923998639 14
1780116433277 0.6782436273610857 15
1780116433279 0.7950628130039894 16
1780116433281 0.8202402787271208 17
1780116433283 0.6637682892043357 18
1780116433285 0.6697271166531128 19
1780116433287 0.6554021340977862 20
1780116433289 0.67442408847597 21
1780116433290 0.8263058377138334 22
1780116433292 0.6738369641232733 23
1780116433294 0.7663788211239052 24
1780116433296 0.7391237451918566 25
1780116433298 0.8473267159994847 26
1780116433300 0.6844558942106111 27
1780116433302 0.735958108504388 28
1780116433304 0.7677989090372991 29
1780116433306 0.7958904837852206 30
1780116433307 0.8199611791717054 31
1780116433309 0.7962264824958323 32
1780116433311 0.8312221646350999 33
1780116433313 0.8888017598343685 34
1780116433315 0.8354237509672293 35
1780116433317 0.8701007081598519 36
1780116433319 0.732692569228677 37
1780116433321 0.8684489693313223 38
1780116433323 0.8112683982683982 39
1780116433324 0.7934579309579309 40
1780116433326 0.8838871465651652 41
1780116433328 0.8394070068218674 42
1780116433330 0.7794065285437543 43
1780116433332 0.8809526420905138 44
1780116433334 0.8143911453154775 45
1780116433336 0.8452439522719842 46
1780116433338 0.7054902042402043 47
1780116433341 0.8772120693316345 48
1780116433343 0.8479459700191407 49
1780116433344 0.8510135800731776 50
1780116433346 0.8659179454390452 51
1780116433348 0.8326886066770536 52
1780116433350 0.6862541380188439 53
1780116433352 0.7127549643339117 54
1780116433354 0.8655979783217633 55
1780116433356 0.8660326608973803 56
1780116433358 0.8520852130325813 57
1780116433360 0.8797703745529833 58
1780116433362 0.9022755446308078 59
1780116433364 0.8712898212898212 60
1780116433366 0.8415856174476863 61
1780116433367 0.8684630274874177 62
1780116433369 0.8661801832060453 63
1780116433371 0.885690898368917 64
1780116433373 0.9071408593948638 65
1780116433375 0.9049114703852554 66
1780116433377 0.8035429289414109 67
1780116433379 0.8672344322344323 68
1780116433381 0.7582541627170782 69
1780116433383 0.6832194121667806 70
1780116433385 0.889884497485285 71
1780116433387 0.8801367714411192 72
1780116433388 0.904640984746248 73
1780116433390 0.8546304166212633 74
1780116433392 0.8983693207377417 75
1780116433394 0.8981999598213519 76
1780116433396 0.9069104652657283 77
1780116433398 0.9013678134730767 78
1780116433400 0.8658213716108453 79
1780116433402 0.888011374590322 80
1780116433403 0.7914028721536461 81
1780116433405 0.5930033038856568 82
1780116433407 0.9160376246560459 83
1780116433409 0.8655650857348649 84
1780116433411 0.8958968037910868 85
1780116433413 0.845957375957376 86
1780116433415 0.8965205627705629 87
1780116433417 0.9063764111132532 88
1780116433419 0.9128613199665832 89
1780116433421 0.931686189627366 90
1780116433422 0.8602059543913259 91
1780116433424 0.8525849355350352 92
1780116433426 0.8980771148300859 93
1780116433428 0.9241866028708134 94
1780116433430 0.8828310675679096 95
1780116433432 0.9065378366865782 96
1780116433434 0.8920772854596384 97
1780116433436 0.8872889053878165 98
1780116433437 0.8915659395071159 99
1780116433439 0.9240025866806052 100
1780116433441 0.9234737484737483 101
1780116433443 0.9560678210678211 102
1780116433445 0.953667911609088 103
1780116433447 0.9277251506663271 104
1780116433449 0.88061529618435 105
1780116433451 0.9333554241334563 106
1780116433453 0.8986164815576579 107
1780116433455 0.9443003341687553 108
1780116433456 0.9228392952077163 109
1780116433458 0.9131007591442375 110
1780116433460 0.9151547841936859 111
1780116433462 0.9137272566684332 112
1780116433464 0.9059954081006711 113
1780116433466 0.9124170274170276 114
1780116433468 0.8381278623684054 115
1780116433470 0.946197881066302 116
1780116433472 0.9514182194616977 117
1780116433473 0.8818473683179567 118
1780116433475 0.8861656172952707 119
1780116433477 0.9154590908709903 120
1780116433479 0.9274870146380444 121
1780116433481 0.9360375370243791 122
1780116433483 0.9605916305916304 123
1780116433485 0.7611904761904762 124
1780116433487 0.7505927460517624 125
1780116433489 0.8615065507692549 126
1780116433491 0.8730865137514755 127
1780116433492 0.8973309054107279 128
1780116433494 0.9334554394880483 129
1780116433496 0.9393796992481203 130
1780116433498 0.7342788405288405 131
1780116433500 0.9008694083694084 132
1780116433502 0.8905808493565932 133
1780116433504 0.9139792663476876 134
1780116433505 0.9460224089635855 135
1780116433507 0.8794148620688629 136
1780116433509 0.9352647924158222 137
1780116433511 0.9196339906186453 138
1780116433513 0.9251247771836008 139
1780116433515 0.9532867132867132 140
1780116433517 0.9102507215007215 141
1780116433519 0.9142151019388871 142
1780116433521 0.8947863247863246 143
1780116433523 0.9041035353535353 144
1780116433525 0.9350883430295195 145
1780116433527 0.9419529142355229 146
1780116433529 0.9277352770340148 147
1780116433530 0.9246549344375431 148
1780116433532 0.9430441840767928 149
1780116433534 0.9139759363443576 150
1780116433536 0.9266209000762776 151
1780116433538 0.9391603019406224 152
1780116433540 0.9190042413726622 153
1780116433542 0.929236694677871 154
1780116433544 0.8932424145470058 155
1780116433546 0.9548654244306418 156
1780116433547 0.9160443722943723 157
1780116433549 0.9439438517241721 158
1780116433551 0.966067821067821 159
1780116433553 0.9731037078863165 160
1780116433555 0.9516017316017317 161
1780116433557 0.9759523809523809 162
1780116433559 0.9469063964258473 163
1780116433561 0.9133948507632719 164
1780116433563 0.9616666666666667 165
1780116433565 0.930549732918154 166
1780116433566 0.9489410284604792 167
1780116433568 0.91991341991342 168
1780116433570 0.9666233766233765 169
1780116433572 0.9766233766233766 170
1780116433574 0.9355864298427228 171
1780116433576 0.9326863876863877 172
1780116433578 0.9726708074534163 173
1780116433580 0.980952380952381 174
1780116433582 0.9572943722943723 175
1780116433584 0.9210397497239603 176
1780116433586 0.920672630192081 177
1780116433587 0.9449526149132421 178
1780116433589 0.9722943722943722 179
1780116433591 0.9643892339544513 180
1780116433593 0.948705756486077 181
1780116433595 0.9399316473000683 182
1780116433597 0.953691045796309 183
1780116433599 0.9480319375513883 184
1780116433601 0.9578643578643579 185
1780116433603 0.9714302059496568 186
1780116433605 0.9284749373433584 187
1780116433607 0.9473125996810208 188
1780116433608 0.9717931191615403 189
1780116433610 0.9049182462862136 190
1780116433612 0.9579089026915113 191
1780116433614 0.9629089026915114 192
1780116433616 0.9672943722943723 193
1780116433618 0.9549923195084485 194
1780116433620 0.9416962861699704 195
1780116433622 0.9473847497531708 196
1780116433624 0.9513135110503532 197
1780116433626 0.9269857615052123 198
1780116433628 0.9559994683678893 199
1780116433629 0.93828320802005 200
1780116433631 0.9711471861471861 201
1780116433633 0.9558377488711315 202
1780116433635 0.9517137540821752 203
1780116433637 0.9854761904761904 204
1780116433639 0.9713852813852814 205
1780116433641 0.9766233766233766 206
1780116433643 0.9225454358985117 207
1780116433645 0.9763852813852815 208
1780116433647 0.9571695543205841 209
1780116433649 0.9071542492595125 210
1780116433650 0.9720562770562771 211
1780116433652 0.9821946169772258 212
1780116433654 0.9575074048758259 213
1780116433656 0.94188035966068 214
1780116433658 0.9121052884737095 215
1780116433660 0.9620312143996355 216
1780116433662 0.9568542568542568 217
1780116433664 0.9363636363636363 218
1780116433666 0.9377671451355661 219
1780116433668 0.9763852813852815 220
1780116433670 0.9852380952380952 221
1780116433671 0.9627489177489178 222
1780116433673 0.9618614718614719 223
1780116433675 0.9539660911171207 224
1780116433677 0.9711471861471861 225
1780116433679 0.9528217282336275 226
1780116433681 0.9754761904761905 227
1780116433683 0.9857142857142858 228
1780116433685 0.934890350877193 229
1780116433687 0.9170650694334904 230
1780116433689 0.9533333333333334 231
1780116433690 0.9453802325312622 232
1780116433693 0.9483083583083584 233
1780116433695 0.9625324675324676 234
1780116433697 0.96663906142167 235
1780116433699 0.95875588179936 236
1780116433701 0.9807142857142856 237
1780116433702 0.9533850931677017 238
1780116433704 0.9609749373433584 239
1780116433706 0.9713602187286398 240
1780116433708 0.9541260760597143 241
1780116433710 0.9409107662203636 242
1780116433712 0.9716233766233765 243
1780116433714 0.9755916305916307 244
1780116433716 0.9857142857142858 245
1780116433718 0.9226334776334776 246
1780116433720 0.9726024547534845 247
1780116433722 0.977432712215321 248
1780116433724 0.9568398268398269 249
1780116433725 0.9383083583083585 250
1780116433727 0.9403178400546821 251
1780116433729 0.9609273182957393 252
1780116433731 0.957670807453416 253
1780116433733 0.9013627152988855 254
1780116433735 0.9813852813852814 255
1780116433737 0.9612918660287081 256
1780116433739 0.9219041192725402 257
1780116433741 0.9672943722943723 258
1780116433743 0.9663852813852815 259
1780116433745 0.9272373431916184 260
1780116433747 0.9757142857142856 261
1780116433749 0.9679089026915115 262
1780116433751 0.8953987240829345 263
1780116433753 0.9057787552948844 264
1780116433754 0.8972727272727272 265
1780116433756 0.9807142857142856 266
1780116433758 0.9550602296254469 267
1780116433760 0.9535213032581453 268
1780116433762 0.9706892230576442 269
1780116433764 0.9564035087719299 270
1780116433766 0.9620562770562768 271
1780116433768 0.9651336675020884 272
1780116433770 0.9557124035384905 273
1780116433772 0.9857142857142858 274
1780116433774 0.9675481523307609 275
1780116433776 0.9537912087912087 276
1780116433778 0.9577238550922761 277
1780116433780 0.9522150072150073 278
1780116433782 0.9854761904761904 279
1780116433783 0.9813852813852815 280
1780116433785 0.9521428571428571 281
1780116433787 0.9384670884670884 282
1780116433789 0.9742424242424242 283
1780116433791 0.9672943722943723 284
1780116433793 0.9521933621933621 285
1780116433795 0.9535798983625069 286
1780116433797 0.9271177944862155 287
1780116433799 0.9713602187286398 288
1780116433800 0.9624857598541808 289
1780116433802 0.9661221234905444 290
1780116433804 0.980952380952381 291
1780116433806 0.9314663263890953 292
1780116433808 0.947754010695187 293
1780116433810 0.9575230896741195 294
1780116433812 0.9721946169772255 295
1780116433814 0.9731037078863165 296
1780116433816 0.9656349206349205 297
1780116433818 0.9620995670995672 298
1780116433820 0.9158791208791209 299
1780116433821 0.9223343108504398 300
1780116433823 0.9857142857142858 301
1780116433825 0.9563852813852813 302
1780116433827 0.9570745044429255 303
1780116433829 0.9151828847481023 304
1780116433831 0.9471466545150756 305
1780116433833 0.9303659401027822 306
1780116433835 0.9620312143996355 307
1780116433837 0.9672943722943723 308
1780116433838 0.9522693096377306 309
1780116433840 0.9674076495586792 310
1780116433842 0.9538879808216192 311
1780116433844 0.9170745044429255 312
1780116433846 0.9726708074534163 313
