1780111610764 0.0 0
1780111610766 0.032305117168818745 1
1780111610768 0.08141581511487468 2
1780111610770 0.27083682438737966 3
1780111610781 0.4412710223328487 4
1780111610783 0.44560493654367733 5
1780111610784 0.4123005407927803 6
1780111610786 0.6557392572540198 7
1780111610788 0.6456684756841893 8
1780111610790 0.3778976499690786 9
1780111610791 0.4752242494554266 10
1780111610793 0.6276870953097904 11
1780111610795 0.6459917129460764 12
1780111610797 0.639285691898605 13
1780111610798 0.6890974100456859 14
1780111610800 0.5138241077520014 15
1780111610802 0.6137408128126304 16
1780111610804 0.734087794334906 17
1780111610805 0.6384103625914626 18
1780111610807 0.3679568085805524 19
1780111610809 0.5835913962513816 20
1780111610810 0.6098083243766259 21
1780111610812 0.5783409389931309 22
1780111610814 0.7170050455737635 23
1780111610816 0.5357567874959179 24
1780111610817 0.7151263822679818 25
1780111610819 0.6672935729930223 26
1780111610821 0.6765900940226467 27
1780111610822 0.6476285573499195 28
1780111610824 0.7327337474830151 29
1780111610826 0.8042200446612211 30
1780111610828 0.8321426093947514 31
1780111610829 0.7964112938693844 32
1780111610831 0.7697022893962812 33
1780111610833 0.8498325036152569 34
1780111610835 0.747925386968879 35
1780111610836 0.5530463494760973 36
1780111610838 0.8661401381597219 37
1780111610840 0.639008863884139 38
1780111610842 0.8529295884307766 39
1780111610843 0.8521589457080099 40
1780111610845 0.8390509784234954 41
1780111610847 0.8353882297832158 42
1780111610848 0.7122972292251939 43
1780111610850 0.587049904221318 44
1780111610852 0.7696238942798459 45
1780111610854 0.8731549852725531 46
1780111610855 0.8807258287045521 47
1780111610857 0.8774924123883732 48
1780111610859 0.8337727978976449 49
1780111610861 0.6875957050783266 50
1780111610862 0.830198193168064 51
1780111610864 0.7517463433641189 52
1780111610866 0.8140163436374719 53
1780111610867 0.8493048861469916 54
1780111610869 0.9208991286847514 55
1780111610871 0.7551223580555748 56
1780111610873 0.8701111472693077 57
1780111610874 0.9085883387881492 58
1780111610876 0.9037582362492056 59
1780111610878 0.7673319894300457 60
1780111610879 0.6158819029014866 61
1780111610881 0.7103026656232819 62
1780111610883 0.8710218728639783 63
1780111610884 0.7586381184942566 64
1780111610886 0.8262357655667154 65
1780111610888 0.775872211889889 66
1780111610889 0.86006469001202 67
1780111610891 0.8379150971187835 68
1780111610893 0.8574935831282581 69
1780111610895 0.7204096335919944 70
1780111610896 0.8649025366665695 71
1780111610898 0.9297069447620243 72
1780111610900 0.9152352188552445 73
1780111610902 0.8600450905083115 74
1780111610903 0.8458980286573876 75
1780111610905 0.7628162617577471 76
1780111610907 0.9234647049652873 77
1780111610908 0.8711317701966632 78
1780111610910 0.9093470936525538 79
1780111610912 0.6753613100788968 80
1780111610913 0.8930804896310762 81
1780111610915 0.8913793611896427 82
1780111610917 0.9266792494648722 83
1780111610919 0.9251185793140296 84
1780111610920 0.9219637922494147 85
1780111610922 0.8929574951526172 86
1780111610924 0.7261776710735259 87
1780111610925 0.8543065223756094 88
1780111610927 0.8223561742351533 89
1780111610929 0.9158681000828057 90
1780111610930 0.8297203179239793 91
1780111610932 0.873156424507241 92
1780111610934 0.9064246982668036 93
1780111610936 0.9345953967740994 94
1780111610937 0.8680349254590436 95
1780111610939 0.9245829706612764 96
1780111610941 0.7094762889817371 97
1780111610942 0.8989934658919942 98
1780111610944 0.9197183094409711 99
1780111610946 0.9039209304444032 100
1780111610948 0.8389510068534836 101
1780111610949 0.7339658012385774 102
1780111610951 0.7231309858566302 103
1780111610953 0.9233607253619492 104
1780111610954 0.8411956262053593 105
1780111610956 0.9548310974434211 106
1780111610962 0.8982358538938234 107
1780111610964 0.7448199245448696 108
1780111610966 0.9399919058263089 109
1780111610968 0.9241634577885586 110
1780111610969 0.5656260559456483 111
1780111610971 0.9605269434767599 112
1780111610973 0.9049830625953861 113
1780111610974 0.8960175765053814 114
1780111610976 0.9242375483697096 115
1780111610978 0.9351953517784786 116
1780111610980 0.9205438152806575 117
1780111610981 0.9549556818876461 118
1780111610983 0.8872757229647192 119
1780111610985 0.9306916961354089 120
1780111610986 0.8784508634132694 121
1780111610988 0.9078108197929309 122
1780111610990 0.8159880136879568 123
1780111610991 0.9347097813836627 124
1780111610993 0.662187712982152 125
1780111610995 0.847861478594757 126
1780111610997 0.8510624699914201 127
1780111610998 0.9041213088164308 128
1780111611000 0.9195887778622055 129
1780111611002 0.9170191629897829 130
1780111611003 0.874953949915439 131
1780111611005 0.9289544608864251 132
1780111611007 0.914997756929721 133
1780111611009 0.8258776513623152 134
1780111611010 0.9293176357232842 135
1780111611012 0.9300472569792211 136
1780111611014 0.9398972650513088 137
1780111611016 0.926079030357019 138
1780111611017 0.8399444408466966 139
1780111611019 0.8914560226524333 140
1780111611021 0.8096640485704214 141
1780111611022 0.9017995219870535 142
1780111611024 0.9086554935986442 143
1780111611026 0.925625814508998 144
1780111611028 0.8939074527906362 145
1780111611029 0.9404187891122543 146
1780111611031 0.9396684805079587 147
1780111611033 0.949573629559449 148
1780111611034 0.9300832751516396 149
1780111611036 0.8792022661907571 150
1780111611038 0.9648404783064602 151
1780111611040 0.9338545024520635 152
1780111611041 0.9200775176898413 153
1780111611043 0.8516678208465575 154
1780111611045 0.9349976752251583 155
1780111611047 0.939504042970025 156
1780111611048 0.9194352752747534 157
1780111611050 0.9441462791320987 158
1780111611052 0.954943620778024 159
1780111611054 0.9650875076998311 160
1780111611055 0.9544361137364987 161
1780111611057 0.880290671311859 162
1780111611059 0.9500817004989021 163
1780111611061 0.9156142236213523 164
1780111611062 0.9549510110485719 165
1780111611064 0.9301515184442014 166
1780111611066 0.9498645756847985 167
1780111611067 0.9548320378808184 168
1780111611069 0.9596842621232866 169
1780111611071 0.7719186397093374 170
1780111611072 0.8957360004425299 171
1780111611074 0.9340631444661657 172
1780111611076 0.9653197957369972 173
1780111611078 0.9751928684007677 174
1780111611079 0.9545513173176845 175
1780111611081 0.9300339808683841 176
1780111611083 0.9546238002001205 177
1780111611084 0.9599436207780236 178
1780111611086 0.9449461682388511 179
1780111611088 0.9553758622088623 180
1780111611090 0.9648364109147163 181
1780111611091 0.9499422336328628 182
1780111611093 0.9538760832663271 183
1780111611095 0.960523390591755 184
1780111611096 0.9545211514581906 185
1780111611098 0.9600396006159209 186
1780111611100 0.974865540963102 187
1780111611101 0.9600427275702673 188
1780111611103 0.9546000476488281 189
1780111611105 0.9598342243977672 190
1780111611107 0.9699525549332997 191
1780111611108 0.9751959953551139 192
1780111611110 0.9392092850487632 193
1780111611112 0.9552085856257871 194
1780111611113 0.9495423831624088 195
1780111611115 0.8012881284832505 196
1780111611117 0.9444396172303149 197
1780111611119 0.9499494279789529 198
1780111611120 0.9516069118476732 199
1780111611122 0.9504453676404896 200
1780111611124 0.9600933149007606 201
1780111611125 0.9562836858031366 202
1780111611127 0.9751125703564728 203
1780111611129 0.984993746091307 204
1780111611131 0.9652036517184142 205
1780111611133 0.980195995355114 206
1780111611135 0.9799968730456534 207
1780111611136 0.9798587933247752 208
1780111611138 0.9553907129182526 209
1780111611141 0.9899937460913071 210
1780111611143 0.9699088937971526 211
1780111611144 0.9605759988245897 212
1780111611146 0.9398556415295228 213
1780111611148 0.96010631644778 214
1780111611149 0.9413351646247067 215
1780111611151 0.9748494124617361 216
1780111611153 0.9649684696196325 217
1780111611155 0.9224459574030828 218
1780111611156 0.9700973822925043 219
1780111611158 0.9899937460913071 220
1780111611160 0.9799906191369605 221
1780111611161 0.965167805744126 222
1780111611163 0.9594807766758986 223
1780111611165 0.8375535679707695 224
1780111611167 0.9749718103890117 225
1780111611169 0.9234195526912435 226
1780111611171 0.9699655564803189 227
1780111611173 0.9705146009318024 228
1780111611175 0.9552577310064547 229
1780111611177 0.95504540781685 230
1780111611179 0.8880960268059113 231
1780111611181 0.9295185986456846 232
1780111611183 0.9742458083921498 233
1780111611185 0.9653095061489843 234
1780111611186 0.9701067631555436 235
1780111611188 0.9452839341671175 236
1780111611190 0.9749785580273386 237
1780111611192 0.9851067631555438 238
1780111611193 0.9445590053934085 239
1780111611195 0.984855666370429 240
1780111611197 0.9748556663704289 241
1780111611198 0.975112570356473 242
1780111611200 0.9849906191369605 243
1780111611202 0.984993746091307 244
1780111611204 0.9749874921826143 245
1780111611205 0.9647757901929916 246
1780111611207 0.9650995688094532 247
1780111611209 0.9799718103890118 248
1780111611210 0.9557340516142213 249
1780111611212 0.9550781268367918 250
1780111611214 0.984971810389012 251
1780111611216 0.9748686679174483 252
1780111611217 0.969837351352114 253
1780111611219 0.8921196879783156 254
1780111611221 0.970167805744126 255
1780111611222 0.8836984346419519 256
1780111611224 0.9698364109147166 257
1780111611226 0.9899937460913071 258
1780111611228 0.9801098901098901 259
1780111611229 0.9545513173176843 260
1780111611231 0.9648364109147165 261
1780111611233 0.9798624140087554 262
1780111611235 0.969953495370697 263
1780111611236 0.9547963387501257 264
1780111611238 0.9748525394160825 265
1780111611240 0.9851156973108193 266
1780111611242 0.9750906346541777 267
1780111611243 0.9596602987026011 268
1780111611245 0.9702118175802387 269
1780111611247 0.9652027429934407 270
1780111611249 0.9649467477323702 271
1780111611250 0.9293157102368312 272
1780111611252 0.9276339026197222 273
1780111611254 0.969975431072992 274
1780111611256 0.9799718103890118 275
1780111611257 0.9650973822925041 276
1780111611259 0.9750817004989021 277
1780111611261 0.9549243653223114 278
1780111611263 0.9899937460913073 279
1780111611264 0.9748008528496335 280
1780111611266 0.9849968730456535 281
1780111611268 0.9751125703564728 282
1780111611269 0.9749785580273385 283
1780111611271 0.9848556663704289 284
1780111611273 0.9597023985855822 285
1780111611275 0.9746847088310503 286
1780111611276 0.9699718103890118 287
1780111611278 0.9651709326984725 288
1780111611280 0.9397695362842988 289
1780111611282 0.9556542759665427 290
1780111611283 0.8906628577681209 291
1780111611285 0.9405091399828243 292
1780111611287 0.9692547425474254 293
1780111611289 0.9600995688094534 294
1780111611290 0.9799686834346655 295
1780111611292 0.9798624140087554 296
1780111611294 0.9748624140087555 297
1780111611296 0.9572697596381807 298
1780111611297 0.9511435981213288 299
1780111611299 0.9849937460913072 300
1780111611301 0.9414256509891938 301
1780111611303 0.9559172948004784 302
1780111611304 0.9697274612422238 303
1780111611306 0.9501133633161875 304
1780111611308 0.934431293994837 305
1780111611309 0.7716204425969215 306
1780111611311 0.9601111430609596 307
1780111611313 0.9701125703564728 308
1780111611315 0.9696936429863261 309
1780111611316 0.9246909627397433 310
1780111611318 0.9501915906087921 311
1780111611320 0.9801036362011972 312
1780111611322 0.9647221477709284 313
