1780137059744 0.0 0
1780137059747 0.8983333333333283 1
1780137059749 0.8949999999999951 2
1780137059751 0.9061111111111062 3
1780137059753 0.9116666666666617 4
1780137059756 0.917222222222217 5
1780137059758 0.9172222222222173 6
1780137059760 0.9177777777777727 7
1780137059762 0.9277777777777727 8
1780137059764 0.9294444444444391 9
1780137059767 0.933333333333328 10
1780137059769 0.9394444444444392 11
1780137059771 0.9327777777777726 12
1780137059773 0.9399999999999948 13
1780137059776 0.9366666666666614 14
1780137059778 0.9466666666666613 15
1780137059780 0.9416666666666614 16
1780137059782 0.9427777777777727 17
1780137059785 0.9483333333333279 18
1780137059787 0.9461111111111059 19
1780137059789 0.9466666666666613 20
1780137059791 0.9466666666666615 21
1780137059793 0.9488888888888838 22
1780137059796 0.95555555555555 23
1780137059798 0.9549999999999945 24
1780137059800 0.949444444444439 25
1780137059802 0.9555555555555502 26
1780137059804 0.9488888888888836 27
1780137059807 0.9555555555555502 28
1780137059809 0.9522222222222171 29
1780137059811 0.9572222222222168 30
1780137059813 0.9505555555555503 31
1780137059815 0.9516666666666614 32
1780137059818 0.9583333333333279 33
1780137059820 0.9616666666666613 34
1780137059822 0.9561111111111058 35
1780137059824 0.9588888888888836 36
1780137059827 0.9494444444444392 37
1780137059829 0.9577777777777724 38
1780137059831 0.9544444444444391 39
1780137059833 0.9577777777777724 40
1780137059835 0.9577777777777724 41
1780137059838 0.9522222222222169 42
1780137059840 0.9561111111111058 43
1780137059842 0.9622222222222169 44
1780137059844 0.9633333333333279 45
1780137059846 0.9561111111111057 46
1780137059849 0.953333333333328 47
1780137059851 0.9672222222222168 48
1780137059853 0.9516666666666616 49
1780137059855 0.9616666666666612 50
1780137059857 0.9588888888888836 51
1780137059870 0.9588888888888836 52
1780137059872 0.9549999999999945 53
1780137059874 0.9599999999999946 54
1780137059877 0.9605555555555503 55
1780137059879 0.9622222222222169 56
1780137059881 0.9611111111111057 57
1780137059883 0.9688888888888834 58
1780137059885 0.9611111111111057 59
1780137059888 0.9627777777777723 60
1780137059890 0.9627777777777723 61
1780137059892 0.958333333333328 62
1780137059894 0.9555555555555502 63
1780137059897 0.9599999999999949 64
1780137059899 0.9577777777777724 65
1780137059901 0.9655555555555502 66
1780137059903 0.9661111111111058 67
1780137059906 0.9588888888888836 68
1780137059908 0.9611111111111057 69
1780137059910 0.9649999999999948 70
1780137059912 0.9627777777777725 71
1780137059915 0.9716666666666611 72
1780137059917 0.968333333333328 73
1780137059919 0.9699999999999946 74
1780137059921 0.9716666666666611 75
1780137059924 0.9677777777777722 76
1780137059926 0.9672222222222168 77
1780137059928 0.9644444444444391 78
1780137059930 0.9611111111111057 79
1780137059932 0.9677777777777722 80
1780137059934 0.9666666666666612 81
1780137059937 0.9627777777777725 82
1780137059939 0.9661111111111058 83
1780137059941 0.9666666666666612 84
1780137059943 0.9699999999999946 85
1780137059945 0.9611111111111057 86
1780137059948 0.9666666666666612 87
1780137059950 0.9677777777777724 88
1780137059952 0.9672222222222169 89
1780137059954 0.9761111111111056 90
1780137059956 0.9722222222222168 91
1780137059959 0.9688888888888835 92
1780137059961 0.9716666666666613 93
1780137059963 0.9699999999999946 94
1780137059966 0.9683333333333278 95
1780137059968 0.9688888888888835 96
1780137059970 0.9749999999999945 97
1780137059972 0.9661111111111058 98
1780137059974 0.9627777777777723 99
1780137059977 0.9638888888888836 100
1780137059979 0.9694444444444391 101
1780137059981 0.9711111111111057 102
1780137059983 0.9677777777777722 103
1780137059985 0.9711111111111057 104
1780137059987 0.9772222222222167 105
1780137059990 0.9633333333333279 106
1780137059992 0.9688888888888835 107
1780137059994 0.974444444444439 108
1780137059996 0.9711111111111057 109
1780137059999 0.9799999999999945 110
1780137060001 0.9733333333333279 111
1780137060003 0.9699999999999946 112
1780137060005 0.9711111111111057 113
1780137060007 0.9749999999999945 114
1780137060010 0.9677777777777724 115
1780137060012 0.9749999999999945 116
1780137060014 0.9738888888888834 117
1780137060016 0.9661111111111058 118
1780137060019 0.97555555555555 119
1780137060021 0.9722222222222168 120
1780137060023 0.9777777777777722 121
1780137060025 0.9755555555555502 122
1780137060027 0.9677777777777724 123
1780137060030 0.9716666666666613 124
1780137060032 0.9711111111111055 125
1780137060034 0.9716666666666611 126
1780137060036 0.974444444444439 127
1780137060038 0.9738888888888834 128
1780137060045 0.9733333333333277 129
1780137060048 0.9749999999999945 130
1780137060050 0.9788888888888835 131
1780137060052 0.969444444444439 132
1780137060054 0.9722222222222168 133
1780137060056 0.9699999999999946 134
1780137060059 0.9799999999999945 135
1780137060063 0.9749999999999945 136
1780137060065 0.9766666666666612 137
1780137060067 0.9777777777777722 138
1780137060069 0.9755555555555502 139
1780137060071 0.9727777777777723 140
1780137060074 0.9677777777777724 141
1780137060076 0.9777777777777723 142
1780137060078 0.9722222222222168 143
1780137060080 0.9766666666666612 144
1780137060082 0.9749999999999945 145
1780137060084 0.9744444444444389 146
1780137060087 0.9738888888888834 147
1780137060089 0.9783333333333278 148
1780137060091 0.9777777777777723 149
1780137060093 0.9833333333333278 150
1780137060096 0.9738888888888834 151
1780137060098 0.9755555555555502 152
1780137060100 0.9761111111111056 153
1780137060102 0.9788888888888833 154
1780137060104 0.9755555555555502 155
1780137060107 0.9766666666666612 156
1780137060109 0.9827777777777722 157
1780137060111 0.9866666666666613 158
1780137060113 0.9805555555555501 159
1780137060116 0.9799999999999944 160
1780137060118 0.9827777777777722 161
1780137060120 0.9799999999999944 162
1780137060122 0.9827777777777722 163
1780137060124 0.9805555555555501 164
1780137060127 0.9788888888888833 165
1780137060129 0.9827777777777722 166
1780137060131 0.9811111111111057 167
1780137060133 0.9888888888888833 168
1780137060135 0.9855555555555501 169
1780137060137 0.9833333333333277 170
1780137060140 0.9855555555555501 171
1780137060142 0.9805555555555501 172
1780137060144 0.9838888888888834 173
1780137060146 0.9849999999999944 174
1780137060148 0.9866666666666613 175
1780137060151 0.9811111111111055 176
1780137060153 0.9855555555555501 177
1780137060155 0.9894444444444389 178
1780137060157 0.9872222222222167 179
1780137060159 0.9899999999999946 180
1780137060162 0.9877777777777723 181
1780137060164 0.9833333333333277 182
1780137060166 0.9861111111111056 183
1780137060168 0.9822222222222166 184
1780137060170 0.9861111111111056 185
1780137060173 0.9877777777777723 186
1780137060175 0.9838888888888834 187
1780137060177 0.9794444444444389 188
1780137060179 0.9844444444444388 189
1780137060182 0.9883333333333277 190
1780137060184 0.9888888888888833 191
1780137060186 0.9899999999999943 192
1780137060188 0.9838888888888834 193
1780137060191 0.9838888888888834 194
1780137060193 0.9872222222222167 195
1780137060195 0.9849999999999944 196
1780137060197 0.9911111111111056 197
1780137060200 0.986666666666661 198
1780137060202 0.9888888888888834 199
1780137060204 0.9838888888888834 200
1780137060206 0.986666666666661 201
1780137060209 0.984444444444439 202
1780137060211 0.9899999999999943 203
1780137060213 0.9877777777777721 204
1780137060217 0.9877777777777723 205
1780137060219 0.9883333333333277 206
1780137060221 0.9899999999999943 207
1780137060223 0.9877777777777723 208
1780137060225 0.9877777777777721 209
1780137060228 0.9883333333333277 210
1780137060230 0.986666666666661 211
1780137060232 0.9838888888888834 212
1780137060234 0.9827777777777722 213
1780137060236 0.98555555555555 214
1780137060239 0.986666666666661 215
1780137060241 0.9888888888888833 216
1780137060243 0.9888888888888833 217
1780137060245 0.98555555555555 218
1780137060247 0.9922222222222168 219
1780137060249 0.9899999999999943 220
1780137060252 0.9883333333333277 221
1780137060254 0.99055555555555 222
1780137060256 0.9894444444444389 223
1780137060258 0.9849999999999944 224
1780137060261 0.9916666666666611 225
1780137060263 0.9888888888888834 226
1780137060265 0.9922222222222166 227
1780137060267 0.9883333333333277 228
1780137060270 0.9872222222222167 229
1780137060272 0.9872222222222167 230
1780137060274 0.9883333333333277 231
1780137060276 0.9849999999999944 232
1780137060278 0.99055555555555 233
1780137060281 0.9899999999999943 234
1780137060283 0.9894444444444389 235
1780137060285 0.99055555555555 236
1780137060287 0.9849999999999944 237
1780137060289 0.9883333333333277 238
1780137060292 0.9899999999999943 239
1780137060294 0.9899999999999946 240
1780137060297 0.9883333333333277 241
1780137060300 0.9894444444444389 242
1780137060302 0.9849999999999944 243
1780137060304 0.9894444444444389 244
1780137060306 0.9933333333333276 245
1780137060309 0.9894444444444389 246
1780137060311 0.9872222222222167 247
1780137060313 0.9899999999999946 248
1780137060316 0.9927777777777722 249
1780137060318 0.9894444444444389 250
1780137060320 0.9872222222222167 251
1780137060322 0.9899999999999943 252
1780137060324 0.9877777777777721 253
1780137060327 0.9883333333333277 254
1780137060329 0.9916666666666611 255
1780137060331 0.9894444444444389 256
1780137060333 0.9844444444444388 257
1780137060335 0.9894444444444389 258
1780137060338 0.9861111111111056 259
1780137060340 0.9899999999999943 260
1780137060342 0.98555555555555 261
1780137060344 0.99055555555555 262
1780137060346 0.9911111111111056 263
1780137060349 0.9922222222222166 264
1780137060351 0.9933333333333276 265
1780137060353 0.9899999999999946 266
1780137060356 0.9872222222222167 267
1780137060358 0.99055555555555 268
1780137060360 0.9916666666666611 269
1780137060362 0.9877777777777723 270
1780137060365 0.9916666666666611 271
1780137060367 0.9883333333333277 272
1780137060369 0.99055555555555 273
1780137060371 0.9872222222222167 274
1780137060374 0.9872222222222167 275
1780137060376 0.9877777777777723 276
1780137060378 0.9933333333333276 277
1780137060380 0.9899999999999943 278
1780137060382 0.9894444444444389 279
1780137060385 0.9855555555555501 280
1780137060387 0.9888888888888834 281
1780137060389 0.9888888888888834 282
1780137060392 0.9922222222222168 283
1780137060394 0.9877777777777721 284
1780137060396 0.9916666666666611 285
1780137060398 0.9888888888888833 286
1780137060401 0.9916666666666611 287
1780137060403 0.986666666666661 288
1780137060405 0.9927777777777722 289
1780137060407 0.9861111111111056 290
1780137060410 0.9933333333333276 291
1780137060412 0.9911111111111056 292
1780137060414 0.9899999999999943 293
1780137060416 0.9899999999999943 294
1780137060419 0.9888888888888834 295
1780137060421 0.99055555555555 296
1780137060423 0.9916666666666611 297
1780137060425 0.9916666666666611 298
1780137060427 0.9888888888888833 299
1780137060430 0.99055555555555 300
1780137060432 0.9927777777777722 301
1780137060434 0.9883333333333277 302
1780137060436 0.9888888888888834 303
1780137060438 0.9933333333333279 304
1780137060441 0.99055555555555 305
1780137060443 0.9894444444444389 306
1780137060445 0.9894444444444389 307
1780137060447 0.9911111111111055 308
1780137060449 0.9911111111111056 309
1780137060452 0.9888888888888833 310
1780137060454 0.9888888888888834 311
1780137060456 0.9922222222222168 312
1780137060458 0.9883333333333277 313
