1780116139449 0.0 0
1780116139451 0.11499999999999999 1
1780116139453 0.25 2
1780116139455 0.3 3
1780116139457 0.45499999999999996 4
1780116139459 0.4749999999999999 5
1780116139461 0.5449999999999999 6
1780116139462 0.445 7
1780116139464 0.4800000000000001 8
1780116139466 0.27999999999999997 9
1780116139468 0.565 10
1780116139470 0.555 11
1780116139472 0.515 12
1780116139474 0.45499999999999996 13
1780116139475 0.45999999999999996 14
1780116139477 0.735 15
1780116139479 0.7 16
1780116139481 0.675 17
1780116139483 0.4999999999999999 18
1780116139485 0.67 19
1780116139487 0.675 20
1780116139489 0.63 21
1780116139491 0.49000000000000005 22
1780116139493 0.635 23
1780116139495 0.6599999999999999 24
1780116139496 0.6900000000000001 25
1780116139498 0.73 26
1780116139500 0.58 27
1780116139502 0.685 28
1780116139504 0.775 29
1780116139506 0.75 30
1780116139508 0.755 31
1780116139510 0.74 32
1780116139512 0.7749999999999999 33
1780116139514 0.76 34
1780116139515 0.7350000000000001 35
1780116139517 0.74 36
1780116139519 0.665 37
1780116139521 0.835 38
1780116139523 0.535 39
1780116139525 0.8099999999999999 40
1780116139527 0.73 41
1780116139529 0.645 42
1780116139530 0.7250000000000001 43
1780116139532 0.865 44
1780116139534 0.7950000000000002 45
1780116139536 0.8150000000000001 46
1780116139538 0.8200000000000001 47
1780116139540 0.8400000000000001 48
1780116139542 0.545 49
1780116139544 0.52 50
1780116139545 0.75 51
1780116139547 0.7449999999999999 52
1780116139549 0.825 53
1780116139551 0.7300000000000001 54
1780116139553 0.85 55
1780116139555 0.8300000000000001 56
1780116139557 0.8699999999999999 57
1780116139559 0.82 58
1780116139560 0.6900000000000001 59
1780116139562 0.795 60
1780116139564 0.86 61
1780116139566 0.5700000000000001 62
1780116139568 0.825 63
1780116139570 0.825 64
1780116139572 0.8049999999999999 65
1780116139573 0.805 66
1780116139575 0.8350000000000002 67
1780116139577 0.805 68
1780116139579 0.76 69
1780116139581 0.66 70
1780116139583 0.8350000000000002 71
1780116139585 0.865 72
1780116139587 0.8950000000000001 73
1780116139588 0.7 74
1780116139590 0.8950000000000001 75
1780116139592 0.86 76
1780116139594 0.8600000000000001 77
1780116139596 0.9 78
1780116139598 0.835 79
1780116139600 0.8950000000000001 80
1780116139602 0.6900000000000001 81
1780116139603 0.85 82
1780116139605 0.865 83
1780116139607 0.8099999999999999 84
1780116139609 0.9049999999999999 85
1780116139611 0.82 86
1780116139613 0.8899999999999999 87
1780116139615 0.825 88
1780116139616 0.8899999999999999 89
1780116139618 0.8849999999999998 90
1780116139620 0.8699999999999999 91
1780116139622 0.8549999999999999 92
1780116139624 0.8 93
1780116139626 0.8699999999999999 94
1780116139628 0.8550000000000001 95
1780116139630 0.8699999999999999 96
1780116139631 0.8 97
1780116139633 0.8299999999999998 98
1780116139635 0.77 99
1780116139637 0.9000000000000001 100
1780116139639 0.8949999999999999 101
1780116139641 0.905 102
1780116139643 0.865 103
1780116139645 0.8300000000000001 104
1780116139646 0.8450000000000001 105
1780116139648 0.8300000000000001 106
1780116139650 0.86 107
1780116139652 0.8950000000000001 108
1780116139654 0.9199999999999999 109
1780116139656 0.86 110
1780116139658 0.85 111
1780116139660 0.8699999999999999 112
1780116139661 0.82 113
1780116139663 0.8300000000000001 114
1780116139665 0.905 115
1780116139667 0.9099999999999999 116
1780116139669 0.9 117
1780116139671 0.925 118
1780116139673 0.9 119
1780116139675 0.795 120
1780116139676 0.9199999999999999 121
1780116139678 0.7899999999999999 122
1780116139680 0.96 123
1780116139682 0.8699999999999999 124
1780116139684 0.8550000000000001 125
1780116139686 0.8100000000000002 126
1780116139688 0.89 127
1780116139690 0.8450000000000001 128
1780116139692 0.925 129
1780116139693 0.9099999999999999 130
1780116139695 0.7750000000000001 131
1780116139697 0.86 132
1780116139699 0.7849999999999999 133
1780116139701 0.8950000000000001 134
1780116139703 0.9200000000000002 135
1780116139705 0.905 136
1780116139707 0.9199999999999999 137
1780116139709 0.8949999999999999 138
1780116139710 0.8099999999999999 139
1780116139712 0.875 140
1780116139714 0.845 141
1780116139716 0.9349999999999999 142
1780116139718 0.885 143
1780116139720 0.925 144
1780116139722 0.885 145
1780116139724 0.9199999999999999 146
1780116139726 0.9049999999999999 147
1780116139728 0.9199999999999999 148
1780116139729 0.765 149
1780116139731 0.9299999999999999 150
1780116139733 0.95 151
1780116139735 0.95 152
1780116139737 0.8549999999999999 153
1780116139739 0.905 154
1780116139741 0.9549999999999998 155
1780116139743 0.685 156
1780116139744 0.945 157
1780116139746 0.915 158
1780116139748 0.9349999999999999 159
1780116139750 0.9350000000000002 160
1780116139752 0.9049999999999999 161
1780116139754 0.9349999999999999 162
1780116139756 0.9399999999999998 163
1780116139758 0.915 164
1780116139759 0.97 165
1780116139761 0.8899999999999999 166
1780116139763 0.875 167
1780116139765 0.96 168
1780116139767 0.95 169
1780116139769 0.95 170
1780116139771 0.925 171
1780116139773 0.8150000000000001 172
1780116139775 0.9549999999999998 173
1780116139777 0.97 174
1780116139778 0.95 175
1780116139780 0.915 176
1780116139782 0.96 177
1780116139784 0.9349999999999998 178
1780116139786 0.975 179
1780116139788 0.9799999999999999 180
1780116139790 0.975 181
1780116139792 0.9349999999999999 182
1780116139794 0.925 183
1780116139796 0.95 184
1780116139798 0.96 185
1780116139799 0.9450000000000001 186
1780116139801 0.9700000000000001 187
1780116139803 0.95 188
1780116139805 0.945 189
1780116139807 0.9349999999999999 190
1780116139809 0.975 191
1780116139811 0.9649999999999999 192
1780116139813 0.9650000000000001 193
1780116139815 0.9100000000000001 194
1780116139817 0.9349999999999999 195
1780116139818 0.925 196
1780116139820 0.8150000000000001 197
1780116139822 0.9349999999999999 198
1780116139824 0.9549999999999998 199
1780116139826 0.8950000000000001 200
1780116139828 0.9450000000000001 201
1780116139830 0.975 202
1780116139832 0.96 203
1780116139834 0.9099999999999999 204
1780116139836 0.945 205
1780116139837 0.975 206
1780116139839 0.985 207
1780116139841 0.9650000000000001 208
1780116139843 0.9650000000000001 209
1780116139845 0.97 210
1780116139847 0.9800000000000001 211
1780116139849 0.975 212
1780116139851 0.9549999999999998 213
1780116139853 0.96 214
1780116139854 0.95 215
1780116139856 0.9149999999999998 216
1780116139858 0.96 217
1780116139860 0.9700000000000001 218
1780116139862 0.885 219
1780116139864 0.9349999999999999 220
1780116139866 0.945 221
1780116139868 0.95 222
1780116139870 0.96 223
1780116139871 0.96 224
1780116139873 0.9700000000000001 225
1780116139875 0.945 226
1780116139877 0.975 227
1780116139879 0.9549999999999998 228
1780116139881 0.95 229
1780116139883 0.985 230
1780116139885 0.95 231
1780116139886 0.9549999999999998 232
1780116139888 0.95 233
1780116139890 0.945 234
1780116139892 0.95 235
1780116139894 0.945 236
1780116139896 0.975 237
1780116139898 0.9650000000000001 238
1780116139900 0.9349999999999999 239
1780116139902 0.9550000000000001 240
1780116139903 0.9550000000000001 241
1780116139905 0.86 242
1780116139907 0.96 243
1780116139909 0.95 244
1780116139911 0.96 245
1780116139913 0.93 246
1780116139915 0.96 247
1780116139917 0.97 248
1780116139919 0.96 249
1780116139920 0.945 250
1780116139922 0.905 251
1780116139924 0.93 252
1780116139926 0.9450000000000001 253
1780116139928 0.96 254
1780116139930 0.9649999999999999 255
1780116139932 0.9549999999999998 256
1780116139934 0.9349999999999999 257
1780116139935 0.9199999999999999 258
1780116139937 0.985 259
1780116139939 0.95 260
1780116139941 0.9799999999999999 261
1780116139943 0.9199999999999999 262
1780116139945 0.9499999999999998 263
1780116139947 0.8699999999999999 264
1780116139949 0.95 265
1780116139950 0.975 266
1780116139952 0.975 267
1780116139954 0.95 268
1780116139956 0.9399999999999998 269
1780116139958 0.8949999999999999 270
1780116139960 0.9349999999999999 271
1780116139962 0.95 272
1780116139964 0.9650000000000001 273
1780116139965 0.9650000000000001 274
1780116139967 0.9949999999999999 275
1780116139969 0.97 276
1780116139971 0.9549999999999998 277
1780116139973 0.9599999999999997 278
1780116139975 0.99 279
1780116139977 0.9650000000000001 280
1780116139979 0.97 281
1780116139981 0.96 282
1780116139982 0.925 283
1780116139984 0.945 284
1780116139986 0.9400000000000001 285
1780116139988 0.97 286
1780116139990 0.9650000000000001 287
1780116139992 0.9799999999999999 288
1780116139994 0.905 289
1780116139996 0.9650000000000001 290
1780116139997 0.985 291
1780116139999 0.945 292
1780116140001 0.945 293
1780116140003 0.8699999999999999 294
1780116140005 0.9200000000000002 295
1780116140007 0.9650000000000001 296
1780116140009 0.9650000000000001 297
1780116140011 0.9649999999999999 298
1780116140013 0.945 299
1780116140015 0.96 300
1780116140016 0.975 301
1780116140018 0.9650000000000001 302
1780116140020 0.8699999999999999 303
1780116140022 0.9650000000000001 304
1780116140024 0.93 305
1780116140026 0.9 306
1780116140028 0.9649999999999999 307
1780116140030 0.9350000000000002 308
1780116140032 0.96 309
1780116140033 0.9499999999999998 310
1780116140035 0.9649999999999999 311
1780116140037 0.9799999999999999 312
1780116140039 0.96 313
