1780550370232 0.0 0
1780550370235 0.375 1
1780550370237 0.6382575757575758 2
1780550370239 0.405 3
1780550370242 0.564516129032258 4
1780550370244 0.4 5
1780550370246 0.4025 6
1780550370249 0.4025 7
1780550370251 0.528814935064935 8
1780550370253 0.3925 9
1780550370256 0.3825 10
1780550370258 0.385 11
1780550370260 0.415 12
1780550370263 0.415 13
1780550370265 0.39 14
1780550370267 0.8567839195979899 15
1780550370270 0.4075 16
1780550370272 0.415 17
1780550370274 0.6637931034482758 18
1780550370276 0.6513718070009461 19
1780550370279 0.7335257335257335 20
1780550370281 0.6658163265306123 21
1780550370283 0.4075 22
1780550370286 0.914572864321608 23
1780550370288 0.3875 24
1780550370290 0.395 25
1780550370293 0.6508152173913043 26
1780550370295 0.6 27
1780550370297 0.5905332782141381 28
1780550370300 0.3875 29
1780550370302 0.5696704213600334 30
1780550370304 0.3925 31
1780550370306 0.610142151426555 32
1780550370309 0.8969849246231156 33
1780550370311 0.6287934863064396 34
1780550370313 0.7312390924956369 35
1780550370316 0.9120603015075377 36
1780550370318 0.3875 37
1780550370320 0.7185099846390168 38
1780550370323 0.7206339801510888 39
1780550370325 0.604682096302208 40
1780550370328 0.3925 41
1780550370330 0.7729591836734694 42
1780550370333 0.41116751269035534 43
1780550370335 0.3925 44
1780550370337 0.4025 45
1780550370340 0.4075 46
1780550370342 0.3975 47
1780550370344 0.8914141414141414 48
1780550370347 0.7564102564102564 49
1780550370349 0.7508591065292096 50
1780550370351 0.6736842105263158 51
1780550370354 0.6981707317073171 52
1780550370356 0.6186798475955102 53
1780550370358 0.7230769230769231 54
1780550370360 0.3944723618090452 55
1780550370363 0.405 56
1780550370365 0.4 57
1780550370367 0.7470389170896785 58
1780550370370 0.7984693877551021 59
1780550370372 0.7028127313101407 60
1780550370374 0.7224269221321542 61
1780550370377 0.3825 62
1780550370379 0.6930729550478998 63
1780550370381 0.7131336405529953 64
1780550370384 0.3975 65
1780550370386 0.6626659856996936 66
1780550370388 0.6735619669751407 67
1780550370390 0.8097826086956521 68
1780550370393 0.7682291666666667 69
1780550370395 0.3925 70
1780550370397 0.7527777777777778 71
1780550370400 0.6548005344531399 72
1780550370402 0.7172112287160608 73
1780550370404 0.405 74
1780550370406 0.7445495680789798 75
1780550370409 0.7007722007722008 76
1780550370411 0.9045226130653266 77
1780550370413 0.4 78
1780550370416 0.8 79
1780550370418 0.3925 80
1780550370420 0.4025 81
1780550370423 0.7444444444444445 82
1780550370425 0.6626856684062625 83
1780550370427 0.4075 84
1780550370429 0.9045226130653266 85
1780550370432 0.6804917789957043 86
1780550370434 0.6948717948717948 87
1780550370436 0.385 88
1780550370439 0.6681286549707602 89
1780550370441 0.3575 90
1780550370443 0.4 91
1780550370446 0.9246231155778895 92
1780550370448 0.3875 93
1780550370450 0.6443932411674347 94
1780550370453 0.7458471760797343 95
1780550370455 0.3925 96
1780550370457 0.3875 97
1780550370460 0.7576804915514592 98
1780550370462 0.9095477386934674 99
1780550370464 0.3825 100
1780550370467 0.7605923488276429 101
1780550370469 0.9267676767676767 102
1780550370471 0.6348441015750562 103
1780550370474 0.8051282051282052 104
1780550370476 0.8903061224489797 105
1780550370478 0.769059955588453 106
1780550370480 0.6515151515151515 107
1780550370483 0.9065656565656566 108
1780550370485 0.6850226123969141 109
1780550370487 0.678030303030303 110
1780550370490 0.7771739130434783 111
1780550370492 0.693971468016567 112
1780550370494 0.4075 113
1780550370496 0.7743147656940761 114
1780550370499 0.415 115
1780550370501 0.9149484536082475 116
1780550370504 0.8994974874371859 117
1780550370506 0.41 118
1780550370508 0.41 119
1780550370510 0.6604206784180122 120
1780550370513 0.4025 121
1780550370515 0.6553447572419421 122
1780550370517 0.4175 123
1780550370520 0.6281807623271038 124
1780550370522 0.7849846782431051 125
1780550370524 0.7394736842105263 126
1780550370527 0.6705679549990927 127
1780550370529 0.6909353905496625 128
1780550370531 0.6833333333333333 129
1780550370534 0.4075 130
1780550370536 0.5105263157894737 131
1780550370538 0.914572864321608 132
1780550370540 0.9166666666666667 133
1780550370543 0.6274695250105087 134
1780550370545 0.8863636363636364 135
1780550370547 0.5974358974358974 136
1780550370550 0.6137931034482759 137
1780550370552 0.41 138
1780550370554 0.6761904761904762 139
1780550370557 0.4175 140
1780550370559 0.7153846153846154 141
1780550370561 0.42 142
1780550370564 0.7176738141650423 143
1780550370566 0.38578680203045684 144
1780550370568 0.38636363636363635 145
1780550370571 0.7308802308802309 146
1780550370573 0.9045226130653266 147
1780550370575 0.6987012987012986 148
1780550370578 0.4 149
1780550370580 0.45634095634095634 150
1780550370582 0.385 151
1780550370585 0.5617647058823529 152
1780550370587 0.6210526315789473 153
1780550370589 0.3825 154
1780550370592 0.405 155
1780550370594 0.5882352941176471 156
1780550370596 0.5772077207720772 157
1780550370598 0.3875 158
1780550370601 0.4125 159
1780550370603 0.4025 160
1780550370605 0.4 161
1780550370608 0.5832138875617137 162
1780550370610 0.3775 163
1780550370612 0.5671902268760908 164
1780550370614 0.4025 165
1780550370617 0.3925 166
1780550370619 0.8592964824120604 167
1780550370621 0.4894736842105263 168
1780550370624 0.6404629326345671 169
1780550370626 0.4225 170
1780550370628 0.4175 171
1780550370631 0.425 172
1780550370633 0.8969849246231156 173
1780550370635 0.375 174
1780550370637 0.5130568356374807 175
1780550370640 0.5923707440100883 176
1780550370642 0.43 177
1780550370645 0.623342175066313 178
1780550370647 0.4020100502512563 179
1780550370649 0.415 180
1780550370651 0.415 181
1780550370654 0.4025 182
1780550370656 0.4075 183
1780550370658 0.8969849246231156 184
1780550370661 0.4025 185
1780550370663 0.385 186
1780550370665 0.3975 187
1780550370668 0.7684684684684684 188
1780550370670 0.41 189
1780550370673 0.9271356783919598 190
1780550370675 0.405 191
1780550370677 0.8994974874371859 192
1780550370680 0.6871794871794872 193
1780550370682 0.9132653061224489 194
1780550370684 0.898989898989899 195
1780550370686 0.4275 196
1780550370689 0.907035175879397 197
1780550370691 0.640194075587334 198
1780550370693 0.6617892439994866 199
1780550370696 0.9060913705583756 200
1780550370698 0.42 201
1780550370700 0.6414141414141414 202
1780550370703 0.6477272727272727 203
1780550370705 0.7197132616487456 204
1780550370707 0.8393470790378007 205
1780550370710 0.7328178694158076 206
1780550370712 0.405 207
1780550370714 0.4125 208
1780550370716 0.6756478815302345 209
1780550370719 0.6051136363636364 210
1780550370721 0.8751803751803752 211
1780550370723 0.6401433691756272 212
1780550370726 0.7755102040816326 213
1780550370728 0.405 214
1780550370730 0.385 215
1780550370733 0.5862299465240641 216
1780550370735 0.8112244897959184 217
1780550370737 0.9047619047619048 218
1780550370739 0.8358974358974359 219
1780550370742 0.75 220
1780550370744 0.4025 221
1780550370746 0.8367697594501718 222
1780550370748 0.9116161616161615 223
1780550370751 0.6018965323757154 224
1780550370753 0.425 225
1780550370755 0.385 226
1780550370758 0.6568864690461786 227
1780550370760 0.6585081585081585 228
1780550370762 0.6731601731601732 229
1780550370765 0.4125 230
1780550370767 0.7984693877551021 231
1780550370769 0.635483870967742 232
1780550370772 0.4025 233
1780550370774 0.7566964285714286 234
1780550370776 0.904040404040404 235
1780550370778 0.8010204081632653 236
1780550370781 0.5761292605260054 237
1780550370783 0.8489583333333333 238
1780550370785 0.39 239
1780550370787 0.8519918580982844 240
1780550370790 0.6887755102040816 241
1780550370792 0.9020100502512562 242
1780550370794 0.6136752136752137 243
1780550370797 0.4025 244
1780550370799 0.9271356783919598 245
1780550370801 0.3975 246
1780550370803 0.8128205128205128 247
1780550370806 0.5871794871794872 248
1780550370808 0.6203734032099574 249
1780550370811 0.7664692820133234 250
1780550370813 0.375 251
1780550370815 0.7204618029968066 252
1780550370818 0.8217893217893217 253
1780550370820 0.7806122448979591 254
1780550370822 0.8139132748071296 255
1780550370825 0.903061224489796 256
1780550370827 0.907035175879397 257
1780550370829 0.7078893962455606 258
1780550370832 0.761295590636908 259
1780550370834 0.6929824561403509 260
1780550370836 0.7933673469387755 261
1780550370839 0.6348631239935587 262
1780550370841 0.6451448388412893 263
1780550370844 0.7470389170896785 264
1780550370846 0.9076923076923077 265
1780550370848 0.6851648351648352 266
1780550370850 0.8164983164983165 267
1780550370853 0.6115871073031416 268
1780550370855 0.796875 269
1780550370857 0.6699999999999999 270
1780550370860 0.6907894736842105 271
1780550370862 0.6306818181818181 272
1780550370864 0.3925 273
1780550370867 0.6070716367541034 274
1780550370869 0.612531969309463 275
1780550370871 0.6648351648351649 276
1780550370874 0.603405315614618 277
1780550370876 0.6781914893617021 278
1780550370878 0.8290378006872852 279
1780550370881 0.7630803242446573 280
1780550370883 0.5834024208257337 281
1780550370885 0.739626976618462 282
1780550370888 0.8661616161616161 283
1780550370890 0.7092198581560284 284
1780550370892 0.8914141414141414 285
1780550370894 0.7678571428571428 286
1780550370897 0.4025 287
1780550370899 0.7469458987783595 288
1780550370901 0.6752873563218391 289
1780550370904 0.8974358974358974 290
1780550370906 0.385 291
1780550370908 0.7339121552604699 292
1780550370911 0.8567708333333333 293
1780550370913 0.6858274459430529 294
1780550370915 0.8045934659788749 295
1780550370917 0.9438775510204082 296
1780550370920 0.4 297
1780550370922 0.5762729021155988 298
