1780241697932 0.0 0
1780241697934 0.04437641723356008 1
1780241697935 0.3580401306098905 2
1780241697937 0.539456021941788 3
1780241697939 0.7153249021958136 4
1780241697940 0.5842525868440502 5
1780241697942 0.7032452986082018 6
1780241697944 0.5868348255832612 7
1780241697945 0.5525414781297134 8
1780241697947 0.6694808949220713 9
1780241697948 0.8488702761806476 10
1780241697950 0.8590877434585874 11
1780241697952 0.8737090548340548 12
1780241697953 0.8836947147279964 13
1780241697955 0.8135704501896452 14
1780241697956 0.854650864433473 15
1780241697958 0.9031051685635074 16
1780241697960 0.8978595848595848 17
1780241697961 0.8725820162547849 18
1780241697963 0.908612596553773 19
1780241697965 0.8855703876446912 20
1780241697966 0.8652612257024022 21
1780241697968 0.9174870146380444 22
1780241697969 0.9362844611528821 23
1780241697971 0.9274025303901465 24
1780241697973 0.9061774891774892 25
1780241697974 0.9321046600458365 26
1780241697976 0.9100385015666346 27
1780241697977 0.9102186099644971 28
1780241697979 0.9062094630515685 29
1780241697981 0.9157000455684665 30
1780241697982 0.9229054279054278 31
1780241697984 0.912616925558102 32
1780241697985 0.760131249321973 33
1780241697987 0.9374389065971217 34
1780241697989 0.8915620915032679 35
1780241697990 0.8966846688170218 36
1780241697992 0.882239868722235 37
1780241697994 0.7651243201243201 38
1780241697995 0.878115962984384 39
1780241697997 0.8839383605879771 40
1780241697998 0.8031652661064426 41
1780241698000 0.9171409749670619 42
1780241698002 0.9030649540517961 43
1780241698003 0.9286857867757046 44
1780241698005 0.9339833443952437 45
1780241698006 0.9520995670995671 46
1780241698008 0.8532003395585738 47
1780241698010 0.929033189033189 48
1780241698011 0.8484520558057133 49
1780241698013 0.9442320722755506 50
1780241698014 0.8839215016149999 51
1780241698016 0.7719515922310953 52
1780241698018 0.8833614297601711 53
1780241698019 0.9076173052953239 54
1780241698021 0.9247427693079867 55
1780241698022 0.9106108706108704 56
1780241698024 0.9016125179168657 57
1780241698026 0.8949656002751979 58
1780241698027 0.912918391994479 59
1780241698029 0.9513852813852812 60
1780241698030 0.9227529049897472 61
1780241698032 0.9026315789473683 62
1780241698034 0.9248953823953823 63
1780241698035 0.9199347149811545 64
1780241698037 0.9618614718614719 65
1780241698038 0.9508122579175209 66
1780241698040 0.907737736138766 67
1780241698042 0.9255613671860811 68
1780241698043 0.9260151894888736 69
1780241698045 0.9022608781841608 70
1780241698046 0.9317532467532468 71
1780241698048 0.9268650793650794 72
1780241698051 0.9712918660287082 73
1780241698052 0.9470312143996354 74
1780241698054 0.9592104272539054 75
1780241698055 0.9236763236763238 76
1780241698057 0.9206436938741838 77
1780241698059 0.9008305729358362 78
1780241698060 0.9436152882205512 79
1780241698062 0.9471296819122907 80
1780241698063 0.9564285714285713 81
1780241698065 0.9307140228192858 82
1780241698066 0.9378787878787879 83
1780241698068 0.9182610832281044 84
1780241698070 0.977432712215321 85
1780241698071 0.9416670464038885 86
1780241698073 0.9385888763126614 87
1780241698074 0.9272348691227409 88
1780241698076 0.9432436162870946 89
1780241698078 0.9276455026455025 90
1780241698079 0.9302092352092352 91
1780241698081 0.9577272727272726 92
1780241698082 0.9512686910512997 93
1780241698084 0.956721348826612 94
1780241698086 0.8671219892952721 95
1780241698087 0.9326285983500953 96
1780241698089 0.9361255411255411 97
1780241698091 0.9435609857978278 98
1780241698092 0.9203872945939509 99
1780241698094 0.878742974861396 100
1780241698096 0.926031746031746 101
1780241698097 0.8688492063492065 102
1780241698099 0.9160609857978279 103
1780241698101 0.9163117541213517 104
1780241698102 0.9577819548872182 105
1780241698104 0.9096717171717172 106
1780241698105 0.877520724889146 107
1780241698107 0.9453576134010916 108
1780241698109 0.956097060833903 109
1780241698110 0.9056461616733265 110
1780241698112 0.907027417027417 111
1780241698114 0.9616233766233766 112
1780241698115 0.959074074074074 113
1780241698117 0.9604761904761905 114
1780241698118 0.9477489177489178 115
1780241698120 0.9583167404677703 116
1780241698122 0.9413784461152883 117
1780241698123 0.9356434564672551 118
1780241698125 0.8968876737297791 119
1780241698126 0.9351284461152882 120
1780241698128 0.9144444444444446 121
1780241698130 0.9354768508887501 122
1780241698131 0.9099678948502478 123
1780241698133 0.943254628666528 124
1780241698134 0.9160789210789211 125
1780241698136 0.9463716984769617 126
1780241698138 0.8861482630963646 127
1780241698139 0.9367897015265436 128
1780241698141 0.8991629513604208 129
1780241698142 0.9408564230074526 130
1780241698144 0.9606208703577124 131
1780241698146 0.9433600305110602 132
1780241698147 0.9358265856950065 133
1780241698149 0.8805915429599638 134
1780241698150 0.966097060833903 135
1780241698152 0.9611654135338347 136
1780241698154 0.9180014430014432 137
1780241698155 0.7310850552955817 138
1780241698157 0.9055054302422724 139
1780241698158 0.9191685295804289 140
1780241698160 0.9421428571428571 141
1780241698162 0.950364547732969 142
1780241698163 0.9581567555251764 143
1780241698165 0.953691045796309 144
1780241698166 0.9365491502369118 145
1780241698168 0.9309169663288657 146
1780241698170 0.8863872508752371 147
1780241698171 0.9177819548872181 148
1780241698173 0.9313047660873748 149
1780241698174 0.9301339504435479 150
1780241698176 0.9335609857978279 151
1780241698178 0.9580786452296749 152
1780241698179 0.9621152518978606 153
1780241698181 0.9375272667835597 154
1780241698183 0.936620338725602 155
1780241698184 0.9411874382927014 156
1780241698186 0.9515048986101616 157
1780241698187 0.9518364092048304 158
1780241698189 0.923461038961039 159
1780241698191 0.948078645229675 160
1780241698192 0.957591442374051 161
1780241698194 0.9263016062884484 162
1780241698196 0.8468157460612703 163
1780241698197 0.8511796536796536 164
1780241698199 0.8920161591282281 165
1780241698200 0.8400561052033323 166
1780241698202 0.9008009772454854 167
1780241698204 0.9255979783217635 168
1780241698205 0.906950456950457 169
1780241698207 0.9303706605343944 170
1780241698208 0.9349749373433583 171
1780241698210 0.8861045587825773 172
1780241698212 0.9590127987954075 173
1780241698213 0.9663602187286398 174
1780241698215 0.9470745044429256 175
1780241698216 0.9439696463380672 176
1780241698218 0.9485531135531137 177
1780241698220 0.9720562770562768 178
1780241698221 0.9609273182957393 179
1780241698223 0.9904761904761905 180
1780241698225 0.9704761904761904 181
1780241698226 0.9671152518978605 182
1780241698228 0.9686868686868687 183
1780241698229 0.9441829004329005 184
1780241698231 0.9766233766233766 185
1780241698233 0.9708840282524493 186
1780241698234 0.961598313966735 187
1780241698236 0.9186083116416943 188
1780241698238 0.9546969696969697 189
1780241698239 0.9537991718426501 190
1780241698241 0.9518614718614717 191
1780241698242 0.9360609857978279 192
1780241698244 0.9671946169772256 193
1780241698246 0.9514553093964857 194
1780241698247 0.951147186147186 195
1780241698249 0.9348051948051948 196
1780241698250 0.9599248120300752 197
1780241698252 0.967077922077922 198
1780241698254 0.926079744816587 199
1780241698255 0.9511601342186051 200
1780241698257 0.9470277967646389 201
1780241698258 0.9313043638508034 202
1780241698260 0.9560846560846562 203
1780241698262 0.9511739241151007 204
1780241698263 0.9580848861283643 205
1780241698265 0.9377344877344876 206
1780241698266 0.9532251082251083 207
1780241698268 0.9580243428069514 208
1780241698270 0.9661904761904762 209
1780241698272 0.9628405499915799 210
1780241698273 0.9539404545847378 211
1780241698275 0.9435109512912717 212
1780241698276 0.9585463659147869 213
1780241698278 0.9465007215007214 214
1780241698280 0.935892255892256 215
1780241698281 0.9214446744881526 216
1780241698283 0.9613636363636365 217
1780241698284 0.9619845067213488 218
1780241698286 0.9566666666666667 219
1780241698287 0.9763852813852815 220
1780241698289 0.9669565217391304 221
1780241698291 0.9904761904761905 222
1780241698292 0.967077922077922 223
1780241698294 0.9267865315462569 224
1780241698295 0.9683574879227054 225
1780241698297 0.9716233766233767 226
1780241698299 0.9459523809523809 227
1780241698300 0.9558046631730843 228
1780241698302 0.9761904761904763 229
1780241698303 0.8039518917614892 230
1780241698305 0.9633418031244119 231
1780241698307 0.9516139987650284 232
1780241698308 0.9712842712842713 233
1780241698310 0.9589660911171208 234
1780241698311 0.930325735970019 235
1780241698313 0.9282512315270935 236
1780241698315 0.9572849944360241 237
1780241698316 0.9660678210678212 238
1780241698318 0.9756892230576442 239
1780241698319 0.9807142857142856 240
1780241698321 0.9675108225108225 241
1780241698323 0.9716233766233767 242
1780241698324 0.9610427584111795 243
1780241698326 0.9713602187286398 244
1780241698327 0.9952380952380953 245
1780241698329 0.9811471861471862 246
1780241698331 0.9617931191615401 247
1780241698332 0.952169554320584 248
1780241698334 0.9816933638443934 249
1780241698335 0.9716233766233765 250
1780241698337 0.9590127987954074 251
1780241698339 0.9804761904761904 252
1780241698340 0.9609273182957393 253
1780241698342 0.9759523809523809 254
1780241698344 0.940149489886332 255
1780241698345 0.9525108225108225 256
1780241698347 0.9476353928299007 257
1780241698349 0.9861471861471862 258
1780241698350 0.943521390889812 259
1780241698352 0.9711221234905446 260
1780241698353 0.9461655011655011 261
1780241698355 0.9857142857142858 262
1780241698356 0.9377277400961612 263
1780241698358 0.9861471861471861 264
1780241698360 0.980952380952381 265
1780241698361 0.9702130325814536 266
1780241698363 0.9761904761904763 267
1780241698364 0.9909090909090909 268
1780241698366 0.990909090909091 269
1780241698368 0.962077922077922 270
1780241698369 0.9657142857142856 271
1780241698371 0.9703577124629756 272
1780241698373 0.9709523809523809 273
1780241698374 0.9807142857142856 274
1780241698376 0.9716233766233765 275
1780241698377 0.9346388382572591 276
1780241698379 0.9452651515151516 277
1780241698381 0.9622943722943724 278
1780241698382 0.9711904761904762 279
1780241698384 0.9532539682539684 280
1780241698385 0.9714285714285715 281
1780241698387 0.9610970608339029 282
1780241698389 0.941031746031746 283
1780241698390 0.958008658008658 284
1780241698392 0.9315201465201465 285
1780241698394 0.9671611721611721 286
1780241698395 0.9598221343873516 287
1780241698397 0.9668398268398268 288
1780241698399 0.9854761904761904 289
1780241698400 0.965952380952381 290
1780241698402 0.9754511278195489 291
1780241698403 0.9597186147186146 292
1780241698405 0.9670562770562772 293
1780241698407 0.9763852813852815 294
1780241698408 0.9558297258297259 295
1780241698410 0.9663602187286398 296
1780241698411 0.9720562770562771 297
1780241698413 0.9899999999999999 298
1780241698415 0.963078645229675 299
1780241698416 0.9757142857142856 300
1780241698418 0.9757142857142856 301
1780241698419 0.9726708074534163 302
1780241698421 0.9550199026979213 303
1780241698423 0.9813852813852814 304
1780241698424 0.9709523809523809 305
1780241698426 0.9813852813852814 306
1780241698427 0.9589542036910459 307
1780241698429 0.9661221234905446 308
1780241698431 0.9752380952380951 309
1780241698432 0.9249240078806642 310
1780241698434 0.9542508940335027 311
1780241698436 0.9716233766233765 312
1780241698437 0.9597117794486216 313
