1780122300502 0.0 0
1780122300505 0.10500000000000001 1
1780122300507 0.065 2
1780122300509 0.125 3
1780122300511 0.15000000000000002 4
1780122300513 0.165 5
1780122300515 0.08 6
1780122300517 0.16499999999999998 7
1780122300519 0.125 8
1780122300521 0.145 9
1780122300524 0.11500000000000002 10
1780122300526 0.15 11
1780122300528 0.13999999999999999 12
1780122300530 0.15000000000000002 13
1780122300532 0.165 14
1780122300534 0.175 15
1780122300536 0.15 16
1780122300538 0.15499999999999997 17
1780122300540 0.145 18
1780122300543 0.14 19
1780122300545 0.155 20
1780122300547 0.13 21
1780122300549 0.155 22
1780122300551 0.14500000000000002 23
1780122300553 0.17999999999999997 24
1780122300555 0.15 25
1780122300557 0.2 26
1780122300559 0.185 27
1780122300561 0.16499999999999998 28
1780122300564 0.19499999999999998 29
1780122300566 0.15999999999999998 30
1780122300568 0.205 31
1780122300570 0.155 32
1780122300572 0.25 33
1780122300574 0.19 34
1780122300576 0.21500000000000002 35
1780122300579 0.155 36
1780122300581 0.18 37
1780122300583 0.20999999999999996 38
1780122300585 0.19999999999999998 39
1780122300587 0.20500000000000002 40
1780122300589 0.2 41
1780122300591 0.23000000000000004 42
1780122300593 0.24500000000000002 43
1780122300595 0.22000000000000003 44
1780122300597 0.21999999999999997 45
1780122300600 0.26 46
1780122300602 0.275 47
1780122300604 0.255 48
1780122300606 0.31 49
1780122300608 0.29500000000000004 50
1780122300610 0.22999999999999998 51
1780122300612 0.25999999999999995 52
1780122300614 0.21999999999999997 53
1780122300616 0.26999999999999996 54
1780122300618 0.3 55
1780122300621 0.29000000000000004 56
1780122300623 0.305 57
1780122300625 0.28500000000000003 58
1780122300627 0.31999999999999995 59
1780122300629 0.35 60
1780122300631 0.32 61
1780122300633 0.29000000000000004 62
1780122300635 0.325 63
1780122300637 0.29 64
1780122300639 0.34 65
1780122300642 0.31 66
1780122300644 0.28500000000000003 67
1780122300646 0.36 68
1780122300648 0.32999999999999996 69
1780122300650 0.30500000000000005 70
1780122300652 0.375 71
1780122300654 0.315 72
1780122300656 0.36499999999999994 73
1780122300658 0.31 74
1780122300661 0.35500000000000004 75
1780122300663 0.35 76
1780122300665 0.39 77
1780122300667 0.39 78
1780122300669 0.38499999999999995 79
1780122300671 0.425 80
1780122300673 0.38 81
1780122300676 0.4050000000000001 82
1780122300678 0.375 83
1780122300680 0.385 84
1780122300682 0.39999999999999997 85
1780122300684 0.375 86
1780122300686 0.4050000000000001 87
1780122300688 0.375 88
1780122300690 0.43000000000000005 89
1780122300692 0.385 90
1780122300695 0.41 91
1780122300697 0.40499999999999997 92
1780122300699 0.45 93
1780122300701 0.44000000000000006 94
1780122300703 0.45499999999999996 95
1780122300705 0.475 96
1780122300707 0.43499999999999994 97
1780122300710 0.41500000000000004 98
1780122300712 0.45 99
1780122300714 0.445 100
1780122300716 0.47000000000000003 101
1780122300718 0.48999999999999994 102
1780122300720 0.41500000000000004 103
1780122300722 0.48999999999999994 104
1780122300724 0.47000000000000003 105
1780122300727 0.49000000000000005 106
1780122300729 0.46500000000000014 107
1780122300731 0.485 108
1780122300733 0.495 109
1780122300735 0.4699999999999999 110
1780122300737 0.445 111
1780122300739 0.43499999999999994 112
1780122300741 0.51 113
1780122300743 0.515 114
1780122300745 0.47000000000000003 115
1780122300748 0.515 116
1780122300750 0.48 117
1780122300752 0.535 118
1780122300754 0.485 119
1780122300756 0.525 120
1780122300758 0.48500000000000004 121
1780122300760 0.5149999999999999 122
1780122300762 0.5599999999999999 123
1780122300764 0.5399999999999999 124
1780122300767 0.4499999999999999 125
1780122300769 0.53 126
1780122300771 0.5599999999999999 127
1780122300773 0.49000000000000005 128
1780122300775 0.46499999999999997 129
1780122300777 0.4999999999999999 130
1780122300779 0.495 131
1780122300781 0.5549999999999999 132
1780122300783 0.54 133
1780122300786 0.45499999999999996 134
1780122300788 0.51 135
1780122300790 0.5250000000000001 136
1780122300792 0.5249999999999999 137
1780122300794 0.5349999999999999 138
1780122300796 0.4950000000000001 139
1780122300798 0.53 140
1780122300800 0.53 141
1780122300802 0.4999999999999999 142
1780122300805 0.5200000000000001 143
1780122300807 0.5249999999999999 144
1780122300809 0.5449999999999999 145
1780122300811 0.585 146
1780122300813 0.5700000000000001 147
1780122300815 0.5650000000000001 148
1780122300817 0.5349999999999999 149
1780122300819 0.485 150
1780122300822 0.5200000000000001 151
1780122300824 0.5599999999999999 152
1780122300826 0.575 153
1780122300828 0.5799999999999998 154
1780122300830 0.5549999999999999 155
1780122300832 0.5599999999999999 156
1780122300834 0.63 157
1780122300836 0.635 158
1780122300838 0.62 159
1780122300841 0.675 160
1780122300843 0.64 161
1780122300845 0.6200000000000001 162
1780122300847 0.67 163
1780122300849 0.6199999999999999 164
1780122300851 0.665 165
1780122300853 0.6450000000000001 166
1780122300855 0.6950000000000001 167
1780122300858 0.67 168
1780122300860 0.6849999999999999 169
1780122300862 0.6849999999999999 170
1780122300864 0.6650000000000001 171
1780122300866 0.6499999999999999 172
1780122300868 0.685 173
1780122300870 0.7550000000000001 174
1780122300872 0.6950000000000001 175
1780122300874 0.635 176
1780122300877 0.6849999999999999 177
1780122300879 0.71 178
1780122300881 0.74 179
1780122300883 0.76 180
1780122300885 0.67 181
1780122300896 0.6649999999999999 182
1780122300898 0.675 183
1780122300900 0.6900000000000001 184
1780122300902 0.72 185
1780122300904 0.655 186
1780122300907 0.7050000000000001 187
1780122300909 0.7 188
1780122300911 0.695 189
1780122300913 0.7150000000000001 190
1780122300915 0.7050000000000001 191
1780122300917 0.6950000000000001 192
1780122300919 0.67 193
1780122300921 0.65 194
1780122300923 0.76 195
1780122300926 0.7 196
1780122300928 0.7299999999999999 197
1780122300930 0.7250000000000001 198
1780122300932 0.7450000000000001 199
1780122300934 0.75 200
1780122300936 0.74 201
1780122300938 0.725 202
1780122300940 0.765 203
1780122300942 0.7499999999999999 204
1780122300944 0.7350000000000001 205
1780122300946 0.79 206
1780122300949 0.805 207
1780122300951 0.75 208
1780122300953 0.7649999999999999 209
1780122300955 0.7350000000000001 210
1780122300957 0.76 211
1780122300959 0.8099999999999999 212
1780122300961 0.755 213
1780122300963 0.725 214
1780122300965 0.82 215
1780122300967 0.74 216
1780122300969 0.7749999999999999 217
1780122300972 0.7350000000000001 218
1780122300974 0.76 219
1780122300976 0.7249999999999999 220
1780122300978 0.725 221
1780122300980 0.765 222
1780122300982 0.77 223
1780122300984 0.82 224
1780122300987 0.7350000000000001 225
1780122300989 0.735 226
1780122300991 0.7499999999999999 227
1780122300993 0.805 228
1780122300995 0.7999999999999999 229
1780122300997 0.7849999999999999 230
1780122300999 0.74 231
1780122301001 0.73 232
1780122301003 0.7699999999999999 233
1780122301005 0.76 234
1780122301008 0.74 235
1780122301010 0.74 236
1780122301012 0.76 237
1780122301014 0.7750000000000001 238
1780122301016 0.7999999999999999 239
1780122301018 0.755 240
1780122301020 0.715 241
1780122301022 0.7849999999999999 242
1780122301024 0.8299999999999998 243
1780122301026 0.76 244
1780122301029 0.8 245
1780122301031 0.75 246
1780122301033 0.7649999999999999 247
1780122301035 0.8400000000000001 248
1780122301037 0.8150000000000001 249
1780122301039 0.76 250
1780122301041 0.8150000000000001 251
1780122301043 0.78 252
1780122301045 0.7899999999999999 253
1780122301047 0.765 254
1780122301050 0.7949999999999999 255
1780122301052 0.795 256
1780122301054 0.7649999999999999 257
1780122301056 0.7799999999999999 258
1780122301058 0.8099999999999999 259
1780122301060 0.7450000000000001 260
1780122301062 0.7949999999999999 261
1780122301064 0.7899999999999999 262
1780122301066 0.7899999999999999 263
1780122301069 0.78 264
1780122301071 0.82 265
1780122301073 0.7899999999999999 266
1780122301075 0.8 267
1780122301077 0.7900000000000001 268
1780122301079 0.835 269
1780122301086 0.7949999999999999 270
1780122301088 0.8150000000000001 271
1780122301090 0.795 272
1780122301092 0.835 273
1780122301095 0.805 274
1780122301097 0.835 275
1780122301099 0.8049999999999999 276
1780122301101 0.79 277
1780122301103 0.825 278
1780122301105 0.85 279
1780122301107 0.8 280
1780122301109 0.79 281
1780122301111 0.825 282
1780122301113 0.8299999999999998 283
1780122301116 0.8200000000000001 284
1780122301118 0.775 285
1780122301120 0.82 286
1780122301122 0.8200000000000001 287
1780122301124 0.8299999999999998 288
1780122301126 0.825 289
1780122301128 0.8150000000000001 290
1780122301130 0.8200000000000001 291
1780122301132 0.78 292
1780122301134 0.86 293
1780122301137 0.79 294
1780122301139 0.8049999999999999 295
1780122301141 0.8699999999999999 296
1780122301143 0.82 297
1780122301145 0.7999999999999999 298
1780122301147 0.8400000000000001 299
1780122301149 0.85 300
1780122301151 0.8099999999999999 301
1780122301153 0.8149999999999998 302
1780122301155 0.8150000000000001 303
1780122301158 0.8 304
1780122301160 0.8150000000000001 305
1780122301162 0.825 306
1780122301164 0.79 307
1780122301166 0.8150000000000001 308
1780122301168 0.8 309
1780122301170 0.7699999999999999 310
1780122301173 0.8299999999999998 311
1780122301175 0.8250000000000002 312
1780122301177 0.8350000000000002 313
