1780130320625 0.0 0
1780130320628 0.12000000000000002 1
1780130320630 0.25 2
1780130320633 0.25999999999999995 3
1780130320635 0.44000000000000006 4
1780130320637 0.49000000000000005 5
1780130320640 0.5499999999999999 6
1780130320642 0.6549999999999999 7
1780130320644 0.6 8
1780130320647 0.7000000000000001 9
1780130320649 0.735 10
1780130320651 0.605 11
1780130320654 0.6950000000000001 12
1780130320656 0.7049999999999998 13
1780130320658 0.725 14
1780130320661 0.65 15
1780130320663 0.765 16
1780130320666 0.7150000000000001 17
1780130320668 0.7099999999999999 18
1780130320670 0.7350000000000001 19
1780130320673 0.7349999999999999 20
1780130320675 0.67 21
1780130320677 0.72 22
1780130320680 0.64 23
1780130320682 0.5850000000000001 24
1780130320684 0.8 25
1780130320687 0.7449999999999999 26
1780130320689 0.78 27
1780130320692 0.6200000000000001 28
1780130320694 0.8150000000000001 29
1780130320696 0.635 30
1780130320699 0.64 31
1780130320701 0.7649999999999999 32
1780130320703 0.7849999999999999 33
1780130320706 0.8150000000000001 34
1780130320708 0.43499999999999994 35
1780130320710 0.76 36
1780130320713 0.755 37
1780130320715 0.805 38
1780130320717 0.805 39
1780130320720 0.76 40
1780130320722 0.8149999999999998 41
1780130320725 0.7449999999999999 42
1780130320727 0.865 43
1780130320729 0.775 44
1780130320732 0.72 45
1780130320734 0.76 46
1780130320736 0.8600000000000001 47
1780130320739 0.7949999999999999 48
1780130320741 0.85 49
1780130320743 0.78 50
1780130320746 0.76 51
1780130320748 0.8600000000000001 52
1780130320750 0.8399999999999999 53
1780130320753 0.72 54
1780130320755 0.8549999999999999 55
1780130320758 0.8350000000000002 56
1780130320760 0.8949999999999999 57
1780130320762 0.8150000000000001 58
1780130320765 0.85 59
1780130320767 0.9100000000000001 60
1780130320769 0.85 61
1780130320772 0.71 62
1780130320774 0.45 63
1780130320776 0.825 64
1780130320779 0.775 65
1780130320781 0.82 66
1780130320793 0.79 67
1780130320796 0.785 68
1780130320798 0.6799999999999999 69
1780130320800 0.8299999999999998 70
1780130320803 0.875 71
1780130320805 0.8399999999999999 72
1780130320807 0.675 73
1780130320810 0.845 74
1780130320812 0.8400000000000001 75
1780130320815 0.82 76
1780130320817 0.9299999999999999 77
1780130320819 0.885 78
1780130320822 0.8800000000000001 79
1780130320824 0.75 80
1780130320826 0.8300000000000001 81
1780130320829 0.6749999999999999 82
1780130320831 0.865 83
1780130320833 0.8949999999999999 84
1780130320836 0.7849999999999999 85
1780130320838 0.8300000000000001 86
1780130320840 0.8949999999999999 87
1780130320843 0.845 88
1780130320845 0.85 89
1780130320848 0.9099999999999999 90
1780130320850 0.82 91
1780130320852 0.655 92
1780130320855 0.85 93
1780130320857 0.9149999999999998 94
1780130320859 0.785 95
1780130320862 0.82 96
1780130320864 0.8099999999999999 97
1780130320866 0.8200000000000001 98
1780130320869 0.89 99
1780130320871 0.9099999999999999 100
1780130320874 0.8450000000000001 101
1780130320876 0.905 102
1780130320878 0.9349999999999999 103
1780130320881 0.8549999999999999 104
1780130320883 0.85 105
1780130320886 0.8500000000000002 106
1780130320888 0.885 107
1780130320890 0.8949999999999999 108
1780130320893 0.9099999999999999 109
1780130320895 0.9049999999999999 110
1780130320897 0.885 111
1780130320900 0.9299999999999999 112
1780130320902 0.8549999999999999 113
1780130320904 0.875 114
1780130320907 0.825 115
1780130320909 0.9349999999999999 116
1780130320911 0.925 117
1780130320914 0.9 118
1780130320916 0.915 119
1780130320918 0.915 120
1780130320921 0.5650000000000001 121
1780130320923 0.9200000000000002 122
1780130320925 0.9400000000000001 123
1780130320928 0.9099999999999999 124
1780130320930 0.9 125
1780130320933 0.67 126
1780130320935 0.7849999999999999 127
1780130320937 0.885 128
1780130320940 0.8699999999999999 129
1780130320942 0.945 130
1780130320944 0.9199999999999999 131
1780130320947 0.8950000000000001 132
1780130320949 0.8300000000000001 133
1780130320951 0.905 134
1780130320954 0.8400000000000001 135
1780130320956 0.9200000000000002 136
1780130320959 0.9199999999999999 137
1780130320961 0.7499999999999999 138
1780130320963 0.8999999999999998 139
1780130320966 0.7950000000000002 140
1780130320973 0.78 141
1780130320975 0.8949999999999999 142
1780130320978 0.885 143
1780130320980 0.8899999999999999 144
1780130320982 0.905 145
1780130320985 0.9099999999999999 146
1780130320987 0.865 147
1780130320989 0.8550000000000001 148
1780130320992 0.72 149
1780130320994 0.9349999999999999 150
1780130320996 0.9099999999999999 151
1780130320999 0.8900000000000002 152
1780130321001 0.915 153
1780130321004 0.875 154
1780130321006 0.8799999999999999 155
1780130321008 0.9200000000000002 156
1780130321011 0.925 157
1780130321013 0.93 158
1780130321015 0.945 159
1780130321018 0.805 160
1780130321020 0.9200000000000002 161
1780130321023 0.9550000000000001 162
1780130321025 0.9499999999999998 163
1780130321027 0.9149999999999998 164
1780130321030 0.9650000000000001 165
1780130321032 0.8949999999999999 166
1780130321034 0.945 167
1780130321037 0.905 168
1780130321039 0.96 169
1780130321041 0.96 170
1780130321044 0.9199999999999999 171
1780130321046 0.9199999999999999 172
1780130321049 0.9499999999999998 173
1780130321051 0.97 174
1780130321053 0.9450000000000001 175
1780130321056 0.945 176
1780130321058 0.9399999999999998 177
1780130321060 0.9450000000000001 178
1780130321063 0.985 179
1780130321065 0.97 180
1780130321068 0.975 181
1780130321070 0.9299999999999999 182
1780130321072 0.95 183
1780130321075 0.7900000000000001 184
1780130321077 0.8999999999999998 185
1780130321079 0.9349999999999999 186
1780130321082 0.9549999999999998 187
1780130321084 0.96 188
1780130321086 0.9799999999999999 189
1780130321089 0.9549999999999998 190
1780130321091 0.9450000000000001 191
1780130321094 0.885 192
1780130321096 0.9499999999999998 193
1780130321098 0.9349999999999999 194
1780130321101 0.9349999999999999 195
1780130321103 0.97 196
1780130321105 0.9100000000000001 197
1780130321108 0.9200000000000002 198
1780130321110 0.95 199
1780130321112 0.9349999999999999 200
1780130321115 0.93 201
1780130321117 0.9249999999999998 202
1780130321120 0.975 203
1780130321122 0.9599999999999997 204
1780130321124 0.9400000000000001 205
1780130321127 0.9650000000000001 206
1780130321129 0.97 207
1780130321132 0.9749999999999999 208
1780130321134 0.97 209
1780130321136 0.97 210
1780130321139 0.9650000000000001 211
1780130321141 0.975 212
1780130321144 0.95 213
1780130321147 0.96 214
1780130321149 0.9600000000000002 215
1780130321152 0.95 216
1780130321154 0.945 217
1780130321157 0.9099999999999999 218
1780130321159 0.96 219
1780130321162 0.9199999999999999 220
1780130321164 0.975 221
1780130321167 0.9649999999999999 222
1780130321171 0.9 223
1780130321174 0.9650000000000001 224
1780130321176 0.945 225
1780130321179 0.925 226
1780130321181 0.9550000000000001 227
1780130321183 0.9650000000000001 228
1780130321186 0.9549999999999998 229
1780130321188 0.9649999999999999 230
1780130321191 0.96 231
1780130321193 0.9349999999999999 232
1780130321195 0.9800000000000001 233
1780130321198 0.9549999999999998 234
1780130321200 0.925 235
1780130321203 0.695 236
1780130321205 0.9550000000000001 237
1780130321207 0.975 238
1780130321210 0.9550000000000001 239
1780130321212 0.96 240
1780130321215 0.9349999999999998 241
1780130321217 0.95 242
1780130321220 0.975 243
1780130321222 0.975 244
1780130321224 0.985 245
1780130321227 0.9349999999999999 246
1780130321229 0.865 247
1780130321232 0.9799999999999999 248
1780130321234 0.9199999999999999 249
1780130321237 0.9499999999999998 250
1780130321239 0.9800000000000001 251
1780130321241 0.97 252
1780130321244 0.96 253
1780130321246 0.9 254
1780130321249 0.97 255
1780130321251 0.875 256
1780130321253 0.9450000000000001 257
1780130321256 0.96 258
1780130321258 0.975 259
1780130321261 0.93 260
1780130321263 0.95 261
1780130321265 0.95 262
1780130321268 0.9399999999999998 263
1780130321270 0.9 264
1780130321273 0.9649999999999999 265
1780130321275 0.9299999999999999 266
1780130321278 0.9199999999999999 267
1780130321280 0.8800000000000001 268
1780130321282 0.95 269
1780130321285 0.96 270
1780130321287 0.9399999999999998 271
1780130321289 0.96 272
1780130321292 0.97 273
1780130321294 0.9749999999999999 274
1780130321297 0.96 275
1780130321299 0.9499999999999998 276
1780130321302 0.96 277
1780130321304 0.9349999999999999 278
1780130321306 0.96 279
1780130321309 0.9299999999999999 280
1780130321311 0.985 281
1780130321314 0.95 282
1780130321316 0.97 283
1780130321318 0.9800000000000001 284
1780130321321 0.9450000000000001 285
1780130321323 0.975 286
1780130321325 0.97 287
1780130321328 0.9600000000000002 288
1780130321330 0.9550000000000001 289
1780130321333 0.9649999999999999 290
1780130321335 0.9749999999999999 291
1780130321338 0.9049999999999999 292
1780130321340 0.9650000000000001 293
1780130321342 0.9549999999999998 294
1780130321345 0.9650000000000001 295
1780130321347 0.97 296
1780130321350 0.9650000000000001 297
1780130321352 0.95 298
1780130321354 0.9599999999999997 299
1780130321357 0.95 300
1780130321359 0.925 301
1780130321362 0.975 302
1780130321364 0.96 303
1780130321366 0.9649999999999999 304
1780130321369 0.945 305
1780130321371 0.9349999999999999 306
1780130321374 0.9549999999999998 307
1780130321376 0.9700000000000001 308
1780130321378 0.975 309
1780130321381 0.9549999999999998 310
1780130321383 0.9299999999999999 311
1780130321386 0.9550000000000001 312
1780130321388 0.9650000000000001 313
