1780239471986 0.0 0
1780239471988 0.049836128783497205 1
1780239471990 0.7266761016761016 2
1780239471991 0.8130681818181819 3
1780239471993 0.7792201780197819 4
1780239471994 0.8400075187969925 5
1780239471996 0.8482638347925473 6
1780239471998 0.8754728413349102 7
1780239471999 0.8972449922760866 8
1780239472001 0.9369396867222953 9
1780239472002 0.8879025657449912 10
1780239472004 0.8937713564958145 11
1780239472005 0.8882355862232023 12
1780239472007 0.9472909546593756 13
1780239472008 0.9550793650793649 14
1780239472010 0.9230676328502415 15
1780239472011 0.9344883949002941 16
1780239472013 0.9429622310057091 17
1780239472015 0.9563059163059163 18
1780239472016 0.933217344249953 19
1780239472018 0.9312172141583905 20
1780239472019 0.9218456769944184 21
1780239472021 0.9413833992094862 22
1780239472022 0.94906223893066 23
1780239472024 0.962987012987013 24
1780239472026 0.9663852813852813 25
1780239472027 0.9403576134010916 26
1780239472029 0.9663903743315508 27
1780239472030 0.9566233766233765 28
1780239472032 0.9454668534080298 29
1780239472033 0.9577646025472111 30
1780239472035 0.9583418031244119 31
1780239472036 0.9598955722639932 32
1780239472038 0.7570969997457412 33
1780239472039 0.8889615025936937 34
1780239472041 0.9330423280423281 35
1780239472042 0.9336727307779938 36
1780239472044 0.9626457447967744 37
1780239472045 0.9508454106280194 38
1780239472047 0.9338754578754578 39
1780239472049 0.8889141553069667 40
1780239472050 0.8932796432796433 41
1780239472052 0.8034786324786325 42
1780239472053 0.9125437605872389 43
1780239472055 0.9585213032581453 44
1780239472056 0.8759936365850688 45
1780239472058 0.9372201459079073 46
1780239472059 0.9224709941947793 47
1780239472061 0.9580243428069515 48
1780239472062 0.9356250754076841 49
1780239472064 0.9281321839080461 50
1780239472065 0.952432712215321 51
1780239472067 0.7689086833475105 52
1780239472069 0.9173529411764706 53
1780239472070 0.9770562770562771 54
1780239472072 0.9494025467709678 55
1780239472073 0.9333333333333332 56
1780239472075 0.9504112554112554 57
1780239472076 0.9136384448884449 58
1780239472078 0.8870309021044316 59
1780239472079 0.96679311916154 60
1780239472081 0.8874291745504628 61
1780239472083 0.9420494417862839 62
1780239472084 0.9515265436318068 63
1780239472086 0.9246587318097615 64
1780239472087 0.9313932444367227 65
1780239472089 0.948570520504159 66
1780239472091 0.9093546504843039 67
1780239472092 0.9582979187098181 68
1780239472094 0.9537091741210734 69
1780239472095 0.9685177865612647 70
1780239472097 0.9382878151260504 71
1780239472098 0.9716017316017316 72
1780239472100 0.9740740740740741 73
1780239472101 0.9308840282524493 74
1780239472103 0.9602380952380953 75
1780239472104 0.9601587301587301 76
1780239472106 0.928974688974689 77
1780239472107 0.9540476190476191 78
1780239472109 0.9551127033885655 79
1780239472111 0.9574076495586793 80
1780239472112 0.9440225563909774 81
1780239472115 0.8849797570850203 82
1780239472116 0.8772394272394273 83
1780239472118 0.9659090909090908 84
1780239472119 0.9345134575569357 85
1780239472121 0.9302088107970461 86
1780239472122 0.959151138716356 87
1780239472124 0.9526373626373627 88
1780239472125 0.9322751322751323 89
1780239472127 0.9681037078863166 90
1780239472128 0.899950078448153 91
1780239472130 0.9594736842105263 92
1780239472131 0.929873340640604 93
1780239472133 0.7412827742433006 94
1780239472134 0.9733082706766918 95
1780239472136 0.9575541125541125 96
1780239472138 0.9355844362036313 97
1780239472139 0.9620312143996352 98
1780239472141 0.9246738641475485 99
1780239472142 0.9675108225108225 100
1780239472144 0.9579089026915113 101
1780239472145 0.9270995670995671 102
1780239472147 0.9523533471359558 103
1780239472148 0.9120918031244118 104
1780239472150 0.9170230749642515 105
1780239472151 0.9902380952380951 106
1780239472153 0.9759523809523809 107
1780239472154 0.9470046082949309 108
1780239472156 0.9757142857142856 109
1780239472158 0.9442623737818246 110
1780239472159 0.9609273182957393 111
1780239472161 0.9544554568238779 112
1780239472162 0.9598883572567782 113
1780239472164 0.9621152518978606 114
1780239472165 0.9724509803921568 115
1780239472167 0.963558253340862 116
1780239472168 0.8943877233877233 117
1780239472170 0.920863997113997 118
1780239472171 0.9578217282336274 119
1780239472173 0.8951172489268563 120
1780239472174 0.9759523809523809 121
1780239472176 0.9485726833552921 122
1780239472178 0.9661654135338346 123
1780239472179 0.9659273182957394 124
1780239472181 0.9289826839826839 125
1780239472182 0.9296560846560847 126
1780239472184 0.9652130325814536 127
1780239472185 0.9616933638443935 128
1780239472187 0.9607070707070706 129
1780239472188 0.917675997195448 130
1780239472190 0.8931774306774306 131
1780239472191 0.9483201581027668 132
1780239472193 0.963203463203463 133
1780239472195 0.9742424242424242 134
1780239472196 0.9230158730158731 135
1780239472198 0.9813852813852814 136
1780239472199 0.9769314590824887 137
1780239472201 0.9706459330143542 138
1780239472202 0.9738095238095239 139
1780239472204 0.8968260572379565 140
1780239472205 0.9854761904761904 141
1780239472207 0.9663602187286395 142
1780239472209 0.9802380952380952 143
1780239472210 0.9289963843059817 144
1780239472212 0.9406296992481205 145
1780239472213 0.9609523809523808 146
1780239472215 0.9763852813852815 147
1780239472216 0.9488720538720539 148
1780239472218 0.9520995670995671 149
1780239472219 0.9475108225108226 150
1780239472221 0.9802130325814536 151
1780239472222 0.9756892230576442 152
1780239472224 0.9483504512916279 153
1780239472225 0.9719314590824888 154
1780239472227 0.9536868686868687 155
1780239472228 0.9668614718614718 156
1780239472230 0.9229931460830638 157
1780239472232 0.9399019607843135 158
1780239472233 0.9857142857142858 159
1780239472235 0.9711471861471861 160
1780239472236 0.9324009427105402 161
1780239472238 0.9502516171852557 162
1780239472239 0.9718181818181817 163
1780239472241 0.9274437245947544 164
1780239472242 0.8960413660413661 165
1780239472244 0.8818181818181818 166
1780239472245 0.7580805319984342 167
1780239472247 0.8659474116325295 168
1780239472248 0.9431316928685349 169
1780239472250 0.9289008831464074 170
1780239472252 0.9408296381980591 171
1780239472253 0.91507215007215 172
1780239472255 0.9718614718614719 173
1780239472256 0.952244246981089 174
1780239472258 0.7466161616161616 175
1780239472259 0.9480235553919766 176
1780239472261 0.977432712215321 177
1780239472262 0.933654591023012 178
1780239472264 0.895369026013309 179
1780239472265 0.9127109440267336 180
1780239472267 0.962077922077922 181
1780239472268 0.9500539887267576 182
1780239472270 0.9199648705840655 183
1780239472272 0.9336546840958604 184
1780239472273 0.950551948051948 185
1780239472275 0.9455180565048986 186
1780239472276 0.9449749373433585 187
1780239472278 0.946255790992633 188
1780239472279 0.9068449197860963 189
1780239472281 0.9624857598541808 190
1780239472282 0.9290740740740742 191
1780239472284 0.9473160173160174 192
1780239472285 0.9399291707529693 193
1780239472287 0.9670995670995671 194
1780239472289 0.9366165413533833 195
1780239472290 0.9413612836438924 196
1780239472292 0.9507368421052631 197
1780239472293 0.9396158008658009 198
1780239472295 0.8872376593658059 199
1780239472296 0.8875332270069112 200
1780239472298 0.9443767521570724 201
1780239472299 0.9766233766233766 202
1780239472301 0.909802057845536 203
1780239472302 0.9471177944862156 204
1780239472304 0.8904561799756309 205
1780239472305 0.9816933638443937 206
1780239472307 0.950079744816587 207
1780239472309 0.9420134575569357 208
1780239472310 0.9391176939003028 209
1780239472312 0.8902330691913469 210
1780239472313 0.9611221234905445 211
1780239472315 0.9612172141583905 212
1780239472317 0.9190122044241038 213
1780239472318 0.8266829260014749 214
1780239472320 0.9045485595485596 215
1780239472321 0.9579089026915113 216
1780239472323 0.9328571428571427 217
1780239472324 0.9461654135338344 218
1780239472326 0.9623160173160172 219
1780239472327 0.9033986481354903 220
1780239472329 0.9559273182957394 221
1780239472330 0.9293621290989712 222
1780239472332 0.9243642120879972 223
1780239472333 0.9364540138224349 224
1780239472335 0.9474567099567099 225
1780239472337 0.9660678210678212 226
1780239472338 0.9482624380450465 227
1780239472340 0.8547330316742082 228
1780239472341 0.948924963924964 229
1780239472343 0.9227988738314826 230
1780239472344 0.9443639291465379 231
1780239472346 0.9562918660287082 232
1780239472347 0.9377671451355661 233
1780239472349 0.9460016753112728 234
1780239472350 0.9247871016360127 235
1780239472352 0.9285064935064934 236
1780239472353 0.9149708758061161 237
1780239472355 0.9520202020202019 238
1780239472357 0.9647186147186148 239
1780239472358 0.9595502645502645 240
1780239472360 0.947591442374051 241
1780239472361 0.9486233766233767 242
1780239472363 0.9681037078863165 243
1780239472364 0.9710678210678211 244
1780239472366 0.9656459330143541 245
1780239472367 0.9724327122153209 246
1780239472369 0.9177977915804003 247
1780239472370 0.9475074048758259 248
1780239472372 0.9724327122153209 249
1780239472373 0.910099846390169 250
1780239472375 0.9711471861471862 251
1780239472377 0.9521428571428571 252
1780239472378 0.9614285714285714 253
1780239472380 0.9448219981772613 254
1780239472381 0.9398312976116179 255
1780239472383 0.9485081280275788 256
1780239472384 0.9048941717037693 257
1780239472386 0.9166255559848239 258
1780239472387 0.9683418031244118 259
1780239472389 0.9332597592466014 260
1780239472391 0.9307376936788702 261
1780239472392 0.8347149122807018 262
1780239472394 0.9759523809523809 263
1780239472395 0.9466416040100251 264
1780239472397 0.955566567934989 265
1780239472398 0.9351816299642387 266
1780239472400 0.9475585703388905 267
1780239472401 0.9479908979908981 268
1780239472403 0.9476640129736106 269
1780239472405 0.9481792717086834 270
1780239472406 0.9559022556390977 271
1780239472408 0.9608046631730842 272
1780239472409 0.9614285714285714 273
1780239472411 0.9408465608465608 274
1780239472412 0.9713852813852814 275
1780239472414 0.9568614718614719 276
1780239472416 0.9260731465761177 277
1780239472417 0.9709523809523809 278
1780239472419 0.9476771474139893 279
1780239472420 0.9722943722943722 280
1780239472422 0.9565223665223666 281
1780239472423 0.9656208703577125 282
1780239472425 0.9557660455486543 283
1780239472426 0.9411303511303512 284
1780239472428 0.9392508940335027 285
1780239472430 0.9580848861283643 286
1780239472431 0.9507410236822 287
1780239472433 0.9612375636059847 288
1780239472434 0.9328838400348698 289
1780239472436 0.9554010025062658 290
1780239472437 0.9283281733746132 291
1780239472439 0.909846132128741 292
1780239472440 0.9422366522366522 293
1780239472442 0.9708840282524493 294
1780239472444 0.9613351560719983 295
1780239472445 0.9588179936006023 296
1780239472447 0.956097060833903 297
1780239472448 0.9395003813882532 298
1780239472450 0.8981725268602883 299
1780239472451 0.9157426582032855 300
1780239472453 0.8978114478114477 301
1780239472455 0.9635115456625754 302
1780239472456 0.9763852813852815 303
1780239472458 0.9566233766233765 304
1780239472459 0.952056277056277 305
1780239472461 0.9259068517689206 306
1780239472462 0.9568614718614719 307
1780239472464 0.962099567099567 308
1780239472466 0.9397632971317182 309
1780239472467 0.9345302948398924 310
1780239472469 0.934935064935065 311
1780239472470 0.9504260651629071 312
1780239472472 0.9514213564213565 313
