1780120150971 0.0 0
1780120150973 0.06338540686366774 1
1780120150975 0.18671939380449828 2
1780120150977 0.27498961245465453 3
1780120150979 0.32587295147944234 4
1780120150981 0.35236807943917603 5
1780120150983 0.38079246601466665 6
1780120150985 0.40548713187127544 7
1780120150987 0.3006735795674568 8
1780120150989 0.43635924166125883 9
1780120150991 0.3147293847236921 10
1780120150993 0.4311315835523938 11
1780120150995 0.5171388650842816 12
1780120150997 0.4533366425154223 13
1780120150999 0.46905689562420905 14
1780120151001 0.3509558579050104 15
1780120151003 0.5494436981318478 16
1780120151005 0.4470019343863617 17
1780120151007 0.4472047405585501 18
1780120151009 0.5136553564110499 19
1780120151011 0.5019134897602697 20
1780120151013 0.48562236528615677 21
1780120151015 0.2563758905864169 22
1780120151018 0.5595336580600418 23
1780120151020 0.5436776912112079 24
1780120151022 0.564161957481138 25
1780120151024 0.4250157403145848 26
1780120151026 0.5666772242053286 27
1780120151028 0.5856363322595491 28
1780120151030 0.6223939192595085 29
1780120151032 0.5588641440021022 30
1780120151034 0.6330206278770341 31
1780120151036 0.7226139240147955 32
1780120151038 0.7028786439326136 33
1780120151040 0.5351181865989167 34
1780120151042 0.5845289656094074 35
1780120151044 0.6768666999527563 36
1780120151046 0.581631011821174 37
1780120151048 0.5835553436736302 38
1780120151050 0.6815463698162871 39
1780120151052 0.6591559908023322 40
1780120151054 0.6922359803157037 41
1780120151056 0.7155798610319393 42
1780120151058 0.7428873909757724 43
1780120151060 0.7476835763295517 44
1780120151062 0.7183339611504426 45
1780120151064 0.8033802639254576 46
1780120151066 0.7875269902425558 47
1780120151068 0.7728743374926388 48
1780120151070 0.8424978637820206 49
1780120151072 0.7407156497003773 50
1780120151074 0.6716516483127778 51
1780120151076 0.6902626878065397 52
1780120151078 0.7684445580142981 53
1780120151080 0.567913766316243 54
1780120151082 0.8126762135313357 55
1780120151084 0.807408192466983 56
1780120151086 0.6581736116218874 57
1780120151088 0.8295041088023078 58
1780120151090 0.7917835506013609 59
1780120151092 0.8250748541012497 60
1780120151094 0.8268326454582917 61
1780120151096 0.8305521009132105 62
1780120151098 0.8118998328006415 63
1780120151100 0.764368461214484 64
1780120151102 0.7344484594859297 65
1780120151104 0.7638185974687365 66
1780120151106 0.7864413899896403 67
1780120151108 0.7339158241043671 68
1780120151110 0.8027416923521754 69
1780120151112 0.824905760920436 70
1780120151114 0.787876502909309 71
1780120151116 0.6985496230591426 72
1780120151118 0.8164774897367773 73
1780120151120 0.6854811481053079 74
1780120151122 0.762146800072428 75
1780120151124 0.8492268821964017 76
1780120151126 0.8165979449297442 77
1780120151128 0.8407853799317213 78
1780120151130 0.7840221832638595 79
1780120151132 0.8292516375952909 80
1780120151134 0.7325293420030262 81
1780120151136 0.7826757833176319 82
1780120151138 0.8711639542490607 83
1780120151141 0.8856105651366357 84
1780120151143 0.8467390289022168 85
1780120151145 0.816124461979914 86
1780120151147 0.7635422046085163 87
1780120151150 0.778785468232653 88
1780120151152 0.8165902109838046 89
1780120151154 0.842502120256691 90
1780120151156 0.8237027193677922 91
1780120151158 0.8406066156066154 92
1780120151160 0.8432387176267225 93
1780120151162 0.8833906541811727 94
1780120151164 0.6935599377247345 95
1780120151166 0.8466300187043222 96
1780120151168 0.8491680536495524 97
1780120151170 0.735989019626541 98
1780120151172 0.7893557215063567 99
1780120151175 0.854280749088933 100
1780120151178 0.8651343800867878 101
1780120151180 0.9085256762920434 102
1780120151182 0.8683979229857982 103
1780120151184 0.8954153999789429 104
1780120151186 0.8643945148852306 105
1780120151188 0.9055930239370549 106
1780120151190 0.86845726530355 107
1780120151192 0.7648715533994898 108
1780120151194 0.8958088154416185 109
1780120151196 0.8740802914102016 110
1780120151198 0.8255849914176296 111
1780120151200 0.8788946704234025 112
1780120151202 0.8607012362161104 113
1780120151205 0.8067848182790442 114
1780120151207 0.8032858583123694 115
1780120151209 0.8998088232433098 116
1780120151211 0.8858126751505205 117
1780120151213 0.8855692893452991 118
1780120151215 0.8465908603817368 119
1780120151217 0.8952753005674163 120
1780120151219 0.852929113106527 121
1780120151221 0.8998211056605839 122
1780120151223 0.939369029354849 123
1780120151225 0.8962377883930561 124
1780120151227 0.8897510816830458 125
1780120151229 0.875949310788789 126
1780120151231 0.8285050673440766 127
1780120151233 0.6892177763980485 128
1780120151235 0.892278235222081 129
1780120151237 0.8749825551240645 130
1780120151239 0.8764441805520111 131
1780120151241 0.9350681939778888 132
1780120151243 0.8917325700615789 133
1780120151245 0.6504405685109577 134
1780120151247 0.8949018602865919 135
1780120151249 0.851968267105066 136
1780120151251 0.9102972545825638 137
1780120151253 0.9445868549898762 138
1780120151255 0.8602650895244931 139
1780120151257 0.8487920848829107 140
1780120151259 0.8460690638027785 141
1780120151261 0.9109431132698889 142
1780120151263 0.8534917141528181 143
1780120151265 0.7968184783893059 144
1780120151267 0.9059151728471371 145
1780120151269 0.9186816102683721 146
1780120151271 0.872338178572077 147
1780120151273 0.8836927726443206 148
1780120151275 0.8825476051616885 149
1780120151277 0.913509781259729 150
1780120151279 0.8978594472280635 151
1780120151281 0.8493290534403675 152
1780120151283 0.8218191347652459 153
1780120151285 0.8518110554157066 154
1780120151287 0.8935848511581576 155
1780120151289 0.882085120279638 156
1780120151291 0.8851426885431792 157
1780120151293 0.9189440282279939 158
1780120151295 0.8425731781494985 159
1780120151297 0.9403295228519875 160
1780120151300 0.8578045334664207 161
1780120151302 0.9446029834912422 162
1780120151304 0.8691005371057716 163
1780120151306 0.9140720550513965 164
1780120151308 0.9609083606452027 165
1780120151310 0.9095619641520184 166
1780120151312 0.9447724704335745 167
1780120151314 0.8974189893967199 168
1780120151316 0.9547091462239086 169
1780120151318 0.9503463359633477 170
1780120151320 0.8811378184951826 171
1780120151322 0.8723995197309791 172
1780120151324 0.9353363440462286 173
1780120151326 0.949409939653842 174
1780120151328 0.914377699999787 175
1780120151330 0.9237774082369121 176
1780120151332 0.9348091617411258 177
1780120151334 0.9445773204117234 178
1780120151336 0.9604509206507309 179
1780120151338 0.9599950327806555 180
1780120151340 0.9646847088310502 181
1780120151342 0.8778823386842717 182
1780120151344 0.935222402200133 183
1780120151346 0.924604644255807 184
1780120151348 0.9496435176730426 185
1780120151350 0.9700906346541778 186
1780120151352 0.9085851256047095 187
1780120151354 0.9345955649427093 188
1780120151356 0.9499624295259725 189
1780120151358 0.9240749698901176 190
1780120151360 0.9456104045619526 191
1780120151362 0.9552745688996696 192
1780120151364 0.9546722010136645 193
1780120151366 0.902384784225255 194
1780120151368 0.9145313009411288 195
1780120151370 0.9043801714854347 196
1780120151372 0.8745455747599898 197
1780120151374 0.9393950007364642 198
1780120151376 0.93547692545767 199
1780120151378 0.9150201830689635 200
1780120151380 0.92085347985348 201
1780120151382 0.9399317382244211 202
1780120151384 0.9552067786727607 203
1780120151386 0.9449140757342986 204
1780120151388 0.949895892250133 205
1780120151390 0.9544588409736035 206
1780120151392 0.9749744906355946 207
1780120151394 0.9749906191369606 208
1780120151396 0.9189357762001581 209
1780120151398 0.964923456597338 210
1780120151400 0.9799120207514991 211
1780120151403 0.9705244755244756 212
1780120151405 0.9023918354928808 213
1780120151407 0.801274440369691 214
1780120151409 0.9495305006088062 215
1780120151411 0.9547122731782552 216
1780120151413 0.9553444116858751 217
1780120151415 0.94487377961843 218
1780120151417 0.9256145207685644 219
1780120151419 0.8013286548890264 220
1780120151421 0.979971810389012 221
1780120151423 0.9550416283343113 222
1780120151425 0.9385445770789232 223
1780120151427 0.9442104561474952 224
1780120151429 0.9405197699077747 225
1780120151431 0.9252838117954397 226
1780120151433 0.9643588254563864 227
1780120151435 0.950561017929439 228
1780120151437 0.9351583666148565 229
1780120151439 0.9357375166586376 230
1780120151441 0.9204801229008087 231
1780120151443 0.9299861895497326 232
1780120151445 0.9543225327743345 233
1780120151447 0.8627860693008319 234
1780120151449 0.906291068601217 235
1780120151451 0.9005028876539175 236
1780120151453 0.9602581906753922 237
1780120151455 0.9597934799475236 238
1780120151457 0.9393037240263856 239
1780120151459 0.9090152076213457 240
1780120151461 0.964809787004909 241
1780120151463 0.964702398585582 242
1780120151465 0.9653116926659335 243
1780120151467 0.9747243342878773 244
1780120151469 0.9849968730456535 245
1780120151471 0.9198451815156622 246
1780120151473 0.9653197957369972 247
1780120151475 0.9499140757342983 248
1780120151477 0.9412426732011484 249
1780120151479 0.9499253057597088 250
1780120151481 0.9427386919528861 251
1780120151483 0.9496867167919799 252
1780120151485 0.9223302404199902 253
1780120151487 0.8095754905616721 254
1780120151489 0.9537300098275707 255
1780120151491 0.9320920554879804 256
1780120151493 0.9398731933167854 257
1780120151496 0.9647175866495505 258
1780120151498 0.9700884481372286 259
1780120151500 0.939879357074479 260
1780120151502 0.9212484278310429 261
1780120151504 0.9549699363857347 262
1780120151506 0.9252333938584945 263
1780120151508 0.9201636889611933 264
1780120151510 0.9204351180084245 265
1780120151512 0.9649718103890119 266
1780120151514 0.9081195764606592 267
1780120151516 0.934795807318272 268
1780120151518 0.95483328396037 269
1780120151520 0.9511279163277264 270
1780120151522 0.9116027658591918 271
1780120151524 0.8729031589814644 272
1780120151526 0.9596691156677124 273
1780120151528 0.984993746091307 274
1780120151530 0.9307595565306119 275
1780120151532 0.9357632256390355 276
1780120151534 0.9400829871882503 277
1780120151536 0.8945730152983042 278
1780120151538 0.9851067631555436 279
1780120151540 0.8927476290758779 280
1780120151542 0.9195993293819381 281
1780120151544 0.950005782360023 282
1780120151546 0.9603525775476994 283
1780120151548 0.9645748187211602 284
1780120151550 0.9492204225131055 285
1780120151552 0.8858804631257315 286
1780120151554 0.9552776958540161 287
1780120151556 0.9249230058257734 288
1780120151558 0.9450830607441647 289
1780120151560 0.9602947330803555 290
1780120151562 0.9445071260218885 291
1780120151564 0.9251328545892239 292
1780120151566 0.9645685648124672 293
1780120151568 0.9446639193865811 294
1780120151570 0.9599744906355946 295
1780120151572 0.9699776175899408 296
1780120151574 0.9650547886798894 297
1780120151576 0.9306415662178866 298
1780120151578 0.9650277180623181 299
1780120151580 0.9749686834346655 300
1780120151582 0.9499212383679648 301
1780120151585 0.9696847088310504 302
1780120151587 0.9450122628662498 303
1780120151589 0.9650655719975362 304
1780120151591 0.9013499045527287 305
1780120151593 0.9408780401835004 306
1780120151595 0.9398707055318096 307
1780120151597 0.9750906346541777 308
1780120151599 0.9600326941790357 309
1780120151601 0.9595800006583062 310
1780120151603 0.9550701331189135 311
1780120151605 0.930552950864706 312
1780120151607 0.9228691124194409 313
