1780704996492 0.0 0
1780704996514 0.4999999999999969 1
1780704996532 0.49999999999999684 2
1780704996549 0.5531249999999953 3
1780704996566 0.4999999999999967 4
1780704996581 0.499999999999997 5
1780704996599 0.4999999999999969 6
1780704996617 0.5172413793103413 7
1780704996637 0.49999999999999684 8
1780704996658 0.5119988706945192 9
1780704996691 0.5100714749837523 10
1780704996710 0.5419652810957115 11
1780704996735 0.530214424951263 12
1780704996753 0.48933491334616763 13
1780704996805 0.5388596910335998 14
1780704996823 0.5105169604503 15
1780704996838 0.4968749999999969 16
1780704996855 0.506666666666663 17
1780704996871 0.5274904735982537 18
1780704996887 0.5274033476521955 19
1780704996903 0.4881656804733699 20
1780704996920 0.5147058823529378 21
1780704996937 0.5051948051948019 22
1780704996953 0.5017482517482483 23
1780704996967 0.5347670250896016 24
1780704996984 0.49390243902438724 25
1780704997001 0.5786930510814489 26
1780704997018 0.5174804098854695 27
1780704997033 0.5026576895818535 28
1780704997049 0.5166666666666628 29
1780704997086 0.5274904735982537 30
1780704997104 0.5003981525720622 31
1780704997120 0.5281249999999957 32
1780704997137 0.4878787878787849 33
1780704997152 0.535754100971488 34
1780704997167 0.51986287557975 35
1780704997183 0.5163242554546865 36
1780704997199 0.5195221445221408 37
1780704997216 0.4968749999999969 38
1780704997233 0.5468749999999957 39
1780704997248 0.5104460288509334 40
1780704997263 0.5263409047528115 41
1780704997279 0.5360172437769393 42
1780704997296 0.530296057677554 43
1780704997310 0.5247289972899691 44
1780704997340 0.5233823248711547 45
1780704997357 0.5047425474254709 46
1780704997380 0.5633468834688298 47
1780704997398 0.5043760587238814 48
1780704997416 0.5369847543760546 49
1780704997433 0.5602981029810249 50
1780704997450 0.5104460288509334 51
1780704997467 0.5119988706945192 52
1780704997483 0.544454490657018 53
1780704997499 0.5312499999999958 54
1780704997514 0.5781249999999947 55
1780704997529 0.5543028071790104 56
1780704997544 0.5020737668493522 57
1780704997562 0.5260453579021929 58
1780704997577 0.5623376623376574 59
1780704997592 0.5049367264636315 60
1780704997624 0.5325203252032479 61
1780704997647 0.5500301386377291 62
1780704997661 0.5286317058468916 63
1780704997678 0.5038986354775794 64
1780704997695 0.5255411255411218 65
1780704997716 0.4878787878787849 66
1780704997745 0.5503573749187738 67
1780704997773 0.5349608197709421 68
1780704997796 0.5236559139784908 69
1780704997815 0.5147406480322589 70
1780704997834 0.5201429499675077 71
1780704997852 0.566666666666662 72
1780704997872 0.5194805194805158 73
1780704997890 0.5584229390680955 74
1780704997910 0.5119047619047584 75
1780704997928 0.5180652680652642 76
1780704997953 0.5491626595921026 77
1780704997973 0.52521929824561 78
1780704997996 0.5347670250896016 79
1780704998020 0.5968749999999942 80
1780704998038 0.5420450059218274 81
1780704998055 0.5308825516961712 82
1780704998071 0.5306356174842483 83
1780704998086 0.5359307359307314 84
1780704998101 0.5180652680652642 85
1780704998115 0.5271514035895036 86
1780704998130 0.5093749999999964 87
1780704998144 0.5534437946718601 88
1780704998160 0.5362007168458738 89
1780704998174 0.5119988706945192 90
1780704998190 0.5456358337168234 91
1780704998218 0.5337727744037879 92
1780704998235 0.5168863872018924 93
1780704998250 0.528124999999996 94
1780704998270 0.5216802168021643 95
1780704998288 0.5268817204301036 96
1780704998303 0.4969325153374203 97
1780704998318 0.525203117227653 98
1780704998335 0.5027611596870653 99
1780704998351 0.5247289972899691 100
1780704998367 0.5131118881118845 101
1780704998381 0.49390243902438724 102
1780704998397 0.5073785441883567 103
1780704998414 0.5299003322259095 104
1780704998431 0.5509865693914728 105
1780704998448 0.5126488095238061 106
1780704998465 0.5142857142857109 107
1780704998493 0.5433333333333291 108
1780704998510 0.5084498834498796 109
1780704998527 0.5218749999999963 110
1780704998543 0.49382716049382414 111
1780704998561 0.5062499999999966 112
1780704998578 0.5027611596870653 113
1780704998592 0.5518489274904547 114
1780704998614 0.5170565302144212 115
1780704998630 0.5219298245613995 116
1780704998649 0.528124999999996 117
1780704998664 0.5341130604288455 118
1780704998683 0.5187110187110149 119
1780704998699 0.5468749999999954 120
1780704998716 0.5335941973659051 121
1780704998732 0.5126332412159457 122
1780704998770 0.5218749999999961 123
1780704998801 0.5379928315412145 124
1780704998820 0.561395126612513 125
1780704998841 0.5617715617715571 126
1780704998866 0.5343822843822801 127
1780704998883 0.5041475336987077 128
1780704998897 0.5761871013465572 129
1780704998920 0.5562499999999954 130
1780704998941 0.5260391782130872 131
1780704998959 0.5387166307411662 132
1780704998973 0.5062499999999966 133
1780704998993 0.5587703435804654 134
1780704999011 0.49498207885304324 135
1780704999031 0.5187499999999963 136
1780704999047 0.5426419887497684 137
1780704999074 0.5188429981921808 138
1780704999093 0.5326485109093761 139
1780704999110 0.5031754672473201 140
1780704999128 0.4937499999999969 141
1780704999141 0.5132186653925748 142
1780704999156 0.5125907272996555 143
1780704999171 0.5096726190476156 144
1780704999187 0.5630482456140303 145
1780704999202 0.4969135802469105 146
1780704999216 0.5490716180371302 147
1780704999231 0.5012435748632034 148
1780704999246 0.5781249999999946 149
1780704999260 0.49451754385964564 150
1780704999274 0.4842767295597454 151
1780704999287 0.49019607843136936 152
1780704999303 0.5031249999999966 153
1780704999330 0.5073322470745039 154
1780704999346 0.5310266406757591 155
1780704999364 0.5373719107896279 156
1780704999384 0.5303156723682338 157
1780704999398 0.567476002258606 158
1780704999414 0.567476002258606 159
1780704999432 0.4985431235431202 160
1780704999446 0.5156249999999961 161
1780704999464 0.537199480181932 162
1780704999483 0.5225354355789101 163
1780704999498 0.49941966506383323 164
1780704999512 0.5433723196881047 165
1780704999529 0.529481296064521 166
1780704999545 0.5315412186379886 167
1780704999560 0.5701754385964863 168
1780704999575 0.5603146853146804 169
1780704999604 0.5433333333333291 170
1780704999620 0.6035402162642514 171
1780704999639 0.5908929836994979 172
1780704999656 0.5958672086720807 173
1780704999670 0.5755507501013598 174
1780704999684 0.5523809523809471 175
1780704999698 0.4875776397515498 176
1780704999714 0.524999999999996 177
1780704999728 0.5317047817047776 178
1780704999743 0.5433723196881047 179
1780704999758 0.5721247563352767 180
1780704999784 0.602867383512539 181
1780704999805 0.48797579232361515 182
1780704999830 0.5107446952290813 183
1780704999854 0.5323464912280659 184
1780704999880 0.5002913752913718 185
1780704999910 0.5394984326018765 186
1780704999929 0.6008158508158451 187
1780704999947 0.6201565184195387 188
1780704999965 0.6143761301989086 189
1780704999984 0.545519713261644 190
1780705000001 0.5918495297805589 191
1780705000023 0.5437499999999956 192
1780705000039 0.5086221190515632 193
1780705000056 0.555297628917256 194
1780705000075 0.5570285883572756 195
1780705000092 0.5718412087098158 196
1780705000108 0.5999386408958369 197
1780705000122 0.5514484914052123 198
1780705000137 0.5695340501792063 199
1780705000158 0.518749999999996 200
1780705000186 0.512338958446739 201
1780705000209 0.5505952380952333 202
1780705000238 0.5601935874168127 203
1780705000263 0.5422159680047356 204
1780705000299 0.571326164874547 205
1780705000327 0.5696881091617882 206
1780705000356 0.5425531914893575 207
1780705000382 0.49663359319631134 208
1780705000410 0.5195221445221408 209
1780705000442 0.5514285714285663 210
1780705000471 0.5184923771880257 211
1780705000492 0.5910905461803604 212
1780705000534 0.5813953488372042 213
1780705000566 0.5595238095238046 214
1780705000607 0.5139701104613348 215
1780705000640 0.5374999999999958 216
1780705000669 0.5838709677419301 217
1780705000705 0.5849210669569894 218
1780705000744 0.5688111424307691 219
1780705000774 0.5468655816757038 220
1780705000802 0.5073593073593037 221
1780705000831 0.5260391782130872 222
1780705000861 0.545400710619814 223
1780705000899 0.5297491039426481 224
1780705000933 0.5412899336949928 225
1780705000964 0.5835324096193608 226
1780705001009 0.5766666666666616 227
1780705001061 0.5643459915611764 228
1780705001092 0.5990903183885582 229
1780705001121 0.5824435734558671 230
1780705001151 0.5534437946718601 231
1780705001174 0.5920735382760646 232
1780705001206 0.5369485586876841 233
1780705001231 0.590888173032668 234
1780705001257 0.578787878787873 235
1780705001293 0.5286317058468916 236
1780705001324 0.5547857939162241 237
1780705001361 0.6035402162642514 238
1780705001397 0.5090390766235534 239
1780705001434 0.5602133017330718 240
1780705001475 0.544454490657018 241
1780705001506 0.5181009357263346 242
1780705001541 0.5635925256178369 243
1780705001585 0.5542005420054151 244
1780705001621 0.5485746137920005 245
1780705001659 0.5476915271435775 246
1780705001705 0.5741869918699134 247
1780705001741 0.5718520609824905 248
1780705001775 0.6343749999999932 249
1780705001811 0.6157827679566747 250
1780705001853 0.49562937062936696 251
1780705001889 0.5518054799491874 252
1780705001953 0.5279402209226727 253
1780705001985 0.5881270133455997 254
1780705002017 0.5499999999999954 255
1780705002054 0.5695934500282278 256
1780705002076 0.5387166307411662 257
1780705002126 0.6266937669376625 258
1780705002163 0.5497752087347414 259
1780705002197 0.5406249999999957 260
1780705002229 0.5675324675324622 261
1780705002273 0.5499999999999954 262
1780705002307 0.5426497277676899 263
1780705002335 0.5401422011553803 264
1780705002371 0.536957487779584 265
1780705002409 0.5487938596491184 266
1780705002434 0.5630999435347213 267
1780705002462 0.5654717819582235 268
1780705002495 0.5852839774995399 269
1780705002533 0.6130717108977921 270
1780705002571 0.5263409047528115 271
1780705002603 0.5963529224398733 272
1780705002631 0.5262924011257548 273
1780705002661 0.5431372549019557 274
1780705002688 0.5770042194092776 275
1780705002721 0.5337380011293014 276
1780705002750 0.5537634408602105 277
1780705002828 0.5337727744037879 278
1780705002856 0.5543028071790104 279
1780705002888 0.5419652810957115 280
1780705002920 0.4911994193431286 281
1780705002953 0.5675455488075789 282
1780705002989 0.5833333333333282 283
1780705003016 0.5571428571428525 284
1780705003049 0.5047425474254709 285
1780705003098 0.5337662337662296 286
1780705003131 0.5232558139534846 287
1780705003166 0.5697695518054747 288
1780705003195 0.5989159891598855 289
1780705003230 0.6293047433398242 290
1780705003264 0.5724037429053482 291
1780705003294 0.5325497287522565 292
1780705003323 0.5727745289148747 293
1780705003363 0.5454006813805318 294
1780705003396 0.5094850948509448 295
1780705003427 0.5116896037141399 296
1780705003463 0.5001814552712722 297
1780705003495 0.5804268195572491 298
