1780553838733 0.0 0
1780553838740 0.115 1
1780553838743 0.185 2
1780553838746 0.11 3
1780553838750 0.14 4
1780553838753 0.185 5
1780553838756 0.18 6
1780553838760 0.145 7
1780553838763 0.16 8
1780553838767 0.235 9
1780553838770 0.21 10
1780553838773 0.2 11
1780553838776 0.145 12
1780553838780 0.16 13
1780553838783 0.235 14
1780553838787 0.21 15
1780553838790 0.21 16
1780553838793 0.22 17
1780553838797 0.285 18
1780553838799 0.275 19
1780553838802 0.245 20
1780553838805 0.215 21
1780553838807 0.195 22
1780553838809 0.26 23
1780553838811 0.255 24
1780553838813 0.23 25
1780553838815 0.22 26
1780553838818 0.25 27
1780553838821 0.23 28
1780553838823 0.175 29
1780553838825 0.235 30
1780553838828 0.245 31
1780553838831 0.125 32
1780553838834 0.295 33
1780553838837 0.295 34
1780553838840 0.225 35
1780553838843 0.25 36
1780553838846 0.305 37
1780553838849 0.355 38
1780553838852 0.285 39
1780553838855 0.235 40
1780553838858 0.295 41
1780553838861 0.235 42
1780553838864 0.195 43
1780553838868 0.16 44
1780553838871 0.21 45
1780553838874 0.26 46
1780553838877 0.275 47
1780553838880 0.365 48
1780553838883 0.3 49
1780553838887 0.21 50
1780553838890 0.23 51
1780553838893 0.3 52
1780553838895 0.28 53
1780553838898 0.3 54
1780553838901 0.26 55
1780553838904 0.25 56
1780553838906 0.29 57
1780553838909 0.32 58
1780553838912 0.335 59
1780553838915 0.265 60
1780553838917 0.305 61
1780553838920 0.205 62
1780553838923 0.3 63
1780553838925 0.32 64
1780553838928 0.37 65
1780553838931 0.215 66
1780553838933 0.285 67
1780553838936 0.32 68
1780553838939 0.27 69
1780553838942 0.36 70
1780553838945 0.27 71
1780553838948 0.375 72
1780553838951 0.225 73
1780553838954 0.29 74
1780553838957 0.27 75
1780553838960 0.27 76
1780553838962 0.32 77
1780553838965 0.345 78
1780553838967 0.28 79
1780553838969 0.23 80
1780553838972 0.275 81
1780553838974 0.31 82
1780553838976 0.325 83
1780553838978 0.315 84
1780553838981 0.33 85
1780553838983 0.265 86
1780553838985 0.31 87
1780553838987 0.315 88
1780553838989 0.295 89
1780553838991 0.265 90
1780553838993 0.325 91
1780553838994 0.34 92
1780553838996 0.35 93
1780553838998 0.27 94
1780553839000 0.265 95
1780553839002 0.26 96
1780553839004 0.305 97
1780553839006 0.265 98
1780553839008 0.29 99
1780553839010 0.36 100
1780553839012 0.21 101
1780553839014 0.35 102
1780553839017 0.255 103
1780553839019 0.31 104
1780553839021 0.36 105
1780553839023 0.335 106
1780553839025 0.295 107
1780553839027 0.335 108
1780553839029 0.34 109
1780553839031 0.37 110
1780553839033 0.3 111
1780553839035 0.3 112
1780553839036 0.29 113
1780553839038 0.275 114
1780553839040 0.335 115
1780553839042 0.315 116
1780553839044 0.28 117
1780553839046 0.325 118
1780553839048 0.26 119
1780553839050 0.34 120
1780553839052 0.25 121
1780553839054 0.35 122
1780553839056 0.445 123
1780553839058 0.305 124
1780553839060 0.355 125
1780553839062 0.34 126
1780553839064 0.34 127
1780553839066 0.245 128
1780553839068 0.315 129
1780553839069 0.32 130
1780553839072 0.275 131
1780553839074 0.345 132
1780553839075 0.335 133
1780553839077 0.305 134
1780553839079 0.28 135
1780553839081 0.28 136
1780553839083 0.36 137
1780553839085 0.43 138
1780553839087 0.35 139
1780553839089 0.33 140
1780553839091 0.245 141
1780553839093 0.32 142
1780553839095 0.34 143
1780553839097 0.335 144
1780553839099 0.32 145
1780553839101 0.265 146
1780553839103 0.375 147
1780553839105 0.37 148
1780553839107 0.39 149
1780553839109 0.34 150
1780553839111 0.315 151
1780553839113 0.285 152
1780553839115 0.36 153
1780553839118 0.39 154
1780553839120 0.315 155
1780553839121 0.32 156
1780553839123 0.3 157
1780553839125 0.245 158
1780553839127 0.405 159
1780553839129 0.275 160
1780553839131 0.345 161
1780553839133 0.39 162
1780553839135 0.4 163
1780553839137 0.335 164
1780553839139 0.37 165
1780553839141 0.3 166
1780553839143 0.375 167
1780553839145 0.39 168
1780553839147 0.37 169
1780553839148 0.36 170
1780553839150 0.345 171
1780553839152 0.37 172
1780553839154 0.37 173
1780553839156 0.335 174
1780553839158 0.265 175
1780553839160 0.445 176
1780553839162 0.335 177
1780553839164 0.36 178
1780553839166 0.405 179
1780553839168 0.39 180
1780553839170 0.41 181
1780553839172 0.28 182
1780553839173 0.29 183
1780553839175 0.37 184
1780553839177 0.345 185
1780553839179 0.32 186
1780553839181 0.39 187
1780553839183 0.365 188
1780553839185 0.36 189
1780553839187 0.4 190
1780553839189 0.375 191
1780553839191 0.26 192
1780553839193 0.38 193
1780553839195 0.42 194
1780553839197 0.315 195
1780553839198 0.39 196
1780553839200 0.315 197
1780553839202 0.39 198
1780553839204 0.395 199
1780553839206 0.35 200
1780553839208 0.375 201
1780553839210 0.265 202
1780553839212 0.385 203
1780553839214 0.335 204
1780553839216 0.34 205
1780553839218 0.395 206
1780553839220 0.42 207
1780553839222 0.375 208
1780553839224 0.19 209
1780553839226 0.365 210
1780553839228 0.4 211
1780553839230 0.44 212
1780553839232 0.35 213
1780553839233 0.41 214
1780553839235 0.38 215
1780553839237 0.365 216
1780553839239 0.38 217
1780553839241 0.435 218
1780553839243 0.43 219
1780553839245 0.375 220
1780553839247 0.415 221
1780553839249 0.39 222
1780553839251 0.415 223
1780553839253 0.345 224
1780553839255 0.355 225
1780553839257 0.345 226
1780553839260 0.37 227
1780553839263 0.355 228
1780553839266 0.43 229
1780553839269 0.405 230
1780553839272 0.39 231
1780553839275 0.15 232
1780553839278 0.415 233
1780553839281 0.38 234
1780553839285 0.4 235
1780553839288 0.405 236
1780553839291 0.395 237
1780553839294 0.395 238
1780553839297 0.47 239
1780553839300 0.35 240
1780553839302 0.36 241
1780553839304 0.415 242
1780553839305 0.395 243
1780553839307 0.44 244
1780553839309 0.405 245
1780553839311 0.39 246
1780553839313 0.46 247
1780553839315 0.405 248
1780553839317 0.41 249
1780553839319 0.345 250
1780553839321 0.38 251
1780553839323 0.38 252
1780553839324 0.335 253
1780553839326 0.395 254
1780553839328 0.45 255
1780553839330 0.37 256
1780553839332 0.38 257
1780553839334 0.385 258
1780553839336 0.315 259
1780553839338 0.38 260
1780553839340 0.42 261
1780553839341 0.415 262
1780553839343 0.435 263
1780553839345 0.39 264
1780553839347 0.395 265
1780553839349 0.335 266
1780553839351 0.385 267
1780553839353 0.41 268
1780553839355 0.38 269
1780553839357 0.395 270
1780553839359 0.415 271
1780553839361 0.39 272
1780553839363 0.405 273
1780553839365 0.32 274
1780553839366 0.4 275
1780553839368 0.36 276
1780553839370 0.335 277
1780553839372 0.4 278
1780553839374 0.385 279
1780553839376 0.415 280
1780553839378 0.43 281
1780553839380 0.43 282
1780553839382 0.33 283
1780553839384 0.36 284
1780553839386 0.37 285
1780553839388 0.37 286
1780553839390 0.4 287
1780553839392 0.355 288
1780553839395 0.38 289
1780553839397 0.375 290
1780553839399 0.405 291
1780553839402 0.43 292
1780553839405 0.4 293
1780553839407 0.44 294
1780553839410 0.335 295
1780553839413 0.35 296
1780553839415 0.425 297
1780553839418 0.4 298
