1780249721475 0.0 0
1780249721478 0.10414944716225569 1
1780249721481 0.11599834753943564 2
1780249721483 0.27650953108447135 3
1780249721485 0.5342942939165841 4
1780249721487 0.40230493798097927 5
1780249721489 0.7088076895055992 6
1780249721491 0.6073770198657735 7
1780249721493 0.4545791413213548 8
1780249721495 0.6829401034188268 9
1780249721496 0.7942133295791833 10
1780249721498 0.7145388792741297 11
1780249721500 0.8116361416361416 12
1780249721502 0.6429548320581673 13
1780249721504 0.6828569957327577 14
1780249721506 0.7120588151103815 15
1780249721508 0.6185280008809422 16
1780249721510 0.7995297430132597 17
1780249721512 0.7521474168532992 18
1780249721514 0.5559640719408477 19
1780249721516 0.5426567799583408 20
1780249721518 0.8236882800088964 21
1780249721520 0.8011010898961042 22
1780249721522 0.8348217924633019 23
1780249721524 0.6865303935725634 24
1780249721526 0.7275951007525342 25
1780249721527 0.8992355791306444 26
1780249721529 0.8347933808577537 27
1780249721532 0.6659940409121415 28
1780249721534 0.8924468692055344 29
1780249721536 0.7444858862311692 30
1780249721538 0.7840625884871242 31
1780249721540 0.6723489193750504 32
1780249721542 0.8013674162183417 33
1780249721543 0.743831460069686 34
1780249721545 0.8661207993345726 35
1780249721547 0.6764458927389778 36
1780249721549 0.8743300781275825 37
1780249721552 0.8405363707139953 38
1780249721554 0.8870480389490432 39
1780249721556 0.8497955906285896 40
1780249721558 0.7547662159886728 41
1780249721560 0.8218210062112501 42
1780249721562 0.8689303608467371 43
1780249721564 0.9353130951205406 44
1780249721566 0.8219909369429589 45
1780249721567 0.7301296628237165 46
1780249721569 0.9095989516849595 47
1780249721571 0.8488266160090696 48
1780249721573 0.8226251660431874 49
1780249721575 0.8191281525492051 50
1780249721577 0.9001692847164084 51
1780249721579 0.8646264637668463 52
1780249721581 0.8573924526363552 53
1780249721583 0.7443181688120475 54
1780249721585 0.8616005830944854 55
1780249721587 0.9093850479858183 56
1780249721588 0.8175568155562191 57
1780249721590 0.8850411409329328 58
1780249721592 0.7652765992878194 59
1780249721594 0.9009096309936174 60
1780249721596 0.8801759061946998 61
1780249721598 0.9016296616104063 62
1780249721600 0.8926868748919274 63
1780249721602 0.893468055862988 64
1780249721604 0.8775437577684049 65
1780249721606 0.8287757824487054 66
1780249721607 0.8437150833203464 67
1780249721609 0.8761549683983036 68
1780249721611 0.8235925597402943 69
1780249721613 0.8058362554014729 70
1780249721615 0.8886560418415511 71
1780249721617 0.9286656579747532 72
1780249721619 0.9045878479444885 73
1780249721621 0.8403900448489339 74
1780249721623 0.8862635226095167 75
1780249721625 0.9294370541738962 76
1780249721627 0.7294914779285098 77
1780249721628 0.8447286207462976 78
1780249721630 0.910672366810827 79
1780249721632 0.8935763873738918 80
1780249721634 0.898266697070971 81
1780249721636 0.6966158633072894 82
1780249721638 0.9288371172092103 83
1780249721640 0.9187311404898054 84
1780249721642 0.9046982766995006 85
1780249721644 0.8317125949064016 86
1780249721646 0.8967462831147042 87
1780249721648 0.8946464602255138 88
1780249721650 0.8703067450126273 89
1780249721652 0.8119160111649981 90
1780249721653 0.8682260457521782 91
1780249721655 0.869095070609833 92
1780249721657 0.7845702397157469 93
1780249721659 0.8504447120352726 94
1780249721661 0.8764963677723049 95
1780249721663 0.9053900702860312 96
1780249721665 0.8531359445184477 97
1780249721667 0.825249353069706 98
1780249721669 0.8660093801657659 99
1780249721671 0.8265482809603707 100
1780249721672 0.935728823673565 101
1780249721674 0.893880347406484 102
1780249721676 0.9241470644653018 103
1780249721678 0.8345519345847784 104
1780249721680 0.8899344167765222 105
1780249721682 0.8986784389758101 106
1780249721684 0.8875738498223587 107
1780249721686 0.9295686275082937 108
1780249721688 0.9284739369257385 109
1780249721690 0.9145316087421349 110
1780249721692 0.8360688311489227 111
1780249721694 0.8738426125361478 112
1780249721696 0.8953899851728016 113
1780249721697 0.7895279444239053 114
1780249721699 0.6092441848736104 115
1780249721701 0.9392090294529319 116
1780249721703 0.9292097144422726 117
1780249721705 0.8921845086777769 118
1780249721707 0.9103916118014397 119
1780249721709 0.5962753306913486 120
1780249721711 0.8664529594875596 121
1780249721713 0.8926720871567205 122
1780249721715 0.934632109091613 123
1780249721717 0.9106818525239578 124
1780249721719 0.90492024550244 125
1780249721720 0.8982287807112852 126
1780249721723 0.9232637179721994 127
1780249721725 0.9014925106592667 128
1780249721728 0.8863087773100012 129
1780249721730 0.928951567749072 130
1780249721732 0.9141550173629167 131
1780249721734 0.931674511481957 132
1780249721736 0.8903539939965007 133
1780249721738 0.93047936044279 134
1780249721740 0.9255834927429399 135
1780249721742 0.9058178633380137 136
1780249721744 0.9057912507719953 137
1780249721746 0.9457601246433083 138
1780249721748 0.9253066923092599 139
1780249721750 0.8863429177338951 140
1780249721752 0.9086163836163837 141
1780249721754 0.875308808425953 142
1780249721756 0.9179177381616406 143
1780249721757 0.8851198352130372 144
1780249721759 0.9185296184246837 145
1780249721761 0.7672908959068914 146
1780249721763 0.9598927652957865 147
1780249721765 0.9394814745314791 148
1780249721767 0.7735780155516998 149
1780249721769 0.939908587520911 150
1780249721771 0.9077359132884361 151
1780249721773 0.8555086929255822 152
1780249721775 0.8344386746539966 153
1780249721777 0.8272355060330103 154
1780249721779 0.8794900503925905 155
1780249721781 0.9396153597744785 156
1780249721783 0.845946098747457 157
1780249721785 0.8901435027535289 158
1780249721787 0.893631223075651 159
1780249721789 0.9397638177136342 160
1780249721791 0.7955480055674564 161
1780249721793 0.9293346925284114 162
1780249721795 0.8473658565863135 163
1780249721797 0.8579585595399916 164
1780249721798 0.9153372838707284 165
1780249721800 0.7899120227309989 166
1780249721802 0.7563787216612952 167
1780249721804 0.8582595816251922 168
1780249721806 0.9378978306045436 169
1780249721808 0.979993746091307 170
1780249721810 0.9043851513863753 171
1780249721812 0.9247091797091798 172
1780249721814 0.9252270148639973 173
1780249721816 0.969981238273921 174
1780249721818 0.9310988862356085 175
1780249721819 0.9254507438076116 176
1780249721821 0.9139780239852797 177
1780249721823 0.9235580770185887 178
1780249721825 0.9798525394160823 179
1780249721827 0.9699686834346654 180
1780249721829 0.9698066600505625 181
1780249721831 0.8645831276126528 182
1780249721833 0.9646696795656403 183
1780249721835 0.969361952410733 184
1780249721837 0.9700937616085241 185
1780249721839 0.9550615363182159 186
1780249721840 0.9433406056301171 187
1780249721843 0.9596726477214282 188
1780249721844 0.969671707284031 189
1780249721846 0.9547434327922133 190
1780249721848 0.8133715568174141 191
1780249721850 0.9698494124617361 192
1780249721852 0.9599284327140554 193
1780249721854 0.8851975388164437 194
1780249721856 0.9344566544566544 195
1780249721858 0.9161400648415124 196
1780249721860 0.9500651252897722 197
1780249721862 0.9293391475328663 198
1780249721864 0.9549691771642992 199
1780249721866 0.8926780046705574 200
1780249721867 0.9412733645026998 201
1780249721869 0.9498055410571457 202
1780249721871 0.9501912928036162 203
1780249721873 0.984993746091307 204
1780249721875 0.9453235653235652 205
1780249721877 0.9796878357853969 206
1780249721879 0.9899968730456535 207
1780249721881 0.9748556663704286 208
1780249721883 0.9606341325629619 209
1780249721885 0.9645798834681422 210
1780249721887 0.9378288481384457 211
1780249721888 0.9747739410306206 212
1780249721890 0.9595497560645185 213
1780249721893 0.9352692902468938 214
1780249721895 0.9499838466577281 215
1780249721897 0.9056783555994459 216
1780249721898 0.8574471983954742 217
1780249721900 0.9798655409631019 218
1780249721902 0.9652103993567408 219
1780249721904 0.9417403168943606 220
1780249721906 0.984855666370429 221
1780249721908 0.9648655409631018 222
1780249721910 0.9137945256224503 223
1780249721912 0.9749655564803191 224
1780249721914 0.9547655006049789 225
1780249721916 0.9649843652282677 226
1780249721918 0.9899937460913071 227
1780249721919 0.9851067631555438 228
1780249721921 0.9749937460913071 229
1780249721923 0.9547765378253183 230
1780249721925 0.9456232760404776 231
1780249721927 0.949927492276658 232
1780249721929 0.9853309481216458 233
1780249721931 0.9799686834346655 234
1780249721933 0.9753278211672993 235
1780249721935 0.9455016334454791 236
1780249721937 0.9550693415841043 237
1780249721938 0.9747144596952044 238
1780249721940 0.9698404783064604 239
1780249721942 0.9849718103890119 240
1780249721944 0.9749937460913071 241
1780249721946 0.9205817296801213 242
1780249721948 0.9798525394160823 243
1780249721950 0.9034226892198772 244
1780249721952 0.9654318723638365 245
1780249721954 0.9010366829089929 246
1780249721956 0.9798587933247752 247
1780249721957 0.9851156973108193 248
1780249721959 0.9703197957369973 249
1780249721961 0.9646627731287551 250
1780249721963 0.9553546195693254 251
1780249721965 0.9600995688094534 252
1780249721967 0.964809787004909 253
1780249721969 0.9463501239571451 254
1780249721971 0.9651745533824526 255
1780249721973 0.9798624140087554 256
1780249721976 0.8992644740696804 257
1780249721978 0.9603058854650042 258
1780249721980 0.9495776652387693 259
1780249721983 0.9399102962517597 260
1780249721985 0.9099991807103105 261
1780249721987 0.9700516617255429 262
1780249721989 0.9703058854650042 263
1780249721991 0.9232264039609472 264
1780249721993 0.9698592870544089 265
1780249721994 0.9749718103890117 266
1780249721996 0.9650396006159209 267
1780249721998 0.9558020912192928 268
1780249722000 0.9699713636812483 269
1780249722002 0.9647676871219278 270
1780249722004 0.9603085657115867 271
1780249722006 0.9356190731452056 272
1780249722008 0.939614419337081 273
1780249722010 0.9442111076770896 274
1780249722012 0.955234521575985 275
1780249722014 0.9701776803367992 276
1780249722016 0.9546446169089986 277
1780249722018 0.9649776175899409 278
1780249722020 0.9562738112104634 279
1780249722022 0.9697310819262039 280
1780249722024 0.8749579799579799 281
1780249722025 0.9499441145076576 282
1780249722027 0.9600364736615743 283
1780249722029 0.97957481872116 284
1780249722031 0.9600057823600231 285
1780249722034 0.9750848274532485 286
1780249722035 0.969865540963102 287
1780249722037 0.9548888072572282 288
1780249722039 0.9652094589193434 289
1780249722041 0.9500389480877285 290
1780249722043 0.8308841178230585 291
1780249722045 0.9198054406013328 292
1780249722047 0.9547113327408578 293
1780249722049 0.9499815280303086 294
1780249722051 0.9701709326984724 295
1780249722052 0.9849937460913072 296
1780249722054 0.9799874921826142 297
1780249722056 0.9658972904576988 298
1780249722058 0.9341415121902926 299
1780249722060 0.927109764683071 300
1780249722062 0.9752197802197802 301
1780249722065 0.9750906346541777 302
1780249722066 0.7687464693000083 303
1780249722068 0.9501335407804646 304
1780249722070 0.9350642519962161 305
1780249722072 0.9308944012923475 306
1780249722074 0.9504525930649166 307
1780249722076 0.9303244826929037 308
1780249722078 0.9602337532825338 309
1780249722080 0.9650973822925042 310
1780249722082 0.9390325407013469 311
1780249722084 0.9799686834346655 312
1780249722086 0.9651133633161877 313
