1780135390640 0.0 0
1780135390643 0.03848732030366661 1
1780135390646 0.22855063291139238 2
1780135390648 0.33055008210180625 3
1780135390651 0.40302514587385385 4
1780135390653 0.5957142857142858 5
1780135390656 0.6461388621891145 6
1780135390659 0.854218540080609 7
1780135390661 0.7859679487179487 8
1780135390664 0.8122597873141352 9
1780135390666 0.7668206793206792 10
1780135390669 0.6593040293040293 11
1780135390672 0.7316780045351473 12
1780135390674 0.7832235982112143 13
1780135390677 0.7752948823207444 14
1780135390679 0.8122750056960581 15
1780135390682 0.8232907657476624 16
1780135390684 0.8095587789884023 17
1780135390687 0.7960853799361673 18
1780135390689 0.8369540229885057 19
1780135390692 0.7836379410063621 20
1780135390694 0.8556002389611544 21
1780135390696 0.8185874461417939 22
1780135390699 0.8643078298513082 23
1780135390701 0.8075667388167387 24
1780135390704 0.8254057029926594 25
1780135390706 0.8521609071183376 26
1780135390709 0.8367125199362041 27
1780135390711 0.8025213355648138 28
1780135390714 0.8448492328927111 29
1780135390716 0.8196645946645947 30
1780135390719 0.8513500899685111 31
1780135390722 0.8015339040179625 32
1780135390724 0.8568498200472894 33
1780135390727 0.8188575313575314 34
1780135390729 0.8528863719400805 35
1780135390732 0.8089335690888959 36
1780135390734 0.6358744687806472 37
1780135390737 0.7690832114233053 38
1780135390739 0.8273787033218432 39
1780135390742 0.7614612618502778 40
1780135390744 0.8596653492706124 41
1780135390747 0.878150719012788 42
1780135390749 0.8579471013800386 43
1780135390752 0.8937334646777371 44
1780135390754 0.8464933752178334 45
1780135390757 0.8883928571428571 46
1780135390759 0.8326255835667601 47
1780135390762 0.8705988917306053 48
1780135390764 0.7820726495726495 49
1780135390767 0.866902756710941 50
1780135390769 0.8655191668235146 51
1780135390772 0.7161767708798785 52
1780135390774 0.8232252980937191 53
1780135390777 0.768361108275969 54
1780135390779 0.7122170696535103 55
1780135390782 0.8677345118649467 56
1780135390784 0.8263509235467821 57
1780135390787 0.9316180768125848 58
1780135390789 0.8646422893481717 59
1780135390792 0.9405597326649957 60
1780135390794 0.8817909300881437 61
1780135390797 0.8946422480417635 62
1780135390799 0.8421629393997815 63
1780135390802 0.8174043309631545 64
1780135390804 0.8408613254180224 65
1780135390807 0.8737499050656945 66
1780135390809 0.8722871356967467 67
1780135390812 0.8837063246351173 68
1780135390814 0.7454104087720659 69
1780135390817 0.8315894837876263 70
1780135390819 0.8940726611779244 71
1780135390822 0.9060958023458024 72
1780135390824 0.9232399179767601 73
1780135390827 0.8661463551927948 74
1780135390829 0.934062428799271 75
1780135390832 0.9021925824593403 76
1780135390834 0.929695227373246 77
1780135390837 0.8950846116985571 78
1780135390839 0.9278456837280368 79
1780135390842 0.8973533002944766 80
1780135390844 0.9230515013022753 81
1780135390847 0.7122400433941355 82
1780135390850 0.9162022150237255 83
1780135390852 0.9004526540710751 84
1780135390855 0.9347703745529833 85
1780135390857 0.9007666559446743 86
1780135390860 0.8795833333333334 87
1780135390862 0.8732492991371711 88
1780135390865 0.913360182745867 89
1780135390867 0.8964002717791922 90
1780135390870 0.8575417861479242 91
1780135390872 0.905211969403146 92
1780135390875 0.894926364485188 93
1780135390877 0.9257624380450468 94
1780135390880 0.9117640568813338 95
1780135390882 0.8121991305482765 96
1780135390885 0.8830837195290016 97
1780135390888 0.9176859969422898 98
1780135390890 0.8054269139872854 99
1780135390893 0.884076696342186 100
1780135390895 0.9268959330143541 101
1780135390898 0.9248307248307247 102
1780135390901 0.9011919208429507 103
1780135390903 0.9505707450444293 104
1780135390906 0.8973947678531067 105
1780135390908 0.9169114130830796 106
1780135390911 0.8567336045596914 107
1780135390913 0.9059014514896868 108
1780135390916 0.9299496848181057 109
1780135390918 0.903325588542627 110
1780135390921 0.8914650262018682 111
1780135390923 0.9262752966175029 112
1780135390926 0.8930046089523552 113
1780135390928 0.9026321150469757 114
1780135390931 0.7516481298830464 115
1780135390933 0.932287537024379 116
1780135390936 0.9121167510991175 117
1780135390938 0.923985468722311 118
1780135390941 0.8968788727612258 119
1780135390943 0.9024344756233736 120
1780135390946 0.9249651797477885 121
1780135390948 0.885563172637476 122
1780135390951 0.9061877394636015 123
1780135390953 0.9356349206349206 124
1780135390956 0.916031746031746 125
1780135390958 0.9437741091860085 126
1780135390961 0.914025974025974 127
1780135390963 0.9274029771398193 128
1780135390966 0.906998556998557 129
1780135390968 0.9355010462683095 130
1780135390971 0.8929219701194395 131
1780135390973 0.8883455433455433 132
1780135390976 0.8995781119465329 133
1780135390978 0.789064558629776 134
1780135390981 0.899734770060857 135
1780135390983 0.8918810910451777 136
1780135390986 0.910220290545368 137
1780135390989 0.9195941001930112 138
1780135390991 0.908622211122211 139
1780135390994 0.9008856471952544 140
1780135390996 0.9046594255417786 141
1780135390999 0.8726839826839827 142
1780135391001 0.9146890756302521 143
1780135391004 0.9576708074534162 144
1780135391006 0.928546365914787 145
1780135391009 0.8877963849016481 146
1780135391012 0.9121772752207535 147
1780135391014 0.9178070175438597 148
1780135391017 0.8650873157849901 149
1780135391020 0.9474076495586793 150
1780135391022 0.9370014870936932 151
1780135391025 0.9174455691367456 152
1780135391027 0.9038206238206238 153
1780135391030 0.8811624649859944 154
1780135391032 0.9072989177108169 155
1780135391035 0.9477627987954076 156
1780135391037 0.8857936507936508 157
1780135391040 0.9547368421052631 158
1780135391042 0.9637747035573122 159
1780135391045 0.9494011544011544 160
1780135391047 0.9463997113997114 161
1780135391050 0.9352380952380953 162
1780135391052 0.9353571428571428 163
1780135391055 0.9327371871708255 164
1780135391057 0.9557660455486543 165
1780135391060 0.941192151501749 166
1780135391062 0.9778656126482212 167
1780135391065 0.937407690348867 168
1780135391067 0.935317840054682 169
1780135391070 0.9675324675324676 170
1780135391072 0.9327089783281733 171
1780135391075 0.9269791189202954 172
1780135391077 0.963078645229675 173
1780135391080 0.9463095238095238 174
1780135391082 0.9532467532467532 175
1780135391085 0.9103326498063341 176
1780135391087 0.9457556935817804 177
1780135391090 0.9319662793347003 178
1780135391092 0.9904761904761905 179
1780135391095 0.9713602187286398 180
1780135391097 0.9806459330143541 181
1780135391100 0.9231217454043541 182
1780135391102 0.9159205706574127 183
1780135391105 0.93062558356676 184
1780135391107 0.9413999044433827 185
1780135391110 0.9721695543205839 186
1780135391112 0.9610287081339713 187
1780135391115 0.946580553948975 188
1780135391117 0.9533706181963447 189
1780135391120 0.9559201032885245 190
1780135391122 0.9141671372106155 191
1780135391125 0.9761904761904763 192
1780135391127 0.9567931191615402 193
1780135391130 0.9561231884057971 194
1780135391132 0.9363785337469548 195
1780135391135 0.9503764351590439 196
1780135391137 0.9522476646160856 197
1780135391140 0.9426555023923443 198
1780135391142 0.9560678210678211 199
1780135391145 0.9468614718614718 200
1780135391147 0.9333458646616541 201
1780135391150 0.9450793650793651 202
1780135391153 0.9704511278195488 203
1780135391155 0.9718398268398267 204
1780135391157 0.962548152330761 205
1780135391160 0.9721946169772255 206
1780135391162 0.9811471861471862 207
1780135391165 0.9813852813852815 208
1780135391168 0.9184597858282068 209
1780135391170 0.915151515151515 210
1780135391173 0.9731037078863165 211
1780135391176 0.9854761904761904 212
1780135391178 0.9453178400546822 213
1780135391181 0.9711221234905445 214
1780135391184 0.9766233766233766 215
1780135391186 0.9578405499915796 216
1780135391189 0.9509499451954694 217
1780135391191 0.9321789321789321 218
1780135391194 0.9562842712842713 219
1780135391196 0.9766233766233766 220
1780135391199 0.9673160173160174 221
1780135391201 0.9574076495586793 222
1780135391204 0.9060686918445541 223
1780135391206 0.9546719070403281 224
1780135391209 0.9619314590824887 225
1780135391211 0.9458589655958077 226
1780135391214 0.9447291616137117 227
1780135391216 0.9757142857142856 228
1780135391219 0.9605916305916307 229
1780135391221 0.9146574770258982 230
1780135391224 0.9716233766233765 231
1780135391226 0.9277225672877847 232
1780135391229 0.9726708074534163 233
1780135391231 0.9627022100706311 234
1780135391234 0.9674327122153208 235
1780135391236 0.9439472693591687 236
1780135391239 0.9713602187286398 237
1780135391241 0.9630026977853066 238
1780135391244 0.9571444916639426 239
1780135391246 0.966598313966735 240
1780135391249 0.9704511278195488 241
1780135391251 0.9558730158730159 242
1780135391254 0.9771946169772256 243
1780135391256 0.9902380952380951 244
1780135391259 0.9763852813852812 245
1780135391261 0.9419314590824888 246
1780135391264 0.9592241092241091 247
1780135391267 0.9157726331639375 248
1780135391269 0.9720095693779905 249
1780135391272 0.9487169834995921 250
1780135391274 0.9709523809523809 251
1780135391277 0.9704761904761904 252
1780135391279 0.9615007215007214 253
1780135391282 0.9368958023077015 254
1780135391284 0.9683418031244118 255
1780135391287 0.9420312143996356 256
1780135391289 0.957193362193362 257
1780135391292 0.9321789321789321 258
1780135391294 0.9663852813852813 259
1780135391297 0.9294303941672364 260
1780135391299 0.9614285714285714 261
1780135391302 0.9770562770562771 262
1780135391304 0.9465983139667351 263
1780135391307 0.9118703621799596 264
1780135391309 0.9089285714285713 265
1780135391312 0.9598809523809523 266
1780135391314 0.9555916305916305 267
1780135391317 0.9413653094087877 268
1780135391319 0.9671946169772256 269
1780135391322 0.9618364092048303 270
1780135391324 0.7818640585420771 271
1780135391327 0.9285213908898118 272
1780135391329 0.9461195809021896 273
1780135391332 0.9757142857142856 274
1780135391334 0.9761221234905445 275
1780135391337 0.9674076495586792 276
1780135391340 0.9520830150241915 277
1780135391342 0.9294409410623332 278
1780135391345 0.9904761904761905 279
1780135391347 0.9666233766233766 280
1780135391350 0.9708840282524491 281
1780135391352 0.9509523809523808 282
1780135391355 0.9731037078863165 283
1780135391357 0.9618614718614718 284
1780135391360 0.9437462232656741 285
1780135391362 0.9632034632034632 286
1780135391365 0.956140350877193 287
1780135391367 0.9615550239234449 288
1780135391370 0.9583167404677703 289
1780135391372 0.9485610766045548 290
1780135391375 0.9857142857142858 291
1780135391378 0.9718614718614719 292
1780135391380 0.9711904761904762 293
1780135391383 0.9374233751471603 294
1780135391385 0.9520745044429255 295
1780135391388 0.9552647924158221 296
1780135391391 0.9324713298397509 297
1780135391393 0.9614035087719298 298
1780135391396 0.9598033126293994 299
1780135391398 0.9437929309439607 300
1780135391401 0.9821946169772258 301
1780135391403 0.9544889892715981 302
1780135391406 0.9616233766233764 303
1780135391408 0.9538179936006023 304
1780135391411 0.9365079365079364 305
1780135391413 0.9661221234905446 306
1780135391416 0.9514035087719298 307
1780135391419 0.9720562770562771 308
1780135391421 0.9450413170607679 309
1780135391424 0.937126022126022 310
1780135391426 0.9334063305115936 311
1780135391429 0.956555023923445 312
1780135391431 0.9721695543205839 313
