1780141445443 0.0 0
1780141445446 0.8999999999999948 1
1780141445449 0.901111111111106 2
1780141445451 0.9044444444444395 3
1780141445453 0.9072222222222172 4
1780141445456 0.9094444444444394 5
1780141445458 0.9138888888888838 6
1780141445460 0.9166666666666619 7
1780141445463 0.9155555555555506 8
1780141445465 0.9205555555555506 9
1780141445468 0.914999999999995 10
1780141445470 0.9266666666666616 11
1780141445472 0.9249999999999948 12
1780141445475 0.9299999999999949 13
1780141445477 0.9316666666666616 14
1780141445480 0.9277777777777725 15
1780141445482 0.926111111111106 16
1780141445484 0.9327777777777726 17
1780141445487 0.929999999999995 18
1780141445489 0.9344444444444392 19
1780141445492 0.9411111111111058 20
1780141445494 0.9383333333333281 21
1780141445497 0.9494444444444392 22
1780141445499 0.9399999999999948 23
1780141445501 0.943333333333328 24
1780141445504 0.9466666666666613 25
1780141445506 0.947222222222217 26
1780141445509 0.9449999999999947 27
1780141445511 0.9438888888888837 28
1780141445513 0.9438888888888834 29
1780141445516 0.9466666666666613 30
1780141445518 0.9399999999999947 31
1780141445521 0.9455555555555504 32
1780141445523 0.943333333333328 33
1780141445526 0.9522222222222169 34
1780141445528 0.943333333333328 35
1780141445530 0.9388888888888836 36
1780141445533 0.9466666666666615 37
1780141445536 0.9449999999999947 38
1780141445538 0.943333333333328 39
1780141445540 0.9449999999999947 40
1780141445543 0.9466666666666613 41
1780141445545 0.9366666666666614 42
1780141445548 0.9405555555555501 43
1780141445550 0.9449999999999946 44
1780141445553 0.953333333333328 45
1780141445555 0.9566666666666613 46
1780141445557 0.9499999999999946 47
1780141445560 0.9511111111111059 48
1780141445562 0.9477777777777725 49
1780141445569 0.953333333333328 50
1780141445572 0.949444444444439 51
1780141445574 0.9477777777777725 52
1780141445577 0.9499999999999946 53
1780141445579 0.9477777777777725 54
1780141445582 0.9516666666666614 55
1780141445584 0.9499999999999946 56
1780141445587 0.9494444444444392 57
1780141445589 0.9588888888888836 58
1780141445591 0.9494444444444392 59
1780141445594 0.9555555555555502 60
1780141445596 0.9566666666666613 61
1780141445598 0.953333333333328 62
1780141445601 0.9477777777777725 63
1780141445603 0.9505555555555502 64
1780141445605 0.9449999999999947 65
1780141445608 0.9538888888888837 66
1780141445610 0.953333333333328 67
1780141445613 0.9511111111111059 68
1780141445615 0.9538888888888835 69
1780141445617 0.9516666666666614 70
1780141445620 0.9477777777777726 71
1780141445622 0.9561111111111058 72
1780141445625 0.9638888888888836 73
1780141445627 0.9499999999999946 74
1780141445630 0.9577777777777724 75
1780141445632 0.9561111111111057 76
1780141445634 0.9577777777777724 77
1780141445637 0.9538888888888835 78
1780141445639 0.9561111111111058 79
1780141445642 0.9577777777777724 80
1780141445644 0.9588888888888836 81
1780141445646 0.9599999999999949 82
1780141445649 0.9522222222222169 83
1780141445651 0.9494444444444392 84
1780141445653 0.9605555555555503 85
1780141445656 0.9527777777777725 86
1780141445658 0.9577777777777726 87
1780141445660 0.957222222222217 88
1780141445663 0.9566666666666613 89
1780141445665 0.9583333333333279 90
1780141445668 0.9566666666666613 91
1780141445670 0.9577777777777724 92
1780141445672 0.9555555555555502 93
1780141445675 0.9555555555555502 94
1780141445677 0.9611111111111057 95
1780141445680 0.9588888888888836 96
1780141445682 0.9544444444444391 97
1780141445684 0.959444444444439 98
1780141445687 0.9616666666666613 99
1780141445689 0.959444444444439 100
1780141445692 0.9566666666666613 101
1780141445694 0.9561111111111057 102
1780141445696 0.9605555555555503 103
1780141445699 0.9538888888888835 104
1780141445701 0.9661111111111056 105
1780141445703 0.9588888888888836 106
1780141445706 0.9605555555555503 107
1780141445708 0.9605555555555503 108
1780141445710 0.9549999999999947 109
1780141445713 0.9605555555555501 110
1780141445715 0.9616666666666613 111
1780141445718 0.9555555555555502 112
1780141445720 0.9649999999999945 113
1780141445722 0.9605555555555501 114
1780141445725 0.957222222222217 115
1780141445727 0.9644444444444392 116
1780141445730 0.9599999999999946 117
1780141445732 0.9627777777777723 118
1780141445734 0.9666666666666611 119
1780141445737 0.9616666666666613 120
1780141445740 0.9644444444444391 121
1780141445743 0.9661111111111056 122
1780141445745 0.9627777777777723 123
1780141445747 0.9633333333333279 124
1780141445750 0.9644444444444391 125
1780141445752 0.9655555555555502 126
1780141445754 0.958333333333328 127
1780141445757 0.9611111111111057 128
1780141445759 0.9622222222222169 129
1780141445761 0.9655555555555502 130
1780141445764 0.9661111111111056 131
1780141445766 0.9555555555555502 132
1780141445769 0.958333333333328 133
1780141445771 0.9638888888888836 134
1780141445774 0.9661111111111058 135
1780141445776 0.969444444444439 136
1780141445779 0.9605555555555503 137
1780141445781 0.9655555555555502 138
1780141445783 0.968333333333328 139
1780141445786 0.9677777777777724 140
1780141445788 0.96555555555555 141
1780141445791 0.9688888888888835 142
1780141445793 0.9627777777777723 143
1780141445795 0.9644444444444389 144
1780141445798 0.9627777777777725 145
1780141445800 0.9655555555555502 146
1780141445802 0.968333333333328 147
1780141445805 0.9711111111111055 148
1780141445807 0.9655555555555502 149
1780141445810 0.9716666666666611 150
1780141445812 0.9638888888888835 151
1780141445815 0.9661111111111056 152
1780141445817 0.9677777777777724 153
1780141445819 0.9699999999999944 154
1780141445822 0.9677777777777724 155
1780141445824 0.9666666666666612 156
1780141445827 0.9699999999999946 157
1780141445829 0.9699999999999946 158
1780141445831 0.969444444444439 159
1780141445834 0.9688888888888835 160
1780141445836 0.9677777777777724 161
1780141445839 0.97555555555555 162
1780141445841 0.9766666666666612 163
1780141445843 0.9722222222222167 164
1780141445846 0.9711111111111055 165
1780141445848 0.9772222222222167 166
1780141445850 0.9772222222222167 167
1780141445853 0.9738888888888834 168
1780141445855 0.9699999999999946 169
1780141445857 0.9805555555555501 170
1780141445860 0.9749999999999945 171
1780141445862 0.9705555555555501 172
1780141445864 0.97555555555555 173
1780141445867 0.9777777777777722 174
1780141445869 0.9749999999999946 175
1780141445872 0.9766666666666612 176
1780141445874 0.9766666666666612 177
1780141445877 0.9783333333333278 178
1780141445879 0.9816666666666611 179
1780141445881 0.9805555555555501 180
1780141445884 0.9783333333333278 181
1780141445886 0.9799999999999945 182
1780141445888 0.9805555555555501 183
1780141445891 0.9733333333333277 184
1780141445893 0.9777777777777723 185
1780141445896 0.9805555555555501 186
1780141445898 0.9749999999999945 187
1780141445900 0.9755555555555502 188
1780141445903 0.9761111111111056 189
1780141445905 0.9772222222222167 190
1780141445907 0.9822222222222166 191
1780141445910 0.9838888888888834 192
1780141445912 0.9738888888888834 193
1780141445915 0.9711111111111057 194
1780141445917 0.9744444444444389 195
1780141445920 0.9738888888888834 196
1780141445922 0.9805555555555501 197
1780141445924 0.9772222222222167 198
1780141445927 0.9799999999999944 199
1780141445929 0.9811111111111055 200
1780141445932 0.9816666666666611 201
1780141445934 0.9772222222222167 202
1780141445936 0.9838888888888834 203
1780141445939 0.9816666666666611 204
1780141445941 0.9805555555555501 205
1780141445943 0.9833333333333278 206
1780141445946 0.9816666666666611 207
1780141445948 0.9877777777777723 208
1780141445950 0.9799999999999945 209
1780141445953 0.9833333333333278 210
1780141445955 0.9799999999999945 211
1780141445957 0.9783333333333278 212
1780141445960 0.9788888888888833 213
1780141445962 0.9766666666666612 214
1780141445964 0.9794444444444389 215
1780141445967 0.9822222222222166 216
1780141445969 0.9833333333333277 217
1780141445972 0.9805555555555501 218
1780141445974 0.9883333333333277 219
1780141445976 0.984444444444439 220
1780141445979 0.9822222222222168 221
1780141445981 0.9816666666666611 222
1780141445984 0.9811111111111057 223
1780141445986 0.9805555555555502 224
1780141445988 0.9805555555555501 225
1780141445991 0.974444444444439 226
1780141445993 0.9827777777777722 227
1780141445995 0.9833333333333278 228
1780141445998 0.9866666666666613 229
1780141446000 0.9811111111111055 230
1780141446003 0.9888888888888833 231
1780141446005 0.9788888888888835 232
1780141446007 0.9849999999999944 233
1780141446010 0.9816666666666611 234
1780141446012 0.9805555555555501 235
1780141446015 0.9833333333333277 236
1780141446017 0.9833333333333278 237
1780141446019 0.9849999999999944 238
1780141446022 0.9844444444444388 239
1780141446024 0.9911111111111055 240
1780141446027 0.9822222222222168 241
1780141446029 0.9822222222222166 242
1780141446031 0.9772222222222167 243
1780141446034 0.9833333333333277 244
1780141446036 0.9849999999999944 245
1780141446038 0.9849999999999944 246
1780141446041 0.9805555555555501 247
1780141446043 0.9805555555555501 248
1780141446045 0.9911111111111056 249
1780141446048 0.9866666666666613 250
1780141446050 0.9849999999999944 251
1780141446052 0.9838888888888834 252
1780141446055 0.984444444444439 253
1780141446057 0.9883333333333277 254
1780141446059 0.98555555555555 255
1780141446062 0.9805555555555501 256
1780141446064 0.9772222222222167 257
1780141446067 0.9877777777777723 258
1780141446069 0.9811111111111057 259
1780141446071 0.9849999999999944 260
1780141446073 0.9799999999999945 261
1780141446076 0.9816666666666611 262
1780141446078 0.9838888888888834 263
1780141446081 0.98555555555555 264
1780141446083 0.9844444444444388 265
1780141446086 0.9833333333333278 266
1780141446088 0.9816666666666614 267
1780141446090 0.9888888888888834 268
1780141446093 0.9855555555555501 269
1780141446095 0.9811111111111057 270
1780141446097 0.9849999999999944 271
1780141446100 0.9827777777777722 272
1780141446102 0.9872222222222167 273
1780141446104 0.9883333333333277 274
1780141446107 0.9805555555555501 275
1780141446109 0.9855555555555501 276
1780141446112 0.9888888888888834 277
1780141446114 0.9866666666666613 278
1780141446117 0.9877777777777721 279
1780141446119 0.9805555555555501 280
1780141446122 0.9816666666666611 281
1780141446124 0.9833333333333277 282
1780141446126 0.9877777777777723 283
1780141446129 0.9827777777777722 284
1780141446131 0.98555555555555 285
1780141446133 0.9833333333333278 286
1780141446136 0.98555555555555 287
1780141446138 0.9849999999999944 288
1780141446140 0.9877777777777721 289
1780141446143 0.9827777777777722 290
1780141446145 0.9877777777777721 291
1780141446147 0.9866666666666613 292
1780141446150 0.9855555555555501 293
1780141446152 0.98555555555555 294
1780141446154 0.98555555555555 295
1780141446157 0.9872222222222167 296
1780141446159 0.9877777777777723 297
1780141446162 0.9861111111111056 298
1780141446164 0.986666666666661 299
1780141446167 0.986666666666661 300
1780141446169 0.9888888888888834 301
1780141446171 0.9888888888888834 302
1780141446174 0.9911111111111056 303
1780141446176 0.9838888888888834 304
1780141446178 0.9849999999999944 305
1780141446181 0.9838888888888834 306
1780141446183 0.9849999999999944 307
1780141446186 0.986666666666661 308
1780141446188 0.9838888888888834 309
1780141446190 0.9877777777777723 310
1780141446193 0.9811111111111057 311
1780141446195 0.9877777777777721 312
1780141446198 0.98555555555555 313
