1780142200057 0.0 0
1780142200060 0.9016666666666616 1
1780142200063 0.9066666666666616 2
1780142200066 0.916111111111106 3
1780142200068 0.9211111111111059 4
1780142200071 0.9361111111111058 5
1780142200074 0.9349999999999948 6
1780142200077 0.9399999999999948 7
1780142200079 0.9505555555555503 8
1780142200082 0.9583333333333279 9
1780142200085 0.9561111111111057 10
1780142200088 0.9605555555555503 11
1780142200090 0.9622222222222169 12
1780142200093 0.96555555555555 13
1780142200096 0.9649999999999945 14
1780142200099 0.9616666666666613 15
1780142200101 0.9672222222222168 16
1780142200104 0.9655555555555502 17
1780142200107 0.9733333333333277 18
1780142200109 0.9711111111111057 19
1780142200112 0.9733333333333277 20
1780142200115 0.9733333333333279 21
1780142200118 0.9672222222222169 22
1780142200120 0.9749999999999945 23
1780142200123 0.9772222222222167 24
1780142200126 0.9777777777777722 25
1780142200129 0.9766666666666612 26
1780142200131 0.9794444444444389 27
1780142200134 0.9766666666666612 28
1780142200137 0.9788888888888835 29
1780142200140 0.9772222222222167 30
1780142200142 0.9794444444444389 31
1780142200145 0.9783333333333278 32
1780142200148 0.9794444444444389 33
1780142200151 0.9733333333333277 34
1780142200154 0.9677777777777724 35
1780142200157 0.9755555555555502 36
1780142200159 0.9833333333333278 37
1780142200162 0.9816666666666611 38
1780142200165 0.9816666666666611 39
1780142200167 0.9794444444444389 40
1780142200170 0.9772222222222167 41
1780142200173 0.9827777777777722 42
1780142200176 0.9799999999999945 43
1780142200178 0.9772222222222167 44
1780142200181 0.9811111111111055 45
1780142200184 0.9827777777777722 46
1780142200187 0.9761111111111056 47
1780142200189 0.9677777777777724 48
1780142200192 0.9788888888888835 49
1780142200195 0.9861111111111056 50
1780142200197 0.9727777777777723 51
1780142200200 0.9777777777777722 52
1780142200203 0.9844444444444388 53
1780142200206 0.9838888888888834 54
1780142200208 0.9755555555555502 55
1780142200211 0.9833333333333277 56
1780142200214 0.9783333333333278 57
1780142200217 0.9749999999999945 58
1780142200219 0.9877777777777721 59
1780142200222 0.9799999999999944 60
1780142200225 0.9816666666666611 61
1780142200227 0.9766666666666612 62
1780142200230 0.9788888888888833 63
1780142200233 0.9794444444444389 64
1780142200236 0.9777777777777723 65
1780142200238 0.9783333333333278 66
1780142200241 0.9811111111111055 67
1780142200244 0.9838888888888834 68
1780142200247 0.9811111111111057 69
1780142200249 0.984444444444439 70
1780142200252 0.9822222222222166 71
1780142200255 0.9816666666666611 72
1780142200257 0.9816666666666611 73
1780142200260 0.9788888888888835 74
1780142200263 0.9805555555555501 75
1780142200266 0.9799999999999945 76
1780142200268 0.9827777777777722 77
1780142200271 0.9805555555555501 78
1780142200274 0.9783333333333278 79
1780142200276 0.9827777777777722 80
1780142200279 0.9816666666666611 81
1780142200282 0.9788888888888835 82
1780142200285 0.9877777777777723 83
1780142200287 0.9761111111111056 84
1780142200290 0.9783333333333278 85
1780142200293 0.9794444444444389 86
1780142200296 0.9805555555555502 87
1780142200298 0.9822222222222166 88
1780142200301 0.9855555555555501 89
1780142200304 0.9705555555555503 90
1780142200307 0.9861111111111056 91
1780142200309 0.9794444444444389 92
1780142200312 0.9794444444444389 93
1780142200315 0.9766666666666612 94
1780142200318 0.9833333333333277 95
1780142200320 0.9799999999999944 96
1780142200323 0.9788888888888835 97
1780142200326 0.9799999999999945 98
1780142200329 0.9822222222222168 99
1780142200331 0.9761111111111056 100
1780142200334 0.9749999999999946 101
1780142200337 0.9749999999999945 102
1780142200340 0.9788888888888833 103
1780142200342 0.9849999999999944 104
1780142200345 0.9838888888888834 105
1780142200348 0.9816666666666611 106
1780142200351 0.9844444444444388 107
1780142200353 0.98555555555555 108
1780142200356 0.9833333333333278 109
1780142200359 0.9788888888888835 110
1780142200362 0.9816666666666611 111
1780142200364 0.9822222222222166 112
1780142200367 0.9844444444444388 113
1780142200370 0.9827777777777722 114
1780142200373 0.986666666666661 115
1780142200375 0.9838888888888834 116
1780142200378 0.9877777777777721 117
1780142200381 0.9872222222222167 118
1780142200384 0.9799999999999944 119
1780142200387 0.9872222222222167 120
1780142200389 0.9866666666666613 121
1780142200392 0.9838888888888834 122
1780142200395 0.9827777777777722 123
1780142200398 0.9816666666666611 124
1780142200400 0.9888888888888834 125
1780142200403 0.9833333333333278 126
1780142200406 0.9849999999999944 127
1780142200409 0.9816666666666611 128
1780142200411 0.9849999999999944 129
1780142200414 0.9777777777777722 130
1780142200417 0.9888888888888833 131
1780142200420 0.9849999999999944 132
1780142200422 0.9838888888888834 133
1780142200425 0.986666666666661 134
1780142200428 0.9805555555555501 135
1780142200430 0.9849999999999944 136
1780142200433 0.9899999999999946 137
1780142200436 0.9888888888888833 138
1780142200439 0.9811111111111055 139
1780142200442 0.9855555555555501 140
1780142200444 0.984444444444439 141
1780142200447 0.9849999999999944 142
1780142200450 0.9849999999999944 143
1780142200453 0.9861111111111056 144
1780142200455 0.9855555555555501 145
1780142200458 0.9877777777777721 146
1780142200461 0.9877777777777723 147
1780142200464 0.9738888888888834 148
1780142200466 0.9861111111111056 149
1780142200469 0.9894444444444389 150
1780142200472 0.9877777777777721 151
1780142200474 0.9849999999999944 152
1780142200477 0.9922222222222166 153
1780142200480 0.98555555555555 154
1780142200483 0.9833333333333277 155
1780142200485 0.9861111111111056 156
1780142200488 0.9838888888888834 157
1780142200491 0.9916666666666611 158
1780142200494 0.9927777777777722 159
1780142200497 0.9922222222222168 160
1780142200499 0.9916666666666611 161
1780142200502 0.9922222222222166 162
1780142200505 0.9888888888888834 163
1780142200508 0.9894444444444389 164
1780142200510 0.9883333333333277 165
1780142200513 0.9899999999999946 166
1780142200516 0.9927777777777722 167
1780142200518 0.9861111111111056 168
1780142200521 0.986666666666661 169
1780142200524 0.9916666666666611 170
1780142200527 0.9849999999999944 171
1780142200529 0.9899999999999946 172
1780142200532 0.9933333333333279 173
1780142200535 0.9911111111111056 174
1780142200538 0.9899999999999946 175
1780142200540 0.9922222222222168 176
1780142200543 0.99055555555555 177
1780142200546 0.9949999999999944 178
1780142200549 0.9916666666666611 179
1780142200551 0.9911111111111056 180
1780142200554 0.9938888888888833 181
1780142200557 0.9927777777777722 182
1780142200560 0.9883333333333277 183
1780142200562 0.9938888888888833 184
1780142200565 0.9872222222222169 185
1780142200568 0.99055555555555 186
1780142200571 0.9922222222222168 187
1780142200573 0.9933333333333279 188
1780142200576 0.9927777777777722 189
1780142200579 0.9888888888888834 190
1780142200582 0.9888888888888834 191
1780142200584 0.9922222222222166 192
1780142200587 0.9944444444444388 193
1780142200590 0.9944444444444389 194
1780142200592 0.9877777777777723 195
1780142200595 0.9888888888888834 196
1780142200598 0.9961111111111055 197
1780142200601 0.9927777777777722 198
1780142200603 0.9883333333333277 199
1780142200606 0.9938888888888833 200
1780142200609 0.9927777777777722 201
1780142200612 0.996666666666661 202
1780142200614 0.9894444444444389 203
1780142200617 0.9922222222222166 204
1780142200620 0.9949999999999944 205
1780142200623 0.9944444444444388 206
1780142200625 0.9911111111111056 207
1780142200628 0.99055555555555 208
1780142200631 0.9927777777777722 209
1780142200633 0.9899999999999943 210
1780142200636 0.9916666666666611 211
1780142200639 0.9922222222222168 212
1780142200642 0.9911111111111056 213
1780142200644 0.99055555555555 214
1780142200647 0.9899999999999946 215
1780142200650 0.9933333333333279 216
1780142200653 0.9927777777777722 217
1780142200655 0.9949999999999944 218
1780142200658 0.9927777777777722 219
1780142200661 0.9894444444444389 220
1780142200663 0.9922222222222166 221
1780142200666 0.9911111111111055 222
1780142200669 0.9872222222222167 223
1780142200671 0.9916666666666611 224
1780142200674 0.9944444444444389 225
1780142200677 0.9927777777777722 226
1780142200680 0.9916666666666611 227
1780142200683 0.9922222222222166 228
1780142200685 0.9922222222222168 229
1780142200688 0.9933333333333279 230
1780142200691 0.9933333333333279 231
1780142200693 0.9911111111111055 232
1780142200696 0.9894444444444389 233
1780142200699 0.99055555555555 234
1780142200701 0.9922222222222166 235
1780142200704 0.99055555555555 236
1780142200707 0.9938888888888833 237
1780142200709 0.9933333333333276 238
1780142200712 0.9949999999999944 239
1780142200715 0.9933333333333279 240
1780142200718 0.9916666666666611 241
1780142200720 0.9927777777777722 242
1780142200723 0.9927777777777722 243
1780142200726 0.9927777777777722 244
1780142200728 0.9944444444444389 245
1780142200731 0.9955555555555499 246
1780142200734 0.9916666666666611 247
1780142200737 0.9927777777777722 248
1780142200739 0.9944444444444389 249
1780142200742 0.9927777777777722 250
1780142200745 0.9949999999999944 251
1780142200747 0.9933333333333279 252
1780142200750 0.9933333333333279 253
1780142200753 0.9911111111111055 254
1780142200756 0.99055555555555 255
1780142200758 0.9944444444444389 256
1780142200761 0.9927777777777722 257
1780142200764 0.9944444444444388 258
1780142200767 0.9888888888888834 259
1780142200770 0.9911111111111055 260
1780142200772 0.9933333333333276 261
1780142200775 0.9894444444444389 262
1780142200778 0.9944444444444388 263
1780142200780 0.9922222222222168 264
1780142200783 0.9933333333333276 265
1780142200786 0.9894444444444389 266
1780142200789 0.9944444444444388 267
1780142200791 0.9888888888888834 268
1780142200794 0.9938888888888833 269
1780142200797 0.9961111111111055 270
1780142200799 0.9944444444444388 271
1780142200802 0.9955555555555499 272
1780142200805 0.9944444444444388 273
1780142200808 0.99055555555555 274
1780142200810 0.9916666666666611 275
1780142200813 0.9927777777777722 276
1780142200816 0.9949999999999944 277
1780142200819 0.9955555555555499 278
1780142200821 0.9949999999999944 279
1780142200824 0.9944444444444388 280
1780142200827 0.9955555555555501 281
1780142200829 0.9916666666666611 282
1780142200832 0.9922222222222166 283
1780142200835 0.9899999999999946 284
1780142200838 0.9916666666666611 285
1780142200840 0.9933333333333279 286
1780142200843 0.9894444444444389 287
1780142200846 0.9883333333333277 288
1780142200849 0.9927777777777722 289
1780142200851 0.9916666666666611 290
1780142200854 0.99055555555555 291
1780142200857 0.9927777777777722 292
1780142200859 0.9938888888888833 293
1780142200862 0.9927777777777722 294
1780142200865 0.9961111111111055 295
1780142200868 0.9927777777777722 296
1780142200870 0.9938888888888833 297
1780142200873 0.9972222222222167 298
1780142200876 0.9933333333333279 299
1780142200879 0.9916666666666611 300
1780142200881 0.9911111111111056 301
1780142200884 0.9916666666666611 302
1780142200887 0.9944444444444389 303
1780142200889 0.9938888888888833 304
1780142200892 0.9961111111111055 305
1780142200895 0.9938888888888833 306
1780142200898 0.9944444444444389 307
1780142200900 0.9938888888888833 308
1780142200903 0.9922222222222166 309
1780142200906 0.9922222222222168 310
1780142200909 0.9949999999999944 311
1780142200911 0.9955555555555499 312
1780142200914 0.9911111111111056 313
