1780128448311 0.0 0
1780128448314 0.11000000000000001 1
1780128448316 0.14 2
1780128448318 0.175 3
1780128448321 0.19 4
1780128448323 0.22000000000000003 5
1780128448325 0.37 6
1780128448327 0.36 7
1780128448329 0.40499999999999997 8
1780128448332 0.4600000000000001 9
1780128448334 0.54 10
1780128448336 0.5750000000000001 11
1780128448338 0.52 12
1780128448341 0.545 13
1780128448343 0.5700000000000001 14
1780128448345 0.6 15
1780128448347 0.63 16
1780128448349 0.6599999999999999 17
1780128448352 0.635 18
1780128448354 0.675 19
1780128448356 0.63 20
1780128448358 0.7150000000000001 21
1780128448360 0.675 22
1780128448363 0.685 23
1780128448365 0.6849999999999999 24
1780128448367 0.71 25
1780128448369 0.76 26
1780128448372 0.7050000000000001 27
1780128448374 0.705 28
1780128448376 0.7500000000000001 29
1780128448378 0.7350000000000001 30
1780128448381 0.71 31
1780128448383 0.71 32
1780128448385 0.745 33
1780128448387 0.77 34
1780128448389 0.73 35
1780128448392 0.7749999999999999 36
1780128448394 0.6900000000000001 37
1780128448396 0.74 38
1780128448398 0.7449999999999999 39
1780128448400 0.8150000000000001 40
1780128448403 0.8099999999999999 41
1780128448405 0.72 42
1780128448407 0.72 43
1780128448409 0.8100000000000002 44
1780128448412 0.71 45
1780128448414 0.8 46
1780128448416 0.78 47
1780128448418 0.765 48
1780128448421 0.7899999999999999 49
1780128448423 0.7749999999999999 50
1780128448425 0.7350000000000001 51
1780128448427 0.76 52
1780128448429 0.745 53
1780128448432 0.7350000000000001 54
1780128448434 0.78 55
1780128448436 0.7750000000000001 56
1780128448438 0.7949999999999999 57
1780128448440 0.8200000000000001 58
1780128448443 0.745 59
1780128448445 0.7899999999999998 60
1780128448447 0.7950000000000002 61
1780128448449 0.775 62
1780128448451 0.73 63
1780128448454 0.805 64
1780128448456 0.765 65
1780128448458 0.78 66
1780128448460 0.75 67
1780128448463 0.745 68
1780128448465 0.7849999999999999 69
1780128448467 0.7450000000000001 70
1780128448469 0.845 71
1780128448471 0.7749999999999999 72
1780128448474 0.7900000000000001 73
1780128448476 0.73 74
1780128448478 0.8300000000000001 75
1780128448480 0.8150000000000001 76
1780128448482 0.825 77
1780128448485 0.8 78
1780128448487 0.8300000000000001 79
1780128448489 0.8300000000000001 80
1780128448491 0.82 81
1780128448493 0.8200000000000001 82
1780128448495 0.8400000000000001 83
1780128448498 0.79 84
1780128448500 0.8400000000000001 85
1780128448502 0.8 86
1780128448505 0.8400000000000001 87
1780128448507 0.775 88
1780128448509 0.7899999999999999 89
1780128448511 0.89 90
1780128448513 0.78 91
1780128448516 0.8 92
1780128448518 0.7699999999999999 93
1780128448520 0.7849999999999999 94
1780128448522 0.7849999999999999 95
1780128448525 0.7999999999999999 96
1780128448527 0.7799999999999999 97
1780128448529 0.805 98
1780128448532 0.7950000000000002 99
1780128448534 0.8299999999999998 100
1780128448537 0.8150000000000001 101
1780128448539 0.825 102
1780128448541 0.8299999999999998 103
1780128448543 0.8300000000000001 104
1780128448546 0.77 105
1780128448548 0.8799999999999999 106
1780128448550 0.85 107
1780128448552 0.85 108
1780128448555 0.765 109
1780128448557 0.79 110
1780128448559 0.8300000000000001 111
1780128448561 0.8450000000000001 112
1780128448564 0.795 113
1780128448566 0.8400000000000001 114
1780128448568 0.835 115
1780128448570 0.8150000000000001 116
1780128448572 0.8550000000000001 117
1780128448575 0.8099999999999999 118
1780128448577 0.7750000000000001 119
1780128448579 0.825 120
1780128448581 0.8549999999999999 121
1780128448584 0.8550000000000001 122
1780128448586 0.8400000000000001 123
1780128448588 0.8649999999999999 124
1780128448590 0.7849999999999999 125
1780128448593 0.825 126
1780128448595 0.8400000000000001 127
1780128448597 0.805 128
1780128448599 0.835 129
1780128448601 0.8649999999999999 130
1780128448604 0.8049999999999999 131
1780128448606 0.8649999999999999 132
1780128448608 0.785 133
1780128448610 0.8699999999999999 134
1780128448613 0.9 135
1780128448615 0.8350000000000002 136
1780128448617 0.9 137
1780128448619 0.86 138
1780128448621 0.79 139
1780128448624 0.85 140
1780128448626 0.79 141
1780128448628 0.85 142
1780128448630 0.845 143
1780128448633 0.8400000000000001 144
1780128448635 0.8800000000000001 145
1780128448637 0.825 146
1780128448639 0.865 147
1780128448642 0.7849999999999999 148
1780128448644 0.8400000000000001 149
1780128448646 0.875 150
1780128448648 0.825 151
1780128448651 0.86 152
1780128448653 0.8800000000000001 153
1780128448655 0.805 154
1780128448657 0.875 155
1780128448660 0.8800000000000001 156
1780128448662 0.825 157
1780128448664 0.9 158
1780128448666 0.9 159
1780128448669 0.925 160
1780128448671 0.89 161
1780128448673 0.915 162
1780128448675 0.89 163
1780128448678 0.89 164
1780128448680 0.905 165
1780128448682 0.885 166
1780128448684 0.9149999999999998 167
1780128448686 0.8999999999999998 168
1780128448689 0.9099999999999999 169
1780128448691 0.9199999999999999 170
1780128448693 0.8549999999999999 171
1780128448695 0.86 172
1780128448697 0.925 173
1780128448700 0.915 174
1780128448702 0.925 175
1780128448704 0.875 176
1780128448706 0.915 177
1780128448709 0.89 178
1780128448711 0.925 179
1780128448713 0.925 180
1780128448715 0.915 181
1780128448717 0.875 182
1780128448720 0.875 183
1780128448722 0.9200000000000002 184
1780128448724 0.9099999999999999 185
1780128448726 0.9299999999999999 186
1780128448729 0.9099999999999999 187
1780128448731 0.9400000000000001 188
1780128448733 0.9099999999999999 189
1780128448735 0.9099999999999999 190
1780128448737 0.925 191
1780128448740 0.9199999999999999 192
1780128448742 0.9099999999999999 193
1780128448744 0.93 194
1780128448746 0.89 195
1780128448748 0.905 196
1780128448751 0.8949999999999999 197
1780128448753 0.885 198
1780128448755 0.9199999999999999 199
1780128448757 0.905 200
1780128448760 0.9200000000000002 201
1780128448762 0.875 202
1780128448764 0.9399999999999998 203
1780128448766 0.8949999999999999 204
1780128448769 0.9399999999999998 205
1780128448772 0.915 206
1780128448774 0.945 207
1780128448777 0.9400000000000001 208
1780128448779 0.925 209
1780128448781 0.9399999999999998 210
1780128448783 0.95 211
1780128448785 0.9400000000000001 212
1780128448788 0.9349999999999999 213
1780128448790 0.925 214
1780128448792 0.93 215
1780128448795 0.9100000000000001 216
1780128448797 0.925 217
1780128448800 0.9200000000000002 218
1780128448802 0.915 219
1780128448804 0.9149999999999998 220
1780128448806 0.945 221
1780128448808 0.9199999999999999 222
1780128448811 0.925 223
1780128448813 0.9399999999999998 224
1780128448815 0.915 225
1780128448817 0.915 226
1780128448819 0.8850000000000001 227
1780128448822 0.95 228
1780128448824 0.9 229
1780128448826 0.9299999999999999 230
1780128448828 0.9200000000000002 231
1780128448831 0.925 232
1780128448833 0.9 233
1780128448835 0.905 234
1780128448837 0.9199999999999999 235
1780128448839 0.885 236
1780128448842 0.9299999999999999 237
1780128448844 0.9249999999999998 238
1780128448846 0.9199999999999999 239
1780128448848 0.9400000000000001 240
1780128448850 0.925 241
1780128448853 0.93 242
1780128448855 0.9199999999999999 243
1780128448857 0.93 244
1780128448859 0.9299999999999999 245
1780128448861 0.8800000000000001 246
1780128448864 0.9099999999999999 247
1780128448866 0.9399999999999998 248
1780128448868 0.8950000000000001 249
1780128448870 0.8799999999999999 250
1780128448873 0.9650000000000001 251
1780128448875 0.9349999999999999 252
1780128448877 0.9249999999999998 253
1780128448879 0.9249999999999998 254
1780128448882 0.9299999999999999 255
1780128448884 0.9400000000000001 256
1780128448886 0.925 257
1780128448888 0.9199999999999999 258
1780128448891 0.9349999999999999 259
1780128448893 0.915 260
1780128448895 0.9349999999999999 261
1780128448897 0.9199999999999999 262
1780128448899 0.9200000000000002 263
1780128448902 0.8800000000000001 264
1780128448904 0.925 265
1780128448906 0.945 266
1780128448908 0.93 267
1780128448910 0.905 268
1780128448913 0.9550000000000001 269
1780128448915 0.9199999999999999 270
1780128448917 0.9249999999999998 271
1780128448919 0.9350000000000002 272
1780128448922 0.95 273
1780128448924 0.945 274
1780128448926 0.9399999999999998 275
1780128448928 0.9299999999999999 276
1780128448930 0.945 277
1780128448933 0.945 278
1780128448942 0.9549999999999998 279
1780128448945 0.9149999999999998 280
1780128448947 0.95 281
1780128448949 0.915 282
1780128448952 0.945 283
1780128448954 0.945 284
1780128448956 0.915 285
1780128448958 0.9349999999999999 286
1780128448960 0.9399999999999998 287
1780128448963 0.925 288
1780128448965 0.925 289
1780128448967 0.9499999999999998 290
1780128448969 0.9400000000000001 291
1780128448972 0.9349999999999999 292
1780128448974 0.9549999999999998 293
1780128448976 0.9200000000000002 294
1780128448978 0.93 295
1780128448980 0.9549999999999998 296
1780128448983 0.9349999999999999 297
1780128448985 0.915 298
1780128448987 0.95 299
1780128448989 0.9400000000000001 300
1780128448991 0.9650000000000001 301
1780128448993 0.925 302
1780128448996 0.9 303
1780128448998 0.9200000000000002 304
1780128449000 0.9349999999999999 305
1780128449002 0.9349999999999999 306
1780128449005 0.915 307
1780128449007 0.9299999999999999 308
1780128449009 0.9099999999999999 309
1780128449011 0.8949999999999999 310
1780128449014 0.9450000000000001 311
1780128449016 0.9399999999999998 312
1780128449018 0.945 313
