1780552741684 0.0 0
1780552741686 0.1 1
1780552741688 0.135 2
1780552741690 0.17 3
1780552741692 0.18000000000000002 4
1780552741694 0.175 5
1780552741697 0.26 6
1780552741699 0.205 7
1780552741701 0.2 8
1780552741702 0.175 9
1780552741704 0.275 10
1780552741706 0.225 11
1780552741708 0.16999999999999998 12
1780552741710 0.16499999999999998 13
1780552741712 0.32499999999999996 14
1780552741714 0.145 15
1780552741716 0.275 16
1780552741718 0.29500000000000004 17
1780552741720 0.27 18
1780552741722 0.22999999999999998 19
1780552741724 0.3 20
1780552741726 0.20999999999999996 21
1780552741728 0.28 22
1780552741729 0.25 23
1780552741731 0.21000000000000002 24
1780552741733 0.25 25
1780552741735 0.30500000000000005 26
1780552741737 0.22999999999999998 27
1780552741739 0.4 28
1780552741741 0.31 29
1780552741743 0.28500000000000003 30
1780552741745 0.39999999999999997 31
1780552741747 0.195 32
1780552741749 0.36 33
1780552741751 0.3 34
1780552741753 0.22999999999999998 35
1780552741754 0.36 36
1780552741756 0.26999999999999996 37
1780552741758 0.32999999999999996 38
1780552741760 0.39999999999999997 39
1780552741762 0.32 40
1780552741764 0.27 41
1780552741766 0.185 42
1780552741768 0.33499999999999996 43
1780552741769 0.38 44
1780552741772 0.31999999999999995 45
1780552741774 0.41500000000000004 46
1780552741775 0.36499999999999994 47
1780552741777 0.2800000000000001 48
1780552741779 0.34 49
1780552741781 0.355 50
1780552741783 0.325 51
1780552741785 0.345 52
1780552741787 0.31500000000000006 53
1780552741789 0.365 54
1780552741790 0.31 55
1780552741792 0.41000000000000003 56
1780552741794 0.395 57
1780552741796 0.40499999999999997 58
1780552741798 0.4 59
1780552741800 0.3350000000000001 60
1780552741802 0.355 61
1780552741804 0.425 62
1780552741805 0.35500000000000004 63
1780552741807 0.3350000000000001 64
1780552741809 0.39499999999999996 65
1780552741811 0.285 66
1780552741813 0.28500000000000003 67
1780552741815 0.43 68
1780552741817 0.44000000000000006 69
1780552741819 0.35500000000000004 70
1780552741821 0.365 71
1780552741823 0.4 72
1780552741824 0.13999999999999999 73
1780552741826 0.40499999999999997 74
1780552741828 0.29500000000000004 75
1780552741830 0.37 76
1780552741832 0.38500000000000006 77
1780552741834 0.41 78
1780552741836 0.41 79
1780552741837 0.375 80
1780552741839 0.27999999999999997 81
1780552741841 0.335 82
1780552741843 0.305 83
1780552741845 0.22000000000000003 84
1780552741847 0.31999999999999995 85
1780552741849 0.38500000000000006 86
1780552741851 0.37 87
1780552741853 0.30000000000000004 88
1780552741854 0.31499999999999995 89
1780552741856 0.29000000000000004 90
1780552741858 0.39 91
1780552741860 0.345 92
1780552741862 0.355 93
1780552741864 0.29 94
1780552741866 0.355 95
1780552741868 0.37 96
1780552741870 0.38 97
1780552741872 0.295 98
1780552741874 0.37 99
1780552741875 0.375 100
1780552741877 0.22000000000000003 101
1780552741879 0.355 102
1780552741881 0.375 103
1780552741883 0.40499999999999997 104
1780552741885 0.4050000000000001 105
1780552741886 0.375 106
1780552741888 0.38499999999999995 107
1780552741890 0.45 108
1780552741892 0.38 109
1780552741894 0.38 110
1780552741896 0.4 111
1780552741898 0.445 112
1780552741900 0.375 113
1780552741901 0.4 114
1780552741903 0.32499999999999996 115
1780552741905 0.36 116
1780552741907 0.325 117
1780552741909 0.275 118
1780552741911 0.33499999999999996 119
1780552741913 0.345 120
1780552741915 0.375 121
1780552741917 0.34500000000000003 122
1780552741918 0.35 123
1780552741920 0.41 124
1780552741922 0.37 125
1780552741924 0.38 126
1780552741926 0.345 127
1780552741928 0.4 128
1780552741930 0.33499999999999996 129
1780552741931 0.3949999999999999 130
1780552741933 0.34500000000000003 131
1780552741935 0.41500000000000004 132
1780552741937 0.31000000000000005 133
1780552741939 0.255 134
1780552741941 0.41000000000000003 135
1780552741943 0.45999999999999996 136
1780552741945 0.375 137
1780552741947 0.355 138
1780552741949 0.31 139
1780552741951 0.4050000000000001 140
1780552741953 0.41000000000000003 141
1780552741954 0.42000000000000004 142
1780552741956 0.385 143
1780552741958 0.43500000000000005 144
1780552741960 0.32 145
1780552741962 0.39 146
1780552741964 0.36 147
1780552741966 0.36500000000000005 148
1780552741968 0.32999999999999996 149
1780552741970 0.43499999999999994 150
1780552741972 0.36500000000000005 151
1780552741973 0.425 152
1780552741975 0.325 153
1780552741977 0.30500000000000005 154
1780552741979 0.37 155
1780552741981 0.38 156
1780552741983 0.345 157
1780552741985 0.25 158
1780552741987 0.33 159
1780552741988 0.30500000000000005 160
1780552741990 0.36 161
1780552741992 0.375 162
1780552741994 0.32999999999999996 163
1780552741996 0.29500000000000004 164
1780552741998 0.38 165
1780552742000 0.275 166
1780552742002 0.36500000000000005 167
1780552742004 0.37 168
1780552742006 0.37 169
1780552742008 0.38 170
1780552742010 0.35 171
1780552742011 0.26 172
1780552742013 0.33499999999999996 173
1780552742015 0.275 174
1780552742017 0.3 175
1780552742019 0.33499999999999996 176
1780552742021 0.29500000000000004 177
1780552742023 0.32 178
1780552742025 0.16999999999999998 179
1780552742027 0.33999999999999997 180
1780552742029 0.41500000000000004 181
1780552742030 0.39499999999999996 182
1780552742032 0.33999999999999997 183
1780552742034 0.35 184
1780552742036 0.43500000000000005 185
1780552742038 0.27999999999999997 186
1780552742040 0.355 187
1780552742042 0.38 188
1780552742044 0.26 189
1780552742046 0.22500000000000003 190
1780552742048 0.2800000000000001 191
1780552742050 0.29000000000000004 192
1780552742051 0.28 193
1780552742053 0.42000000000000004 194
1780552742055 0.255 195
1780552742057 0.315 196
1780552742059 0.30999999999999994 197
1780552742061 0.38999999999999996 198
1780552742063 0.30500000000000005 199
1780552742065 0.35 200
1780552742067 0.3 201
1780552742069 0.325 202
1780552742071 0.39 203
1780552742072 0.32500000000000007 204
1780552742074 0.39499999999999996 205
1780552742076 0.28500000000000003 206
1780552742078 0.32999999999999996 207
1780552742080 0.35500000000000004 208
1780552742082 0.265 209
1780552742084 0.32 210
1780552742086 0.36500000000000005 211
1780552742088 0.25 212
1780552742090 0.465 213
1780552742092 0.31500000000000006 214
1780552742093 0.29500000000000004 215
1780552742095 0.32 216
1780552742097 0.375 217
1780552742099 0.31999999999999995 218
1780552742101 0.38 219
1780552742103 0.36 220
1780552742105 0.37 221
1780552742107 0.41500000000000004 222
1780552742109 0.29500000000000004 223
1780552742111 0.325 224
1780552742113 0.36 225
1780552742114 0.27999999999999997 226
1780552742116 0.41 227
1780552742118 0.35 228
1780552742120 0.265 229
1780552742122 0.355 230
1780552742124 0.33999999999999997 231
1780552742126 0.36 232
1780552742128 0.36 233
1780552742130 0.32500000000000007 234
1780552742131 0.31 235
1780552742133 0.4149999999999999 236
1780552742135 0.38000000000000006 237
1780552742137 0.37499999999999994 238
1780552742139 0.395 239
1780552742141 0.40499999999999997 240
1780552742143 0.37500000000000006 241
1780552742144 0.395 242
1780552742146 0.44000000000000006 243
1780552742148 0.24000000000000005 244
1780552742150 0.335 245
1780552742152 0.37000000000000005 246
1780552742154 0.31999999999999995 247
1780552742155 0.345 248
1780552742157 0.31999999999999995 249
1780552742159 0.3 250
1780552742161 0.30500000000000005 251
1780552742163 0.37499999999999994 252
1780552742164 0.325 253
1780552742166 0.43500000000000005 254
1780552742168 0.4 255
1780552742170 0.41500000000000004 256
1780552742172 0.39499999999999996 257
1780552742174 0.32999999999999996 258
1780552742176 0.30000000000000004 259
1780552742178 0.32500000000000007 260
1780552742179 0.38499999999999995 261
1780552742181 0.37 262
1780552742183 0.29500000000000004 263
1780552742185 0.375 264
1780552742187 0.375 265
1780552742189 0.33999999999999997 266
1780552742191 0.365 267
1780552742193 0.41500000000000004 268
1780552742195 0.39 269
1780552742197 0.445 270
1780552742199 0.33999999999999997 271
1780552742201 0.37 272
1780552742203 0.4149999999999999 273
1780552742204 0.37 274
1780552742206 0.35999999999999993 275
1780552742208 0.31500000000000006 276
1780552742210 0.41500000000000004 277
1780552742212 0.42000000000000004 278
1780552742214 0.39 279
1780552742216 0.425 280
1780552742218 0.38999999999999996 281
1780552742220 0.38 282
1780552742222 0.355 283
1780552742224 0.37 284
1780552742226 0.30999999999999994 285
1780552742228 0.385 286
1780552742230 0.38499999999999995 287
1780552742232 0.375 288
1780552742234 0.335 289
1780552742236 0.27499999999999997 290
1780552742238 0.41500000000000004 291
1780552742239 0.31 292
1780552742241 0.32999999999999996 293
1780552742243 0.35000000000000003 294
1780552742245 0.29499999999999993 295
1780552742247 0.43999999999999995 296
1780552742249 0.42000000000000004 297
1780552742251 0.37500000000000006 298
