1780527419164 0.0 0
1780527419167 0.625 1
1780527419169 0.7 2
1780527419171 0.69 3
1780527419172 0.66 4
1780527419174 0.56 5
1780527419176 0.77 6
1780527419178 0.75 7
1780527419179 0.82 8
1780527419181 0.84 9
1780527419183 0.795 10
1780527419184 0.635 11
1780527419186 0.795 12
1780527419188 0.865 13
1780527419189 0.79 14
1780527419191 0.705 15
1780527419192 0.805 16
1780527419194 0.76 17
1780527419196 0.79 18
1780527419197 0.46 19
1780527419199 0.8 20
1780527419201 0.785 21
1780527419202 0.71 22
1780527419204 0.84 23
1780527419206 0.815 24
1780527419207 0.815 25
1780527419209 0.595 26
1780527419211 0.75 27
1780527419212 0.765 28
1780527419214 0.71 29
1780527419216 0.815 30
1780527419217 0.84 31
1780527419219 0.855 32
1780527419221 0.85 33
1780527419222 0.845 34
1780527419224 0.84 35
1780527419226 0.575 36
1780527419227 0.835 37
1780527419229 0.765 38
1780527419231 0.835 39
1780527419232 0.81 40
1780527419234 0.545 41
1780527419236 0.81 42
1780527419237 0.79 43
1780527419239 0.775 44
1780527419241 0.765 45
1780527419242 0.865 46
1780527419244 0.8 47
1780527419246 0.8 48
1780527419247 0.86 49
1780527419249 0.7 50
1780527419250 0.82 51
1780527419252 0.875 52
1780527419254 0.7 53
1780527419255 0.885 54
1780527419257 0.635 55
1780527419259 0.74 56
1780527419260 0.85 57
1780527419262 0.495 58
1780527419264 0.845 59
1780527419265 0.855 60
1780527419267 0.795 61
1780527419269 0.85 62
1780527419270 0.84 63
1780527419272 0.82 64
1780527419274 0.84 65
1780527419275 0.885 66
1780527419277 0.885 67
1780527419279 0.76 68
1780527419280 0.865 69
1780527419282 0.855 70
1780527419284 0.835 71
1780527419285 0.595 72
1780527419287 0.9 73
1780527419289 0.89 74
1780527419291 0.845 75
1780527419293 0.85 76
1780527419295 0.84 77
1780527419298 0.76 78
1780527419300 0.65 79
1780527419302 0.825 80
1780527419305 0.905 81
1780527419307 0.84 82
1780527419309 0.815 83
1780527419310 0.855 84
1780527419312 0.86 85
1780527419314 0.81 86
1780527419315 0.86 87
1780527419317 0.86 88
1780527419319 0.825 89
1780527419320 0.845 90
1780527419322 0.82 91
1780527419324 0.895 92
1780527419325 0.85 93
1780527419327 0.785 94
1780527419329 0.885 95
1780527419330 0.845 96
1780527419332 0.85 97
1780527419334 0.555 98
1780527419336 0.89 99
1780527419338 0.88 100
1780527419339 0.865 101
1780527419341 0.775 102
1780527419343 0.89 103
1780527419344 0.755 104
1780527419346 0.85 105
1780527419348 0.855 106
1780527419349 0.83 107
1780527419351 0.865 108
1780527419353 0.85 109
1780527419354 0.86 110
1780527419356 0.86 111
1780527419358 0.865 112
1780527419359 0.8 113
1780527419361 0.835 114
1780527419363 0.855 115
1780527419364 0.91 116
1780527419366 0.835 117
1780527419368 0.845 118
1780527419369 0.875 119
1780527419371 0.77 120
1780527419373 0.775 121
1780527419374 0.845 122
1780527419376 0.82 123
1780527419378 0.89 124
1780527419380 0.85 125
1780527419381 0.865 126
1780527419383 0.86 127
1780527419385 0.88 128
1780527419387 0.76 129
1780527419388 0.79 130
1780527419390 0.905 131
1780527419392 0.875 132
1780527419394 0.815 133
1780527419395 0.74 134
1780527419397 0.81 135
1780527419399 0.805 136
1780527419401 0.76 137
1780527419402 0.78 138
1780527419404 0.88 139
1780527419406 0.67 140
1780527419408 0.86 141
1780527419409 0.805 142
1780527419411 0.855 143
1780527419413 0.775 144
1780527419414 0.835 145
1780527419416 0.61 146
1780527419418 0.865 147
1780527419419 0.82 148
1780527419421 0.87 149
1780527419423 0.345 150
1780527419424 0.805 151
1780527419426 0.805 152
1780527419428 0.815 153
1780527419429 0.765 154
1780527419431 0.72 155
1780527419433 0.51 156
1780527419434 0.82 157
1780527419436 0.81 158
1780527419438 0.79 159
1780527419440 0.74 160
1780527419442 0.84 161
1780527419444 0.735 162
1780527419447 0.74 163
1780527419449 0.8 164
1780527419451 0.705 165
1780527419453 0.755 166
1780527419455 0.795 167
1780527419457 0.835 168
1780527419459 0.79 169
1780527419461 0.85 170
1780527419462 0.86 171
1780527419464 0.815 172
1780527419466 0.795 173
1780527419467 0.82 174
1780527419469 0.745 175
1780527419471 0.79 176
1780527419472 0.78 177
1780527419474 0.84 178
1780527419476 0.835 179
1780527419477 0.765 180
1780527419479 0.765 181
1780527419481 0.795 182
1780527419483 0.73 183
1780527419485 0.77 184
1780527419486 0.52 185
1780527419488 0.765 186
1780527419490 0.815 187
1780527419492 0.765 188
1780527419493 0.8 189
1780527419495 0.81 190
1780527419497 0.79 191
1780527419498 0.795 192
1780527419500 0.815 193
1780527419501 0.77 194
1780527419503 0.74 195
1780527419505 0.56 196
1780527419506 0.81 197
1780527419508 0.775 198
1780527419510 0.775 199
1780527419511 0.82 200
1780527419513 0.74 201
1780527419515 0.785 202
1780527419516 0.8 203
1780527419518 0.845 204
1780527419519 0.805 205
1780527419521 0.78 206
1780527419523 0.82 207
1780527419524 0.85 208
1780527419526 0.85 209
1780527419528 0.75 210
1780527419530 0.74 211
1780527419531 0.685 212
1780527419533 0.82 213
1780527419535 0.805 214
1780527419536 0.79 215
1780527419538 0.795 216
1780527419539 0.78 217
1780527419541 0.77 218
1780527419543 0.81 219
1780527419544 0.85 220
1780527419546 0.76 221
1780527419548 0.67 222
1780527419549 0.825 223
1780527419551 0.855 224
1780527419553 0.815 225
1780527419555 0.77 226
1780527419556 0.81 227
1780527419558 0.82 228
1780527419559 0.855 229
1780527419561 0.775 230
1780527419563 0.845 231
1780527419564 0.855 232
1780527419566 0.84 233
1780527419567 0.8 234
1780527419569 0.665 235
1780527419571 0.78 236
1780527419573 0.695 237
1780527419574 0.655 238
1780527419576 0.815 239
1780527419578 0.81 240
1780527419580 0.82 241
1780527419582 0.82 242
1780527419584 0.8 243
1780527419586 0.805 244
1780527419589 0.835 245
1780527419591 0.865 246
1780527419593 0.785 247
1780527419595 0.765 248
1780527419597 0.79 249
1780527419599 0.875 250
1780527419600 0.775 251
1780527419602 0.77 252
1780527419604 0.785 253
1780527419605 0.785 254
1780527419607 0.755 255
1780527419609 0.795 256
1780527419610 0.835 257
1780527419612 0.8 258
1780527419614 0.735 259
1780527419616 0.77 260
1780527419617 0.78 261
1780527419619 0.85 262
1780527419621 0.79 263
1780527419622 0.77 264
1780527419624 0.825 265
1780527419626 0.81 266
1780527419628 0.57 267
1780527419629 0.865 268
1780527419631 0.775 269
1780527419633 0.76 270
1780527419635 0.765 271
1780527419636 0.435 272
1780527419638 0.8 273
1780527419640 0.765 274
1780527419642 0.85 275
1780527419643 0.805 276
1780527419645 0.81 277
1780527419646 0.815 278
1780527419648 0.82 279
1780527419650 0.8 280
1780527419651 0.79 281
1780527419653 0.78 282
1780527419655 0.795 283
1780527419656 0.79 284
1780527419658 0.835 285
1780527419660 0.805 286
1780527419661 0.78 287
1780527419663 0.825 288
1780527419665 0.78 289
1780527419666 0.805 290
1780527419668 0.81 291
1780527419670 0.845 292
1780527419671 0.8 293
1780527419673 0.77 294
1780527419675 0.81 295
1780527419676 0.765 296
1780527419678 0.775 297
1780527419680 0.79 298
