1780243504879 0.0 0
1780243504884 0.145 1
1780243504887 0.49 2
1780243504889 0.66 3
1780243504890 0.54 4
1780243504892 0.695 5
1780243504894 0.695 6
1780243504896 0.805 7
1780243504898 0.88 8
1780243504899 0.89 9
1780243504901 0.765 10
1780243504903 0.905 11
1780243504905 0.79 12
1780243504907 0.93 13
1780243504908 0.915 14
1780243504910 0.92 15
1780243504912 0.93 16
1780243504914 0.95 17
1780243504915 0.945 18
1780243504917 0.915 19
1780243504919 0.91 20
1780243504921 0.8 21
1780243504923 0.96 22
1780243504925 0.935 23
1780243504926 0.915 24
1780243504928 0.97 25
1780243504930 0.63 26
1780243504931 0.875 27
1780243504933 0.965 28
1780243504935 0.935 29
1780243504937 0.95 30
1780243504938 0.95 31
1780243504940 0.87 32
1780243504942 0.875 33
1780243504944 0.945 34
1780243504945 0.93 35
1780243504947 0.96 36
1780243504949 0.98 37
1780243504951 0.905 38
1780243504952 0.96 39
1780243504954 0.815 40
1780243504956 0.945 41
1780243504957 0.955 42
1780243504959 0.84 43
1780243504961 0.9 44
1780243504962 0.925 45
1780243504964 0.895 46
1780243504966 0.93 47
1780243504967 0.89 48
1780243504969 0.94 49
1780243504971 0.97 50
1780243504973 0.93 51
1780243504974 0.95 52
1780243504976 0.965 53
1780243504978 0.975 54
1780243504979 0.94 55
1780243504981 0.785 56
1780243504983 0.93 57
1780243504984 0.945 58
1780243504986 0.94 59
1780243504988 0.975 60
1780243504990 0.93 61
1780243504992 0.81 62
1780243504993 0.855 63
1780243504995 0.94 64
1780243504997 0.935 65
1780243504998 0.93 66
1780243505000 0.915 67
1780243505002 0.945 68
1780243505004 0.955 69
1780243505005 0.965 70
1780243505007 0.945 71
1780243505009 0.855 72
1780243505012 0.965 73
1780243505014 0.96 74
1780243505016 0.975 75
1780243505017 0.96 76
1780243505019 0.96 77
1780243505021 0.94 78
1780243505023 0.965 79
1780243505024 0.925 80
1780243505026 0.93 81
1780243505028 0.8 82
1780243505030 0.93 83
1780243505031 0.95 84
1780243505033 0.9 85
1780243505035 0.94 86
1780243505036 0.855 87
1780243505038 0.73 88
1780243505040 0.94 89
1780243505041 0.95 90
1780243505043 0.945 91
1780243505045 0.95 92
1780243505047 0.905 93
1780243505048 0.875 94
1780243505050 0.97 95
1780243505052 0.925 96
1780243505053 0.76 97
1780243505055 0.945 98
1780243505057 0.94 99
1780243505059 0.945 100
1780243505060 0.975 101
1780243505062 0.925 102
1780243505064 0.945 103
1780243505065 0.74 104
1780243505067 0.925 105
1780243505069 0.975 106
1780243505071 0.955 107
1780243505072 0.97 108
1780243505074 0.925 109
1780243505076 0.94 110
1780243505077 0.85 111
1780243505079 0.93 112
1780243505081 0.875 113
1780243505082 0.965 114
1780243505084 0.95 115
1780243505086 0.95 116
1780243505088 0.99 117
1780243505090 0.93 118
1780243505092 0.91 119
1780243505093 0.97 120
1780243505095 0.965 121
1780243505097 0.96 122
1780243505098 0.935 123
1780243505100 0.97 124
1780243505102 0.775 125
1780243505103 0.965 126
1780243505105 0.94 127
1780243505107 0.975 128
1780243505109 0.95 129
1780243505110 0.945 130
1780243505112 0.96 131
1780243505114 0.915 132
1780243505115 0.96 133
1780243505117 0.95 134
1780243505119 0.945 135
1780243505120 0.97 136
1780243505122 0.955 137
1780243505124 0.94 138
1780243505126 0.945 139
1780243505127 0.905 140
1780243505129 0.975 141
1780243505131 0.955 142
1780243505132 0.965 143
1780243505134 0.965 144
1780243505136 0.945 145
1780243505137 0.97 146
1780243505139 0.97 147
1780243505141 0.97 148
1780243505142 0.95 149
1780243505144 0.875 150
1780243505146 0.96 151
1780243505147 0.965 152
1780243505149 0.985 153
1780243505151 0.955 154
1780243505153 0.93 155
1780243505154 0.88 156
1780243505156 0.65 157
1780243505158 0.89 158
1780243505159 0.895 159
1780243505161 0.945 160
1780243505163 0.835 161
1780243505164 0.875 162
1780243505166 0.835 163
1780243505168 0.94 164
1780243505170 0.94 165
1780243505171 0.91 166
1780243505173 0.915 167
1780243505175 0.945 168
1780243505176 0.94 169
1780243505178 0.94 170
1780243505180 0.69 171
1780243505182 0.825 172
1780243505183 0.93 173
1780243505185 0.93 174
1780243505187 0.905 175
1780243505188 0.95 176
1780243505190 0.855 177
1780243505192 0.93 178
1780243505194 0.825 179
1780243505195 0.825 180
1780243505197 0.845 181
1780243505199 0.95 182
1780243505201 0.93 183
1780243505202 0.945 184
1780243505204 0.88 185
1780243505206 0.885 186
1780243505209 0.935 187
1780243505211 0.91 188
1780243505213 0.965 189
1780243505215 0.9 190
1780243505216 0.925 191
1780243505218 0.745 192
1780243505220 0.93 193
1780243505222 0.965 194
1780243505223 0.935 195
1780243505225 0.675 196
1780243505227 0.94 197
1780243505228 0.96 198
1780243505230 0.93 199
1780243505232 0.93 200
1780243505234 0.885 201
1780243505235 0.975 202
1780243505237 0.93 203
1780243505239 0.94 204
1780243505240 0.97 205
1780243505242 0.965 206
1780243505244 0.935 207
1780243505245 0.955 208
1780243505247 0.945 209
1780243505249 0.95 210
1780243505251 0.945 211
1780243505252 0.945 212
1780243505254 0.94 213
1780243505256 0.95 214
1780243505257 0.925 215
1780243505259 0.965 216
1780243505261 0.96 217
1780243505263 0.955 218
1780243505264 0.97 219
1780243505266 0.815 220
1780243505268 0.965 221
1780243505269 0.925 222
1780243505271 0.75 223
1780243505273 0.93 224
1780243505274 0.955 225
1780243505276 0.93 226
1780243505278 0.95 227
1780243505279 0.955 228
1780243505281 0.935 229
1780243505283 0.865 230
1780243505285 0.925 231
1780243505286 0.955 232
1780243505288 0.935 233
1780243505290 0.905 234
1780243505291 0.925 235
1780243505293 0.88 236
1780243505295 0.95 237
1780243505297 0.93 238
1780243505298 0.955 239
1780243505300 0.925 240
1780243505302 0.955 241
1780243505304 0.885 242
1780243505305 0.925 243
1780243505307 0.885 244
1780243505309 0.83 245
1780243505310 0.925 246
1780243505312 0.945 247
1780243505314 0.93 248
1780243505316 0.955 249
1780243505317 0.97 250
1780243505319 0.97 251
1780243505321 0.945 252
1780243505322 0.955 253
1780243505324 0.875 254
1780243505326 0.95 255
1780243505328 0.955 256
1780243505329 0.945 257
1780243505331 0.96 258
1780243505333 0.96 259
1780243505335 0.945 260
1780243505336 0.855 261
1780243505338 0.915 262
1780243505340 0.96 263
1780243505341 0.875 264
1780243505343 0.845 265
1780243505345 0.925 266
1780243505347 0.965 267
1780243505348 0.915 268
1780243505350 0.9 269
1780243505352 0.935 270
1780243505353 0.955 271
1780243505355 0.93 272
1780243505357 0.95 273
1780243505359 0.955 274
1780243505360 0.74 275
1780243505362 0.98 276
1780243505364 0.93 277
1780243505365 0.95 278
1780243505367 0.95 279
1780243505369 0.875 280
1780243505370 0.95 281
1780243505372 0.95 282
1780243505374 0.89 283
1780243505375 0.84 284
1780243505377 0.92 285
1780243505379 0.955 286
1780243505380 0.875 287
1780243505382 0.935 288
1780243505384 0.925 289
1780243505385 0.94 290
1780243505387 0.915 291
1780243505389 0.945 292
1780243505391 0.915 293
1780243505392 0.97 294
1780243505394 0.93 295
1780243505396 0.96 296
1780243505397 0.955 297
1780243505399 0.95 298
1780243505401 0.85 299
1780243505404 0.85 300
1780243505407 0.935 301
1780243505408 0.965 302
1780243505410 0.915 303
1780243505412 0.945 304
1780243505414 0.975 305
1780243505416 0.94 306
1780243505417 0.875 307
1780243505419 0.93 308
1780243505421 0.915 309
1780243505423 0.935 310
1780243505425 0.935 311
1780243505426 0.945 312
1780243505428 0.975 313
