1780128572112 0.0 0
1780128572115 0.017148044231721404 1
1780128572117 0.2395817595133049 2
1780128572124 0.3783342995434622 3
1780128572126 0.49748596691141156 4
1780128572128 0.5022798624140087 5
1780128572130 0.30601967352225273 6
1780128572132 0.4239971169565099 7
1780128572134 0.4169855677928682 8
1780128572136 0.4935055318848905 9
1780128572138 0.5066114769235787 10
1780128572140 0.4488627338498029 11
1780128572142 0.5233469368999435 12
1780128572144 0.5753523899223116 13
1780128572146 0.5909511706632016 14
1780128572147 0.6155349941102096 15
1780128572149 0.522936688004838 16
1780128572151 0.6152253518092476 17
1780128572153 0.527901794689715 18
1780128572155 0.5913807375895764 19
1780128572157 0.5711131590514191 20
1780128572159 0.6028025670421325 21
1780128572161 0.6859154622840233 22
1780128572163 0.5993116486361986 23
1780128572165 0.6236438353815258 24
1780128572167 0.6196401259559154 25
1780128572169 0.6423314447057747 26
1780128572171 0.6519131113665101 27
1780128572173 0.6601651644114036 28
1780128572175 0.5714181949567672 29
1780128572176 0.6546495242257699 30
1780128572178 0.5819256578257593 31
1780128572180 0.6809067942457605 32
1780128572182 0.5728796793131747 33
1780128572184 0.7713456326870961 34
1780128572186 0.6829015717306972 35
1780128572188 0.7598648967405287 36
1780128572190 0.6876048996079422 37
1780128572192 0.6763598763315407 38
1780128572194 0.7323304952126832 39
1780128572196 0.7195533237960442 40
1780128572198 0.8064544861603686 41
1780128572200 0.7069098690616662 42
1780128572202 0.6978073338741398 43
1780128572204 0.711735582136912 44
1780128572206 0.7150874716936119 45
1780128572208 0.7505240845985319 46
1780128572210 0.7602581169241226 47
1780128572212 0.8056154168911606 48
1780128572214 0.8014288900285113 49
1780128572216 0.7555719352867121 50
1780128572218 0.7497228615444045 51
1780128572220 0.8295177613306806 52
1780128572222 0.7326675801145063 53
1780128572224 0.7431948159850847 54
1780128572225 0.7592148245306141 55
1780128572227 0.7955057418406862 56
1780128572229 0.7586525644135856 57
1780128572231 0.6993448510851179 58
1780128572233 0.7322964980614757 59
1780128572235 0.8079432926675055 60
1780128572237 0.7741338383851666 61
1780128572239 0.7974138156658045 62
1780128572241 0.736884028669743 63
1780128572243 0.8305346534543091 64
1780128572245 0.7682355974423482 65
1780128572247 0.8462784289636212 66
1780128572249 0.8063911698463612 67
1780128572251 0.7531422884696168 68
1780128572253 0.7318763099645453 69
1780128572255 0.6931418626924595 70
1780128572257 0.8406549548012963 71
1780128572259 0.8171131979563111 72
1780128572261 0.8523984935765885 73
1780128572262 0.84315669081164 74
1780128572264 0.7917126977228931 75
1780128572266 0.8352083831946582 76
1780128572268 0.7689921114475805 77
1780128572270 0.7714981928812918 78
1780128572272 0.8636752358561773 79
1780128572274 0.883439089849813 80
1780128572276 0.8043599820059472 81
1780128572278 0.8266501135251412 82
1780128572280 0.8397015297663153 83
1780128572282 0.7445431545053076 84
1780128572284 0.8384074993901194 85
1780128572286 0.8325888556623982 86
1780128572288 0.8150454050454051 87
1780128572290 0.8188619096354117 88
1780128572292 0.8514412908410887 89
1780128572294 0.8461491887906982 90
1780128572296 0.8608394605370628 91
1780128572298 0.8876579402097258 92
1780128572301 0.8356394824041882 93
1780128572303 0.8102672436615448 94
1780128572305 0.8511753703683155 95
1780128572307 0.795896154240391 96
1780128572309 0.8154515163805367 97
1780128572311 0.8538195147007877 98
1780128572313 0.8814716442852865 99
1780128572315 0.7979791226114077 100
1780128572316 0.810744223853159 101
1780128572318 0.8599037622081477 102
1780128572320 0.8509886329700571 103
1780128572322 0.8296629716223185 104
1780128572324 0.9019964511212981 105
1780128572326 0.8547099612696532 106
1780128572328 0.8310396007421114 107
1780128572330 0.8692651318774554 108
1780128572332 0.8498119357271058 109
1780128572334 0.8018736231577798 110
1780128572336 0.8198948280161442 111
1780128572338 0.8384810478498187 112
1780128572340 0.8789819561717758 113
1780128572342 0.855397180641083 114
1780128572344 0.8309694041679482 115
1780128572346 0.8977123999727452 116
1780128572348 0.8482371982782378 117
1780128572350 0.8535682917820651 118
1780128572352 0.8022471910441835 119
1780128572354 0.8205606780274861 120
1780128572356 0.9047008491705032 121
1780128572358 0.8962972471829982 122
1780128572360 0.8738637243515293 123
1780128572362 0.8839247554637902 124
1780128572364 0.8602622162666872 125
1780128572366 0.9064997491036356 126
1780128572368 0.8715545433824682 127
1780128572370 0.781183431661222 128
1780128572372 0.8113713325220404 129
1780128572374 0.8379755846843944 130
1780128572376 0.8816934871001434 131
1780128572378 0.8477352482141598 132
1780128572380 0.8951031894934334 133
1780128572382 0.777977952474826 134
1780128572384 0.8084648185181006 135
1780128572386 0.924298904284724 136
1780128572388 0.8476317257857694 137
1780128572390 0.8173569022522484 138
1780128572392 0.8231500242768849 139
1780128572393 0.8624413423638144 140
1780128572395 0.8632766882866278 141
1780128572397 0.8582617114044655 142
1780128572399 0.8601420024764972 143
1780128572401 0.8579055892356052 144
1780128572403 0.8454628864306285 145
1780128572405 0.8503967862119339 146
1780128572407 0.8696644393461336 147
1780128572409 0.8758463447295283 148
1780128572411 0.8334294700898394 149
1780128572413 0.9073572429482898 150
1780128572415 0.8949366913474147 151
1780128572417 0.8797602280841599 152
1780128572419 0.9101964656370374 153
1780128572421 0.8900002573357888 154
1780128572423 0.8191337992769132 155
1780128572425 0.8873025383947972 156
1780128572427 0.9196554911671191 157
1780128572429 0.9447930332397598 158
1780128572431 0.9004111312626047 159
1780128572433 0.8903256097618995 160
1780128572435 0.9201135971331809 161
1780128572437 0.9149049474274122 162
1780128572439 0.94568650362617 163
1780128572441 0.8996382853595438 164
1780128572442 0.9084224666958942 165
1780128572444 0.8759028818056492 166
1780128572446 0.9299447331475571 167
1780128572448 0.934365330512896 168
1780128572450 0.8784478862335087 169
1780128572452 0.934940987553311 170
1780128572454 0.9246404224311201 171
1780128572456 0.9246616552288703 172
1780128572458 0.9132597754548974 173
1780128572460 0.9546726477214282 174
1780128572462 0.9295138250016299 175
1780128572464 0.8997553052298954 176
1780128572466 0.9445350617301838 177
1780128572468 0.9550170123854335 178
1780128572470 0.9549234565973377 179
1780128572472 0.9458952065582448 180
1780128572474 0.9450134387233232 181
1780128572476 0.9254171023948331 182
1780128572478 0.9545284728904158 183
1780128572480 0.9158269230495849 184
1780128572482 0.9595533767484987 185
1780128572484 0.9499135820046647 186
1780128572486 0.8867770349426696 187
1780128572488 0.913880977678482 188
1780128572490 0.9295193360340986 189
1780128572492 0.9157636243805156 190
1780128572494 0.9248497572887817 191
1780128572495 0.9497596616916258 192
1780128572497 0.9097219988683405 193
1780128572499 0.920322651832112 194
1780128572501 0.9163579917751934 195
1780128572503 0.9224665278421542 196
1780128572505 0.9547916307851525 197
1780128572507 0.9348207993843424 198
1780128572509 0.9495497560645185 199
1780128572511 0.9448440989904405 200
1780128572513 0.9191311420034823 201
1780128572515 0.9094066917151075 202
1780128572517 0.969977617589941 203
1780128572519 0.8450337344923428 204
1780128572521 0.9191346858172773 205
1780128572523 0.9602036517184143 206
1780128572525 0.9548856803028819 207
1780128572527 0.9549351803523818 208
1780128572529 0.945517727886149 209
1780128572531 0.9450076315223941 210
1780128572533 0.9047345642181789 211
1780128572535 0.8875750324434535 212
1780128572537 0.8570122266901814 213
1780128572539 0.9045958805170015 214
1780128572541 0.9339435112977521 215
1780128572542 0.9121234965794356 216
1780128572544 0.9501284068848328 217
1780128572547 0.9246308640902109 218
1780128572549 0.9505875581557894 219
1780128572551 0.9130478144836675 220
1780128572552 0.8979538744686371 221
1780128572554 0.9799906191369605 222
1780128572557 0.9599691771642991 223
1780128572558 0.9344636607152654 224
1780128572560 0.9247087262203542 225
1780128572562 0.9156454241114063 226
1780128572564 0.934751804474466 227
1780128572567 0.9387478781381221 228
1780128572568 0.9703197957369973 229
1780128572570 0.935080313353741 230
1780128572572 0.9306747042364574 231
1780128572574 0.9248503448503449 232
1780128572576 0.9448655161221959 233
1780128572578 0.9356681045339732 234
1780128572580 0.9293729868761961 235
1780128572582 0.9456475283282162 236
1780128572584 0.9237321813995845 237
1780128572586 0.9273653834355496 238
1780128572588 0.9399208233726251 239
1780128572590 0.9653027585106576 240
1780128572591 0.8961746798187029 241
1780128572593 0.9603287298922728 242
1780128572595 0.8818214702874524 243
1780128572597 0.9043127710661338 244
1780128572599 0.9650219108613889 245
1780128572601 0.9552288483327084 246
1780128572603 0.969975431072992 247
1780128572605 0.9550906346541777 248
1780128572607 0.9801067631555437 249
1780128572609 0.9443217016901228 250
1780128572611 0.9544449307016103 251
1780128572613 0.9400094030440032 252
1780128572615 0.9397640739104155 253
1780128572617 0.9544491152835184 254
1780128572619 0.9601080161066131 255
1780128572621 0.9598838311405109 256
1780128572623 0.9450780549740158 257
1780128572624 0.9182994510125944 258
1780128572626 0.964662773128755 259
1780128572628 0.9548237859071665 260
1780128572630 0.9452759144906203 261
1780128572632 0.9701094434021262 262
1780128572634 0.9495992561140186 263
1780128572636 0.9698306037137874 264
1780128572638 0.9557713999177413 265
1780128572640 0.767319854501762 266
1780128572642 0.939227690569154 267
1780128572644 0.974987492182614 268
1780128572646 0.9650682839565426 269
1780128572648 0.9700906346541777 270
1780128572651 0.959708652494275 271
1780128572653 0.9376562239863431 272
1780128572655 0.9602094589193435 273
1780128572657 0.9546743875306136 274
1780128572659 0.9543735668125912 275
1780128572661 0.9241792884847488 276
1780128572662 0.950538933324556 277
1780128572664 0.9405386355193801 278
1780128572666 0.9493619524107328 279
1780128572668 0.9100862258982388 280
1780128572670 0.9434659114954365 281
1780128572672 0.9306415242584153 282
1780128572674 0.9599088937971525 283
1780128572676 0.9598869580948574 284
1780128572678 0.9597917258892867 285
1780128572680 0.9553996470735283 286
1780128572682 0.9014493352907987 287
1780128572684 0.9296743306669569 288
1780128572686 0.9799874921826142 289
1780128572688 0.9505113689773509 290
1780128572689 0.9649297105060308 291
1780128572691 0.9696847088310502 292
1780128572693 0.9399203296429913 293
1780128572695 0.9698556663704287 294
1780128572697 0.9347761364449427 295
1780128572699 0.9801067631555437 296
1780128572701 0.9598436052608068 297
1780128572703 0.9553295228519876 298
1780128572705 0.9399165501604527 299
1780128572707 0.9403038585741514 300
1780128572709 0.9749686834346655 301
1780128572711 0.9506586980271191 302
1780128572713 0.9299781967346226 303
1780128572715 0.9246578498118934 304
1780128572717 0.9400583776514455 305
1780128572719 0.950688298737079 306
1780128572721 0.9190985561172381 307
1780128572723 0.9648624140087554 308
1780128572725 0.9450986352435734 309
1780128572727 0.9446753279680109 310
1780128572729 0.9500485347711966 311
1780128572731 0.8593293897207472 312
1780128572733 0.945020443269034 313
