1780528209685 0.0 0
1780528209687 0.04148396243133085 1
1780528209688 0.11745127214972935 2
1780528209690 0.12100120868978403 3
1780528209691 0.15848132543784715 4
1780528209693 0.23756146669136183 5
1780528209694 0.22730045037062335 6
1780528209696 0.15871893011023447 7
1780528209698 0.04888088360237893 8
1780528209699 0.23287404494459576 9
1780528209701 0.18722499760830524 10
1780528209702 0.32258265341469683 11
1780528209704 0.19819087278440792 12
1780528209705 0.11820631872593697 13
1780528209707 0.20676708723943746 14
1780528209708 0.1385468757759263 15
1780528209710 0.28123152524188955 16
1780528209711 0.2073154641346302 17
1780528209713 0.08581205026857201 18
1780528209714 0.19866946621504825 19
1780528209716 0.21548361337242006 20
1780528209717 0.183304955261477 21
1780528209719 0.19116405558266023 22
1780528209720 0.2523243196657233 23
1780528209722 0.17066819583556336 24
1780528209724 0.2362952741437617 25
1780528209725 0.12842976478385332 26
1780528209727 0.276979118557276 27
1780528209728 0.17698804355395897 28
1780528209730 0.07302975702975703 29
1780528209731 0.306351815153993 30
1780528209733 0.28276551375726205 31
1780528209734 0.22876338483698905 32
1780528209736 0.34288009049707924 33
1780528209737 0.2601148602964759 34
1780528209739 0.11568699416525505 35
1780528209740 0.1919797206884725 36
1780528209742 0.23851260087583026 37
1780528209743 0.13046451799392975 38
1780528209745 0.2093911726852903 39
1780528209747 0.2989143045454324 40
1780528209748 0.34177778810666765 41
1780528209750 0.16816791628006583 42
1780528209751 0.197607665473117 43
1780528209753 0.2834863144803045 44
1780528209754 0.26083894374055017 45
1780528209756 0.29098328758175296 46
1780528209757 0.2859348672275234 47
1780528209759 0.2987312979050478 48
1780528209760 0.15877530983910862 49
1780528209762 0.3209866274076801 50
1780528209763 0.28216165018965317 51
1780528209765 0.30152077415538053 52
1780528209766 0.31026331059962836 53
1780528209768 0.3189614615544249 54
1780528209769 0.2591869232049875 55
1780528209771 0.3411013727032034 56
1780528209772 0.24742398612523858 57
1780528209774 0.26727409552959047 58
1780528209776 0.3229764917231833 59
1780528209777 0.24438968129092514 60
1780528209779 0.23782731861072876 61
1780528209780 0.28157806942666097 62
1780528209782 0.2465612157372497 63
1780528209784 0.3801275308775309 64
1780528209785 0.24320619235836624 65
1780528209787 0.33303963021652583 66
1780528209788 0.38807725846892727 67
1780528209790 0.22643128747476576 68
1780528209791 0.40045789351671707 69
1780528209793 0.2887704713680533 70
1780528209794 0.2924101821141937 71
1780528209796 0.32877389034311044 72
1780528209797 0.27363971540442134 73
1780528209799 0.281759483883716 74
1780528209800 0.29471231540205134 75
1780528209802 0.2800120448781275 76
1780528209803 0.34698633992377365 77
1780528209805 0.30767818162483 78
1780528209806 0.3526671447578016 79
1780528209808 0.16415745920265506 80
1780528209810 0.27232277245481173 81
1780528209811 0.22812926730800215 82
1780528209813 0.2928592552390097 83
1780528209814 0.27472769809739456 84
1780528209816 0.2599032691405131 85
1780528209817 0.3753530750756289 86
1780528209819 0.2923741782178664 87
1780528209820 0.22494565505111294 88
1780528209822 0.15255051307227124 89
1780528209823 0.2760243961877356 90
1780528209825 0.2961101506364664 91
1780528209826 0.48400300647124606 92
1780528209828 0.25417381788739124 93
1780528209829 0.2748779132042097 94
1780528209831 0.17353219873141096 95
1780528209832 0.20463281043926201 96
1780528209834 0.37767831505274224 97
1780528209836 0.31239060210537756 98
1780528209837 0.3190311641434235 99
1780528209839 0.2907809902832209 100
1780528209840 0.17401654538182423 101
1780528209842 0.36310012813605314 102
1780528209843 0.23386286385162675 103
1780528209845 0.18717371112034034 104
1780528209846 0.37727023242199614 105
1780528209848 0.35136784560143847 106
1780528209849 0.29348161138292844 107
1780528209851 0.3885163463918114 108
1780528209852 0.23465470736391988 109
1780528209854 0.4266027594931704 110
1780528209855 0.3351933225809991 111
1780528209857 0.3546093446379115 112
1780528209858 0.2404671608723437 113
1780528209860 0.36745792311537784 114
1780528209861 0.3586911731686063 115
1780528209863 0.3037023346388877 116
1780528209865 0.33826450923547113 117
1780528209866 0.12389935917285147 118
1780528209868 0.2518110142202214 119
1780528209869 0.33037255141176164 120
1780528209871 0.26619273408029026 121
1780528209872 0.32865972991486847 122
1780528209874 0.44023653231967347 123
1780528209875 0.31619143130771044 124
1780528209877 0.3102438882891369 125
1780528209878 0.27968861954024626 126
1780528209880 0.42231190477329034 127
1780528209882 0.34749792979049704 128
1780528209883 0.3706398819661101 129
1780528209894 0.3409836876672009 130
1780528209896 0.2677808219887488 131
1780528209897 0.24653351820413846 132
1780528209899 0.3151819154400604 133
1780528209900 0.2828977325338664 134
1780528209902 0.29868628863607183 135
1780528209904 0.2953088068289958 136
1780528209905 0.33593290796319136 137
1780528209907 0.34394458912711096 138
1780528209908 0.26485139432886073 139
1780528209910 0.29800748330631754 140
1780528209911 0.3342748934614292 141
1780528209913 0.2943297989452811 142
1780528209914 0.18022374777523517 143
1780528209916 0.20404582918323677 144
1780528209917 0.2882876476994124 145
1780528209919 0.3107402707819991 146
1780528209920 0.3708775515495145 147
1780528209922 0.26480802197645115 148
1780528209923 0.3589643360959413 149
1780528209925 0.4084008399366656 150
1780528209927 0.3685183706385041 151
1780528209928 0.357900812546443 152
1780528209930 0.24881824240503195 153
1780528209931 0.35974707321357496 154
1780528209933 0.40829840973229226 155
1780528209934 0.3422120563277405 156
1780528209936 0.36248620074989246 157
1780528209937 0.21771620033919806 158
1780528209939 0.33096604996583584 159
1780528209940 0.3193344306451268 160
1780528209942 0.2565655810184112 161
1780528209943 0.1960693294581783 162
1780528209945 0.2171787876050717 163
1780528209946 0.15820411472585386 164
1780528209948 0.17760598193550625 165
1780528209950 0.2443823532615975 166
1780528209951 0.2776939937951416 167
1780528209953 0.2854408739472713 168
1780528209954 0.15028900685167865 169
1780528209956 0.25277041051896476 170
1780528209957 0.2365537697174625 171
1780528209959 0.3417299204712313 172
1780528209960 0.22750298392233875 173
1780528209962 0.2772140897112406 174
1780528209963 0.321415964426316 175
1780528209965 0.3241395640052627 176
1780528209966 0.3410721827192415 177
1780528209968 0.3848748284414383 178
1780528209969 0.37429544471151355 179
1780528209971 0.25833412545486845 180
1780528209973 0.24767384899764694 181
1780528209974 0.26721738220159985 182
1780528209976 0.27914379574125625 183
1780528209977 0.32518083707225254 184
1780528209979 0.2902028069444492 185
1780528209980 0.36749337068842464 186
1780528209982 0.26110197707234645 187
1780528209983 0.2396079782286679 188
1780528209985 0.3649125661140839 189
1780528209987 0.28595872002608413 190
1780528209988 0.2773136300233582 191
1780528209990 0.2952236540173061 192
1780528209991 0.271162675095941 193
1780528209993 0.3506283516718362 194
1780528209994 0.26391031035532314 195
1780528209996 0.3339297255393835 196
1780528209997 0.30483739048716896 197
1780528209999 0.3484322869091025 198
1780528210000 0.2595069952507023 199
1780528210002 0.36126054098150284 200
1780528210003 0.3506160765194614 201
1780528210005 0.3312939553262194 202
1780528210006 0.18746885183055395 203
1780528210008 0.28725351080875483 204
1780528210009 0.36981561313865086 205
1780528210011 0.27291616433982907 206
1780528210013 0.29119141564237216 207
1780528210014 0.2882936665666542 208
1780528210016 0.24713779795301533 209
1780528210017 0.26020332203757734 210
1780528210019 0.3261486007837832 211
1780528210020 0.37286767955246214 212
1780528210022 0.27273181807354596 213
1780528210023 0.321852062893298 214
1780528210025 0.3367565062943367 215
1780528210026 0.22650890282985015 216
1780528210028 0.30305682860473826 217
1780528210029 0.2899967049303288 218
1780528210031 0.3287985534494103 219
1780528210033 0.3718899765546107 220
1780528210034 0.29655212771135586 221
1780528210036 0.26824373579992455 222
1780528210037 0.34035648836196036 223
1780528210039 0.31719090746346384 224
1780528210040 0.3784479888539991 225
1780528210042 0.3867713372150487 226
1780528210043 0.2699736562312901 227
1780528210045 0.34962685301696517 228
1780528210046 0.3453820164389656 229
1780528210048 0.1676376318962011 230
1780528210049 0.2804504777616906 231
1780528210051 0.33102969997582665 232
1780528210052 0.31490136891136117 233
1780528210054 0.32144753278185445 234
1780528210056 0.308167144312048 235
1780528210057 0.3605864335959213 236
1780528210059 0.2550716430207264 237
1780528210060 0.2822935327674204 238
1780528210062 0.323740339847667 239
1780528210063 0.2990631327987403 240
1780528210069 0.25212125476093405 241
1780528210071 0.3941983384262796 242
1780528210072 0.3753862689983813 243
1780528210074 0.26990928324309 244
1780528210075 0.408793858910138 245
1780528210077 0.1654768774317338 246
1780528210078 0.31844306213313056 247
1780528210080 0.23078545642658105 248
1780528210081 0.363265306492209 249
1780528210083 0.27891111734565244 250
1780528210085 0.3178121026594717 251
1780528210086 0.3940843733013859 252
1780528210088 0.2824429995370645 253
1780528210090 0.3229186962646088 254
1780528210091 0.3793113738464782 255
1780528210093 0.37943375825728765 256
1780528210094 0.2531406028189707 257
1780528210096 0.31322766124936346 258
1780528210097 0.29513987546594167 259
1780528210099 0.22942389276942904 260
1780528210100 0.3474868956293105 261
1780528210102 0.34808717888619445 262
1780528210103 0.339528632471479 263
1780528210105 0.33586776528670814 264
1780528210106 0.34854531003395683 265
1780528210108 0.3496667316783765 266
1780528210109 0.30997147304136907 267
1780528210111 0.3702328278278026 268
1780528210112 0.37203643062053693 269
1780528210114 0.3139211959721559 270
1780528210115 0.36405525887551704 271
1780528210117 0.2516931864797788 272
1780528210119 0.29073796789651285 273
1780528210120 0.2810015937934031 274
1780528210122 0.14328635558814584 275
1780528210123 0.37233673277395607 276
1780528210125 0.3071374630585157 277
1780528210126 0.2985796034594209 278
1780528210128 0.3551179673321234 279
1780528210129 0.2938413380842931 280
1780528210131 0.2825979989193971 281
1780528210132 0.27380841257991373 282
1780528210134 0.3521258915939157 283
1780528210135 0.22371833819295425 284
1780528210137 0.3344423373186144 285
1780528210138 0.3623133623133623 286
1780528210140 0.3234869151713036 287
1780528210141 0.40224048186940414 288
1780528210143 0.3469942960304585 289
1780528210144 0.3392040627882972 290
1780528210146 0.30410977025963076 291
1780528210147 0.3153704165992496 292
1780528210149 0.3899118805936047 293
1780528210151 0.3776980085132259 294
1780528210152 0.3798800009716669 295
1780528210154 0.3109960883264554 296
1780528210155 0.3187488234811818 297
1780528210157 0.377658505512968 298
