1780243467287 0.0 0
1780243467289 0.06999999999999999 1
1780243467291 0.215 2
1780243467292 0.45999999999999996 3
1780243467294 0.5249999999999999 4
1780243467296 0.65 5
1780243467297 0.665 6
1780243467299 0.6250000000000001 7
1780243467301 0.6599999999999999 8
1780243467302 0.74 9
1780243467304 0.7849999999999999 10
1780243467306 0.76 11
1780243467307 0.8 12
1780243467309 0.7999999999999999 13
1780243467311 0.86 14
1780243467312 0.8049999999999999 15
1780243467314 0.8400000000000001 16
1780243467315 0.85 17
1780243467317 0.8450000000000001 18
1780243467319 0.8699999999999999 19
1780243467320 0.85 20
1780243467322 0.8550000000000001 21
1780243467324 0.875 22
1780243467325 0.885 23
1780243467327 0.8950000000000001 24
1780243467329 0.9099999999999999 25
1780243467330 0.9 26
1780243467332 0.8899999999999999 27
1780243467334 0.8699999999999999 28
1780243467335 0.9049999999999999 29
1780243467337 0.9349999999999999 30
1780243467338 0.9149999999999998 31
1780243467340 0.9149999999999998 32
1780243467342 0.9099999999999999 33
1780243467343 0.905 34
1780243467345 0.8699999999999999 35
1780243467347 0.9200000000000002 36
1780243467348 0.9199999999999999 37
1780243467350 0.915 38
1780243467352 0.9099999999999999 39
1780243467353 0.875 40
1780243467355 0.8850000000000001 41
1780243467357 0.925 42
1780243467358 0.9349999999999999 43
1780243467360 0.8950000000000001 44
1780243467362 0.9049999999999999 45
1780243467363 0.905 46
1780243467365 0.9 47
1780243467367 0.9 48
1780243467368 0.8799999999999999 49
1780243467370 0.9399999999999998 50
1780243467372 0.8949999999999999 51
1780243467374 0.8899999999999999 52
1780243467375 0.9299999999999999 53
1780243467377 0.9400000000000001 54
1780243467379 0.885 55
1780243467380 0.9199999999999999 56
1780243467382 0.89 57
1780243467384 0.905 58
1780243467385 0.9299999999999999 59
1780243467387 0.9400000000000001 60
1780243467389 0.915 61
1780243467390 0.9299999999999999 62
1780243467392 0.9049999999999999 63
1780243467393 0.925 64
1780243467395 0.925 65
1780243467397 0.905 66
1780243467398 0.9249999999999998 67
1780243467400 0.925 68
1780243467402 0.945 69
1780243467403 0.945 70
1780243467405 0.9450000000000001 71
1780243467407 0.925 72
1780243467408 0.9299999999999999 73
1780243467410 0.95 74
1780243467412 0.905 75
1780243467413 0.925 76
1780243467415 0.9199999999999999 77
1780243467417 0.905 78
1780243467418 0.9400000000000001 79
1780243467420 0.9399999999999998 80
1780243467422 0.925 81
1780243467423 0.925 82
1780243467425 0.95 83
1780243467426 0.9199999999999999 84
1780243467428 0.9149999999999998 85
1780243467430 0.9349999999999999 86
1780243467431 0.915 87
1780243467433 0.95 88
1780243467435 0.945 89
1780243467436 0.925 90
1780243467438 0.9550000000000001 91
1780243467440 0.9099999999999999 92
1780243467441 0.8800000000000001 93
1780243467443 0.925 94
1780243467445 0.925 95
1780243467446 0.925 96
1780243467448 0.9049999999999999 97
1780243467450 0.9199999999999999 98
1780243467451 0.945 99
1780243467453 0.9249999999999998 100
1780243467454 0.8949999999999999 101
1780243467456 0.9099999999999999 102
1780243467458 0.8949999999999999 103
1780243467459 0.9199999999999999 104
1780243467461 0.925 105
1780243467463 0.9549999999999998 106
1780243467464 0.9200000000000002 107
1780243467466 0.9349999999999999 108
1780243467468 0.9400000000000001 109
1780243467469 0.9499999999999998 110
1780243467471 0.9199999999999999 111
1780243467473 0.9299999999999999 112
1780243467474 0.9399999999999998 113
1780243467476 0.925 114
1780243467478 0.93 115
1780243467479 0.975 116
1780243467481 0.96 117
1780243467483 0.915 118
1780243467484 0.9149999999999998 119
1780243467486 0.96 120
1780243467488 0.945 121
1780243467489 0.9349999999999999 122
1780243467491 0.9399999999999998 123
1780243467493 0.9400000000000001 124
1780243467494 0.9599999999999997 125
1780243467496 0.9349999999999999 126
1780243467498 0.945 127
1780243467499 0.9200000000000002 128
1780243467501 0.9099999999999999 129
1780243467502 0.885 130
1780243467504 0.9649999999999999 131
1780243467506 0.9100000000000001 132
1780243467507 0.9200000000000002 133
1780243467509 0.97 134
1780243467511 0.9599999999999997 135
1780243467512 0.925 136
1780243467514 0.9549999999999998 137
1780243467516 0.9350000000000002 138
1780243467518 0.9349999999999999 139
1780243467519 0.9199999999999999 140
1780243467521 0.945 141
1780243467523 0.93 142
1780243467524 0.96 143
1780243467526 0.9550000000000001 144
1780243467527 0.95 145
1780243467529 0.9549999999999998 146
1780243467531 0.9549999999999998 147
1780243467532 0.945 148
1780243467534 0.9 149
1780243467536 0.95 150
1780243467537 0.9299999999999999 151
1780243467539 0.96 152
1780243467541 0.9549999999999998 153
1780243467542 0.95 154
1780243467544 0.9450000000000001 155
1780243467546 0.9549999999999998 156
1780243467547 0.9049999999999999 157
1780243467549 0.9400000000000001 158
1780243467551 0.9399999999999998 159
1780243467552 0.95 160
1780243467554 0.9149999999999998 161
1780243467556 0.9249999999999998 162
1780243467557 0.945 163
1780243467559 0.9 164
1780243467561 0.9149999999999998 165
1780243467562 0.9199999999999999 166
1780243467564 0.885 167
1780243467566 0.77 168
1780243467567 0.8499999999999999 169
1780243467569 0.8699999999999999 170
1780243467570 0.945 171
1780243467572 0.8850000000000001 172
1780243467574 0.9099999999999999 173
1780243467575 0.9099999999999999 174
1780243467577 0.86 175
1780243467579 0.915 176
1780243467580 0.885 177
1780243467582 0.915 178
1780243467584 0.9200000000000002 179
1780243467585 0.9100000000000001 180
1780243467587 0.945 181
1780243467589 0.885 182
1780243467590 0.885 183
1780243467592 0.8099999999999999 184
1780243467594 0.875 185
1780243467595 0.905 186
1780243467597 0.9099999999999999 187
1780243467599 0.9100000000000001 188
1780243467600 0.8049999999999999 189
1780243467602 0.9 190
1780243467604 0.905 191
1780243467605 0.925 192
1780243467607 0.8899999999999999 193
1780243467609 0.76 194
1780243467610 0.8800000000000001 195
1780243467612 0.8700000000000001 196
1780243467614 0.8799999999999999 197
1780243467615 0.875 198
1780243467617 0.8700000000000001 199
1780243467618 0.925 200
1780243467620 0.9299999999999999 201
1780243467622 0.8800000000000001 202
1780243467623 0.8400000000000001 203
1780243467625 0.9100000000000001 204
1780243467627 0.9049999999999999 205
1780243467628 0.8099999999999999 206
1780243467630 0.9 207
1780243467632 0.885 208
1780243467633 0.875 209
1780243467635 0.8799999999999999 210
1780243467637 0.9199999999999999 211
1780243467638 0.9200000000000002 212
1780243467640 0.85 213
1780243467642 0.9 214
1780243467643 0.9349999999999999 215
1780243467645 0.9400000000000001 216
1780243467647 0.96 217
1780243467648 0.89 218
1780243467650 0.9199999999999999 219
1780243467652 0.9 220
1780243467653 0.8649999999999999 221
1780243467655 0.9099999999999999 222
1780243467657 0.8850000000000001 223
1780243467658 0.885 224
1780243467660 0.8800000000000001 225
1780243467662 0.925 226
1780243467663 0.89 227
1780243467665 0.9099999999999999 228
1780243467667 0.8950000000000001 229
1780243467668 0.915 230
1780243467670 0.9 231
1780243467672 0.875 232
1780243467673 0.8800000000000001 233
1780243467675 0.86 234
1780243467677 0.8999999999999998 235
1780243467678 0.8800000000000001 236
1780243467680 0.945 237
1780243467682 0.9099999999999999 238
1780243467683 0.86 239
1780243467685 0.9149999999999998 240
1780243467686 0.9299999999999999 241
1780243467688 0.8999999999999998 242
1780243467690 0.9099999999999999 243
1780243467691 0.875 244
1780243467693 0.9399999999999998 245
1780243467695 0.9099999999999999 246
1780243467696 0.925 247
1780243467698 0.875 248
1780243467700 0.9049999999999999 249
1780243467701 0.9199999999999999 250
1780243467703 0.915 251
1780243467705 0.86 252
1780243467706 0.9200000000000002 253
1780243467708 0.8800000000000001 254
1780243467710 0.8699999999999999 255
1780243467711 0.8800000000000001 256
1780243467713 0.89 257
1780243467715 0.915 258
1780243467716 0.885 259
1780243467718 0.9 260
1780243467720 0.9199999999999999 261
1780243467721 0.875 262
1780243467723 0.93 263
1780243467725 0.8850000000000001 264
1780243467726 0.89 265
1780243467728 0.8950000000000001 266
1780243467729 0.8899999999999999 267
1780243467731 0.925 268
1780243467733 0.905 269
1780243467734 0.985 270
1780243467736 0.9249999999999998 271
1780243467738 0.9200000000000002 272
1780243467739 0.925 273
1780243467741 0.9149999999999998 274
1780243467743 0.9200000000000002 275
1780243467744 0.925 276
1780243467746 0.9349999999999999 277
1780243467748 0.9499999999999998 278
1780243467749 0.9550000000000001 279
1780243467751 0.925 280
1780243467753 0.95 281
1780243467754 0.9099999999999999 282
1780243467756 0.89 283
1780243467758 0.9 284
1780243467759 0.9049999999999999 285
1780243467761 0.9349999999999999 286
1780243467763 0.9349999999999999 287
1780243467764 0.9099999999999999 288
1780243467766 0.905 289
1780243467768 0.945 290
1780243467769 0.9099999999999999 291
1780243467771 0.9049999999999999 292
1780243467773 0.9099999999999999 293
1780243467774 0.8700000000000001 294
1780243467776 0.9349999999999999 295
1780243467778 0.9450000000000001 296
1780243467779 0.9349999999999999 297
1780243467781 0.9250000000000002 298
1780243467783 0.9200000000000002 299
1780243467784 0.875 300
1780243467786 0.795 301
1780243467788 0.95 302
1780243467789 0.945 303
1780243467791 0.9400000000000001 304
1780243467793 0.9 305
1780243467794 0.8749999999999998 306
1780243467796 0.9 307
1780243467798 0.9649999999999999 308
1780243467799 0.9199999999999999 309
1780243467801 0.915 310
1780243467803 0.9349999999999999 311
1780243467804 0.9349999999999999 312
1780243467806 0.9400000000000001 313
