1780114094207 0.0 0
1780114094209 0.10500000000000001 1
1780114094211 0.31999999999999995 2
1780114094213 0.46499999999999997 3
1780114094215 0.57 4
1780114094216 0.645 5
1780114094218 0.3350000000000001 6
1780114094220 0.765 7
1780114094222 0.7399999999999999 8
1780114094224 0.5900000000000001 9
1780114094226 0.8299999999999998 10
1780114094228 0.65 11
1780114094230 0.79 12
1780114094232 0.8399999999999999 13
1780114094233 0.9 14
1780114094235 0.805 15
1780114094237 0.885 16
1780114094239 0.9099999999999999 17
1780114094241 0.875 18
1780114094243 0.85 19
1780114094244 0.825 20
1780114094246 0.8799999999999999 21
1780114094248 0.9099999999999999 22
1780114094250 0.89 23
1780114094252 0.8400000000000001 24
1780114094254 0.9299999999999999 25
1780114094256 0.915 26
1780114094258 0.8699999999999999 27
1780114094259 0.8699999999999999 28
1780114094261 0.7 29
1780114094263 0.89 30
1780114094265 0.8949999999999999 31
1780114094267 0.875 32
1780114094269 0.85 33
1780114094271 0.42000000000000004 34
1780114094273 0.805 35
1780114094274 0.925 36
1780114094276 0.9200000000000002 37
1780114094278 0.925 38
1780114094280 0.9399999999999998 39
1780114094282 0.9099999999999999 40
1780114094284 0.885 41
1780114094285 0.915 42
1780114094287 0.835 43
1780114094289 0.9349999999999999 44
1780114094291 0.8850000000000001 45
1780114094293 0.9200000000000002 46
1780114094295 0.89 47
1780114094296 0.8899999999999999 48
1780114094298 0.9099999999999999 49
1780114094300 0.925 50
1780114094302 0.86 51
1780114094304 0.925 52
1780114094306 0.9 53
1780114094307 0.885 54
1780114094309 0.8899999999999999 55
1780114094311 0.93 56
1780114094314 0.8950000000000001 57
1780114094315 0.875 58
1780114094317 0.6900000000000001 59
1780114094319 0.86 60
1780114094321 0.905 61
1780114094323 0.89 62
1780114094325 0.93 63
1780114094327 0.8949999999999999 64
1780114094328 0.845 65
1780114094330 0.7899999999999999 66
1780114094332 0.875 67
1780114094334 0.85 68
1780114094336 0.7449999999999999 69
1780114094338 0.82 70
1780114094339 0.915 71
1780114094341 0.86 72
1780114094343 0.8899999999999999 73
1780114094345 0.795 74
1780114094347 0.9349999999999999 75
1780114094349 0.95 76
1780114094351 0.9299999999999999 77
1780114094353 0.89 78
1780114094354 0.9200000000000002 79
1780114094356 0.8899999999999999 80
1780114094358 0.755 81
1780114094360 0.7200000000000001 82
1780114094362 0.8799999999999999 83
1780114094363 0.925 84
1780114094365 0.8400000000000001 85
1780114094367 0.8400000000000001 86
1780114094369 0.9099999999999999 87
1780114094371 0.8949999999999999 88
1780114094373 0.9400000000000001 89
1780114094374 0.8099999999999999 90
1780114094376 0.9 91
1780114094378 0.925 92
1780114094380 0.86 93
1780114094382 0.8049999999999999 94
1780114094383 0.8400000000000001 95
1780114094385 0.9049999999999999 96
1780114094387 0.86 97
1780114094389 0.915 98
1780114094391 0.85 99
1780114094393 0.925 100
1780114094394 0.915 101
1780114094396 0.86 102
1780114094398 0.755 103
1780114094400 0.915 104
1780114094402 0.9299999999999999 105
1780114094403 0.93 106
1780114094405 0.925 107
1780114094407 0.8099999999999999 108
1780114094409 0.825 109
1780114094411 0.925 110
1780114094412 0.9399999999999998 111
1780114094414 0.8949999999999999 112
1780114094416 0.875 113
1780114094418 0.925 114
1780114094420 0.95 115
1780114094422 0.945 116
1780114094423 0.9100000000000001 117
1780114094425 0.9099999999999999 118
1780114094427 0.8299999999999998 119
1780114094429 0.9549999999999998 120
1780114094431 0.9249999999999998 121
1780114094432 0.93 122
1780114094434 0.9 123
1780114094436 0.915 124
1780114094438 0.9400000000000001 125
1780114094440 0.8200000000000001 126
1780114094441 0.9149999999999998 127
1780114094443 0.8949999999999999 128
1780114094445 0.9 129
1780114094447 0.8949999999999999 130
1780114094449 0.8899999999999999 131
1780114094450 0.9199999999999999 132
1780114094452 0.915 133
1780114094454 0.9350000000000002 134
1780114094456 0.95 135
1780114094458 0.95 136
1780114094460 0.9649999999999999 137
1780114094461 0.9450000000000001 138
1780114094463 0.9 139
1780114094465 0.71 140
1780114094467 0.9399999999999998 141
1780114094469 0.8200000000000001 142
1780114094470 0.9349999999999999 143
1780114094472 0.86 144
1780114094474 0.8100000000000002 145
1780114094476 0.9 146
1780114094478 0.93 147
1780114094479 0.945 148
1780114094481 0.925 149
1780114094483 0.8550000000000001 150
1780114094485 0.95 151
1780114094487 0.9549999999999998 152
1780114094488 0.835 153
1780114094490 0.7 154
1780114094492 0.9400000000000001 155
1780114094494 0.9099999999999999 156
1780114094496 0.885 157
1780114094497 0.9650000000000001 158
1780114094499 0.97 159
1780114094501 0.9700000000000001 160
1780114094503 0.9550000000000001 161
1780114094505 0.95 162
1780114094506 0.9649999999999999 163
1780114094508 0.9450000000000001 164
1780114094510 0.885 165
1780114094512 0.96 166
1780114094514 0.9600000000000002 167
1780114094515 0.97 168
1780114094517 0.9099999999999998 169
1780114094519 0.9399999999999998 170
1780114094521 0.96 171
1780114094523 0.96 172
1780114094525 0.9800000000000001 173
1780114094526 0.95 174
1780114094528 0.945 175
1780114094530 0.9399999999999998 176
1780114094532 0.99 177
1780114094534 0.96 178
1780114094535 0.945 179
1780114094537 0.975 180
1780114094539 0.95 181
1780114094541 0.9549999999999998 182
1780114094543 0.9199999999999999 183
1780114094545 0.9650000000000001 184
1780114094546 0.9749999999999999 185
1780114094548 0.9799999999999999 186
1780114094550 0.945 187
1780114094552 0.96 188
1780114094554 0.97 189
1780114094555 0.9649999999999999 190
1780114094557 0.9650000000000001 191
1780114094559 0.9649999999999999 192
1780114094561 0.9700000000000001 193
1780114094563 0.9800000000000001 194
1780114094564 0.96 195
1780114094566 0.9800000000000001 196
1780114094568 0.9299999999999999 197
1780114094570 0.975 198
1780114094572 0.95 199
1780114094573 0.875 200
1780114094575 0.9550000000000001 201
1780114094577 0.975 202
1780114094579 0.9400000000000001 203
1780114094581 0.95 204
1780114094582 0.9649999999999999 205
1780114094584 0.9599999999999997 206
1780114094586 0.96 207
1780114094588 0.8850000000000001 208
1780114094590 0.985 209
1780114094592 0.9549999999999998 210
1780114094593 0.97 211
1780114094595 0.9599999999999997 212
1780114094597 0.95 213
1780114094599 0.975 214
1780114094601 0.97 215
1780114094602 0.9549999999999998 216
1780114094604 0.975 217
1780114094606 0.97 218
1780114094608 0.9550000000000001 219
1780114094610 0.9549999999999998 220
1780114094611 0.9949999999999999 221
1780114094613 0.96 222
1780114094615 0.96 223
1780114094617 0.945 224
1780114094619 0.9799999999999999 225
1780114094620 0.9949999999999999 226
1780114094622 0.925 227
1780114094624 0.97 228
1780114094626 0.96 229
1780114094628 0.9650000000000001 230
1780114094629 0.95 231
1780114094631 0.9650000000000001 232
1780114094633 0.96 233
1780114094635 0.9499999999999998 234
1780114094637 0.9 235
1780114094638 0.96 236
1780114094640 0.9800000000000001 237
1780114094642 0.985 238
1780114094644 0.985 239
1780114094645 0.9799999999999999 240
1780114094647 0.9650000000000001 241
1780114094649 0.9649999999999999 242
1780114094651 0.975 243
1780114094653 0.9600000000000002 244
1780114094655 0.945 245
1780114094656 0.9550000000000001 246
1780114094658 0.97 247
1780114094660 0.9650000000000001 248
1780114094662 0.9650000000000001 249
1780114094664 0.97 250
1780114094665 0.985 251
1780114094667 0.95 252
1780114094669 0.97 253
1780114094671 0.96 254
1780114094673 0.9799999999999999 255
1780114094674 0.9700000000000001 256
1780114094676 0.97 257
1780114094688 0.97 258
1780114094690 0.9199999999999999 259
1780114094692 0.9349999999999998 260
1780114094693 0.885 261
1780114094695 0.945 262
1780114094697 0.9799999999999999 263
1780114094699 0.96 264
1780114094701 0.975 265
1780114094702 0.9550000000000001 266
1780114094704 0.985 267
1780114094706 0.9549999999999998 268
1780114094708 0.9650000000000001 269
1780114094710 0.9349999999999998 270
1780114094712 0.9749999999999999 271
1780114094714 0.97 272
1780114094716 0.9649999999999999 273
1780114094717 0.9650000000000001 274
1780114094719 0.985 275
1780114094721 0.975 276
1780114094723 0.915 277
1780114094725 0.975 278
1780114094727 0.9650000000000001 279
1780114094728 0.985 280
1780114094730 0.99 281
1780114094732 0.97 282
1780114094734 0.9599999999999997 283
1780114094736 0.9399999999999998 284
1780114094738 0.975 285
1780114094739 0.9949999999999999 286
1780114094741 0.945 287
1780114094743 0.8699999999999999 288
1780114094745 0.97 289
1780114094747 0.8499999999999999 290
1780114094748 0.93 291
1780114094750 0.9649999999999999 292
1780114094752 0.95 293
1780114094754 0.95 294
1780114094756 0.975 295
1780114094758 0.9399999999999998 296
1780114094760 0.9800000000000001 297
1780114094761 0.97 298
1780114094763 0.9650000000000001 299
1780114094765 0.95 300
1780114094767 0.9450000000000001 301
1780114094769 0.9650000000000001 302
1780114094771 0.97 303
1780114094772 0.99 304
1780114094774 0.9800000000000001 305
1780114094776 0.99 306
1780114094778 0.975 307
1780114094780 0.975 308
1780114094781 0.97 309
1780114094783 0.96 310
1780114094785 0.95 311
1780114094787 0.9499999999999998 312
1780114094789 0.97 313
