1780142592490 0.0 0
1780142592493 0.135 1
1780142592496 0.29000000000000004 2
1780142592499 0.325 3
1780142592501 0.365 4
1780142592504 0.42000000000000004 5
1780142592507 0.6 6
1780142592510 0.65 7
1780142592512 0.58 8
1780142592515 0.795 9
1780142592518 0.7649999999999999 10
1780142592521 0.7300000000000001 11
1780142592523 0.6100000000000001 12
1780142592526 0.78 13
1780142592529 0.885 14
1780142592532 0.805 15
1780142592535 0.8300000000000001 16
1780142592537 0.825 17
1780142592540 0.875 18
1780142592543 0.8300000000000001 19
1780142592546 0.8400000000000001 20
1780142592548 0.85 21
1780142592551 0.85 22
1780142592554 0.9099999999999999 23
1780142592557 0.925 24
1780142592559 0.9049999999999999 25
1780142592562 0.905 26
1780142592565 0.79 27
1780142592568 0.8300000000000001 28
1780142592570 0.8300000000000001 29
1780142592573 0.8799999999999999 30
1780142592576 0.905 31
1780142592579 0.885 32
1780142592582 0.885 33
1780142592584 0.8 34
1780142592587 0.6599999999999999 35
1780142592590 0.925 36
1780142592593 0.8949999999999999 37
1780142592596 0.8699999999999999 38
1780142592598 0.945 39
1780142592601 0.885 40
1780142592604 0.8299999999999998 41
1780142592607 0.7899999999999999 42
1780142592609 0.86 43
1780142592612 0.89 44
1780142592615 0.85 45
1780142592618 0.5900000000000001 46
1780142592621 0.875 47
1780142592623 0.8300000000000001 48
1780142592626 0.875 49
1780142592629 0.7350000000000001 50
1780142592632 0.8699999999999999 51
1780142592634 0.89 52
1780142592637 0.93 53
1780142592640 0.835 54
1780142592643 0.825 55
1780142592646 0.9099999999999999 56
1780142592648 0.8149999999999998 57
1780142592651 0.9 58
1780142592654 0.9149999999999998 59
1780142592657 0.86 60
1780142592659 0.875 61
1780142592662 0.8400000000000001 62
1780142592665 0.865 63
1780142592668 0.7949999999999999 64
1780142592670 0.8700000000000001 65
1780142592673 0.9349999999999999 66
1780142592676 0.9149999999999998 67
1780142592679 0.8899999999999999 68
1780142592682 0.9199999999999999 69
1780142592684 0.9299999999999999 70
1780142592687 0.795 71
1780142592690 0.8699999999999999 72
1780142592693 0.845 73
1780142592696 0.905 74
1780142592698 0.85 75
1780142592701 0.9049999999999999 76
1780142592704 0.9199999999999999 77
1780142592707 0.93 78
1780142592709 0.9749999999999999 79
1780142592712 0.9099999999999999 80
1780142592715 0.905 81
1780142592718 0.9299999999999999 82
1780142592720 0.9299999999999999 83
1780142592723 0.925 84
1780142592726 0.9 85
1780142592729 0.9099999999999999 86
1780142592732 0.905 87
1780142592734 0.8800000000000001 88
1780142592737 0.9199999999999999 89
1780142592740 0.915 90
1780142592743 0.9299999999999999 91
1780142592745 0.8399999999999999 92
1780142592748 0.86 93
1780142592751 0.915 94
1780142592754 0.925 95
1780142592756 0.845 96
1780142592759 0.8799999999999999 97
1780142592762 0.89 98
1780142592765 0.8799999999999999 99
1780142592767 0.93 100
1780142592770 0.9149999999999998 101
1780142592773 0.9149999999999998 102
1780142592776 0.865 103
1780142592778 0.8400000000000001 104
1780142592781 0.9299999999999999 105
1780142592784 0.95 106
1780142592786 0.8799999999999999 107
1780142592789 0.9099999999999999 108
1780142592792 0.8400000000000001 109
1780142592795 0.885 110
1780142592797 0.8949999999999999 111
1780142592800 0.885 112
1780142592803 0.9 113
1780142592806 0.945 114
1780142592808 0.89 115
1780142592811 0.95 116
1780142592814 0.9349999999999999 117
1780142592816 0.915 118
1780142592819 0.7999999999999999 119
1780142592822 0.9349999999999999 120
1780142592825 0.9099999999999999 121
1780142592827 0.8800000000000001 122
1780142592830 0.9200000000000002 123
1780142592833 0.95 124
1780142592836 0.9549999999999998 125
1780142592838 0.9099999999999999 126
1780142592841 0.945 127
1780142592844 0.9400000000000001 128
1780142592847 0.7649999999999999 129
1780142592849 0.8550000000000001 130
1780142592852 0.9550000000000001 131
1780142592855 0.9200000000000002 132
1780142592858 0.65 133
1780142592860 0.9599999999999997 134
1780142592863 0.9349999999999998 135
1780142592866 0.905 136
1780142592869 0.9649999999999999 137
1780142592871 0.945 138
1780142592874 0.9349999999999999 139
1780142592877 0.8699999999999999 140
1780142592879 0.9349999999999999 141
1780142592882 0.9249999999999998 142
1780142592885 0.95 143
1780142592888 0.9349999999999999 144
1780142592890 0.9349999999999999 145
1780142592893 0.9299999999999999 146
1780142592896 0.95 147
1780142592898 0.905 148
1780142592901 0.8800000000000001 149
1780142592904 0.9099999999999998 150
1780142592907 0.945 151
1780142592909 0.9349999999999999 152
1780142592912 0.95 153
1780142592915 0.89 154
1780142592918 0.865 155
1780142592920 0.925 156
1780142592923 0.8949999999999999 157
1780142592926 0.9550000000000001 158
1780142592929 0.9799999999999999 159
1780142592931 0.9700000000000001 160
1780142592934 0.9650000000000001 161
1780142592937 0.9549999999999998 162
1780142592939 0.9549999999999998 163
1780142592942 0.945 164
1780142592945 0.945 165
1780142592948 0.9349999999999999 166
1780142592950 0.96 167
1780142592953 0.9199999999999999 168
1780142592956 0.9650000000000001 169
1780142592959 0.9399999999999998 170
1780142592961 0.9349999999999999 171
1780142592964 0.9599999999999997 172
1780142592967 0.975 173
1780142592970 0.9550000000000001 174
1780142592972 0.9550000000000001 175
1780142592975 0.9299999999999999 176
1780142592978 0.975 177
1780142592981 0.95 178
1780142592983 0.975 179
1780142592986 0.9600000000000002 180
1780142592989 0.925 181
1780142592996 0.9549999999999998 182
1780142593003 0.9399999999999998 183
1780142593005 0.9399999999999998 184
1780142593008 0.97 185
1780142593011 0.9650000000000001 186
1780142593014 0.9399999999999998 187
1780142593016 0.9550000000000001 188
1780142593019 0.985 189
1780142593022 0.9599999999999997 190
1780142593025 0.9550000000000001 191
1780142593027 0.9549999999999998 192
1780142593030 0.9800000000000001 193
1780142593033 0.9299999999999999 194
1780142593036 0.97 195
1780142593038 0.95 196
1780142593041 0.985 197
1780142593044 0.9650000000000001 198
1780142593047 0.95 199
1780142593049 0.975 200
1780142593052 0.925 201
1780142593055 0.9450000000000001 202
1780142593058 0.945 203
1780142593060 0.9650000000000001 204
1780142593063 0.96 205
1780142593066 0.9400000000000001 206
1780142593069 0.9650000000000001 207
1780142593071 0.96 208
1780142593074 0.9799999999999999 209
1780142593077 0.9199999999999999 210
1780142593079 0.975 211
1780142593082 0.975 212
1780142593085 0.9299999999999999 213
1780142593088 0.9550000000000001 214
1780142593090 0.9400000000000001 215
1780142593093 0.9650000000000001 216
1780142593096 0.985 217
1780142593098 0.9400000000000001 218
1780142593101 0.97 219
1780142593104 0.9650000000000001 220
1780142593107 0.97 221
1780142593109 0.9549999999999998 222
1780142593112 0.95 223
1780142593115 0.95 224
1780142593118 0.93 225
1780142593120 0.975 226
1780142593123 0.97 227
1780142593126 0.945 228
1780142593128 0.8950000000000001 229
1780142593131 0.915 230
1780142593134 0.9299999999999999 231
1780142593137 0.9650000000000001 232
1780142593139 0.9349999999999999 233
1780142593142 0.95 234
1780142593145 0.9450000000000001 235
1780142593147 0.9550000000000001 236
1780142593150 0.96 237
1780142593153 0.9800000000000001 238
1780142593156 0.9650000000000001 239
1780142593158 0.9650000000000001 240
1780142593161 0.96 241
1780142593164 0.96 242
1780142593167 0.9149999999999998 243
1780142593169 0.9649999999999999 244
1780142593177 0.9650000000000001 245
1780142593180 0.795 246
1780142593182 0.97 247
1780142593185 0.9549999999999998 248
1780142593188 0.9 249
1780142593191 0.9549999999999998 250
1780142593193 0.9649999999999999 251
1780142593196 0.96 252
1780142593199 0.9499999999999998 253
1780142593201 0.9550000000000001 254
1780142593204 0.97 255
1780142593207 0.9650000000000001 256
1780142593210 0.9249999999999998 257
1780142593213 0.9800000000000001 258
1780142593215 0.9649999999999999 259
1780142593218 0.8950000000000001 260
1780142593221 0.9400000000000001 261
1780142593224 0.93 262
1780142593227 0.9749999999999999 263
1780142593229 0.9499999999999998 264
1780142593232 0.975 265
1780142593235 0.9400000000000001 266
1780142593238 0.9749999999999999 267
1780142593240 0.9649999999999999 268
1780142593243 0.97 269
1780142593246 0.9799999999999999 270
1780142593249 0.9749999999999999 271
1780142593251 0.97 272
1780142593254 0.9549999999999998 273
1780142593257 0.925 274
1780142593260 0.975 275
1780142593262 0.96 276
1780142593265 0.95 277
1780142593268 0.99 278
1780142593271 0.96 279
1780142593273 0.97 280
1780142593276 0.9800000000000001 281
1780142593279 0.9949999999999999 282
1780142593282 0.97 283
1780142593284 0.95 284
1780142593287 0.89 285
1780142593290 0.97 286
1780142593293 0.9650000000000001 287
1780142593295 0.975 288
1780142593298 0.9649999999999999 289
1780142593301 0.9550000000000001 290
1780142593304 0.9349999999999999 291
1780142593306 0.9400000000000001 292
1780142593309 0.9400000000000001 293
1780142593312 0.97 294
1780142593315 0.9749999999999999 295
1780142593318 0.9550000000000001 296
1780142593321 0.9400000000000001 297
1780142593323 0.9649999999999999 298
1780142593326 0.93 299
1780142593329 0.945 300
1780142593332 0.9650000000000001 301
1780142593334 0.96 302
1780142593337 0.975 303
1780142593340 0.99 304
1780142593343 0.975 305
1780142593345 0.96 306
1780142593349 0.9499999999999998 307
1780142593352 0.985 308
1780142593354 0.97 309
1780142593357 0.9700000000000001 310
1780142593360 0.905 311
1780142593363 0.97 312
1780142593366 0.975 313
