1780134131608 0.0 0
1780134131612 0.1 1
1780134131615 0.175 2
1780134131617 0.195 3
1780134131620 0.31 4
1780134131623 0.33 5
1780134131625 0.465 6
1780134131628 0.45 7
1780134131630 0.45 8
1780134131633 0.4 9
1780134131635 0.48 10
1780134131638 0.455 11
1780134131640 0.48 12
1780134131643 0.455 13
1780134131646 0.48 14
1780134131648 0.5 15
1780134131651 0.535 16
1780134131653 0.54 17
1780134131656 0.52 18
1780134131658 0.5 19
1780134131661 0.53 20
1780134131663 0.53 21
1780134131666 0.565 22
1780134131668 0.545 23
1780134131671 0.51 24
1780134131673 0.57 25
1780134131676 0.6 26
1780134131678 0.505 27
1780134131681 0.475 28
1780134131683 0.565 29
1780134131686 0.585 30
1780134131689 0.585 31
1780134131691 0.51 32
1780134131693 0.65 33
1780134131696 0.555 34
1780134131698 0.535 35
1780134131701 0.58 36
1780134131703 0.635 37
1780134131706 0.575 38
1780134131709 0.605 39
1780134131711 0.635 40
1780134131714 0.63 41
1780134131716 0.575 42
1780134131719 0.595 43
1780134131721 0.64 44
1780134131724 0.58 45
1780134131726 0.615 46
1780134131729 0.58 47
1780134131731 0.61 48
1780134131733 0.65 49
1780134131736 0.63 50
1780134131738 0.66 51
1780134131741 0.67 52
1780134131743 0.655 53
1780134131746 0.655 54
1780134131748 0.65 55
1780134131751 0.67 56
1780134131753 0.635 57
1780134131756 0.66 58
1780134131758 0.645 59
1780134131761 0.62 60
1780134131764 0.67 61
1780134131766 0.635 62
1780134131769 0.69 63
1780134131771 0.655 64
1780134131774 0.655 65
1780134131776 0.65 66
1780134131779 0.64 67
1780134131781 0.715 68
1780134131784 0.675 69
1780134131786 0.675 70
1780134131788 0.665 71
1780134131791 0.67 72
1780134131793 0.665 73
1780134131796 0.655 74
1780134131799 0.69 75
1780134131801 0.715 76
1780134131804 0.66 77
1780134131806 0.675 78
1780134131809 0.7 79
1780134131811 0.67 80
1780134131814 0.705 81
1780134131816 0.665 82
1780134131819 0.75 83
1780134131821 0.725 84
1780134131824 0.76 85
1780134131826 0.715 86
1780134131829 0.755 87
1780134131831 0.675 88
1780134131834 0.72 89
1780134131836 0.74 90
1780134131839 0.705 91
1780134131841 0.69 92
1780134131844 0.72 93
1780134131846 0.695 94
1780134131849 0.67 95
1780134131851 0.72 96
1780134131854 0.715 97
1780134131856 0.74 98
1780134131859 0.745 99
1780134131861 0.665 100
1780134131864 0.725 101
1780134131866 0.755 102
1780134131869 0.67 103
1780134131871 0.8 104
1780134131874 0.71 105
1780134131876 0.74 106
1780134131879 0.72 107
1780134131881 0.765 108
1780134131884 0.765 109
1780134131886 0.75 110
1780134131889 0.79 111
1780134131891 0.71 112
1780134131894 0.74 113
1780134131896 0.755 114
1780134131899 0.77 115
1780134131901 0.745 116
1780134131904 0.77 117
1780134131906 0.74 118
1780134131909 0.715 119
1780134131912 0.8 120
1780134131914 0.74 121
1780134131917 0.78 122
1780134131919 0.765 123
1780134131922 0.78 124
1780134131924 0.725 125
1780134131927 0.815 126
1780134131929 0.76 127
1780134131931 0.765 128
1780134131934 0.775 129
1780134131936 0.785 130
1780134131939 0.755 131
1780134131941 0.795 132
1780134131944 0.745 133
1780134131947 0.795 134
1780134131949 0.8 135
1780134131952 0.755 136
1780134131954 0.805 137
1780134131957 0.765 138
1780134131959 0.735 139
1780134131962 0.79 140
1780134131964 0.79 141
1780134131966 0.78 142
1780134131969 0.845 143
1780134131971 0.825 144
1780134131974 0.775 145
1780134131976 0.745 146
1780134131979 0.82 147
1780134131981 0.81 148
1780134131984 0.795 149
1780134131986 0.8 150
1780134131989 0.785 151
1780134131991 0.79 152
1780134131994 0.835 153
1780134131996 0.76 154
1780134131999 0.78 155
1780134132001 0.805 156
1780134132004 0.79 157
1780134132006 0.815 158
1780134132009 0.815 159
1780134132011 0.83 160
1780134132014 0.86 161
1780134132016 0.865 162
1780134132019 0.835 163
1780134132021 0.835 164
1780134132024 0.85 165
1780134132027 0.85 166
1780134132029 0.865 167
1780134132032 0.85 168
1780134132034 0.815 169
1780134132037 0.88 170
1780134132039 0.845 171
1780134132042 0.81 172
1780134132044 0.87 173
1780134132047 0.875 174
1780134132049 0.88 175
1780134132052 0.845 176
1780134132054 0.88 177
1780134132057 0.85 178
1780134132059 0.885 179
1780134132062 0.87 180
1780134132064 0.88 181
1780134132067 0.855 182
1780134132069 0.83 183
1780134132072 0.86 184
1780134132074 0.915 185
1780134132077 0.89 186
1780134132079 0.84 187
1780134132082 0.885 188
1780134132084 0.84 189
1780134132087 0.845 190
1780134132089 0.905 191
1780134132092 0.89 192
1780134132094 0.88 193
1780134132097 0.875 194
1780134132100 0.86 195
1780134132102 0.88 196
1780134132105 0.825 197
1780134132107 0.875 198
1780134132110 0.875 199
1780134132112 0.83 200
1780134132115 0.905 201
1780134132117 0.91 202
1780134132120 0.885 203
1780134132122 0.91 204
1780134132125 0.85 205
1780134132127 0.9 206
1780134132130 0.93 207
1780134132132 0.89 208
1780134132135 0.89 209
1780134132137 0.91 210
1780134132140 0.915 211
1780134132142 0.88 212
1780134132145 0.875 213
1780134132147 0.91 214
1780134132150 0.905 215
1780134132152 0.9 216
1780134132155 0.895 217
1780134132157 0.865 218
1780134132160 0.86 219
1780134132163 0.905 220
1780134132165 0.905 221
1780134132167 0.9 222
1780134132170 0.915 223
1780134132172 0.915 224
1780134132175 0.885 225
1780134132177 0.86 226
1780134132180 0.875 227
1780134132182 0.905 228
1780134132185 0.865 229
1780134132187 0.9 230
1780134132190 0.915 231
1780134132192 0.87 232
1780134132195 0.9 233
1780134132197 0.87 234
1780134132200 0.885 235
1780134132203 0.84 236
1780134132205 0.905 237
1780134132208 0.875 238
1780134132210 0.9 239
1780134132213 0.905 240
1780134132215 0.91 241
1780134132218 0.905 242
1780134132220 0.9 243
1780134132223 0.915 244
1780134132225 0.915 245
1780134132228 0.855 246
1780134132231 0.885 247
1780134132233 0.935 248
1780134132236 0.91 249
1780134132238 0.9 250
1780134132241 0.915 251
1780134132243 0.89 252
1780134132246 0.9 253
1780134132248 0.895 254
1780134132251 0.9 255
1780134132253 0.93 256
1780134132256 0.88 257
1780134132258 0.905 258
1780134132261 0.935 259
1780134132263 0.86 260
1780134132266 0.895 261
1780134132268 0.9 262
1780134132271 0.89 263
1780134132273 0.875 264
1780134132275 0.91 265
1780134132278 0.93 266
1780134132280 0.905 267
1780134132283 0.905 268
1780134132285 0.885 269
1780134132288 0.835 270
1780134132290 0.89 271
1780134132293 0.895 272
1780134132295 0.93 273
1780134132298 0.895 274
1780134132300 0.885 275
1780134132303 0.915 276
1780134132305 0.915 277
1780134132308 0.89 278
1780134132310 0.925 279
1780134132313 0.9 280
1780134132315 0.93 281
1780134132318 0.905 282
1780134132320 0.915 283
1780134132323 0.915 284
1780134132325 0.92 285
1780134132328 0.915 286
1780134132330 0.925 287
1780134132333 0.9 288
1780134132335 0.94 289
1780134132338 0.9 290
1780134132340 0.89 291
1780134132343 0.9 292
1780134132345 0.91 293
1780134132348 0.88 294
1780134132350 0.89 295
1780134132353 0.92 296
1780134132355 0.92 297
1780134132358 0.905 298
1780134132360 0.9 299
1780134132363 0.93 300
1780134132365 0.95 301
1780134132368 0.905 302
1780134132370 0.915 303
1780134132373 0.92 304
1780134132375 0.91 305
1780134132378 0.93 306
1780134132380 0.9 307
1780134132383 0.905 308
1780134132385 0.895 309
1780134132388 0.89 310
1780134132390 0.9 311
1780134132393 0.925 312
1780134132395 0.935 313
