1780126669479 0.0 0
1780126669481 0.028136352116245666 1
1780126669484 0.3558613532882523 2
1780126669486 0.227737010345706 3
1780126669488 0.6072705476927613 4
1780126669490 0.6715827422335227 5
1780126669492 0.5812184532160146 6
1780126669494 0.7022064646348845 7
1780126669496 0.6958622508837378 8
1780126669499 0.8289397853606589 9
1780126669501 0.858710842003525 10
1780126669503 0.8587901446924004 11
1780126669505 0.8661356495517764 12
1780126669507 0.8641485005592239 13
1780126669509 0.8137698693152299 14
1780126669512 0.8620817933356634 15
1780126669514 0.9209597355008885 16
1780126669516 0.8709085494141586 17
1780126669518 0.8850289141752559 18
1780126669520 0.8398569124499806 19
1780126669522 0.9451318009712791 20
1780126669525 0.934972190701659 21
1780126669527 0.8932525690504018 22
1780126669529 0.934665768548952 23
1780126669531 0.91022473588584 24
1780126669533 0.8895127238150493 25
1780126669535 0.6626420494440584 26
1780126669538 0.7370824715255558 27
1780126669540 0.8589760014150258 28
1780126669542 0.9195109982016272 29
1780126669544 0.8350880502499856 30
1780126669546 0.8691375677492872 31
1780126669548 0.6658045890188748 32
1780126669551 0.8765995220167234 33
1780126669553 0.9065249565808353 34
1780126669555 0.8956342699989766 35
1780126669557 0.8993552737432786 36
1780126669559 0.9299029233496501 37
1780126669562 0.9296534808959802 38
1780126669564 0.9347952514691327 39
1780126669566 0.8963414274163648 40
1780126669568 0.9355650461362913 41
1780126669571 0.8428487549031672 42
1780126669573 0.9352765966180601 43
1780126669575 0.9401930558541599 44
1780126669577 0.9096747027042278 45
1780126669579 0.7744462826134094 46
1780126669581 0.8587854136105099 47
1780126669584 0.9253517243940266 48
1780126669586 0.9547645601675813 49
1780126669588 0.9096975731442998 50
1780126669590 0.920154082925525 51
1780126669592 0.8375768356490509 52
1780126669594 0.8090070199828355 53
1780126669596 0.9100168554340572 54
1780126669599 0.9189114807837905 55
1780126669601 0.9187316927730995 56
1780126669603 0.8229983668232984 57
1780126669605 0.8759682311464994 58
1780126669607 0.9339263947607979 59
1780126669609 0.8678718360599355 60
1780126669612 0.9350379259457686 61
1780126669614 0.7362373015825702 62
1780126669616 0.9356081294689229 63
1780126669618 0.9395505649677665 64
1780126669620 0.939932837460377 65
1780126669623 0.8247624679731838 66
1780126669625 0.8688076666400472 67
1780126669627 0.9502398756570771 68
1780126669629 0.9099030426937403 69
1780126669631 0.8770807605015973 70
1780126669633 0.9548066600505625 71
1780126669635 0.9231054183300655 72
1780126669638 0.9297908467228109 73
1780126669640 0.838184602441069 74
1780126669642 0.9650875076998311 75
1780126669644 0.8206337823257778 76
1780126669646 0.9362794045963596 77
1780126669648 0.9551026957637998 78
1780126669651 0.9369101913875433 79
1780126669653 0.9310882349714186 80
1780126669655 0.943998976194098 81
1780126669657 0.8724906302569974 82
1780126669659 0.9345720945720946 83
1780126669661 0.9499561756172797 84
1780126669663 0.9348091617411258 85
1780126669666 0.9302259677333564 86
1780126669668 0.732154546048962 87
1780126669670 0.9041584419106288 88
1780126669672 0.9394391824246153 89
1780126669674 0.7890808005046939 90
1780126669676 0.8818675158647828 91
1780126669679 0.9396720224576451 92
1780126669681 0.8314606403438238 93
1780126669683 0.9199898102337128 94
1780126669685 0.9395493429163609 95
1780126669687 0.8186481792379849 96
1780126669689 0.8940449274017952 97
1780126669692 0.9211096665013434 98
1780126669694 0.8798021751564159 99
1780126669696 0.9650875076998311 100
1780126669698 0.9446431026777027 101
1780126669700 0.9296104173960401 102
1780126669702 0.919912723710228 103
1780126669704 0.9090369743752662 104
1780126669707 0.9296101733893177 105
1780126669709 0.9327433801603984 106
1780126669711 0.9019255689208145 107
1780126669713 0.8984395203815501 108
1780126669715 0.8987367336524962 109
1780126669717 0.9496842621232865 110
1780126669720 0.9286337489519865 111
1780126669722 0.93526760744631 112
1780126669724 0.9345477436555741 113
1780126669726 0.9156469886702446 114
1780126669728 0.9429595703196851 115
1780126669730 0.8942110830346124 116
1780126669732 0.9503581011925043 117
1780126669735 0.8984386863383922 118
1780126669737 0.9042237452423967 119
1780126669739 0.939509999073542 120
1780126669741 0.9355259317775365 121
1780126669743 0.9596970851142868 122
1780126669745 0.9553287298922729 123
1780126669748 0.944375760201058 124
1780126669750 0.9209416392211075 125
1780126669752 0.9310366793262214 126
1780126669754 0.9403362704903142 127
1780126669756 0.9251094434021263 128
1780126669758 0.814415469909823 129
1780126669760 0.940127821116268 130
1780126669763 0.9080059820822663 131
1780126669765 0.7436037377875618 132
1780126669767 0.8670221824672764 133
1780126669769 0.9451331125015336 134
1780126669771 0.9496089818041037 135
1780126669773 0.9107641620126321 136
1780126669776 0.9133973650535403 137
1780126669778 0.8256630947962217 138
1780126669780 0.9321407732190787 139
1780126669782 0.9650937616085242 140
1780126669784 0.8996103867638569 141
1780126669786 0.940143651812458 142
1780126669789 0.8666474884937733 143
1780126669791 0.9253665620862102 144
1780126669793 0.9091354165038374 145
1780126669795 0.9115862122473162 146
1780126669797 0.9461981809807897 147
1780126669800 0.9453965201191818 148
1780126669802 0.8510462710992979 149
1780126669804 0.9499212383679649 150
1780126669806 0.8798965070017701 151
1780126669808 0.9750817004989021 152
1780126669810 0.9503046076730287 153
1780126669812 0.9347841790896393 154
1780126669815 0.9597122731782551 155
1780126669817 0.9546027278954108 156
1780126669819 0.915042527873917 157
1780126669821 0.959341788230047 158
1780126669824 0.949899512934113 159
1780126669826 0.909099942933403 160
1780126669828 0.9396560725122984 161
1780126669831 0.9063144624120234 162
1780126669833 0.9749906191369606 163
1780126669835 0.9599624295259724 164
1780126669837 0.974977617589941 165
1780126669839 0.9294883172739399 166
1780126669841 0.8911743379116489 167
1780126669843 0.9649534953706969 168
1780126669845 0.9596585271809918 169
1780126669848 0.974965556480319 170
1780126669850 0.9443405104380714 171
1780126669852 0.9504175153840796 172
1780126669854 0.9345091251670883 173
1780126669856 0.9170081145917438 174
1780126669858 0.939925007954533 175
1780126669860 0.9301079334509137 176
1780126669863 0.949927492276658 177
1780126669865 0.9541055421543227 178
1780126669867 0.9749686834346655 179
1780126669869 0.9849937460913072 180
1780126669871 0.9798525394160824 181
1780126669873 0.945322360218321 182
1780126669876 0.9534808718679445 183
1780126669878 0.9698503528991335 184
1780126669880 0.974965556480319 185
1780126669882 0.9478700240354374 186
1780126669884 0.9497245633496642 187
1780126669886 0.9226831475554574 188
1780126669888 0.9748306037137873 189
1780126669890 0.9544231121894793 190
1780126669893 0.9848556663704289 191
1780126669895 0.9699655564803189 192
1780126669897 0.9492672423160228 193
1780126669899 0.8022766310831411 194
1780126669901 0.9126250785300849 195
1780126669903 0.9542142346314362 196
1780126669906 0.9701996160390942 197
1780126669908 0.9649436207780239 198
1780126669910 0.9547473908307715 199
1780126669912 0.9550995688094532 200
1780126669914 0.9698624140087555 201
1780126669916 0.955312485625648 202
1780126669918 0.9458560028337335 203
1780126669921 0.9604126486205479 204
1780126669923 0.9798525394160823 205
1780126669925 0.8455267233123459 206
1780126669927 0.984865540963102 207
1780126669929 0.9799776175899412 208
1780126669931 0.9748494124617361 209
1780126669934 0.9752099056271073 210
1780126669936 0.8431262256988887 211
1780126669938 0.9849718103890119 212
1780126669940 0.9648086680114922 213
1780126669942 0.9649624295259726 214
1780126669944 0.9748525394160824 215
1780126669946 0.9698306037137872 216
1780126669949 0.9553014807186824 217
1780126669951 0.9899968730456535 218
1780126669953 0.9544101888004329 219
1780126669955 0.979971810389012 220
1780126669958 0.9849968730456535 221
1780126669960 0.9701897414464211 222
1780126669962 0.9509939269150479 223
1780126669964 0.9699718103890117 224
1780126669966 0.9698306037137874 225
1780126669968 0.944524693407877 226
1780126669971 0.9851067631555436 227
1780126669973 0.9801928684007676 228
1780126669975 0.970081700498902 229
1780126669977 0.940058444795287 230
1780126669979 0.9644668664039054 231
1780126669981 0.9503875859639063 232
1780126669983 0.9697977258952868 233
1780126669986 0.8953892003798755 234
1780126669988 0.96521978021978 235
1780126669990 0.9295110884677115 236
1780126669992 0.9544549224844475 237
1780126669994 0.9698066600505626 238
1780126669996 0.9699785580273386 239
1780126669998 0.9749686834346655 240
1780126670001 0.9452153332641139 241
1780126670003 0.9596627731287551 242
1780126670005 0.9749718103890117 243
1780126670007 0.9798655409631019 244
1780126670009 0.9799807445442876 245
1780126670011 0.9551366677348108 246
1780126670014 0.9849906191369605 247
1780126670016 0.9899937460913073 248
1780126670018 0.9801067631555437 249
1780126670020 0.9699843652282677 250
1780126670022 0.9168420708585933 251
1780126670024 0.9653296703296703 252
1780126670026 0.9593588254563864 253
1780126670029 0.9748624140087555 254
1780126670031 0.9751125703564728 255
1780126670033 0.9645992561140184 256
1780126670035 0.9197708140762744 257
1780126670037 0.9795716917668138 258
1780126670039 0.9014894830042455 259
1780126670042 0.8791280174885528 260
1780126670044 0.8724599011765815 261
1780126670046 0.9700250378157355 262
1780126670048 0.9553114181021158 263
1780126670050 0.9598838311405109 264
1780126670053 0.9899937460913073 265
1780126670055 0.9702255874207095 266
1780126670057 0.964680462883287 267
1780126670059 0.9649566223250433 268
1780126670061 0.9603166687826509 269
1780126670064 0.975189741446421 270
1780126670066 0.9654408382315358 271
1780126670068 0.9594012546451569 272
1780126670070 0.959286034271854 273
1780126670072 0.9691843522331327 274
1780126670074 0.9452310832798638 275
1780126670076 0.9649968730456535 276
1780126670078 0.928637030072883 277
1780126670081 0.9547190208165818 278
1780126670083 0.9899937460913071 279
1780126670085 0.9798624140087554 280
1780126670087 0.9851959953551142 281
1780126670090 0.9647342088805502 282
1780126670092 0.9851067631555436 283
1780126670094 0.9949968730456537 284
1780126670096 0.9600250378157356 285
1780126670098 0.9560268047335482 286
1780126670100 0.9698556663704287 287
1780126670103 0.9294074624562431 288
1780126670105 0.965065571997536 289
1780126670107 0.9648525394160824 290
1780126670109 0.9949968730456537 291
1780126670111 0.9546028767979987 292
1780126670113 0.8070117573175792 293
1780126670115 0.9550724685384505 294
1780126670118 0.9799874921826142 295
1780126670120 0.939895362090484 296
1780126670122 0.9599135820046648 297
1780126670124 0.9703796481652708 298
1780126670126 0.9508989797821634 299
1780126670128 0.9699744906355946 300
1780126670130 0.9799718103890118 301
1780126670133 0.9750848274532485 302
1780126670135 0.9651063164477799 303
1780126670137 0.9650933149007604 304
1780126670139 0.9393234414993081 305
1780126670141 0.8391710843330197 306
1780126670143 0.9506431947895363 307
1780126670145 0.9505195606786794 308
1780126670147 0.9540826660146301 309
1780126670150 0.9445804473660699 310
1780126670152 0.7335114134789121 311
1780126670154 0.984855666370429 312
1780126670156 0.9699566223250434 313
