1780120579261 0.0 0
1780120579263 0.095 1
1780120579266 0.22999999999999998 2
1780120579268 0.33499999999999996 3
1780120579270 0.595 4
1780120579272 0.575 5
1780120579274 0.505 6
1780120579276 0.385 7
1780120579278 0.42000000000000004 8
1780120579280 0.635 9
1780120579282 0.6799999999999999 10
1780120579284 0.5449999999999999 11
1780120579286 0.52 12
1780120579288 0.51 13
1780120579290 0.525 14
1780120579292 0.505 15
1780120579294 0.64 16
1780120579296 0.74 17
1780120579298 0.655 18
1780120579300 0.5650000000000001 19
1780120579302 0.77 20
1780120579304 0.535 21
1780120579306 0.7 22
1780120579308 0.8600000000000001 23
1780120579310 0.74 24
1780120579312 0.64 25
1780120579314 0.71 26
1780120579316 0.7650000000000001 27
1780120579318 0.72 28
1780120579320 0.515 29
1780120579322 0.8549999999999999 30
1780120579324 0.82 31
1780120579326 0.725 32
1780120579328 0.5549999999999999 33
1780120579330 0.72 34
1780120579332 0.755 35
1780120579334 0.6449999999999999 36
1780120579336 0.7899999999999999 37
1780120579338 0.77 38
1780120579340 0.7749999999999999 39
1780120579342 0.9 40
1780120579344 0.865 41
1780120579346 0.8099999999999999 42
1780120579349 0.695 43
1780120579351 0.9 44
1780120579353 0.72 45
1780120579355 0.845 46
1780120579357 0.8849999999999998 47
1780120579359 0.875 48
1780120579361 0.82 49
1780120579363 0.8949999999999999 50
1780120579365 0.805 51
1780120579367 0.875 52
1780120579369 0.8299999999999998 53
1780120579371 0.835 54
1780120579373 0.74 55
1780120579375 0.8949999999999999 56
1780120579377 0.735 57
1780120579379 0.705 58
1780120579381 0.8350000000000002 59
1780120579383 0.8699999999999999 60
1780120579385 0.7899999999999999 61
1780120579387 0.8699999999999999 62
1780120579389 0.8150000000000001 63
1780120579391 0.8149999999999998 64
1780120579393 0.79 65
1780120579395 0.8899999999999999 66
1780120579397 0.62 67
1780120579399 0.8450000000000001 68
1780120579401 0.85 69
1780120579403 0.6299999999999999 70
1780120579406 0.8899999999999999 71
1780120579408 0.9099999999999999 72
1780120579410 0.865 73
1780120579412 0.7849999999999999 74
1780120579414 0.89 75
1780120579416 0.915 76
1780120579418 0.9349999999999999 77
1780120579420 0.9200000000000002 78
1780120579422 0.9 79
1780120579424 0.8099999999999999 80
1780120579426 0.72 81
1780120579428 0.7700000000000001 82
1780120579430 0.9549999999999998 83
1780120579432 0.945 84
1780120579434 0.915 85
1780120579436 0.89 86
1780120579438 0.765 87
1780120579440 0.8150000000000001 88
1780120579442 0.9000000000000001 89
1780120579444 0.9149999999999998 90
1780120579446 0.85 91
1780120579448 0.75 92
1780120579450 0.8850000000000001 93
1780120579452 0.915 94
1780120579454 0.825 95
1780120579456 0.8550000000000001 96
1780120579458 0.8400000000000001 97
1780120579460 0.77 98
1780120579462 0.925 99
1780120579464 0.8549999999999999 100
1780120579466 0.93 101
1780120579468 0.8950000000000001 102
1780120579470 0.9349999999999998 103
1780120579472 0.9400000000000001 104
1780120579474 0.8950000000000001 105
1780120579476 0.785 106
1780120579478 0.6950000000000001 107
1780120579480 0.9500000000000002 108
1780120579482 0.9199999999999999 109
1780120579484 0.695 110
1780120579486 0.925 111
1780120579488 0.9200000000000002 112
1780120579490 0.8899999999999999 113
1780120579492 0.9049999999999999 114
1780120579494 0.8949999999999999 115
1780120579497 0.9400000000000001 116
1780120579499 0.9450000000000001 117
1780120579501 0.945 118
1780120579503 0.8 119
1780120579505 0.7899999999999999 120
1780120579507 0.865 121
1780120579509 0.9349999999999999 122
1780120579511 0.915 123
1780120579513 0.9199999999999999 124
1780120579515 0.9 125
1780120579517 0.8550000000000001 126
1780120579519 0.9399999999999998 127
1780120579521 0.915 128
1780120579523 0.8600000000000001 129
1780120579525 0.875 130
1780120579528 0.89 131
1780120579530 0.835 132
1780120579532 0.8450000000000001 133
1780120579534 0.885 134
1780120579536 0.9 135
1780120579538 0.8350000000000002 136
1780120579540 0.9299999999999999 137
1780120579542 0.905 138
1780120579544 0.5900000000000001 139
1780120579546 0.9400000000000001 140
1780120579548 0.7899999999999999 141
1780120579550 0.9099999999999999 142
1780120579552 0.9349999999999999 143
1780120579554 0.8300000000000001 144
1780120579556 0.93 145
1780120579558 0.905 146
1780120579560 0.9299999999999999 147
1780120579562 0.915 148
1780120579565 0.9199999999999999 149
1780120579567 0.9400000000000001 150
1780120579569 0.8949999999999999 151
1780120579571 0.8400000000000001 152
1780120579573 0.9349999999999999 153
1780120579575 0.845 154
1780120579577 0.945 155
1780120579579 0.9200000000000002 156
1780120579581 0.9349999999999999 157
1780120579583 0.95 158
1780120579585 0.8400000000000001 159
1780120579587 0.9400000000000001 160
1780120579589 0.95 161
1780120579591 0.97 162
1780120579593 0.945 163
1780120579595 0.915 164
1780120579597 0.9649999999999999 165
1780120579600 0.9549999999999998 166
1780120579602 0.86 167
1780120579604 0.9549999999999998 168
1780120579606 0.96 169
1780120579608 0.9650000000000001 170
1780120579610 0.925 171
1780120579612 0.825 172
1780120579614 0.95 173
1780120579616 0.985 174
1780120579618 0.96 175
1780120579620 0.9349999999999999 176
1780120579622 0.93 177
1780120579624 0.96 178
1780120579626 0.96 179
1780120579628 0.97 180
1780120579630 0.97 181
1780120579632 0.95 182
1780120579634 0.95 183
1780120579636 0.975 184
1780120579638 0.8999999999999998 185
1780120579640 0.925 186
1780120579642 0.9550000000000001 187
1780120579645 0.96 188
1780120579647 0.975 189
1780120579649 0.95 190
1780120579651 0.78 191
1780120579653 0.9550000000000001 192
1780120579655 0.9550000000000001 193
1780120579657 0.9650000000000001 194
1780120579659 0.9349999999999999 195
1780120579661 0.9649999999999999 196
1780120579663 0.945 197
1780120579665 0.925 198
1780120579677 0.89 199
1780120579679 0.875 200
1780120579681 0.9149999999999998 201
1780120579683 0.95 202
1780120579685 0.975 203
1780120579687 0.96 204
1780120579689 0.9649999999999999 205
1780120579691 0.975 206
1780120579693 0.9749999999999999 207
1780120579695 0.975 208
1780120579697 0.9299999999999999 209
1780120579699 0.975 210
1780120579701 0.9800000000000001 211
1780120579703 0.97 212
1780120579705 0.885 213
1780120579707 0.95 214
1780120579709 0.805 215
1780120579711 0.96 216
1780120579713 0.875 217
1780120579715 0.9299999999999999 218
1780120579717 0.97 219
1780120579719 0.925 220
1780120579721 0.9800000000000001 221
1780120579724 0.9549999999999998 222
1780120579726 0.95 223
1780120579728 0.96 224
1780120579730 0.9349999999999999 225
1780120579732 0.9450000000000001 226
1780120579734 0.97 227
1780120579736 0.975 228
1780120579738 0.9649999999999999 229
1780120579740 0.645 230
1780120579742 0.9700000000000001 231
1780120579744 0.945 232
1780120579746 0.95 233
1780120579748 0.945 234
1780120579750 0.9199999999999999 235
1780120579752 0.9550000000000001 236
1780120579754 0.9550000000000001 237
1780120579756 0.975 238
1780120579758 0.9550000000000001 239
1780120579760 0.97 240
1780120579762 0.9799999999999999 241
1780120579764 0.9800000000000001 242
1780120579766 0.8150000000000001 243
1780120579768 0.9800000000000001 244
1780120579770 0.985 245
1780120579772 0.9650000000000001 246
1780120579774 0.9649999999999999 247
1780120579776 0.985 248
1780120579778 0.9400000000000001 249
1780120579781 0.96 250
1780120579783 0.9749999999999999 251
1780120579785 0.9499999999999998 252
1780120579787 0.9650000000000001 253
1780120579789 0.9350000000000002 254
1780120579791 0.96 255
1780120579793 0.9550000000000001 256
1780120579795 0.9550000000000001 257
1780120579797 0.9149999999999998 258
1780120579799 0.99 259
1780120579801 0.9349999999999999 260
1780120579803 0.97 261
1780120579805 0.985 262
1780120579807 0.9799999999999999 263
1780120579809 0.9400000000000001 264
1780120579811 0.9550000000000001 265
1780120579813 0.975 266
1780120579815 0.9650000000000001 267
1780120579817 0.9299999999999999 268
1780120579819 0.975 269
1780120579821 0.9249999999999998 270
1780120579823 0.95 271
1780120579825 0.95 272
1780120579827 0.9549999999999998 273
1780120579829 0.9799999999999999 274
1780120579831 0.8799999999999999 275
1780120579833 0.97 276
1780120579835 0.9549999999999998 277
1780120579837 0.9549999999999998 278
1780120579839 0.925 279
1780120579841 0.99 280
1780120579843 0.9799999999999999 281
1780120579845 0.9549999999999998 282
1780120579847 0.975 283
1780120579849 0.97 284
1780120579851 0.9399999999999998 285
1780120579853 0.975 286
1780120579855 0.975 287
1780120579862 0.9650000000000001 288
1780120579864 0.97 289
1780120579866 0.97 290
1780120579868 0.9800000000000001 291
1780120579870 0.9450000000000001 292
1780120579872 0.945 293
1780120579874 0.9649999999999999 294
1780120579876 0.96 295
1780120579878 0.99 296
1780120579880 0.9650000000000001 297
1780120579882 0.9749999999999999 298
1780120579884 0.9649999999999999 299
1780120579886 0.96 300
1780120579888 0.99 301
1780120579890 0.9650000000000001 302
1780120579892 0.96 303
1780120579895 0.8699999999999999 304
1780120579897 0.95 305
1780120579899 0.95 306
1780120579901 0.9599999999999997 307
1780120579903 0.9650000000000001 308
1780120579905 0.875 309
1780120579907 0.96 310
1780120579909 0.95 311
1780120579911 0.97 312
1780120579913 0.85 313
