1773291504233 0.0 0
1773291504280 0.6302083333333334 1
1773291504330 0.5 2
1773291504365 0.6392533821584783 3
1773291504417 0.6285714285714286 4
1773291504452 0.8037733960564508 5
1773291504495 0.8442681314210152 6
1773291504523 0.8355889724310777 7
1773291504576 0.7364512244078683 8
1773291504607 0.8034303430343035 9
1773291504663 0.7646616541353384 10
1773291504713 0.835 11
1773291504745 0.7667266726672668 12
1773291504776 0.8145833333333334 13
1773291504814 0.8051987153753513 14
1773291504846 0.8149834851366229 15
1773291504879 0.8260651629072682 16
1773291504910 0.7562399355877616 17
1773291504957 0.8800682456844641 18
1773291505014 0.8486137523771394 19
1773291505039 0.8453525641025641 20
1773291505081 0.8249198717948718 21
1773291505112 0.8349358974358975 22
1773291505152 0.845 23
1773291505205 0.8317307692307692 24
1773291505245 0.8323419699566489 25
1773291505292 0.8673510466988728 26
1773291505343 0.8478529502625888 27
1773291505381 0.855 28
1773291505423 0.8104967948717949 29
1773291505464 0.8174269707883153 30
1773291505490 0.8413149350649352 31
1773291505532 0.8344334433443344 32
1773291505607 0.8368031228105295 33
1773291505636 0.823051948051948 34
1773291505667 0.751000400160064 35
1773291505703 0.7123212321232123 36
1773291505741 0.7983091787439613 37
1773291505775 0.8361378205128205 38
1773291505815 0.7498749874987498 39
1773291505858 0.8403508771929824 40
1773291505890 0.8388471177944863 41
1773291505923 0.8651391819917595 42
1773291505950 0.8276796467282217 43
1773291505988 0.803930393039304 44
1773291506021 0.8077230892356942 45
1773291506043 0.8358343337334934 46
1773291506085 0.8325814536340852 47
1773291506115 0.8847402597402598 48
1773291506151 0.8184818481848184 49
1773291506191 0.8265664160401003 50
1773291506236 0.8177438779606583 51
1773291506283 0.7908163265306123 52
1773291506341 0.7828407224958949 53
1773291506372 0.7216494845360825 54
1773291506409 0.763787408667801 55
1773291506456 0.835 56
1773291506499 0.8241254158685352 57
1773291506534 0.8661155358403065 58
1773291506586 0.8541354135413541 59
1773291506635 0.8486742615182983 60
1773291506674 0.8600140689377952 61
1773291506708 0.8974358974358975 62
1773291506744 0.834233693477391 63
1773291506779 0.86 64
1773291506816 0.8516664998498649 65
1773291506870 0.8234410969872885 66
1773291506910 0.9009980844843231 67
1773291506956 0.9102254428341385 68
1773291507002 0.8245192307692308 69
1773291507047 0.8337339743589745 70
1773291507086 0.8317230273752013 71
1773291507116 0.7952156941247122 72
1773291507153 0.8018809425382389 73
1773291507193 0.8173269307723089 74
1773291507226 0.8436343634363437 75
1773291507266 0.81998199819982 76
1773291507291 0.8067226890756303 77
1773291507342 0.8373401534526854 78
1773291507380 0.880275974025974 79
1773291507433 0.8145363408521303 80
1773291507476 0.8645364536453646 81
1773291507501 0.9203920392039204 82
1773291507535 0.886654661864746 83
1773291507566 0.8613123993558776 84
1773291507594 0.850985098509851 85
1773291507623 0.8398839883988398 86
1773291507657 0.8238095238095238 87
1773291507695 0.8332997277951406 88
1773291507730 0.83 89
1773291507775 0.9144657863145258 90
1773291507810 0.8035929345644319 91
1773291507856 0.7933173269307723 92
1773291507892 0.753030303030303 93
1773291507923 0.8427938808373591 94
1773291507952 0.8084808480848085 95
1773291507985 0.8613123993558776 96
1773291508018 0.8446115288220551 97
1773291508054 0.8634085213032582 98
1773291508115 0.850375939849624 99
1773291508150 0.8468974592570098 100
1773291508186 0.84375 101
1773291508223 0.8074062908250428 102
1773291508269 0.8545673076923077 103
1773291508313 0.8131818636773096 104
1773291508344 0.8843384338433844 105
1773291508403 0.8300000000000001 106
1773291508441 0.8721955128205128 107
1773291508485 0.8717486994797918 108
1773291508576 0.8791208791208791 109
1773291508632 0.8698869886988698 110
1773291508671 0.8794486215538847 111
1773291508701 0.8999999999999999 112
1773291508746 0.8581730769230769 113
1773291508792 0.855 114
1773291508831 0.8683574879227053 115
1773291508867 0.8488721804511279 116
1773291508903 0.795 117
1773291508940 0.8530298462466084 118
1773291508980 0.8470388155262105 119
1773291509029 0.8871470203999599 120
1773291509071 0.9099639855942376 121
1773291509119 0.8403678022309315 122
1773291509171 0.8500000000000001 123
1773291509216 0.87998799879988 124
1773291509277 0.8636363636363636 125
1773291509313 0.8884711779448622 126
1773291509355 0.9052631578947368 127
1773291509403 0.9059653688319487 128
1773291509431 0.8632800723545373 129
1773291509473 0.9057971014492754 130
1773291509503 0.8951395139513951 131
1773291509560 0.9009144809566878 132
1773291509603 0.8898953301127215 133
1773291509648 0.890224358974359 134
1773291509680 0.8868547418967587 135
1773291509721 0.8713054187192117 136
1773291509756 0.9004900490049005 137
1773291509797 0.8907563025210083 138
1773291509834 0.8540391676866586 139
1773291509901 0.7600564573041637 140
1773291509962 0.8240740740740741 141
1773291510020 0.8576430572228891 142
1773291510061 0.8778012260074364 143
1773291510092 0.895320197044335 144
1773291510151 0.8303688071550598 145
1773291510196 0.7660894805324792 146
1773291510250 0.8583959899749374 147
1773291510308 0.8656462585034014 148
1773291510356 0.8925130469690887 149
1773291510385 0.8618024889602569 150
1773291510425 0.86 151
1773291510457 0.8964912280701754 152
1773291510485 0.8606060606060606 153
1773291510524 0.8560338743824982 154
1773291510569 0.8501642036124795 155
1773291510612 0.8614035087719298 156
1773291510633 0.888398233641108 157
1773291510659 0.8965008646119419 158
1773291510691 0.8634271099744246 159
1773291510739 0.9201920192019202 160
1773291510795 0.8574429771908764 161
1773291510827 0.825 162
1773291510867 0.9051405140514052 163
1773291510898 0.9152386780905752 164
1773291510930 0.8551355135513552 165
1773291510964 0.9199999999999999 166
1773291511007 0.9176136363636364 167
1773291511067 0.8660366036603661 168
1773291511103 0.874484976384283 169
1773291511146 0.8706342834203131 170
1773291511200 0.8952395239523953 171
1773291511253 0.8784289907885414 172
1773291511320 0.880275974025974 173
1773291511371 0.8435343534353436 174
1773291511451 0.8271444299869883 175
1773291511505 0.8651179269156797 176
1773291511550 0.8977455716586151 177
1773291511583 0.8477669119870954 178
1773291511625 0.8330991569650743 179
1773291511678 0.8493589743589745 180
1773291511734 0.9009661835748792 181
1773291511780 0.9089635854341737 182
1773291511833 0.8999599839935974 183
1773291511888 0.9045893719806763 184
1773291511916 0.8513649136892814 185
1773291511961 0.8500000000000001 186
1773291512007 0.859762837905738 187
1773291512045 0.8938561692605025 188
1773291512086 0.9150660264105642 189
1773291512126 0.8926282051282051 190
1773291512171 0.8838454609148234 191
1773291512202 0.8974782968168664 192
1773291512249 0.8854669887278583 193
1773291512286 0.86 194
1773291512326 0.7920673076923077 195
1773291512376 0.7912621359223301 196
1773291512414 0.8647342995169083 197
1773291512443 0.8647372742200329 198
