1773277289425 0.0 0
1773277289468 0.3600287089924938 1
1773277289488 0.33993399339933994 2
1773277289510 0.36077481840193704 3
1773277289533 0.6254367575122292 4
1773277289562 0.6357455075279261 5
1773277289581 0.7878787878787878 6
1773277289608 0.8383838383838383 7
1773277289651 0.7699769976997699 8
1773277289679 0.7442455242966752 9
1773277289701 0.7060153776571687 10
1773277289722 0.8013801532937791 11
1773277289749 0.8019047619047619 12
1773277289774 0.8883928571428572 13
1773277289799 0.83998399839984 14
1773277289823 0.8699869986998701 15
1773277289859 0.8142150586226808 16
1773277289876 0.7947485669945684 17
1773277289896 0.8484848484848485 18
1773277289919 0.8096955128205128 19
1773277289945 0.8395989974937343 20
1773277289974 0.8798919027124412 21
1773277289994 0.8596491228070176 22
1773277290020 0.859775641025641 23
1773277290060 0.8337991992143234 24
1773277290084 0.8686868686868687 25
1773277290109 0.8277616848038832 26
1773277290131 0.7777777777777778 27
1773277290153 0.7843476516462298 28
1773277290179 0.8331605955661164 29
1773277290198 0.7927146793397204 30
1773277290220 0.8146246148450612 31
1773277290255 0.8599859985998599 32
1773277290283 0.8487750781328763 33
1773277290328 0.8327886296268147 34
1773277290371 0.8383838383838383 35
1773277290405 0.804995124878122 36
1773277290432 0.8146246148450612 37
1773277290460 0.797077922077922 38
1773277290504 0.8699869986998701 39
1773277290528 0.8416711356265482 40
1773277290551 0.8637705290244456 41
1773277290573 0.847001223990208 42
1773277290596 0.8492613807657522 43
1773277290627 0.8846510694851927 44
1773277290653 0.809946151409566 45
1773277290686 0.7815873015873016 46
1773277290728 0.7287326388888888 47
1773277290762 0.7701677775224086 48
1773277290795 0.6011396011396011 49
1773277290818 0.7234207323819006 50
1773277290842 0.8146246148450612 51
1773277290866 0.78125 52
1773277290892 0.8395989974937343 53
1773277290947 0.894043744796791 54
1773277290985 0.8539447508247086 55
1773277291025 0.8548221571424997 56
1773277291078 0.8095238095238095 57
1773277291115 0.8648344221671547 58
1773277291148 0.8648344221671547 59
1773277291174 0.8146246148450612 60
1773277291200 0.8337991992143234 61
1773277291241 0.87 62
1773277291269 0.8133151694038698 63
1773277291294 0.8441231929604023 64
1773277291317 0.8397435897435898 65
1773277291337 0.8548221571424997 66
1773277291366 0.859873886497848 67
1773277291402 0.82 68
1773277291427 0.8244690187818149 69
1773277291468 0.8640175266299011 70
1773277291488 0.8497596153846154 71
1773277291516 0.8649966249156229 72
1773277291540 0.854967367657723 73
1773277291562 0.8044083352140223 74
1773277291586 0.7472598323662154 75
1773277291612 0.8108448928121059 76
1773277291645 0.8588567395906845 77
1773277291682 0.8695303091128062 78
1773277291706 0.8896025692492975 79
1773277291732 0.8699479791916767 80
1773277291756 0.854967367657723 81
1773277291780 0.8395989974937343 82
1773277291808 0.854967367657723 83
1773277291825 0.8036378668871434 84
1773277291846 0.8549963749093727 85
1773277291881 0.843871975019516 86
1773277291911 0.8736065117925125 87
1773277291932 0.8723154319568936 88
1773277291959 0.8314563701830997 89
1773277291984 0.8260869565217391 90
1773277292012 0.8425396825396825 91
1773277292037 0.8187983743625586 92
1773277292072 0.8640175266299011 93
1773277292115 0.8799519807923168 94
1773277292139 0.8845120634681529 95
1773277292168 0.8648344221671547 96
1773277292202 0.844965117151359 97
1773277292234 0.8314563701830997 98
1773277292259 0.7622984704423315 99
1773277292286 0.7988394584139265 100
1773277292311 0.7592151438305285 101
1773277292349 0.8110268392962026 102
1773277292372 0.8536794571003304 103
1773277292396 0.8942358540454786 104
1773277292421 0.8634950327359134 105
1773277292450 0.8742928975487115 106
1773277292489 0.8497596153846154 107
1773277292528 0.8649155722326454 108
1773277292565 0.8563218390804598 109
1773277292596 0.8649155722326454 110
1773277292641 0.8363171355498722 111
1773277292665 0.8435883851762154 112
1773277292688 0.8389694041867954 113
1773277292717 0.8374878771198658 114
1773277292738 0.809313528703332 115
1773277292769 0.818840579710145 116
1773277292800 0.7953964194373402 117
1773277292826 0.7907730934198138 118
1773277292865 0.8323809523809524 119
1773277292891 0.8499399759903962 120
1773277292919 0.8242574878863197 121
1773277292940 0.7936016511867905 122
1773277292961 0.8794091046126018 123
1773277292990 0.8696741854636592 124
1773277293017 0.8749718686704508 125
1773277293040 0.8749718686704508 126
1773277293070 0.8845120634681529 127
1773277293099 0.7999799979998 128
1773277293124 0.8649155722326454 129
1773277293155 0.8076728413807066 130
1773277293182 0.8139727159983464 131
1773277293213 0.8129376374529185 132
1773277293238 0.6668198529411764 133
1773277293264 0.7387228156458926 134
1773277293281 0.5348977681133158 135
1773277293304 0.6861596401297207 136
1773277293332 0.8247853620685339 137
1773277293357 0.8346651970239736 138
1773277293383 0.8095238095238095 139
1773277293402 0.8549093183239524 140
1773277293437 0.8349628666449951 141
1773277293471 0.8395071315782662 142
1773277293496 0.8397435897435898 143
1773277293531 0.8397435897435898 144
1773277293560 0.8449030644152595 145
1773277293588 0.8380402874784898 146
1773277293614 0.8149953748843721 147
1773277293646 0.8782467532467533 148
1773277293668 0.87 149
1773277293695 0.8782467532467533 150
1773277293718 0.8599859985998599 151
1773277293755 0.8340666247642992 152
1773277293779 0.8634950327359134 153
1773277293800 0.816905706438816 154
1773277293825 0.8798919027124412 155
1773277293852 0.8397435897435898 156
1773277293877 0.8649155722326454 157
1773277293898 0.8199279711884754 158
1773277293921 0.8340666247642992 159
1773277293942 0.7983667708438351 160
1773277293987 0.8380402874784898 161
1773277294015 0.8165185709417839 162
1773277294050 0.8631906969673937 163
1773277294076 0.8998397435897436 164
1773277294102 0.9146393512590696 165
1773277294135 0.8599439775910365 166
1773277294164 0.8696741854636592 167
1773277294204 0.8697916666666667 168
1773277294238 0.8746207277012964 169
1773277294263 0.8749968749218731 170
1773277294287 0.9149468417761101 171
1773277294312 0.8841630782402861 172
1773277294338 0.844965117151359 173
1773277294358 0.8035808717987459 174
1773277294380 0.8599439775910365 175
1773277294421 0.8744638560518883 176
1773277294446 0.89 177
1773277294475 0.8831746031746032 178
1773277294503 0.8382003705733448 179
1773277294527 0.9249981249531238 180
1773277294553 0.8430798200648604 181
1773277294584 0.8549963749093727 182
1773277294610 0.8548221571424997 183
1773277294647 0.8585858585858586 184
1773277294676 0.8740903024350936 185
1773277294705 0.8733247194142535 186
1773277294735 0.8849741191768148 187
1773277294769 0.8545600441335038 188
1773277294801 0.8634950327359134 189
1773277294827 0.8798076923076923 190
1773277294855 0.8547057792028858 191
1773277294884 0.89 192
1773277294921 0.8478084415584416 193
1773277294943 0.8899889988998899 194
1773277294967 0.8736065117925125 195
1773277294994 0.8794091046126018 196
1773277295015 0.8091553836234687 197
1773277295037 0.8295739348370927 198
