1780118348910 0.0 0
1780118348912 0.899999999999995 1
1780118348913 0.9083333333333282 2
1780118348915 0.9138888888888838 3
1780118348917 0.9338888888888837 4
1780118348918 0.9327777777777726 5
1780118348920 0.9405555555555504 6
1780118348922 0.9438888888888834 7
1780118348923 0.9538888888888835 8
1780118348925 0.9544444444444391 9
1780118348927 0.9605555555555503 10
1780118348928 0.9649999999999948 11
1780118348930 0.9694444444444391 12
1780118348931 0.9688888888888835 13
1780118348933 0.9655555555555502 14
1780118348935 0.9677777777777724 15
1780118348936 0.9666666666666612 16
1780118348938 0.9572222222222168 17
1780118348939 0.9772222222222167 18
1780118348941 0.974444444444439 19
1780118348943 0.9811111111111055 20
1780118348944 0.976666666666661 21
1780118348946 0.9816666666666611 22
1780118348947 0.9811111111111055 23
1780118348949 0.9827777777777722 24
1780118348951 0.9783333333333278 25
1780118348952 0.9777777777777723 26
1780118348954 0.9811111111111057 27
1780118348956 0.9788888888888833 28
1780118348957 0.9816666666666611 29
1780118348959 0.976666666666661 30
1780118348960 0.9772222222222167 31
1780118348962 0.9749999999999945 32
1780118348964 0.9822222222222168 33
1780118348965 0.9899999999999946 34
1780118348967 0.9799999999999944 35
1780118348968 0.9816666666666611 36
1780118348970 0.9794444444444389 37
1780118348972 0.9849999999999944 38
1780118348973 0.9816666666666611 39
1780118348975 0.9788888888888835 40
1780118348977 0.9772222222222167 41
1780118348978 0.9772222222222167 42
1780118348980 0.9755555555555502 43
1780118348981 0.9849999999999944 44
1780118348983 0.9799999999999944 45
1780118348985 0.98555555555555 46
1780118348986 0.9811111111111057 47
1780118348988 0.984444444444439 48
1780118348989 0.9894444444444389 49
1780118348991 0.9666666666666612 50
1780118348993 0.9749999999999945 51
1780118348994 0.9827777777777722 52
1780118348996 0.9755555555555502 53
1780118348998 0.9833333333333278 54
1780118348999 0.9633333333333279 55
1780118349001 0.98555555555555 56
1780118349003 0.9833333333333277 57
1780118349004 0.9794444444444389 58
1780118349006 0.9783333333333278 59
1780118349007 0.9816666666666611 60
1780118349009 0.9827777777777722 61
1780118349011 0.9849999999999944 62
1780118349012 0.9827777777777722 63
1780118349014 0.9866666666666613 64
1780118349016 0.9816666666666611 65
1780118349017 0.9883333333333277 66
1780118349019 0.9855555555555501 67
1780118349020 0.9811111111111057 68
1780118349022 0.9861111111111056 69
1780118349024 0.976666666666661 70
1780118349025 0.9838888888888834 71
1780118349027 0.9816666666666611 72
1780118349029 0.98555555555555 73
1780118349030 0.9838888888888834 74
1780118349032 0.9644444444444389 75
1780118349033 0.9838888888888834 76
1780118349035 0.9861111111111056 77
1780118349037 0.9811111111111055 78
1780118349038 0.9799999999999944 79
1780118349040 0.9861111111111056 80
1780118349042 0.9888888888888833 81
1780118349043 0.9799999999999944 82
1780118349045 0.9872222222222167 83
1780118349047 0.9833333333333277 84
1780118349048 0.9877777777777721 85
1780118349050 0.9866666666666613 86
1780118349051 0.9838888888888834 87
1780118349053 0.9811111111111055 88
1780118349055 0.9805555555555501 89
1780118349056 0.984444444444439 90
1780118349058 0.984444444444439 91
1780118349059 0.986666666666661 92
1780118349061 0.9894444444444389 93
1780118349063 0.9899999999999943 94
1780118349064 0.9888888888888833 95
1780118349066 0.9838888888888834 96
1780118349068 0.9866666666666613 97
1780118349069 0.974444444444439 98
1780118349071 0.9883333333333277 99
1780118349072 0.9849999999999944 100
1780118349074 0.9838888888888834 101
1780118349076 0.9705555555555503 102
1780118349077 0.9827777777777722 103
1780118349079 0.9794444444444389 104
1780118349080 0.9899999999999946 105
1780118349082 0.9833333333333277 106
1780118349084 0.9766666666666612 107
1780118349086 0.9838888888888834 108
1780118349087 0.9799999999999945 109
1780118349089 0.9788888888888835 110
1780118349091 0.9866666666666613 111
1780118349092 0.9894444444444389 112
1780118349094 0.9888888888888834 113
1780118349095 0.98555555555555 114
1780118349097 0.9883333333333277 115
1780118349099 0.9933333333333276 116
1780118349100 0.9861111111111056 117
1780118349102 0.984444444444439 118
1780118349103 0.9877777777777723 119
1780118349105 0.9799999999999945 120
1780118349107 0.9938888888888833 121
1780118349108 0.9855555555555501 122
1780118349110 0.9894444444444389 123
1780118349111 0.984444444444439 124
1780118349113 0.9788888888888833 125
1780118349114 0.9849999999999944 126
1780118349116 0.9911111111111056 127
1780118349118 0.9855555555555501 128
1780118349119 0.9855555555555501 129
1780118349121 0.9888888888888834 130
1780118349122 0.9838888888888834 131
1780118349124 0.9844444444444388 132
1780118349126 0.9833333333333277 133
1780118349127 0.9899999999999943 134
1780118349129 0.9877777777777723 135
1780118349130 0.9877777777777723 136
1780118349132 0.9833333333333278 137
1780118349134 0.9761111111111056 138
1780118349135 0.9805555555555502 139
1780118349137 0.9872222222222167 140
1780118349138 0.9816666666666611 141
1780118349140 0.9866666666666613 142
1780118349142 0.9877777777777723 143
1780118349143 0.9911111111111056 144
1780118349145 0.9888888888888834 145
1780118349146 0.9877777777777723 146
1780118349148 0.9838888888888834 147
1780118349149 0.9888888888888833 148
1780118349151 0.9761111111111058 149
1780118349153 0.984444444444439 150
1780118349154 0.9838888888888834 151
1780118349156 0.9872222222222167 152
1780118349158 0.9849999999999944 153
1780118349159 0.98555555555555 154
1780118349161 0.9872222222222167 155
1780118349162 0.984444444444439 156
1780118349164 0.986666666666661 157
1780118349166 0.9933333333333276 158
1780118349167 0.9933333333333276 159
1780118349169 0.9894444444444389 160
1780118349170 0.9899999999999946 161
1780118349172 0.9922222222222168 162
1780118349174 0.9938888888888833 163
1780118349175 0.9872222222222167 164
1780118349177 0.9938888888888833 165
1780118349178 0.9933333333333276 166
1780118349180 0.9944444444444388 167
1780118349182 0.9922222222222166 168
1780118349183 0.9927777777777722 169
1780118349185 0.9933333333333279 170
1780118349186 0.9961111111111055 171
1780118349188 0.9922222222222168 172
1780118349189 0.9911111111111056 173
1780118349191 0.9944444444444388 174
1780118349193 0.9922222222222166 175
1780118349194 0.9916666666666611 176
1780118349196 0.9916666666666611 177
1780118349197 0.9911111111111055 178
1780118349199 0.9933333333333276 179
1780118349201 0.9955555555555499 180
1780118349202 0.9944444444444388 181
1780118349204 0.9922222222222166 182
1780118349206 0.9944444444444388 183
1780118349207 0.9938888888888833 184
1780118349209 0.9938888888888833 185
1780118349211 0.9922222222222168 186
1780118349212 0.9916666666666611 187
1780118349214 0.9888888888888833 188
1780118349216 0.9899999999999943 189
1780118349217 0.9916666666666611 190
1780118349219 0.9899999999999946 191
1780118349221 0.9933333333333279 192
1780118349222 0.9877777777777721 193
1780118349224 0.9866666666666613 194
1780118349225 0.9872222222222167 195
1780118349227 0.9894444444444389 196
1780118349229 0.9911111111111055 197
1780118349230 0.9933333333333276 198
1780118349232 0.9922222222222168 199
1780118349233 0.9944444444444388 200
1780118349235 0.9949999999999944 201
1780118349236 0.9861111111111056 202
1780118349238 0.9916666666666611 203
1780118349240 0.9899999999999946 204
1780118349241 0.9938888888888833 205
1780118349243 0.9911111111111055 206
1780118349245 0.9938888888888833 207
1780118349246 0.9955555555555499 208
1780118349248 0.9933333333333279 209
1780118349250 0.9938888888888833 210
1780118349251 0.9944444444444389 211
1780118349253 0.9883333333333277 212
1780118349255 0.9927777777777722 213
1780118349256 0.9927777777777722 214
1780118349258 0.9938888888888833 215
1780118349260 0.9944444444444388 216
1780118349261 0.9927777777777722 217
1780118349263 0.99055555555555 218
1780118349264 0.9966666666666611 219
1780118349266 0.9938888888888833 220
1780118349268 0.9961111111111055 221
1780118349269 0.9961111111111055 222
1780118349271 0.9888888888888834 223
1780118349272 0.9911111111111056 224
1780118349274 0.9961111111111055 225
1780118349276 0.9944444444444389 226
1780118349277 0.9927777777777722 227
1780118349279 0.9961111111111055 228
1780118349280 0.9938888888888833 229
1780118349282 0.9949999999999944 230
1780118349284 0.9938888888888833 231
1780118349285 0.9938888888888833 232
1780118349287 0.9933333333333279 233
1780118349288 0.9933333333333276 234
1780118349290 0.99055555555555 235
1780118349291 0.9916666666666611 236
1780118349293 0.9911111111111056 237
1780118349295 0.9955555555555499 238
1780118349296 0.9938888888888833 239
1780118349298 0.9966666666666611 240
1780118349299 0.9922222222222166 241
1780118349301 0.9855555555555501 242
1780118349303 0.9961111111111055 243
1780118349304 0.9944444444444389 244
1780118349306 0.9983333333333277 245
1780118349308 0.9922222222222166 246
1780118349310 0.9949999999999944 247
1780118349312 0.9877777777777723 248
1780118349313 0.9927777777777722 249
1780118349315 0.9949999999999944 250
1780118349316 0.9938888888888833 251
1780118349318 0.9944444444444389 252
1780118349320 0.9927777777777722 253
1780118349321 0.9927777777777722 254
1780118349323 0.9944444444444388 255
1780118349325 0.9955555555555499 256
1780118349326 0.9916666666666611 257
1780118349328 0.9938888888888833 258
1780118349329 0.9933333333333279 259
1780118349331 0.9972222222222167 260
1780118349333 0.9938888888888833 261
1780118349334 0.9938888888888833 262
1780118349336 0.9944444444444388 263
1780118349338 0.9938888888888833 264
1780118349339 0.9927777777777722 265
1780118349341 0.9938888888888833 266
1780118349343 0.9955555555555499 267
1780118349344 0.9955555555555501 268
1780118349346 0.9972222222222167 269
1780118349348 0.9949999999999944 270
1780118349349 0.9961111111111055 271
1780118349351 0.9949999999999944 272
1780118349353 0.9955555555555499 273
1780118349354 0.9944444444444389 274
1780118349356 0.9938888888888833 275
1780118349357 0.9927777777777722 276
1780118349359 0.9949999999999944 277
1780118349360 0.9944444444444389 278
1780118349362 0.9972222222222167 279
1780118349364 0.99055555555555 280
1780118349365 0.984444444444439 281
1780118349367 0.9899999999999946 282
1780118349368 0.9972222222222167 283
1780118349370 0.9961111111111055 284
1780118349372 0.9927777777777722 285
1780118349373 0.9961111111111055 286
1780118349375 0.9933333333333279 287
1780118349376 0.9949999999999944 288
1780118349378 0.9977777777777723 289
1780118349380 0.9961111111111055 290
1780118349382 0.9955555555555501 291
1780118349383 0.9949999999999944 292
1780118349385 0.9955555555555501 293
1780118349387 0.9872222222222167 294
1780118349388 0.9911111111111056 295
1780118349390 0.9944444444444389 296
1780118349392 0.9955555555555501 297
1780118349393 0.9961111111111055 298
1780118349395 0.9944444444444389 299
1780118349396 0.9933333333333279 300
1780118349398 0.9977777777777723 301
1780118349400 0.9972222222222167 302
1780118349401 0.9944444444444388 303
1780118349403 0.9938888888888833 304
1780118349405 0.9955555555555499 305
1780118349406 0.9944444444444388 306
1780118349408 0.9938888888888833 307
1780118349409 0.9944444444444388 308
1780118349411 0.9949999999999944 309
1780118349413 0.9944444444444389 310
1780118349414 0.9933333333333279 311
1780118349416 0.9961111111111055 312
1780118349417 0.9949999999999944 313
