1780141371339 0.0 0
1780141371342 0.05500000000000001 1
1780141371344 0.10500000000000001 2
1780141371347 0.3949999999999999 3
1780141371349 0.6 4
1780141371351 0.5650000000000001 5
1780141371354 0.735 6
1780141371356 0.76 7
1780141371358 0.805 8
1780141371361 0.78 9
1780141371363 0.845 10
1780141371365 0.9049999999999999 11
1780141371368 0.8800000000000001 12
1780141371370 0.85 13
1780141371372 0.8549999999999999 14
1780141371375 0.8550000000000001 15
1780141371377 0.8400000000000001 16
1780141371379 0.885 17
1780141371382 0.9099999999999999 18
1780141371384 0.9 19
1780141371386 0.905 20
1780141371389 0.8150000000000001 21
1780141371391 0.74 22
1780141371393 0.925 23
1780141371396 0.8899999999999999 24
1780141371398 0.905 25
1780141371401 0.93 26
1780141371403 0.9299999999999999 27
1780141371406 0.9299999999999999 28
1780141371408 0.9 29
1780141371410 0.9149999999999998 30
1780141371413 0.915 31
1780141371415 0.885 32
1780141371417 0.845 33
1780141371420 0.9199999999999999 34
1780141371422 0.9199999999999999 35
1780141371424 0.8850000000000001 36
1780141371426 0.9 37
1780141371429 0.905 38
1780141371431 0.9099999999999999 39
1780141371434 0.71 40
1780141371436 0.8949999999999999 41
1780141371438 0.6599999999999999 42
1780141371440 0.8950000000000001 43
1780141371443 0.86 44
1780141371445 0.945 45
1780141371447 0.945 46
1780141371450 0.9400000000000001 47
1780141371452 0.93 48
1780141371454 0.95 49
1780141371456 0.925 50
1780141371459 0.9149999999999998 51
1780141371461 0.7899999999999999 52
1780141371463 0.875 53
1780141371466 0.93 54
1780141371468 0.9099999999999999 55
1780141371470 0.9199999999999999 56
1780141371473 0.9349999999999999 57
1780141371475 0.9349999999999999 58
1780141371477 0.875 59
1780141371479 0.77 60
1780141371482 0.925 61
1780141371484 0.85 62
1780141371486 0.9 63
1780141371489 0.915 64
1780141371491 0.8950000000000001 65
1780141371493 0.9649999999999999 66
1780141371496 0.925 67
1780141371498 0.925 68
1780141371500 0.9600000000000002 69
1780141371503 0.8999999999999998 70
1780141371505 0.9400000000000001 71
1780141371507 0.9 72
1780141371510 0.9400000000000001 73
1780141371512 0.915 74
1780141371514 0.835 75
1780141371517 0.95 76
1780141371519 0.9400000000000001 77
1780141371521 0.9200000000000002 78
1780141371524 0.9200000000000002 79
1780141371526 0.9099999999999999 80
1780141371528 0.9 81
1780141371530 0.8700000000000001 82
1780141371533 0.77 83
1780141371535 0.915 84
1780141371538 0.8949999999999999 85
1780141371540 0.9100000000000001 86
1780141371542 0.9199999999999999 87
1780141371544 0.78 88
1780141371547 0.9600000000000002 89
1780141371549 0.9400000000000001 90
1780141371551 0.875 91
1780141371554 0.9399999999999998 92
1780141371556 0.985 93
1780141371558 0.96 94
1780141371561 0.925 95
1780141371563 0.9199999999999999 96
1780141371565 0.56 97
1780141371567 0.9149999999999998 98
1780141371570 0.93 99
1780141371572 0.9499999999999998 100
1780141371574 0.9400000000000001 101
1780141371577 0.9049999999999999 102
1780141371579 0.95 103
1780141371581 0.9349999999999999 104
1780141371584 0.9399999999999998 105
1780141371586 0.9349999999999999 106
1780141371588 0.945 107
1780141371591 0.8699999999999999 108
1780141371593 0.9700000000000001 109
1780141371595 0.9549999999999998 110
1780141371598 0.9049999999999999 111
1780141371600 0.875 112
1780141371602 0.96 113
1780141371604 0.945 114
1780141371607 0.93 115
1780141371609 0.9199999999999999 116
1780141371611 0.945 117
1780141371614 0.9400000000000001 118
1780141371616 0.9199999999999999 119
1780141371618 0.8099999999999999 120
1780141371621 0.89 121
1780141371623 0.9099999999999999 122
1780141371625 0.805 123
1780141371628 0.945 124
1780141371630 0.915 125
1780141371632 0.8400000000000001 126
1780141371635 0.945 127
1780141371637 0.945 128
1780141371639 0.93 129
1780141371641 0.9 130
1780141371644 0.96 131
1780141371646 0.915 132
1780141371648 0.8899999999999999 133
1780141371651 0.97 134
1780141371653 0.885 135
1780141371655 0.975 136
1780141371657 0.9099999999999999 137
1780141371660 0.7750000000000001 138
1780141371662 0.9649999999999999 139
1780141371664 0.8700000000000001 140
1780141371667 0.9200000000000002 141
1780141371669 0.825 142
1780141371671 0.9349999999999999 143
1780141371674 0.96 144
1780141371676 0.975 145
1780141371678 0.885 146
1780141371681 0.95 147
1780141371683 0.8850000000000001 148
1780141371685 0.9249999999999998 149
1780141371687 0.945 150
1780141371690 0.885 151
1780141371692 0.9099999999999999 152
1780141371694 0.945 153
1780141371696 0.9549999999999998 154
1780141371699 0.95 155
1780141371701 0.9400000000000001 156
1780141371703 0.885 157
1780141371706 0.9649999999999999 158
1780141371708 0.9649999999999999 159
1780141371710 0.945 160
1780141371712 0.9799999999999999 161
1780141371715 0.9400000000000001 162
1780141371717 0.97 163
1780141371719 0.9 164
1780141371722 0.96 165
1780141371724 0.9499999999999998 166
1780141371726 0.945 167
1780141371729 0.9549999999999998 168
1780141371731 0.9599999999999997 169
1780141371733 0.9550000000000001 170
1780141371735 0.975 171
1780141371738 0.97 172
1780141371740 0.9550000000000001 173
1780141371742 0.97 174
1780141371745 0.95 175
1780141371747 0.9499999999999998 176
1780141371749 0.905 177
1780141371752 0.96 178
1780141371754 0.9800000000000001 179
1780141371756 0.975 180
1780141371758 0.9549999999999998 181
1780141371769 0.97 182
1780141371771 0.975 183
1780141371774 0.9550000000000001 184
1780141371776 0.97 185
1780141371778 0.975 186
1780141371781 0.96 187
1780141371783 0.95 188
1780141371785 0.9400000000000001 189
1780141371788 0.9199999999999999 190
1780141371790 0.9399999999999998 191
1780141371792 0.9549999999999998 192
1780141371795 0.9349999999999999 193
1780141371797 0.9549999999999998 194
1780141371799 0.9649999999999999 195
1780141371801 0.9499999999999998 196
1780141371804 0.95 197
1780141371806 0.975 198
1780141371808 0.9299999999999999 199
1780141371811 0.9549999999999998 200
1780141371813 0.9550000000000001 201
1780141371815 0.9349999999999999 202
1780141371817 0.9799999999999999 203
1780141371820 0.9549999999999998 204
1780141371822 0.9349999999999999 205
1780141371824 0.975 206
1780141371827 0.9649999999999999 207
1780141371829 0.975 208
1780141371831 0.9499999999999998 209
1780141371834 0.9450000000000001 210
1780141371836 0.96 211
1780141371838 0.95 212
1780141371841 0.975 213
1780141371843 0.95 214
1780141371845 0.97 215
1780141371848 0.9149999999999998 216
1780141371850 0.9800000000000001 217
1780141371852 0.985 218
1780141371855 0.99 219
1780141371857 0.985 220
1780141371859 0.97 221
1780141371862 0.9149999999999998 222
1780141371864 0.97 223
1780141371866 0.9800000000000001 224
1780141371869 0.9749999999999999 225
1780141371871 0.9800000000000001 226
1780141371873 0.9799999999999999 227
1780141371876 0.9199999999999999 228
1780141371878 0.9649999999999999 229
1780141371880 0.97 230
1780141371883 0.95 231
1780141371885 0.9650000000000001 232
1780141371887 0.96 233
1780141371890 0.8649999999999999 234
1780141371892 0.93 235
1780141371894 0.985 236
1780141371897 0.97 237
1780141371899 0.9400000000000001 238
1780141371901 0.975 239
1780141371904 0.97 240
1780141371906 0.9649999999999999 241
1780141371908 0.985 242
1780141371910 0.9800000000000001 243
1780141371913 0.97 244
1780141371915 0.99 245
1780141371917 0.975 246
1780141371920 0.985 247
1780141371922 0.96 248
1780141371924 0.99 249
1780141371927 0.9799999999999999 250
1780141371929 0.875 251
1780141371931 0.97 252
1780141371933 0.9550000000000001 253
1780141371936 0.9549999999999998 254
1780141371938 0.9549999999999998 255
1780141371945 0.9700000000000001 256
1780141371947 0.945 257
1780141371950 0.985 258
1780141371952 0.9550000000000001 259
1780141371954 0.9749999999999999 260
1780141371957 0.9949999999999999 261
1780141371959 0.9799999999999999 262
1780141371961 0.985 263
1780141371964 0.9899999999999999 264
1780141371966 0.9749999999999999 265
1780141371969 0.96 266
1780141371971 0.975 267
1780141371974 0.93 268
1780141371976 0.9949999999999999 269
1780141371978 0.97 270
1780141371981 0.9800000000000001 271
1780141371983 0.9200000000000002 272
1780141371985 0.9649999999999999 273
1780141371988 0.9800000000000001 274
1780141371990 0.9650000000000001 275
1780141371992 0.9650000000000001 276
1780141371995 0.9799999999999999 277
1780141371997 0.9549999999999998 278
1780141371999 0.96 279
1780141372002 0.9450000000000001 280
1780141372004 0.9099999999999999 281
1780141372006 0.9649999999999999 282
1780141372009 0.975 283
1780141372011 0.975 284
1780141372013 0.96 285
1780141372016 0.985 286
1780141372018 0.945 287
1780141372021 0.9650000000000001 288
1780141372023 0.99 289
1780141372025 0.9649999999999999 290
1780141372028 0.975 291
1780141372030 0.9650000000000001 292
1780141372032 0.9799999999999999 293
1780141372035 0.8150000000000001 294
1780141372037 0.9450000000000001 295
1780141372039 0.9549999999999998 296
1780141372042 0.9800000000000001 297
1780141372044 0.9799999999999999 298
1780141372046 0.9649999999999999 299
1780141372049 0.97 300
1780141372051 0.985 301
1780141372053 0.9749999999999999 302
1780141372056 0.97 303
1780141372058 0.985 304
1780141372060 0.99 305
1780141372063 0.985 306
1780141372065 0.975 307
1780141372067 0.975 308
1780141372070 0.9799999999999999 309
1780141372072 0.9599999999999997 310
1780141372075 0.97 311
1780141372077 0.985 312
1780141372079 0.9800000000000001 313
