1773294560342 0.0 0
1773294560402 0.5 1
1773294560451 0.5 2
1773294560488 0.5 3
1773294560536 0.5 4
1773294560571 0.5 5
1773294560622 0.5 6
1773294560656 0.5 7
1773294560748 0.5 8
1773294560801 0.5 9
1773294560865 0.5 10
1773294560898 0.5 11
1773294560937 0.5 12
1773294560983 0.5 13
1773294561039 0.5 14
1773294561117 0.5 15
1773294561155 0.5 16
1773294561209 0.5 17
1773294561244 0.5 18
1773294561278 0.5 19
1773294561331 0.5 20
1773294561389 0.5 21
1773294561428 0.5 22
1773294561470 0.5 23
1773294561521 0.5 24
1773294561565 0.5 25
1773294561616 0.5 26
1773294561650 0.5 27
1773294561697 0.5 28
1773294561749 0.5 29
1773294561779 0.5 30
1773294561830 0.5 31
1773294561880 0.5 32
1773294561905 0.5 33
1773294561948 0.5 34
1773294561988 0.5 35
1773294562039 0.5 36
1773294562092 0.5 37
1773294562134 0.5 38
1773294562192 0.5 39
1773294562248 0.5 40
1773294562302 0.5 41
1773294562350 0.5 42
1773294562404 0.5 43
1773294562468 0.5 44
1773294562519 0.5 45
1773294562557 0.5 46
1773294562623 0.5 47
1773294562679 0.5 48
1773294562728 0.5 49
1773294562774 0.5 50
1773294562835 0.5 51
1773294562891 0.5 52
1773294562947 0.5 53
1773294563021 0.5 54
1773294563061 0.5 55
1773294563125 0.5 56
1773294563181 0.5 57
1773294563233 0.5 58
1773294563286 0.5 59
1773294563322 0.5 60
1773294563362 0.5 61
1773294563448 0.5 62
1773294563516 0.5 63
1773294563589 0.5 64
1773294563635 0.5 65
1773294563667 0.5 66
1773294563715 0.5 67
1773294563782 0.5 68
1773294563820 0.5 69
1773294563864 0.5 70
1773294563927 0.5 71
1773294563990 0.5 72
1773294564038 0.5 73
1773294564087 0.5 74
1773294564136 0.5 75
1773294564185 0.5 76
1773294564237 0.5 77
1773294564294 0.5 78
1773294564358 0.5 79
1773294564427 0.5 80
1773294564501 0.5 81
1773294564590 0.5 82
1773294564640 0.5 83
1773294564681 0.5 84
1773294564711 0.5 85
1773294564766 0.5 86
1773294564812 0.5 87
1773294564860 0.5 88
1773294564904 0.5 89
1773294564969 0.5 90
1773294565030 0.5 91
1773294565089 0.5 92
1773294565135 0.5 93
1773294565179 0.5 94
1773294565233 0.5 95
1773294565282 0.5 96
1773294565343 0.5 97
1773294565419 0.5 98
1773294565484 0.5 99
1773294565522 0.5 100
1773294565556 0.5 101
1773294565612 0.5 102
1773294565666 0.5 103
1773294565705 0.5 104
1773294565740 0.5 105
1773294565819 0.5 106
1773294565874 0.5 107
1773294565920 0.5 108
1773294566022 0.5 109
1773294566071 0.5 110
1773294566120 0.5 111
1773294566158 0.5 112
1773294566197 0.5 113
1773294566235 0.5 114
1773294566293 0.5 115
1773294566355 0.5 116
1773294566419 0.5 117
1773294566481 0.5 118
1773294566522 0.5 119
1773294566558 0.5 120
1773294566604 0.5 121
1773294566631 0.5 122
1773294566662 0.5 123
1773294566727 0.5 124
1773294566782 0.5 125
1773294566824 0.5 126
1773294566874 0.5 127
1773294566918 0.5 128
1773294566987 0.5 129
1773294567035 0.5 130
1773294567087 0.5 131
1773294567123 0.5 132
1773294567167 0.5 133
1773294567221 0.5 134
1773294567266 0.5 135
1773294567322 0.5 136
1773294567384 0.5 137
1773294567437 0.5 138
1773294567493 0.5 139
1773294567568 0.5 140
1773294567627 0.5 141
1773294567675 0.5 142
1773294567717 0.5 143
1773294567771 0.5 144
1773294567825 0.5 145
1773294567870 0.5 146
1773294567914 0.5 147
1773294567961 0.5 148
1773294568005 0.5 149
1773294568055 0.5 150
1773294568108 0.5 151
1773294568141 0.5 152
1773294568192 0.5 153
1773294568232 0.5 154
1773294568290 0.5 155
1773294568330 0.5 156
1773294568369 0.5 157
1773294568402 0.5 158
1773294568438 0.5 159
1773294568480 0.5 160
1773294568539 0.5 161
1773294568595 0.5 162
1773294568635 0.5 163
1773294568674 0.5 164
1773294568728 0.5 165
1773294568770 0.5 166
1773294568812 0.5 167
1773294568850 0.5 168
1773294568906 0.5 169
1773294568963 0.5 170
1773294569007 0.5 171
1773294569059 0.5 172
1773294569103 0.5 173
1773294569148 0.5 174
1773294569198 0.5 175
1773294569258 0.5 176
1773294569306 0.5 177
1773294569364 0.5 178
1773294569401 0.5 179
1773294569436 0.5 180
1773294569470 0.5 181
1773294569509 0.5 182
1773294569557 0.5 183
1773294569610 0.5 184
1773294569658 0.5 185
1773294569715 0.5 186
1773294569792 0.5 187
1773294569845 0.5 188
1773294569909 0.5 189
1773294569959 0.5 190
1773294570002 0.5 191
1773294570053 0.5 192
1773294570115 0.5 193
1773294570155 0.5 194
1773294570202 0.5 195
1773294570228 0.5 196
1773294570268 0.5 197
1773294570313 0.5 198
