1780128146381 0.0 0
1780128146384 0.03199367215347031 1
1780128146386 0.4945065176908752 2
1780128146388 0.5977106227106226 3
1780128146390 0.5959579685850873 4
1780128146393 0.682518712091883 5
1780128146395 0.5743006822612087 6
1780128146397 0.7479541292041292 7
1780128146399 0.7809155378070401 8
1780128146402 0.6613699263699264 9
1780128146404 0.8481476622763289 10
1780128146406 0.7852193362193363 11
1780128146408 0.8193606393606394 12
1780128146410 0.8429409891756439 13
1780128146413 0.8244666565499482 14
1780128146415 0.8950935441370225 15
1780128146417 0.9098701298701298 16
1780128146419 0.8669210997924919 17
1780128146422 0.8621526885492425 18
1780128146424 0.8614104782593893 19
1780128146426 0.9054194994190456 20
1780128146428 0.9226334776334776 21
1780128146430 0.866195338477947 22
1780128146433 0.8250761944453895 23
1780128146435 0.8912862838915471 24
1780128146437 0.9009757680968129 25
1780128146439 0.8852120589193644 26
1780128146442 0.8909249132933343 27
1780128146444 0.8732920873164776 28
1780128146446 0.9248407208733296 29
1780128146448 0.8520023451444235 30
1780128146450 0.8879231637927291 31
1780128146453 0.9066955927367827 32
1780128146455 0.7222527706734868 33
1780128146457 0.9077561987973887 34
1780128146459 0.8395740584635109 35
1780128146462 0.883689798782005 36
1780128146464 0.8717379771652636 37
1780128146466 0.8862882342758504 38
1780128146468 0.9178070175438597 39
1780128146470 0.9452648800474888 40
1780128146473 0.9324972396025029 41
1780128146475 0.9046311265647649 42
1780128146477 0.9127277432712215 43
1780128146479 0.9416563146997928 44
1780128146482 0.8983990987699428 45
1780128146484 0.8309468704669942 46
1780128146486 0.8524623498903073 47
1780128146488 0.9229595728451562 48
1780128146490 0.8961781012245409 49
1780128146493 0.9242279084808797 50
1780128146495 0.8968731198469051 51
1780128146497 0.8291790081263766 52
1780128146499 0.7944093406593407 53
1780128146502 0.9128137289864979 54
1780128146504 0.9377967109803494 55
1780128146506 0.9155862853774753 56
1780128146508 0.9051072124756334 57
1780128146511 0.9373644003055768 58
1780128146513 0.9096536796536796 59
1780128146515 0.9390138389451892 60
1780128146517 0.8967637119363875 61
1780128146520 0.8798955722639933 62
1780128146522 0.7468925518925518 63
1780128146524 0.888829744816587 64
1780128146526 0.9051819525503737 65
1780128146528 0.8740119237487658 66
1780128146531 0.8486255835667601 67
1780128146533 0.904505708716235 68
1780128146535 0.8401386409166729 69
1780128146537 0.9170848187759952 70
1780128146539 0.9099070551873755 71
1780128146542 0.9027297822949997 72
1780128146544 0.9254480899217741 73
1780128146546 0.8669967167335588 74
1780128146548 0.8069444444444445 75
1780128146551 0.9363784461152882 76
1780128146553 0.9411441968091585 77
1780128146555 0.9074431695755226 78
1780128146557 0.9325324675324674 79
1780128146559 0.9029313948192665 80
1780128146562 0.9063135110503533 81
1780128146564 0.9122407509034243 82
1780128146566 0.9306719070403281 83
1780128146568 0.9341471861471862 84
1780128146571 0.9286061708460849 85
1780128146573 0.9197985494038126 86
1780128146575 0.8912794612794613 87
1780128146577 0.9176728826728826 88
1780128146580 0.9416500738011037 89
1780128146582 0.9456892230576439 90
1780128146584 0.856489898989899 91
1780128146587 0.9121998078647694 92
1780128146589 0.9054310750753581 93
1780128146591 0.9180392809804575 94
1780128146593 0.9065529487039784 95
1780128146595 0.926125541125541 96
1780128146598 0.8961127456321965 97
1780128146600 0.9217833615659703 98
1780128146602 0.9345088511793318 99
1780128146604 0.927201237613137 100
1780128146607 0.920277880014722 101
1780128146609 0.9316435976304398 102
1780128146611 0.9527292663476874 103
1780128146613 0.9437543133195307 104
1780128146615 0.8497584541062804 105
1780128146618 0.9233962123785787 106
1780128146620 0.8283030829297511 107
1780128146622 0.9285289278276656 108
1780128146624 0.9499218897044983 109
1780128146627 0.9227016817405834 110
1780128146629 0.9346018005864554 111
1780128146631 0.9510719981772613 112
1780128146633 0.9296076346540744 113
1780128146636 0.8929884814337633 114
1780128146638 0.9522442469810889 115
1780128146640 0.9396863370547581 116
1780128146642 0.9153160863007411 117
1780128146644 0.9298362617774384 118
1780128146647 0.8826609750758359 119
1780128146649 0.947020202020202 120
1780128146651 0.9307159610255585 121
1780128146653 0.927717935659112 122
1780128146656 0.963254628666528 123
1780128146658 0.9537991718426501 124
1780128146660 0.8980688444968632 125
1780128146662 0.9177922181018155 126
1780128146665 0.9214699792960662 127
1780128146667 0.8609853121175031 128
1780128146669 0.9359884559884559 129
1780128146672 0.9668980142664354 130
1780128146674 0.9186910457963089 131
1780128146676 0.9704511278195488 132
1780128146678 0.8769154183412496 133
1780128146681 0.87749889429456 134
1780128146683 0.9155217254365862 135
1780128146685 0.9213284726968937 136
1780128146687 0.942489644858066 137
1780128146690 0.9352641980445184 138
1780128146692 0.8445378151260504 139
1780128146694 0.9525757575757575 140
1780128146697 0.8893300444787859 141
1780128146699 0.93399718003837 142
1780128146701 0.924050276236977 143
1780128146703 0.9432989804500103 144
1780128146706 0.9337819185645273 145
1780128146708 0.9516233766233764 146
1780128146710 0.9644805194805196 147
1780128146712 0.946043823326432 148
1780128146714 0.9291176470588235 149
1780128146717 0.9329163075673372 150
1780128146719 0.95 151
1780128146721 0.9543796992481202 152
1780128146723 0.9433732057416269 153
1780128146726 0.8455357511425623 154
1780128146728 0.9469810890863523 155
1780128146730 0.9294448241816664 156
1780128146732 0.9128144186967717 157
1780128146734 0.8796590909090908 158
1780128146737 0.9456641604010025 159
1780128146739 0.9721946169772255 160
1780128146741 0.9320818070818071 161
1780128146743 0.9804511278195489 162
1780128146746 0.9451629072681704 163
1780128146748 0.9327380952380953 164
1780128146750 0.9763852813852812 165
1780128146752 0.9525757575757575 166
1780128146754 0.9244737718421929 167
1780128146757 0.9200700280112045 168
1780128146759 0.9578071051755263 169
1780128146761 0.990909090909091 170
1780128146763 0.9421695543205841 171
1780128146765 0.9285162180814355 172
1780128146768 0.9628405499915796 173
1780128146770 0.9861471861471862 174
1780128146772 0.9522150072150071 175
1780128146774 0.9135637260243532 176
1780128146777 0.9603896103896105 177
1780128146779 0.95879917184265 178
1780128146781 0.944963144963145 179
1780128146783 0.9733082706766918 180
1780128146785 0.9752130325814535 181
1780128146788 0.9618614718614718 182
1780128146790 0.9471879101290867 183
1780128146792 0.9713852813852814 184
1780128146794 0.9620562770562768 185
1780128146797 0.9802130325814536 186
1780128146799 0.9658589655958076 187
1780128146801 0.9534298163709927 188
1780128146803 0.9631037078863164 189
1780128146805 0.9570218365412874 190
1780128146808 0.9624327122153209 191
1780128146810 0.9856459330143542 192
1780128146812 0.9761471861471861 193
1780128146815 0.9574594501832354 194
1780128146817 0.9347478544846967 195
1780128146819 0.9384810064376629 196
1780128146821 0.9186260133628554 197
1780128146823 0.9119157742841952 198
1780128146826 0.967077922077922 199
1780128146828 0.9382467532467531 200
1780128146830 0.9256709956709956 201
1780128146832 0.970645933014354 202
1780128146835 0.9558730158730159 203
1780128146837 0.9807142857142856 204
1780128146839 0.9654511278195488 205
1780128146842 0.9524749373433584 206
1780128146844 0.9809090909090908 207
1780128146846 0.9657410236822 208
1780128146848 0.9683082706766918 209
1780128146852 0.9857142857142858 210
1780128146854 0.9909090909090909 211
1780128146856 0.9952380952380953 212
1780128146859 0.9439005616808819 213
1780128146861 0.966067821067821 214
1780128146863 0.9373393376489352 215
1780128146865 0.9402486402486401 216
1780128146867 0.9607503607503608 217
1780128146870 0.9804511278195489 218
1780128146872 0.9597117794486216 219
1780128146874 0.9144839651489267 220
1780128146876 0.9728656126482212 221
1780128146878 0.972670807453416 222
1780128146881 0.9631818181818181 223
1780128146883 0.942063734214764 224
1780128146885 0.9657142857142856 225
1780128146887 0.9658589655958076 226
1780128146890 0.9857142857142858 227
1780128146892 0.9857142857142858 228
1780128146894 0.9604511278195487 229
1780128146896 0.9813852813852815 230
1780128146899 0.9813852813852814 231
1780128146901 0.9707142857142855 232
1780128146903 0.9759523809523809 233
1780128146905 0.9668614718614718 234
1780128146908 0.9477130325814537 235
1780128146910 0.9668614718614718 236
1780128146912 0.9407407407407409 237
1780128146914 0.9771946169772256 238
1780128146916 0.9379288461796202 239
1780128146919 0.9766233766233766 240
1780128146921 0.9654761904761904 241
1780128146923 0.9720562770562771 242
1780128146925 0.9813852813852814 243
1780128146927 0.9854761904761904 244
1780128146930 0.9649880952380953 245
1780128146932 0.93156223893066 246
1780128146934 0.9716233766233767 247
1780128146936 0.9624327122153209 248
1780128146938 0.9763852813852812 249
1780128146941 0.956721348826612 250
1780128146943 0.9759523809523809 251
1780128146945 0.9716017316017316 252
1780128146947 0.9708297258297259 253
1780128146949 0.9568147641831853 254
1780128146952 0.9692424242424241 255
1780128146954 0.966861471861472 256
1780128146956 0.9583167404677703 257
1780128146958 0.9659523809523808 258
1780128146960 0.9649749373433585 259
1780128146963 0.9546825396825396 260
1780128146965 0.9661904761904759 261
1780128146967 0.9666233766233766 262
1780128146969 0.9288317962231005 263
1780128146971 0.9313788258525101 264
1780128146974 0.965689223057644 265
1780128146976 0.9436229942672775 266
1780128146978 0.9802130325814536 267
1780128146980 0.9466143578643578 268
1780128146982 0.9757142857142858 269
1780128146984 0.9466165413533834 270
1780128146987 0.9442320722755506 271
1780128146989 0.957099567099567 272
1780128146991 0.9675324675324675 273
1780128146993 0.9809523809523808 274
1780128146995 0.9532616506300717 275
1780128146998 0.9591416040100249 276
1780128147000 0.9718614718614719 277
1780128147002 0.9439358886727307 278
1780128147004 0.9718614718614719 279
1780128147006 0.9675324675324675 280
1780128147009 0.9539404545847375 281
1780128147011 0.9439438517241721 282
1780128147013 0.9578656126482213 283
1780128147015 0.9813852813852815 284
1780128147017 0.9602647924158221 285
1780128147020 0.9328811928811929 286
1780128147022 0.9510427584111794 287
1780128147024 0.9758840282524494 288
1780128147026 0.932107442519342 289
1780128147029 0.9603968253968252 290
1780128147031 0.9766233766233766 291
1780128147033 0.9518113465481886 292
1780128147035 0.966097060833903 293
1780128147037 0.9583694083694084 294
1780128147040 0.9566599190283401 295
1780128147042 0.9807142857142856 296
1780128147044 0.9757142857142856 297
1780128147046 0.9625324675324676 298
1780128147048 0.9724327122153209 299
1780128147050 0.9405266955266954 300
1780128147053 0.9749498746867168 301
1780128147055 0.9766233766233766 302
1780128147057 0.951598313966735 303
1780128147059 0.9436248229268823 304
1780128147061 0.9618614718614718 305
1780128147063 0.9651515151515151 306
1780128147066 0.9707142857142858 307
1780128147068 0.9818181818181818 308
1780128147070 0.9735714285714285 309
1780128147073 0.9804761904761904 310
1780128147075 0.96657666894509 311
1780128147077 0.9462662337662338 312
1780128147079 0.9427648332060098 313
