1780131866876 0.0 0
1780131866878 0.023529411764705882 1
1780131866880 0.07203164047074286 2
1780131866882 0.16803216400511933 3
1780131866884 0.18863860458918796 4
1780131866886 0.21281712907014844 5
1780131866888 0.2601815292649906 6
1780131866890 0.359184197934198 7
1780131866892 0.37465974294544185 8
1780131866894 0.41133897027985694 9
1780131866896 0.3600302499410678 10
1780131866899 0.4496552639089984 11
1780131866901 0.4678777007306419 12
1780131866903 0.541002941105192 13
1780131866905 0.513864403716256 14
1780131866907 0.5873772298299742 15
1780131866909 0.575204963724431 16
1780131866911 0.5108440496106957 17
1780131866913 0.5575833281330482 18
1780131866915 0.6180543258482998 19
1780131866917 0.6418692948447903 20
1780131866919 0.6357443108585212 21
1780131866921 0.6454731621919841 22
1780131866923 0.63806866920923 23
1780131866925 0.6643795294763226 24
1780131866927 0.6866915434083943 25
1780131866929 0.6792018507807981 26
1780131866931 0.7032782558308834 27
1780131866933 0.6827632645011473 28
1780131866935 0.693986697262463 29
1780131866937 0.7002443927032036 30
1780131866939 0.6457493355705328 31
1780131866941 0.7367758407976366 32
1780131866943 0.7292235761557321 33
1780131866945 0.717909383831629 34
1780131866947 0.6666663216161065 35
1780131866949 0.6873640511806933 36
1780131866951 0.6812354930533183 37
1780131866953 0.6787526538374185 38
1780131866955 0.6481715973342604 39
1780131866957 0.6241484085303218 40
1780131866959 0.7005092228092666 41
1780131866961 0.6280502084449453 42
1780131866963 0.6420392913326369 43
1780131866965 0.707441940595028 44
1780131866967 0.7418502601501987 45
1780131866969 0.8111951546260073 46
1780131866971 0.7215823563380146 47
1780131866973 0.7393959528843249 48
1780131866975 0.7078628211873271 49
1780131866978 0.7012789427934812 50
1780131866980 0.7181333943833943 51
1780131866982 0.7345807786984258 52
1780131866984 0.7102174535644004 53
1780131866986 0.7834343433360641 54
1780131866988 0.7274463551900074 55
1780131866990 0.7491448109539217 56
1780131866992 0.7515526625076734 57
1780131866995 0.7636465357057631 58
1780131866997 0.7019827944879234 59
1780131866999 0.7739229483966327 60
1780131867001 0.8138906120783602 61
1780131867003 0.7029877015215361 62
1780131867005 0.7228396442128764 63
1780131867007 0.7646146183427746 64
1780131867009 0.7745769590161788 65
1780131867011 0.8017522263418295 66
1780131867013 0.7922512334625623 67
1780131867015 0.7893975841654605 68
1780131867017 0.7933095711953715 69
1780131867019 0.7436626015071875 70
1780131867021 0.7347173591170163 71
1780131867023 0.797064362386682 72
1780131867025 0.8143570085104402 73
1780131867027 0.79125497678464 74
1780131867030 0.8266397435603908 75
1780131867032 0.7977272492727608 76
1780131867034 0.7539027780426588 77
1780131867036 0.7593500599150793 78
1780131867038 0.8132911027191112 79
1780131867040 0.8168852956869925 80
1780131867042 0.783033075500214 81
1780131867044 0.771381962312792 82
1780131867046 0.7905695210459817 83
1780131867048 0.764544539640377 84
1780131867050 0.8524795913435195 85
1780131867052 0.8109143999224411 86
1780131867054 0.7811495300784802 87
1780131867056 0.7302015324724181 88
1780131867058 0.8379803814784559 89
1780131867060 0.8140730392560407 90
1780131867062 0.8015994347940266 91
1780131867064 0.8458364000502039 92
1780131867066 0.7810050149660576 93
1780131867068 0.8117170991589596 94
1780131867070 0.796872597296287 95
1780131867072 0.7876911731630714 96
1780131867074 0.8007277735184714 97
1780131867076 0.7758412580782976 98
1780131867078 0.836563148056416 99
1780131867080 0.8119911307384197 100
1780131867082 0.8026395529509177 101
1780131867084 0.761525007314481 102
1780131867086 0.8028968098001146 103
1780131867088 0.7844652021230095 104
1780131867090 0.8092634821919905 105
1780131867092 0.7997422829861855 106
1780131867094 0.7995045734325902 107
1780131867096 0.7906627839913613 108
1780131867098 0.7783288844229003 109
1780131867100 0.8132771776883564 110
1780131867102 0.8204660612065753 111
1780131867105 0.8025426669997247 112
1780131867107 0.7766509755064086 113
1780131867109 0.7951535873105671 114
1780131867111 0.8074111727369587 115
1780131867113 0.8371447186426666 116
1780131867115 0.8089320591942583 117
1780131867117 0.8213294700738647 118
1780131867119 0.8028137237806761 119
1780131867121 0.7439536603888468 120
1780131867123 0.854548060698644 121
1780131867125 0.8373796675755061 122
1780131867127 0.8077188931769864 123
1780131867129 0.7914081786973604 124
1780131867131 0.7352724438483238 125
1780131867133 0.8053023643023642 126
1780131867135 0.8483952126400803 127
1780131867137 0.8136481780752909 128
1780131867139 0.8232676009954571 129
1780131867141 0.7918524681069996 130
1780131867143 0.8319223000539535 131
1780131867145 0.817126006985933 132
1780131867147 0.7970382331535942 133
1780131867149 0.8432847980345317 134
1780131867151 0.8364489882307105 135
1780131867153 0.8097706207244375 136
1780131867155 0.7927088504414086 137
1780131867157 0.8103457290106842 138
1780131867159 0.8409775336238454 139
1780131867161 0.8074630539793134 140
1780131867163 0.8148808419991747 141
1780131867165 0.8421506476129277 142
1780131867167 0.8376099250283506 143
1780131867169 0.8477338674397498 144
1780131867171 0.8756959843651189 145
1780131867173 0.8240673892877546 146
1780131867175 0.8693017173954273 147
1780131867177 0.8399390553819309 148
1780131867179 0.8394089058851575 149
1780131867181 0.8888753093578121 150
1780131867184 0.8278637992052627 151
1780131867186 0.8602819803118337 152
1780131867188 0.8723952393294688 153
1780131867190 0.8508889785220501 154
1780131867192 0.8415082479773348 155
1780131867195 0.8429200123293009 156
1780131867197 0.8304123542645782 157
1780131867199 0.8896837105855824 158
1780131867201 0.8739724588633446 159
1780131867203 0.8256569496545421 160
1780131867205 0.8808025788803173 161
1780131867207 0.8883716919347885 162
1780131867209 0.87124044120047 163
1780131867211 0.8316894032740715 164
1780131867213 0.8689403189679334 165
1780131867215 0.9248318889782304 166
1780131867217 0.8595529751948237 167
1780131867219 0.8795103142471563 168
1780131867221 0.8796378019889082 169
1780131867223 0.8986649816995819 170
1780131867225 0.8804713014877658 171
1780131867227 0.8481911003835455 172
1780131867229 0.8791483761316881 173
1780131867231 0.8953488295250246 174
1780131867233 0.8592511470881176 175
1780131867235 0.8497775398981476 176
1780131867237 0.8788245401414458 177
1780131867239 0.8961257136257137 178
1780131867241 0.9108880550343965 179
1780131867243 0.9191913241771438 180
1780131867245 0.9194777652123086 181
1780131867247 0.8699373063108622 182
1780131867249 0.9140744621232427 183
1780131867251 0.8883812041824644 184
1780131867253 0.8839614279601442 185
1780131867255 0.8876800650885599 186
1780131867257 0.8852113269699918 187
1780131867259 0.8732854300767846 188
1780131867262 0.8458529065282427 189
1780131867264 0.8898689184889441 190
1780131867266 0.8903985891598214 191
1780131867268 0.9094022579901914 192
1780131867270 0.859257693985431 193
1780131867272 0.854673452195917 194
1780131867274 0.8937205706983014 195
1780131867276 0.843636159334668 196
1780131867278 0.925116166199547 197
1780131867280 0.9061555894258824 198
1780131867282 0.89974649794402 199
1780131867284 0.9251262772315405 200
1780131867286 0.9088726977556542 201
1780131867288 0.8695654058504981 202
1780131867290 0.9652099056271071 203
1780131867292 0.9250425706188908 204
1780131867294 0.8937559991732007 205
1780131867296 0.890666420185871 206
1780131867298 0.9153584720323533 207
1780131867300 0.9075519562116254 208
1780131867302 0.9149507132433963 209
1780131867304 0.904930947960473 210
1780131867306 0.8989157974470091 211
1780131867308 0.8762549923332978 212
1780131867310 0.8997017764214243 213
1780131867312 0.8748411335093724 214
1780131867314 0.8454668143468632 215
1780131867316 0.8957470930738687 216
1780131867318 0.8888871078354248 217
1780131867320 0.8540603829243111 218
1780131867322 0.9542848627508447 219
1780131867324 0.8958288501261007 220
1780131867326 0.9049559722203542 221
1780131867328 0.9198063340168604 222
1780131867331 0.8994617122524101 223
1780131867333 0.9141586008135194 224
1780131867335 0.9093092167482411 225
1780131867337 0.9401562066517137 226
1780131867339 0.919433198897778 227
1780131867341 0.9060586725592547 228
1780131867343 0.9165574042729698 229
1780131867345 0.9048601144012673 230
1780131867347 0.9100290851638734 231
1780131867349 0.8567353557767625 232
1780131867351 0.9146850710265344 233
1780131867353 0.9006621275991668 234
1780131867355 0.903725340047548 235
1780131867357 0.9022316900536385 236
1780131867359 0.8777904943892434 237
1780131867362 0.9028358588403298 238
1780131867364 0.896434450317634 239
1780131867366 0.9010231510038956 240
1780131867368 0.8935132492738178 241
1780131867370 0.9053765552716205 242
1780131867372 0.8945477863033167 243
1780131867374 0.8994246797176911 244
1780131867376 0.9550463482542476 245
1780131867378 0.9500995688094533 246
1780131867380 0.9157604533535215 247
1780131867382 0.9347050788321649 248
1780131867384 0.9258219148642173 249
1780131867386 0.9253258759021963 250
1780131867388 0.893400086497976 251
1780131867390 0.9153516020223487 252
1780131867392 0.9192187564138784 253
1780131867394 0.9189076597228073 254
1780131867396 0.9104354792994073 255
1780131867398 0.8988963225621148 256
1780131867400 0.9005858517517771 257
1780131867402 0.9396017056992667 258
1780131867404 0.8893682452678782 259
1780131867406 0.9254954327598146 260
1780131867408 0.9156552732675968 261
1780131867410 0.9402885760231194 262
1780131867412 0.9197392872424965 263
1780131867414 0.8684110220117922 264
1780131867416 0.9258977280029912 265
1780131867418 0.9193294166805227 266
1780131867420 0.9196416320806564 267
1780131867422 0.9352776958540161 268
1780131867424 0.9353535005759085 269
1780131867426 0.9151525917999035 270
1780131867428 0.9201609620030673 271
1780131867430 0.9398970468290109 272
1780131867432 0.924702522647264 273
1780131867434 0.9309631567975598 274
1780131867436 0.9295262546610428 275
1780131867438 0.9298482686274131 276
1780131867440 0.9192686294034175 277
1780131867442 0.9198554525553957 278
1780131867444 0.9147242188705604 279
1780131867446 0.8890723853239901 280
1780131867448 0.9153245443659511 281
1780131867450 0.908881349715753 282
1780131867452 0.9551884636544458 283
1780131867454 0.9200655118976163 284
1780131867456 0.9298859178357344 285
1780131867458 0.9053432361391284 286
1780131867461 0.9198048340887999 287
1780131867463 0.9341630812490889 288
1780131867465 0.9545184394991839 289
1780131867467 0.9150472569792211 290
1780131867469 0.9146865598406035 291
1780131867471 0.9594392406908453 292
1780131867473 0.9094312854239117 293
1780131867475 0.929871323323125 294
1780131867477 0.9201830091175408 295
1780131867479 0.9284246634737723 296
1780131867481 0.9195537230004497 297
1780131867483 0.9296041563628213 298
1780131867485 0.9254876124164418 299
1780131867487 0.9109276645476901 300
1780131867489 0.9501996160390942 301
1780131867491 0.9257641684457518 302
1780131867493 0.9448885193480232 303
1780131867495 0.9291682694814318 304
1780131867497 0.9301137081432331 305
1780131867499 0.9149211566634022 306
1780131867501 0.8672140601060981 307
1780131867503 0.9103841908578154 308
1780131867505 0.9206300048447107 309
1780131867507 0.9395179927914203 310
1780131867509 0.9098045224026656 311
1780131867512 0.9251137422039294 312
1780131867514 0.9007778685442356 313
