1780564129051 0.0 0
1780564129053 0.01015228426395939 1
1780564129055 0.20529083376541002 2
1780564129057 0.21005291005291005 3
1780564129058 0.11886961705149948 4
1780564129060 0.3289953435652361 5
1780564129062 0.2677545150784587 6
1780564129064 0.13181622121839515 7
1780564129066 0.45487700160751104 8
1780564129067 0.3418439716312057 9
1780564129069 0.22532144279456104 10
1780564129071 0.3015860805860806 11
1780564129073 0.1480141287284144 12
1780564129074 0.14855255916345625 13
1780564129076 0.5228328710124827 14
1780564129078 0.2536513949013949 15
1780564129080 0.30252552045655495 16
1780564129082 0.20841450216450216 17
1780564129083 0.5003097992826895 18
1780564129085 0.41121906173536604 19
1780564129087 0.3483291182501708 20
1780564129089 0.4112501061030473 21
1780564129090 0.24471212398002679 22
1780564129092 0.38744776033248673 23
1780564129094 0.30513915285256743 24
1780564129096 0.2167534839365559 25
1780564129098 0.1233794623500506 26
1780564129099 0.34542613884479245 27
1780564129101 0.42090600259955097 28
1780564129103 0.3934278655640885 29
1780564129105 0.4606813150237882 30
1780564129107 0.4813628719541672 31
1780564129108 0.3252151388283399 32
1780564129110 0.40673202614379084 33
1780564129112 0.26993925676386993 34
1780564129114 0.308167701863354 35
1780564129115 0.34726833004723473 36
1780564129117 0.35156402965226496 37
1780564129119 0.34140871417059976 38
1780564129121 0.42298667750853197 39
1780564129123 0.4406206756206756 40
1780564129124 0.4112821657353142 41
1780564129126 0.35818219838011 42
1780564129128 0.3400595238095238 43
1780564129130 0.42932259378252413 44
1780564129131 0.5299538767569458 45
1780564129133 0.3535996539401961 46
1780564129135 0.4384307359307359 47
1780564129137 0.3312997903563941 48
1780564129139 0.4249427157257709 49
1780564129140 0.41465794768611675 50
1780564129142 0.40753198492328924 51
1780564129144 0.5462303372194148 52
1780564129146 0.4451982558504298 53
1780564129147 0.27509180317399495 54
1780564129149 0.23916666666666667 55
1780564129151 0.4009126984126984 56
1780564129153 0.40108933453954493 57
1780564129155 0.21815635345047107 58
1780564129156 0.3441807081807082 59
1780564129158 0.45010365353037773 60
1780564129160 0.42347726082302845 61
1780564129162 0.4613349011134513 62
1780564129163 0.3903265218753437 63
1780564129165 0.32444610003932034 64
1780564129167 0.4264099233152942 65
1780564129169 0.3836853424353424 66
1780564129170 0.43286075036075033 67
1780564129172 0.36810287751464216 68
1780564129174 0.3795758327337274 69
1780564129176 0.4094250206971374 70
1780564129178 0.42793336138971566 71
1780564129179 0.5970964635854341 72
1780564129181 0.3760191826368297 73
1780564129183 0.4187319624819625 74
1780564129185 0.456596795410925 75
1780564129186 0.435718630552585 76
1780564129188 0.3827169755810532 77
1780564129190 0.5070078502415458 78
1780564129192 0.3737725178047759 79
1780564129193 0.3964215858609397 80
1780564129195 0.43596959361121435 81
1780564129197 0.4751181564615351 82
1780564129199 0.44117403657658993 83
1780564129201 0.44659731908957917 84
1780564129202 0.40395729270729264 85
1780564129205 0.46844877344877334 86
1780564129207 0.39060531797329395 87
1780564129208 0.4301226332864333 88
1780564129210 0.3300702539634428 89
1780564129212 0.4299450549450549 90
1780564129214 0.3703216374269006 91
1780564129215 0.5409338659706308 92
1780564129217 0.35749383510915855 93
1780564129219 0.4852122387416505 94
1780564129221 0.4016725895363666 95
1780564129222 0.43483381481147126 96
1780564129224 0.3183258003967386 97
1780564129226 0.42297760210803687 98
1780564129228 0.45575694491843566 99
1780564129230 0.44719808130677696 100
1780564129231 0.39418188192956 101
1780564129233 0.4714219114219114 102
1780564129235 0.40033483815762294 103
1780564129236 0.3998659281894576 104
1780564129238 0.22825396825396824 105
1780564129240 0.42245126640906694 106
1780564129242 0.5441088424759825 107
1780564129244 0.4338516453589983 108
1780564129245 0.4370411570411571 109
1780564129247 0.39244858844858843 110
1780564129249 0.44146872863978126 111
1780564129251 0.4908350340136055 112
1780564129252 0.3852063628582433 113
1780564129254 0.45315083849917137 114
1780564129256 0.32047619047619047 115
1780564129258 0.46300807300807295 116
1780564129259 0.4807844932844933 117
1780564129261 0.42970231903870343 118
1780564129263 0.37064597494563534 119
1780564129265 0.4171368611120654 120
1780564129266 0.5089250790115644 121
1780564129268 0.3894137806637807 122
1780564129270 0.3960081799275183 123
1780564129272 0.47290545203588696 124
1780564129273 0.4559656084656084 125
1780564129275 0.43345516802038536 126
1780564129277 0.4207081317375435 127
1780564129279 0.4616738816738817 128
1780564129280 0.3835635227656504 129
1780564129282 0.3763018958875737 130
1780564129284 0.5536697741960899 131
1780564129286 0.45700400892211246 132
1780564129287 0.44926448069596886 133
1780564129289 0.3888654268868894 134
1780564129291 0.4671703296703297 135
1780564129293 0.47954079778292674 136
1780564129295 0.3564256456934805 137
1780564129296 0.4778190649395583 138
1780564129298 0.37324043991435296 139
1780564129300 0.40586434622724943 140
1780564129302 0.33421097189454574 141
1780564129303 0.4917452198270612 142
1780564129305 0.4366768525592056 143
1780564129307 0.4542035660418014 144
1780564129309 0.46698878779523934 145
1780564129310 0.409012969012969 146
1780564129312 0.44206371908030945 147
1780564129314 0.37304279352666453 148
1780564129316 0.4369571151148991 149
1780564129317 0.40894670842633263 150
1780564129319 0.3130393772893773 151
1780564129321 0.35030070794776674 152
1780564129323 0.40105725260654834 153
1780564129325 0.4072051282051282 154
1780564129326 0.4793050439116415 155
1780564129328 0.39001976284584977 156
1780564129330 0.4857474651649409 157
1780564129331 0.3311734400864836 158
1780564129333 0.3687393162393162 159
1780564129335 0.18988888888888888 160
1780564129337 0.46504731979201736 161
1780564129339 0.2990781440781441 162
1780564129340 0.43637140499764265 163
1780564129342 0.31309180978353746 164
1780564129344 0.3646266494483812 165
1780564129346 0.37758712094006214 166
1780564129348 0.3245443952374784 167
1780564129349 0.4788569273863391 168
1780564129351 0.2983282828282829 169
1780564129353 0.43465267106571454 170
1780564129355 0.33501633986928103 171
1780564129356 0.3528967665788318 172
1780564129358 0.4855058479532164 173
1780564129360 0.48032683982683977 174
1780564129362 0.4349539994888832 175
1780564129364 0.41824699537934834 176
1780564129365 0.41701932646555073 177
1780564129367 0.32386991028295375 178
1780564129369 0.40542515533191104 179
1780564129370 0.3211548272552329 180
1780564129372 0.3393196934644303 181
1780564129374 0.42935147849462363 182
1780564129376 0.43671046344959386 183
1780564129378 0.3971331704277731 184
1780564129379 0.31997536945812804 185
1780564129381 0.3697749463180498 186
1780564129383 0.29486009896536214 187
1780564129385 0.4668730919745118 188
1780564129386 0.2640612371430785 189
1780564129388 0.34140359640359635 190
1780564129390 0.48610368067604914 191
1780564129392 0.33404617791172414 192
1780564129394 0.3511914091655471 193
1780564129395 0.4102782975538394 194
1780564129397 0.3430597309667077 195
1780564129399 0.3229660746230514 196
1780564129401 0.44273786457929687 197
1780564129402 0.390776812856706 198
1780564129404 0.3288020176544767 199
1780564129406 0.4367036970348318 200
1780564129408 0.40619193262671516 201
1780564129409 0.47534581641210966 202
1780564129411 0.4164737695254937 203
1780564129413 0.3640548340548341 204
1780564129415 0.319600264142637 205
1780564129416 0.36673055186987075 206
1780564129418 0.46230502083236996 207
1780564129420 0.5056850175967823 208
1780564129422 0.4497051282051282 209
1780564129423 0.3845833333333334 210
1780564129425 0.3398329209499905 211
1780564129427 0.2943398164034616 212
1780564129429 0.4302758148714031 213
1780564129430 0.353375350140056 214
1780564129432 0.44862936404778286 215
1780564129434 0.379516069585729 216
1780564129436 0.3793318290723951 217
1780564129437 0.3998061742179389 218
1780564129439 0.3854171786994368 219
1780564129441 0.4388136018570801 220
1780564129443 0.41777397720602594 221
1780564129444 0.40929350522771574 222
1780564129446 0.29347402597402594 223
1780564129448 0.438002388002388 224
1780564129450 0.432035631035631 225
1780564129452 0.291845047109753 226
1780564129453 0.3696644215999054 227
1780564129455 0.3905267985242877 228
1780564129457 0.36194388488745255 229
1780564129459 0.4382538202538203 230
1780564129460 0.39555428426137806 231
1780564129462 0.5299057886557887 232
1780564129464 0.43963869463869454 233
1780564129466 0.47327531964159864 234
1780564129467 0.43395033649987214 235
1780564129469 0.42318527656394445 236
1780564129471 0.38275031442983753 237
1780564129473 0.36788521447399947 238
1780564129474 0.34465487395867145 239
1780564129476 0.49598332016019453 240
1780564129478 0.3897339727178437 241
1780564129480 0.4668767898767898 242
1780564129481 0.41107843137254896 243
1780564129483 0.4093759018759019 244
1780564129485 0.3686998686998687 245
1780564129487 0.5371735376766336 246
1780564129488 0.48249861465934885 247
1780564129490 0.4551725135118964 248
1780564129492 0.3669260728690861 249
1780564129494 0.3486823551240027 250
1780564129496 0.34482279227480467 251
1780564129497 0.3984839625184894 252
1780564129499 0.4044830628837053 253
1780564129501 0.39594438552421746 254
1780564129503 0.39781746031746035 255
1780564129504 0.3936823088231539 256
1780564129506 0.4646674522298646 257
1780564129508 0.43058846950151297 258
1780564129510 0.3928845907731686 259
1780564129511 0.36607790490983144 260
1780564129513 0.38361512773277473 261
1780564129515 0.46784500541156887 262
1780564129517 0.48844113880699236 263
1780564129518 0.3650744047619047 264
1780564129520 0.4380263634153795 265
1780564129522 0.42507567703194643 266
1780564129524 0.4812060699157474 267
1780564129525 0.5188329433163866 268
1780564129527 0.3954650197297256 269
1780564129529 0.40920883618542137 270
1780564129531 0.42426407742584216 271
1780564129532 0.41612958189788857 272
1780564129534 0.44293183940242764 273
1780564129536 0.37237023085096105 274
1780564129538 0.36779930051116494 275
1780564129540 0.3018979896794513 276
1780564129541 0.41916519860068246 277
1780564129543 0.4036960871107212 278
1780564129545 0.46159293451313826 279
1780564129547 0.468056453350571 280
1780564129549 0.4083234930274403 281
1780564129550 0.3951377213572335 282
1780564129552 0.3875285060656578 283
1780564129554 0.3813142413142413 284
1780564129556 0.3340043222906126 285
1780564129558 0.5043902956946436 286
1780564129559 0.4532007307593779 287
1780564129561 0.4178948513009234 288
1780564129563 0.29814331501831504 289
1780564129565 0.3308941229335966 290
1780564129566 0.5063492063492063 291
1780564129568 0.4739140681591051 292
1780564129570 0.4071724302897758 293
1780564129572 0.4288840326340326 294
1780564129574 0.40804612509081484 295
1780564129575 0.5001226551226551 296
1780564129577 0.4114534994407558 297
1780564129579 0.41716624369243827 298
