1780269095735 0.0 0
1780269095737 0.5775409329626197 1
1780269095739 0.7708778354185739 2
1780269095741 0.6970773696326694 3
1780269095743 0.6722222222222223 4
1780269095745 0.791750301083902 5
1780269095748 0.6710526315789473 6
1780269095751 0.8301790281329924 7
1780269095753 0.7003316249623154 8
1780269095756 0.7576121794871795 9
1780269095758 0.8308270676691729 10
1780269095761 0.8362336233623362 11
1780269095763 0.8258145363408521 12
1780269095765 0.8044336471302763 13
1780269095766 0.7908559330577679 14
1780269095768 0.8127381320152405 15
1780269095770 0.831328320802005 16
1780269095771 0.8293269230769231 17
1780269095773 0.8513405362144858 18
1780269095775 0.7228260869565217 19
1780269095777 0.794535739489868 20
1780269095778 0.8506265664160402 21
1780269095780 0.8343382574615616 22
1780269095782 0.8035087719298246 23
1780269095784 0.7340425531914894 24
1780269095786 0.8387838783878387 25
1780269095788 0.7206119162640902 26
1780269095791 0.7723785166240409 27
1780269095794 0.8586728055249725 28
1780269095797 0.8341346153846154 29
1780269095800 0.7340425531914894 30
1780269095803 0.8394633705155261 31
1780269095805 0.8246909858305698 32
1780269095808 0.8068044961862706 33
1780269095810 0.8843837816138098 34
1780269095812 0.8468387354941977 35
1780269095815 0.6728896103896104 36
1780269095817 0.805192833282721 37
1780269095819 0.8284313725490196 38
1780269095822 0.8534526854219948 39
1780269095825 0.8538647342995169 40
1780269095827 0.8361471208923726 41
1780269095830 0.8275353473705624 42
1780269095832 0.8529647435897436 43
1780269095834 0.8530595813204509 44
1780269095836 0.8298875953432356 45
1780269095838 0.7932692307692308 46
1780269095840 0.85734293717487 47
1780269095843 0.9042617046818727 48
1780269095846 0.8949494949494949 49
1780269095848 0.8527178864257516 50
1780269095851 0.7651584168438101 51
1780269095853 0.8384183059012444 52
1780269095855 0.849025974025974 53
1780269095857 0.8085106382978724 54
1780269095859 0.8902255639097745 55
1780269095861 0.8133313331333134 56
1780269095863 0.8466386554621849 57
1780269095866 0.8949494949494949 58
1780269095868 0.7789669379961812 59
1780269095870 0.8544189770793714 60
1780269095872 0.8714371738257728 61
1780269095874 0.8415841584158417 62
1780269095876 0.8896025692492975 63
1780269095878 0.9050125313283208 64
1780269095880 0.8887218045112781 65
1780269095883 0.8417874396135265 66
1780269095885 0.8301971774597137 67
1780269095887 0.8816425120772947 68
1780269095889 0.8441102756892231 69
1780269095891 0.8736842105263158 70
1780269095892 0.8315746753246753 71
1780269095894 0.91 72
1780269095896 0.8192862183687872 73
1780269095897 0.8628318584070797 74
1780269095899 0.8414658735759654 75
1780269095901 0.7926706321201734 76
1780269095902 0.7799498746867168 77
1780269095904 0.8553685897435898 78
1780269095906 0.8270933977455717 79
1780269095908 0.6894736842105263 80
1780269095909 0.8771929824561404 81
1780269095911 0.8778044871794872 82
1780269095913 0.825444678926741 83
1780269095914 0.6870163802632901 84
1780269095916 0.8500000000000001 85
1780269095918 0.8241185897435898 86
1780269095919 0.878964271376957 87
1780269095921 0.7849999999999999 88
1780269095923 0.8566426570628252 89
1780269095925 0.8644016533924791 90
1780269095927 0.85 91
1780269095928 0.873389694041868 92
1780269095930 0.8117811781178118 93
1780269095932 0.8592859285928593 94
1780269095933 0.868255896345784 95
1780269095936 0.8278052223006351 96
1780269095938 0.859393817743878 97
1780269095940 0.8063225290116047 98
1780269095942 0.8593984962406015 99
1780269095944 0.6553398058252426 100
1780269095945 0.8801749567694029 101
1780269095947 0.8931159420289855 102
1780269095949 0.8523263993568486 103
1780269095950 0.8283208020050126 104
1780269095952 0.9115950983420863 105
1780269095954 0.8699248120300752 106
1780269095956 0.8733974358974359 107
1780269095957 0.865 108
1780269095959 0.8444344434443445 109
1780269095961 0.8770833333333333 110
1780269095962 0.7646436132674665 111
1780269095964 0.8379351740696279 112
1780269095966 0.8949494949494949 113
1780269095967 0.8523036596431093 114
1780269095969 0.8644110275689223 115
1780269095971 0.7346938775510204 116
1780269095973 0.8371348539415766 117
1780269095974 0.9137896427137695 118
1780269095976 0.9291716686674669 119
1780269095978 0.8466183574879227 120
1780269095980 0.8845649763080956 121
1780269095982 0.7509295548186112 122
1780269095983 0.8114245698279312 123
1780269095985 0.8721955128205128 124
1780269095987 0.7987798779877988 125
1780269095989 0.856140350877193 126
1780269095991 0.8378161380971497 127
1780269095992 0.8531678510659594 128
1780269095994 0.8145032051282051 129
1780269095996 0.8422320353271778 130
1780269095998 0.9182957393483708 131
1780269095999 0.8762980139126928 132
1780269096001 0.8936688311688312 133
1780269096003 0.8702870287028703 134
1780269096005 0.8995571658615137 135
1780269096007 0.8404180484373429 136
1780269096008 0.8780623046678093 137
1780269096011 0.8424880480113925 138
1780269096014 0.8843837816138098 139
1780269096016 0.9 140
1780269096019 0.7374725389685114 141
1780269096022 0.7159090909090909 142
1780269096024 0.7836538461538461 143
1780269096026 0.8682229681619367 144
1780269096029 0.9261380765752185 145
1780269096031 0.835 146
1780269096043 0.8433813892529489 147
1780269096046 0.7938144329896908 148
1780269096048 0.9095909590959096 149
1780269096049 0.8845649763080956 150
1780269096051 0.8981006933976485 151
1780269096053 0.925 152
1780269096055 0.8641826923076923 153
1780269096057 0.6435643564356436 154
1780269096059 0.8669871794871795 155
1780269096060 0.7764423076923077 156
1780269096062 0.8671424233221986 157
1780269096064 0.89375 158
1780269096066 0.868547418967587 159
1780269096068 0.9262820512820513 160
1780269096070 0.8744497799119648 161
1780269096071 0.9032290717683975 162
1780269096073 0.8357085507828181 163
1780269096075 0.8701480592236894 164
1780269096076 0.9045893719806763 165
1780269096078 0.6950000000000001 166
1780269096080 0.8514162746471825 167
1780269096082 0.8826489533011272 168
1780269096083 0.8040100250626567 169
1780269096085 0.8637363736373638 170
1780269096087 0.8698842496899546 171
1780269096089 0.7258064516129032 172
1780269096091 0.8261217948717949 173
1780269096093 0.8585434173669468 174
1780269096094 0.20557491289198607 175
1780269096096 0.6714733542319749 176
1780269096098 0.6203703703703703 177
1780269096099 0.7964154411764706 178
1780269096101 0.7774762550881953 179
1780269096103 0.6762073957099619 180
1780269096105 0.8312796816839944 181
1780269096107 0.7841474445952058 182
1780269096108 0.7914464459065904 183
1780269096110 0.8391771856007479 184
1780269096112 0.847770771102998 185
1780269096114 0.8625222816399287 186
1780269096116 0.6633109619686801 187
1780269096117 0.9197188809298554 188
1780269096119 0.8875868055555556 189
1780269096121 0.8473835601283328 190
1780269096122 0.9072506440927492 191
1780269096124 0.894047619047619 192
1780269096126 0.7594214990960924 193
1780269096127 0.8445945945945945 194
1780269096129 0.9476390836839645 195
1780269096131 0.7494445267367797 196
1780269096132 0.8562834224598931 197
1780269096134 0.8948595264384738 198
1780269096136 0.8903693314633006 199
1780269096137 0.8951885389917557 200
1780269096139 0.738255033557047 201
1780269096141 0.75 202
1780269096142 0.9088541666666667 203
1780269096144 0.9067047817047817 204
1780269096146 0.922257053291536 205
1780269096147 0.8327028163093737 206
1780269096149 0.915857212238951 207
1780269096151 0.9104395604395605 208
1780269096152 0.9282891022021457 209
1780269096154 0.9108607982199972 210
1780269096156 0.9545036764705883 211
1780269096157 0.8727951153324287 212
1780269096159 0.8993443419135503 213
1780269096161 0.8306451612903225 214
1780269096162 0.9538690476190477 215
1780269096164 0.941977691977692 216
1780269096166 0.9125759700794764 217
1780269096169 0.9630355453439654 218
1780269096172 0.8822268566794114 219
1780269096174 0.7833333333333333 220
1780269096176 0.8125 221
1780269096179 0.9173351158645277 222
1780269096181 0.9251111912489483 223
1780269096184 0.9126984126984127 224
1780269096186 0.8377853326857698 225
1780269096188 0.8944450996579785 226
1780269096191 0.9195342370524853 227
1780269096193 0.8933333333333333 228
1780269096195 0.9263894000736106 229
1780269096196 0.9526438473806895 230
1780269096198 0.9002884962134872 231
1780269096200 0.9296875 232
1780269096202 0.8996874624353889 233
1780269096203 0.9324966078697422 234
1780269096205 0.9530181902444677 235
1780269096207 0.782258064516129 236
1780269096209 0.9315257352941176 237
1780269096211 0.9355509355509355 238
1780269096213 0.9375951293759512 239
1780269096215 0.9004010695187166 240
1780269096223 0.8818181818181818 241
1780269096226 0.8809523809523809 242
1780269096228 0.9399251986909771 243
1780269096230 0.8954475763651374 244
1780269096233 0.9056426332288401 245
1780269096235 0.9070666175929334 246
1780269096238 0.8834735857877513 247
1780269096241 0.9260249554367201 248
1780269096243 0.8083267871170463 249
1780269096246 0.7867132867132867 250
1780269096248 0.9047619047619048 251
1780269096250 0.9006410256410257 252
1780269096252 0.8125 253
1780269096254 0.9349315068493151 254
1780269096255 0.904043945769051 255
1780269096257 0.9017911912648755 256
1780269096259 0.788135593220339 257
1780269096261 0.8739571300218201 258
1780269096262 0.8964285714285715 259
1780269096264 0.9600188701497818 260
1780269096266 0.8987460815047021 261
1780269096268 0.9035204991087344 262
1780269096270 0.9100313479623825 263
1780269096271 0.9313186813186813 264
1780269096273 0.9449404761904762 265
1780269096275 0.9270550772496757 266
1780269096277 0.9258007838897149 267
1780269096279 0.940913278062903 268
1780269096282 0.908866234167439 269
1780269096285 0.9400723654454998 270
1780269096289 0.9511904761904761 271
1780269096292 0.9667314230208839 272
1780269096295 0.917854337335877 273
1780269096298 0.9489722322394518 274
1780269096301 0.9492643328259767 275
1780269096303 0.9201729780271155 276
1780269096306 0.9295738045738046 277
1780269096308 0.7121212121212122 278
1780269096310 0.9111111111111111 279
1780269096313 0.9027143581938102 280
1780269096315 0.8620689655172413 281
1780269096317 0.9425551470588236 282
1780269096319 0.9333333333333333 283
1780269096321 0.9476190476190476 284
1780269096323 0.6304347826086957 285
1780269096326 0.9129266012155213 286
1780269096328 0.6774193548387097 287
1780269096330 0.905952380952381 288
1780269096332 0.9283129805517865 289
1780269096334 0.9153846153846155 290
1780269096336 0.8526504941599281 291
1780269096338 0.9345238095238095 292
1780269096340 0.9667711598746082 293
1780269096341 0.9609127634021182 294
1780269096343 0.9464285714285714 295
1780269096345 0.9438719175561281 296
1780269096347 0.935251798561151 297
1780269096348 0.9378207658902487 298
1780269096350 0.905359565807327 299
1780269096352 0.9290917921321029 300
1780269096354 0.8693662379793767 301
1780269096356 0.9768277140539914 302
1780269096358 0.9153846153846155 303
1780269096359 0.9090487776619163 304
1780269096361 0.9237961664329126 305
1780269096363 0.9428571428571428 306
1780269096365 0.9561136478944698 307
1780269096366 0.8584905660377358 308
1780269096368 0.8675938489371325 309
1780269096370 0.9276353276353276 310
1780269096371 0.9802631578947368 311
1780269096373 0.8961038961038961 312
1780269096375 0.8936170212765957 313
1780269096378 0.9426273820786593 314
1780269096380 0.9048081593006314 315
1780269096383 0.9657534246575342 316
1780269096386 0.9316034842350631 317
1780269096389 0.9237581825182903 318
1780269096391 0.9022556390977443 319
1780269096394 0.9512961508248232 320
1780269096396 0.9626666666666667 321
1780269096397 0.8780516570350276 322
1780269096399 0.9705882352941176 323
1780269096401 0.9565972222222222 324
1780269096403 0.9227671595143647 325
1780269096405 0.9002192982456141 326
1780269096406 0.9126984126984127 327
1780269096408 0.9093189964157706 328
1780269096410 0.819672131147541 329
1780269096412 0.9516488413547237 330
1780269096414 0.9035087719298245 331
1780269096415 0.9344262295081966 332
1780269096417 0.9097178683385581 333
1780269096419 0.9170940170940172 334
1780269096421 0.9129353233830846 335
1780269096423 0.9475546975546976 336
1780269096425 0.9391025641025641 337
1780269096427 0.9463331714424479 338
1780269096429 0.9438037087290818 339
1780269096431 0.9025735294117647 340
1780269096433 0.9703654188948307 341
1780269096435 0.9318315839131973 342
1780269096438 0.8934426229508197 343
1780269096440 0.9046467743837716 344
1780269096442 0.9444872288538058 345
1780269096444 0.9511904761904761 346
1780269096446 0.9457189201714749 347
1780269096449 0.9271491015055853 348
