1780248626063 0.0 0
1780248626065 0.13999999999999999 1
1780248626067 0.36 2
1780248626069 0.465 3
1780248626071 0.63 4
1780248626073 0.7250000000000001 5
1780248626075 0.655 6
1780248626077 0.825 7
1780248626079 0.9 8
1780248626081 0.8749999999999998 9
1780248626082 0.845 10
1780248626084 0.89 11
1780248626086 0.8550000000000001 12
1780248626088 0.795 13
1780248626090 0.8700000000000001 14
1780248626092 0.67 15
1780248626094 0.8450000000000001 16
1780248626096 0.885 17
1780248626098 0.8949999999999999 18
1780248626099 0.8850000000000001 19
1780248626101 0.9099999999999999 20
1780248626103 0.96 21
1780248626105 0.8949999999999999 22
1780248626107 0.845 23
1780248626109 0.9099999999999999 24
1780248626110 0.9099999999999999 25
1780248626112 0.9099999999999999 26
1780248626114 0.8150000000000001 27
1780248626116 0.9099999999999999 28
1780248626118 0.925 29
1780248626120 0.9200000000000002 30
1780248626122 0.9099999999999999 31
1780248626124 0.8400000000000001 32
1780248626126 0.95 33
1780248626129 0.9099999999999999 34
1780248626131 0.89 35
1780248626133 0.8549999999999999 36
1780248626135 0.805 37
1780248626138 0.8150000000000001 38
1780248626140 0.8450000000000001 39
1780248626141 0.9 40
1780248626143 0.96 41
1780248626145 0.9099999999999999 42
1780248626147 0.925 43
1780248626149 0.8950000000000001 44
1780248626151 0.8949999999999999 45
1780248626153 0.8499999999999999 46
1780248626155 0.74 47
1780248626156 0.8950000000000001 48
1780248626158 0.95 49
1780248626160 0.9 50
1780248626162 0.9199999999999999 51
1780248626164 0.905 52
1780248626166 0.9199999999999999 53
1780248626168 0.885 54
1780248626170 0.9499999999999998 55
1780248626172 0.945 56
1780248626174 0.9049999999999999 57
1780248626176 0.95 58
1780248626178 0.845 59
1780248626180 0.915 60
1780248626182 0.9550000000000001 61
1780248626184 0.875 62
1780248626186 0.9299999999999999 63
1780248626188 0.9549999999999998 64
1780248626190 0.97 65
1780248626192 0.945 66
1780248626193 0.8400000000000001 67
1780248626195 0.95 68
1780248626197 0.9400000000000001 69
1780248626199 0.725 70
1780248626201 0.9499999999999998 71
1780248626203 0.845 72
1780248626205 0.9299999999999999 73
1780248626206 0.8300000000000001 74
1780248626208 0.9399999999999998 75
1780248626210 0.96 76
1780248626212 0.9799999999999999 77
1780248626214 0.9799999999999999 78
1780248626216 0.86 79
1780248626218 0.915 80
1780248626220 0.9200000000000002 81
1780248626221 0.9349999999999999 82
1780248626223 0.95 83
1780248626225 0.96 84
1780248626227 0.9399999999999998 85
1780248626229 0.945 86
1780248626231 0.9349999999999999 87
1780248626233 0.925 88
1780248626235 0.95 89
1780248626237 0.96 90
1780248626238 0.7950000000000002 91
1780248626240 0.8800000000000001 92
1780248626242 0.9400000000000001 93
1780248626244 0.845 94
1780248626246 0.8949999999999999 95
1780248626248 0.9599999999999997 96
1780248626250 0.9099999999999999 97
1780248626252 0.85 98
1780248626254 0.95 99
1780248626256 0.9400000000000001 100
1780248626257 0.9400000000000001 101
1780248626259 0.9649999999999999 102
1780248626261 0.925 103
1780248626263 0.96 104
1780248626265 0.825 105
1780248626267 0.8799999999999999 106
1780248626269 0.93 107
1780248626271 0.9700000000000001 108
1780248626273 0.8949999999999999 109
1780248626275 0.86 110
1780248626277 0.95 111
1780248626279 0.9349999999999999 112
1780248626281 0.96 113
1780248626283 0.9299999999999999 114
1780248626285 0.9349999999999999 115
1780248626287 0.945 116
1780248626288 0.9949999999999999 117
1780248626290 0.96 118
1780248626292 0.9400000000000001 119
1780248626294 0.9199999999999999 120
1780248626296 0.8300000000000001 121
1780248626298 0.8899999999999999 122
1780248626300 0.9899999999999999 123
1780248626302 0.9649999999999999 124
1780248626304 0.9549999999999998 125
1780248626305 0.97 126
1780248626307 0.945 127
1780248626309 0.925 128
1780248626311 0.9349999999999999 129
1780248626313 0.9649999999999999 130
1780248626315 0.8400000000000001 131
1780248626317 0.8799999999999999 132
1780248626318 0.885 133
1780248626320 0.9550000000000001 134
1780248626322 0.885 135
1780248626324 0.9349999999999998 136
1780248626326 0.975 137
1780248626328 0.9399999999999998 138
1780248626330 0.79 139
1780248626332 0.9650000000000001 140
1780248626334 0.9349999999999999 141
1780248626335 0.8549999999999999 142
1780248626337 0.945 143
1780248626339 0.97 144
1780248626341 0.9400000000000001 145
1780248626343 0.975 146
1780248626345 0.9799999999999999 147
1780248626347 0.97 148
1780248626349 0.975 149
1780248626351 0.9599999999999997 150
1780248626353 0.85 151
1780248626354 0.9649999999999999 152
1780248626356 0.9499999999999998 153
1780248626358 0.885 154
1780248626360 0.96 155
1780248626362 0.925 156
1780248626364 0.95 157
1780248626366 0.9549999999999998 158
1780248626368 0.96 159
1780248626369 0.9799999999999999 160
1780248626371 0.915 161
1780248626373 0.67 162
1780248626375 0.675 163
1780248626378 0.9099999999999999 164
1780248626381 0.805 165
1780248626383 0.73 166
1780248626384 0.945 167
1780248626387 0.9099999999999999 168
1780248626389 0.9 169
1780248626391 0.9450000000000001 170
1780248626393 0.9 171
1780248626394 0.8800000000000001 172
1780248626396 0.8399999999999999 173
1780248626398 0.925 174
1780248626400 0.925 175
1780248626402 0.9049999999999999 176
1780248626404 0.9349999999999999 177
1780248626406 0.73 178
1780248626408 0.9549999999999998 179
1780248626409 0.95 180
1780248626411 0.96 181
1780248626422 0.9200000000000002 182
1780248626425 0.925 183
1780248626427 0.86 184
1780248626429 0.95 185
1780248626431 0.96 186
1780248626433 0.86 187
1780248626435 0.9599999999999997 188
1780248626437 0.9650000000000001 189
1780248626439 0.8949999999999999 190
1780248626441 0.705 191
1780248626443 0.9399999999999998 192
1780248626445 0.9349999999999999 193
1780248626446 0.9199999999999999 194
1780248626448 0.765 195
1780248626450 0.9349999999999999 196
1780248626452 0.915 197
1780248626454 0.9100000000000001 198
1780248626456 0.9299999999999999 199
1780248626458 0.76 200
1780248626459 0.825 201
1780248626461 0.9400000000000001 202
1780248626463 0.905 203
1780248626465 0.925 204
1780248626467 0.945 205
1780248626469 0.9049999999999999 206
1780248626471 0.9450000000000001 207
1780248626473 0.975 208
1780248626475 0.8600000000000001 209
1780248626477 0.95 210
1780248626479 0.8699999999999999 211
1780248626480 0.8550000000000001 212
1780248626482 0.9400000000000001 213
1780248626484 0.925 214
1780248626486 0.9599999999999997 215
1780248626488 0.9349999999999999 216
1780248626490 0.9550000000000001 217
1780248626492 0.9200000000000002 218
1780248626494 0.925 219
1780248626496 0.9049999999999999 220
1780248626498 0.795 221
1780248626499 0.93 222
1780248626501 0.9099999999999999 223
1780248626503 0.9299999999999999 224
1780248626505 0.8400000000000001 225
1780248626507 0.7000000000000001 226
1780248626509 0.9349999999999999 227
1780248626511 0.925 228
1780248626513 0.9199999999999999 229
1780248626515 0.9299999999999999 230
1780248626517 0.9200000000000002 231
1780248626518 0.8699999999999999 232
1780248626520 0.9549999999999998 233
1780248626522 0.9400000000000001 234
1780248626524 0.7900000000000001 235
1780248626526 0.8800000000000001 236
1780248626528 0.785 237
1780248626530 0.9350000000000002 238
1780248626532 0.9049999999999999 239
1780248626534 0.915 240
1780248626535 0.9250000000000002 241
1780248626537 0.945 242
1780248626539 0.9349999999999999 243
1780248626541 0.9649999999999999 244
1780248626543 0.9400000000000001 245
1780248626545 0.8649999999999999 246
1780248626547 0.925 247
1780248626549 0.9499999999999998 248
1780248626551 0.9649999999999999 249
1780248626553 0.925 250
1780248626554 0.96 251
1780248626556 0.8550000000000001 252
1780248626558 0.9550000000000001 253
1780248626560 0.805 254
1780248626562 0.9349999999999999 255
1780248626564 0.96 256
1780248626566 0.9399999999999998 257
1780248626568 0.9249999999999998 258
1780248626570 0.975 259
1780248626571 0.9349999999999999 260
1780248626573 0.9450000000000001 261
1780248626575 0.95 262
1780248626577 0.89 263
1780248626579 0.9049999999999999 264
1780248626581 0.885 265
1780248626583 0.9549999999999998 266
1780248626585 0.93 267
1780248626586 0.9350000000000002 268
1780248626588 0.8949999999999999 269
1780248626590 0.9199999999999999 270
1780248626592 0.9399999999999998 271
1780248626599 0.9349999999999999 272
1780248626602 0.96 273
1780248626603 0.96 274
1780248626605 0.85 275
1780248626607 0.925 276
1780248626609 0.7 277
1780248626611 0.925 278
1780248626613 0.95 279
1780248626615 0.945 280
1780248626617 0.9599999999999997 281
1780248626619 0.925 282
1780248626620 0.945 283
1780248626622 0.9200000000000002 284
1780248626624 0.93 285
1780248626626 0.96 286
1780248626629 0.95 287
1780248626632 0.97 288
1780248626634 0.945 289
1780248626636 0.9349999999999999 290
1780248626638 0.97 291
1780248626640 0.9299999999999999 292
1780248626642 0.775 293
1780248626644 0.9649999999999999 294
1780248626646 0.9349999999999999 295
1780248626647 0.9299999999999999 296
1780248626649 0.9349999999999999 297
1780248626652 0.8400000000000001 298
1780248626654 0.9399999999999998 299
1780248626656 0.915 300
1780248626658 0.95 301
1780248626659 0.9349999999999999 302
1780248626661 0.9399999999999998 303
1780248626663 0.945 304
1780248626665 0.945 305
1780248626667 0.9400000000000001 306
1780248626669 0.8899999999999999 307
1780248626671 0.97 308
1780248626673 0.925 309
1780248626675 0.9400000000000001 310
1780248626677 0.8150000000000001 311
1780248626679 0.9649999999999999 312
1780248626680 0.96 313
