1780120305323 0.0 0
1780120305325 0.03397785282337234 1
1780120305327 0.22438342380266607 2
1780120305329 0.5227039316687038 3
1780120305330 0.5059477720347285 4
1780120305332 0.5542808609829887 5
1780120305334 0.4792083526229868 6
1780120305335 0.42494225710021044 7
1780120305337 0.5533924300161297 8
1780120305339 0.5679826130621725 9
1780120305340 0.5945952694898311 10
1780120305342 0.5280719082504797 11
1780120305344 0.5675319693094629 12
1780120305345 0.639294398242497 13
1780120305347 0.5186588601046432 14
1780120305349 0.5986913451169151 15
1780120305351 0.6157249202410492 16
1780120305352 0.5947176179084074 17
1780120305354 0.6980015278838808 18
1780120305356 0.47028265107212464 19
1780120305357 0.7217720588235295 20
1780120305359 0.7011242986930842 21
1780120305361 0.7216800177750942 22
1780120305363 0.6955146173744652 23
1780120305364 0.688221427695112 24
1780120305366 0.6398791240172909 25
1780120305368 0.7063675576963575 26
1780120305369 0.7441174576758101 27
1780120305371 0.6929851723298015 28
1780120305373 0.7407599457073142 29
1780120305375 0.7600336689424712 30
1780120305376 0.7385072362278244 31
1780120305378 0.7233465608465608 32
1780120305380 0.7447031214399635 33
1780120305381 0.777944586539663 34
1780120305383 0.7438376003081885 35
1780120305385 0.7514339621576464 36
1780120305386 0.7423952496778583 37
1780120305388 0.6888535320733695 38
1780120305390 0.7050554349864695 39
1780120305391 0.7235824220125606 40
1780120305393 0.7984376976597091 41
1780120305395 0.7315404366874955 42
1780120305396 0.7391005029591986 43
1780120305398 0.8054778613199666 44
1780120305400 0.8010779405516247 45
1780120305401 0.7646510352392706 46
1780120305403 0.7208138546041771 47
1780120305405 0.8200510932304411 48
1780120305407 0.8389349222062471 49
1780120305408 0.7515036929762331 50
1780120305410 0.7767694012470888 51
1780120305412 0.8059954950198852 52
1780120305413 0.7722127425808119 53
1780120305415 0.8245490620490621 54
1780120305417 0.7739695530386068 55
1780120305419 0.7699851572951977 56
1780120305420 0.8250879372343902 57
1780120305422 0.8336354617604618 58
1780120305424 0.7946229388684631 59
1780120305425 0.8569370463669832 60
1780120305427 0.8511953971381215 61
1780120305429 0.8368809948221714 62
1780120305430 0.7965004602961676 63
1780120305432 0.8440775401069519 64
1780120305434 0.8542129368216325 65
1780120305435 0.860407523109098 66
1780120305437 0.8146392496392497 67
1780120305439 0.8353501709848459 68
1780120305441 0.8727145985830613 69
1780120305442 0.837155127867202 70
1780120305444 0.8737782862954487 71
1780120305446 0.8586183588027712 72
1780120305447 0.8749639799983049 73
1780120305449 0.8239192343604109 74
1780120305451 0.9020965777615395 75
1780120305453 0.85484264754853 76
1780120305454 0.8014250047887435 77
1780120305456 0.8754294871794872 78
1780120305458 0.8815087853323147 79
1780120305460 0.8356327838441852 80
1780120305461 0.8649366526146711 81
1780120305463 0.8875618776671409 82
1780120305465 0.8420819093187515 83
1780120305466 0.8655898506341029 84
1780120305468 0.8129442648854412 85
1780120305470 0.8453760466810676 86
1780120305471 0.8788849676893156 87
1780120305473 0.8048793243220487 88
1780120305475 0.8329297602981814 89
1780120305476 0.8569219278758086 90
1780120305478 0.8662266172678071 91
1780120305480 0.9088879808216193 92
1780120305482 0.9008600713012477 93
1780120305483 0.8571021766194402 94
1780120305485 0.8488592023918111 95
1780120305487 0.8256456984707758 96
1780120305488 0.8345616230036483 97
1780120305490 0.87673592193043 98
1780120305492 0.9009999357367778 99
1780120305493 0.8980118187625928 100
1780120305495 0.8697380752800392 101
1780120305497 0.7939134199134199 102
1780120305499 0.8424741200828156 103
1780120305500 0.8376632425545469 104
1780120305502 0.8188624892456161 105
1780120305504 0.8815894236482473 106
1780120305505 0.8719651693335904 107
1780120305507 0.8466029826306845 108
1780120305509 0.7802670723461799 109
1780120305510 0.8890191387559809 110
1780120305512 0.8859056062616434 111
1780120305514 0.727940577940578 112
1780120305516 0.8813851506786289 113
1780120305517 0.8598901370022058 114
1780120305519 0.8486581571449993 115
1780120305521 0.9263866737550949 116
1780120305522 0.8626308855141807 117
1780120305524 0.8408148148148149 118
1780120305526 0.9215475828519306 119
1780120305528 0.8947129468996475 120
1780120305530 0.9301161005279999 121
1780120305532 0.9154407758526751 122
1780120305533 0.8651617010440541 123
1780120305535 0.887178201915044 124
1780120305537 0.8491375291375292 125
1780120305538 0.870329124368699 126
1780120305540 0.8998338306337027 127
1780120305542 0.8768788072055671 128
1780120305544 0.8721382757970195 129
1780120305545 0.8987575163204454 130
1780120305547 0.9260252904989749 131
1780120305549 0.8796184220814762 132
1780120305551 0.8941066713606759 133
1780120305552 0.8907921318447635 134
1780120305554 0.8874894196404494 135
1780120305556 0.8811340109166196 136
1780120305558 0.8754138551506973 137
1780120305559 0.8574399540517961 138
1780120305561 0.9135124978220952 139
1780120305563 0.8426120107962213 140
1780120305564 0.8870793405081331 141
1780120305566 0.8991171985908828 142
1780120305568 0.8760989010989011 143
1780120305569 0.9036720032840723 144
1780120305571 0.9203661208072973 145
1780120305573 0.8930976646257976 146
1780120305574 0.9224577078595116 147
1780120305576 0.8960851158645277 148
1780120305578 0.8720136932753466 149
1780120305579 0.9197699668752299 150
1780120305581 0.9046413093009203 151
1780120305583 0.8999741108564638 152
1780120305585 0.9248701298701298 153
1780120305587 0.9263957447967746 154
1780120305589 0.9205080213903744 155
1780120305590 0.9004425509960902 156
1780120305592 0.9211550583919005 157
1780120305594 0.9265516062884485 158
1780120305595 0.9333371307055518 159
1780120305597 0.9110209235209235 160
1780120305599 0.8969804318488528 161
1780120305600 0.9298971861471861 162
1780120305602 0.9565252966175027 163
1780120305604 0.9325973355849516 164
1780120305606 0.9258190931875143 165
1780120305607 0.9390701754385965 166
1780120305609 0.9504511278195489 167
1780120305611 0.9094004415125104 168
1780120305612 0.908012196233693 169
1780120305614 0.955187969924812 170
1780120305616 0.9516933638443934 171
1780120305618 0.9280371066555277 172
1780120305619 0.9325375196885494 173
1780120305621 0.9420394420394421 174
1780120305623 0.9153687248424089 175
1780120305625 0.9119951393635602 176
1780120305626 0.9361955691367457 177
1780120305628 0.9637963485789574 178
1780120305630 0.9721695543205842 179
1780120305632 0.9495252018936229 180
1780120305633 0.9623160173160172 181
1780120305635 0.9150067743088337 182
1780120305637 0.9140134363686995 183
1780120305639 0.9207590034141386 184
1780120305640 0.9538277511961721 185
1780120305642 0.9568520940031238 186
1780120305644 0.9334814308498519 187
1780120305645 0.9128387916431395 188
1780120305647 0.9026934926248427 189
1780120305649 0.9318759018759017 190
1780120305650 0.934671907040328 191
1780120305652 0.9493943191311611 192
1780120305654 0.8932647907647908 193
1780120305655 0.9127326839826839 194
1780120305657 0.9363206930369403 195
1780120305659 0.9438744588744589 196
1780120305660 0.9418813337692054 197
1780120305662 0.9381313131313131 198
1780120305664 0.9472909546593759 199
1780120305665 0.960689223057644 200
1780120305667 0.9520745044429253 201
1780120305669 0.9225120772946861 202
1780120305670 0.9558122579175212 203
1780120305672 0.9301446798815218 204
1780120305674 0.9408944916639426 205
1780120305676 0.9203963786471526 206
1780120305677 0.9570562770562769 207
1780120305679 0.9655122655122655 208
1780120305681 0.914010764010764 209
1780120305682 0.947796665576986 210
1780120305684 0.9427423631542624 211
1780120305686 0.9318398268398269 212
1780120305687 0.933102453102453 213
1780120305689 0.9092534366218576 214
1780120305691 0.928098022834865 215
1780120305692 0.9215079365079365 216
1780120305694 0.9528138528138529 217
1780120305696 0.9378863826232248 218
1780120305698 0.9720562770562771 219
1780120305699 0.9613602187286399 220
1780120305701 0.946764638869902 221
1780120305703 0.9417532467532468 222
1780120305705 0.9574327122153209 223
1780120305706 0.9331166559577355 224
1780120305708 0.9572646449884301 225
1780120305710 0.9201754385964913 226
1780120305711 0.9657142857142855 227
1780120305713 0.9495670995670995 228
1780120305715 0.9519302042986253 229
1780120305717 0.9470573172060586 230
1780120305718 0.970645933014354 231
1780120305720 0.9571946169772257 232
1780120305722 0.9460835058661144 233
1780120305724 0.9668614718614718 234
1780120305725 0.9554655578339789 235
1780120305727 0.924004329004329 236
1780120305729 0.9388795518207284 237
1780120305730 0.956976911976912 238
1780120305732 0.9763852813852815 239
1780120305734 0.9575773920968429 240
1780120305735 0.9411832611832611 241
1780120305737 0.9674076495586794 242
1780120305739 0.966598313966735 243
1780120305740 0.951923076923077 244
1780120305742 0.9679089026915115 245
1780120305744 0.95995670995671 246
1780120305745 0.9411601342186049 247
1780120305747 0.9623160173160172 248
1780120305749 0.9668181818181816 249
1780120305750 0.9617680565048985 250
1780120305752 0.9706892230576442 251
1780120305754 0.9714285714285713 252
1780120305755 0.9766017316017315 253
1780120305757 0.9480848861283644 254
1780120305759 0.9518759018759019 255
1780120305760 0.9609273182957393 256
1780120305762 0.9437169834995922 257
1780120305764 0.9707142857142858 258
1780120305765 0.9437091741210732 259
1780120305767 0.9716233766233767 260
1780120305769 0.952793842313293 261
1780120305770 0.977056277056277 262
1780120305772 0.9574857598541808 263
1780120305774 0.9711904761904762 264
1780120305775 0.9547619047619047 265
1780120305777 0.8891260545745923 266
1780120305779 0.9432900432900432 267
1780120305780 0.975 268
1780120305782 0.9742424242424242 269
1780120305784 0.9577976190476191 270
1780120305786 0.9261631743936644 271
1780120305787 0.9768181818181818 272
1780120305789 0.9657142857142856 273
1780120305791 0.9364179387863599 274
1780120305792 0.9570312143996352 275
1780120305794 0.9424499654934436 276
1780120305796 0.9325893203131056 277
1780120305797 0.9147693096377306 278
1780120305799 0.97157666894509 279
1780120305801 0.9570995670995671 280
1780120305803 0.9286708074534161 281
1780120305804 0.947723855092276 282
1780120305806 0.9385798983625071 283
1780120305808 0.9505147750799925 284
1780120305810 0.9659273182957394 285
1780120305811 0.9610287081339713 286
1780120305813 0.9382900432900433 287
1780120305815 0.9457159610255585 288
1780120305816 0.9709090909090909 289
1780120305818 0.9523392968587476 290
1780120305820 0.9530243428069515 291
1780120305821 0.9761904761904763 292
1780120305823 0.9616233766233766 293
1780120305825 0.9553284726968938 294
1780120305826 0.9467680565048987 295
1780120305828 0.9437763788685849 296
1780120305830 0.9554761904761904 297
1780120305831 0.9802380952380952 298
1780120305833 0.941598313966735 299
1780120305835 0.9561654135338346 300
1780120305837 0.9804511278195489 301
1780120305838 0.9711221234905445 302
1780120305840 0.9474857598541808 303
1780120305842 0.9549498746867167 304
1780120305843 0.9533167404677702 305
1780120305845 0.9428609402293613 306
1780120305847 0.9572943722943721 307
1780120305848 0.941058443209473 308
1780120305850 0.9611221234905445 309
1780120305852 0.9623160173160172 310
1780120305853 0.9322765246449457 311
1780120305855 0.9538109161793372 312
1780120305857 0.9386911334279755 313
