1780133953883 0.0 0
1780133953886 0.9016666666666616 1
1780133953889 0.9305555555555504 2
1780133953891 0.9205555555555505 3
1780133953893 0.9288888888888838 4
1780133953896 0.9561111111111058 5
1780133953898 0.9711111111111055 6
1780133953901 0.9727777777777723 7
1780133953903 0.9799999999999945 8
1780133953906 0.9861111111111056 9
1780133953908 0.9805555555555501 10
1780133953911 0.9772222222222167 11
1780133953913 0.957222222222217 12
1780133953916 0.9838888888888834 13
1780133953918 0.9894444444444389 14
1780133953921 0.9811111111111057 15
1780133953923 0.9827777777777722 16
1780133953925 0.9799999999999945 17
1780133953928 0.9866666666666613 18
1780133953930 0.986666666666661 19
1780133953933 0.9894444444444389 20
1780133953935 0.9877777777777721 21
1780133953938 0.9888888888888834 22
1780133953940 0.98555555555555 23
1780133953943 0.9899999999999946 24
1780133953946 0.9922222222222168 25
1780133953948 0.974444444444439 26
1780133953951 0.9922222222222166 27
1780133953953 0.9911111111111056 28
1780133953956 0.9877777777777721 29
1780133953958 0.9711111111111057 30
1780133953961 0.9877777777777721 31
1780133953963 0.9855555555555501 32
1780133953966 0.9883333333333277 33
1780133953968 0.9844444444444388 34
1780133953971 0.9772222222222169 35
1780133953973 0.9855555555555501 36
1780133953976 0.9883333333333277 37
1780133953978 0.976666666666661 38
1780133953981 0.9755555555555502 39
1780133953983 0.9911111111111055 40
1780133953986 0.9799999999999945 41
1780133953988 0.9705555555555503 42
1780133953991 0.9838888888888835 43
1780133953998 0.9916666666666611 44
1780133954001 0.9894444444444389 45
1780133954003 0.9733333333333279 46
1780133954006 0.9888888888888833 47
1780133954009 0.9811111111111057 48
1780133954011 0.9883333333333277 49
1780133954014 0.9899999999999946 50
1780133954016 0.9872222222222167 51
1780133954019 0.9866666666666613 52
1780133954021 0.9877777777777723 53
1780133954024 0.9938888888888833 54
1780133954026 0.9877777777777721 55
1780133954029 0.9894444444444389 56
1780133954031 0.9883333333333277 57
1780133954034 0.9827777777777722 58
1780133954036 0.9916666666666611 59
1780133954039 0.99055555555555 60
1780133954041 0.9861111111111056 61
1780133954045 0.9883333333333277 62
1780133954047 0.9883333333333277 63
1780133954050 0.9877777777777721 64
1780133954053 0.9894444444444389 65
1780133954055 0.9861111111111056 66
1780133954058 0.9894444444444389 67
1780133954060 0.9944444444444389 68
1780133954063 0.9788888888888833 69
1780133954065 0.9933333333333279 70
1780133954068 0.9822222222222168 71
1780133954070 0.9911111111111055 72
1780133954073 0.9799999999999945 73
1780133954075 0.99055555555555 74
1780133954078 0.9938888888888833 75
1780133954081 0.9927777777777722 76
1780133954083 0.9866666666666613 77
1780133954086 0.9944444444444389 78
1780133954088 0.9961111111111055 79
1780133954091 0.9927777777777722 80
1780133954093 0.9755555555555502 81
1780133954096 0.9811111111111057 82
1780133954098 0.9916666666666611 83
1780133954101 0.9944444444444389 84
1780133954103 0.9899999999999943 85
1780133954106 0.9933333333333279 86
1780133954108 0.9916666666666611 87
1780133954111 0.9938888888888833 88
1780133954113 0.9927777777777722 89
1780133954116 0.9916666666666611 90
1780133954118 0.9805555555555501 91
1780133954121 0.984444444444439 92
1780133954123 0.9727777777777724 93
1780133954126 0.9888888888888834 94
1780133954128 0.9922222222222168 95
1780133954131 0.9899999999999946 96
1780133954133 0.9894444444444389 97
1780133954136 0.9911111111111056 98
1780133954138 0.9899999999999946 99
1780133954141 0.9911111111111056 100
1780133954143 0.9961111111111055 101
1780133954146 0.986666666666661 102
1780133954148 0.99055555555555 103
1780133954151 0.9883333333333277 104
1780133954153 0.9872222222222167 105
1780133954156 0.9916666666666611 106
1780133954158 0.9883333333333277 107
1780133954161 0.9949999999999944 108
1780133954163 0.9894444444444389 109
1780133954166 0.9899999999999946 110
1780133954169 0.9922222222222168 111
1780133954171 0.99055555555555 112
1780133954174 0.9927777777777722 113
1780133954177 0.9944444444444388 114
1780133954180 0.9799999999999945 115
1780133954183 0.99055555555555 116
1780133954186 0.9972222222222167 117
1780133954188 0.9894444444444389 118
1780133954191 0.9877777777777723 119
1780133954193 0.9872222222222167 120
1780133954196 0.9927777777777722 121
1780133954199 0.9916666666666611 122
1780133954201 0.9922222222222168 123
1780133954204 0.9849999999999944 124
1780133954206 0.9938888888888833 125
1780133954209 0.9911111111111056 126
1780133954211 0.9944444444444388 127
1780133954214 0.9916666666666611 128
1780133954216 0.9922222222222168 129
1780133954219 0.9877777777777723 130
1780133954221 0.9949999999999944 131
1780133954224 0.9899999999999946 132
1780133954227 0.9916666666666611 133
1780133954229 0.9938888888888833 134
1780133954232 0.9888888888888833 135
1780133954234 0.9955555555555499 136
1780133954237 0.9955555555555501 137
1780133954239 0.9894444444444389 138
1780133954242 0.9922222222222168 139
1780133954244 0.9866666666666613 140
1780133954247 0.9855555555555501 141
1780133954250 0.9927777777777722 142
1780133954252 0.9877777777777721 143
1780133954255 0.9922222222222168 144
1780133954257 0.9866666666666613 145
1780133954260 0.9899999999999943 146
1780133954262 0.9966666666666611 147
1780133954265 0.9933333333333276 148
1780133954267 0.9877777777777723 149
1780133954270 0.9866666666666613 150
1780133954273 0.9927777777777722 151
1780133954275 0.9711111111111057 152
1780133954278 0.9955555555555501 153
1780133954280 0.9927777777777722 154
1780133954283 0.99055555555555 155
1780133954286 0.9938888888888833 156
1780133954288 0.9899999999999943 157
1780133954291 0.9883333333333277 158
1780133954293 0.9983333333333277 159
1780133954296 0.9977777777777723 160
1780133954299 0.9955555555555501 161
1780133954301 0.9944444444444388 162
1780133954304 0.9961111111111055 163
1780133954306 0.9938888888888833 164
1780133954309 0.9961111111111055 165
1780133954312 0.9949999999999944 166
1780133954314 0.9977777777777721 167
1780133954317 0.9949999999999944 168
1780133954320 0.9972222222222167 169
1780133954322 0.9938888888888833 170
1780133954325 0.9972222222222167 171
1780133954327 0.9949999999999944 172
1780133954330 0.9966666666666611 173
1780133954332 0.9938888888888833 174
1780133954335 0.9955555555555499 175
1780133954338 0.9944444444444388 176
1780133954340 0.9977777777777723 177
1780133954343 0.9972222222222167 178
1780133954345 0.9977777777777721 179
1780133954348 0.9966666666666611 180
1780133954351 0.9977777777777721 181
1780133954353 0.9955555555555499 182
1780133954356 0.9949999999999944 183
1780133954358 0.9961111111111055 184
1780133954361 0.9888888888888834 185
1780133954364 0.9977777777777721 186
1780133954366 0.9888888888888834 187
1780133954369 0.9955555555555499 188
1780133954371 0.9933333333333279 189
1780133954374 0.9966666666666611 190
1780133954376 0.9944444444444389 191
1780133954379 0.996666666666661 192
1780133954381 0.9977777777777723 193
1780133954384 0.9977777777777723 194
1780133954386 0.9961111111111055 195
1780133954389 0.9949999999999944 196
1780133954391 0.9972222222222167 197
1780133954394 0.9927777777777722 198
1780133954396 0.9944444444444389 199
1780133954399 0.9977777777777721 200
1780133954401 0.9961111111111055 201
1780133954404 0.9955555555555501 202
1780133954407 0.9955555555555501 203
1780133954409 0.9955555555555501 204
1780133954412 0.9927777777777722 205
1780133954414 0.9922222222222168 206
1780133954417 0.9944444444444389 207
1780133954419 0.9949999999999944 208
1780133954422 0.9983333333333277 209
1780133954424 0.9955555555555501 210
1780133954427 0.99055555555555 211
1780133954429 0.9949999999999944 212
1780133954432 0.9961111111111055 213
1780133954435 0.9883333333333277 214
1780133954437 0.9972222222222167 215
1780133954440 0.9972222222222167 216
1780133954442 0.9983333333333277 217
1780133954445 0.9955555555555499 218
1780133954447 0.9972222222222167 219
1780133954450 0.9949999999999944 220
1780133954452 0.9883333333333277 221
1780133954455 0.9955555555555499 222
1780133954458 0.9927777777777722 223
1780133954460 0.9877777777777723 224
1780133954463 0.9966666666666611 225
1780133954465 0.996666666666661 226
1780133954468 0.9983333333333277 227
1780133954470 0.9972222222222167 228
1780133954473 0.9833333333333277 229
1780133954475 0.9955555555555501 230
1780133954478 0.9961111111111055 231
1780133954480 0.9883333333333277 232
1780133954483 0.9966666666666611 233
1780133954485 0.9949999999999944 234
1780133954488 0.9949999999999944 235
1780133954491 0.9977777777777723 236
1780133954493 0.9961111111111055 237
1780133954496 0.9988888888888834 238
1780133954498 0.9961111111111055 239
1780133954501 0.9977777777777721 240
1780133954503 0.9972222222222167 241
1780133954506 0.9955555555555499 242
1780133954508 0.9966666666666611 243
1780133954511 0.9955555555555501 244
1780133954513 0.996666666666661 245
1780133954516 0.996666666666661 246
1780133954518 0.9949999999999944 247
1780133954521 0.9966666666666611 248
1780133954523 0.9972222222222167 249
1780133954526 0.9972222222222167 250
1780133954528 0.9988888888888832 251
1780133954531 0.9966666666666611 252
1780133954534 0.996666666666661 253
1780133954536 0.9961111111111055 254
1780133954539 0.9961111111111055 255
1780133954541 0.9972222222222167 256
1780133954544 0.9955555555555499 257
1780133954546 0.9972222222222167 258
1780133954549 0.9977777777777723 259
1780133954551 0.9955555555555499 260
1780133954554 0.9966666666666611 261
1780133954556 0.9944444444444389 262
1780133954559 0.9972222222222167 263
1780133954561 0.9944444444444388 264
1780133954564 0.9977777777777723 265
1780133954566 0.996666666666661 266
1780133954569 0.99055555555555 267
1780133954572 0.9961111111111055 268
1780133954574 0.9938888888888833 269
1780133954577 0.9972222222222167 270
1780133954579 0.9972222222222167 271
1780133954582 0.996666666666661 272
1780133954584 0.9944444444444389 273
1780133954587 0.9961111111111055 274
1780133954589 0.9961111111111055 275
1780133954592 0.9922222222222168 276
1780133954594 0.9983333333333277 277
1780133954597 0.9988888888888834 278
1780133954599 0.9961111111111055 279
1780133954602 0.9983333333333277 280
1780133954604 0.9983333333333277 281
1780133954607 0.9977777777777723 282
1780133954609 0.9972222222222167 283
1780133954612 0.9955555555555499 284
1780133954614 0.9838888888888834 285
1780133954617 0.9977777777777723 286
1780133954619 0.9933333333333279 287
1780133954622 0.9972222222222167 288
1780133954624 0.9949999999999944 289
1780133954627 0.9972222222222167 290
1780133954629 0.9938888888888833 291
1780133954632 0.9966666666666611 292
1780133954634 0.9977777777777723 293
1780133954637 0.9955555555555499 294
1780133954639 0.9977777777777723 295
1780133954642 0.9972222222222167 296
1780133954644 0.9949999999999944 297
1780133954647 0.9955555555555499 298
1780133954649 0.9838888888888834 299
1780133954652 0.9955555555555501 300
1780133954655 0.9955555555555499 301
1780133954657 0.9961111111111055 302
1780133954660 0.9988888888888834 303
1780133954662 0.9988888888888834 304
1780133954665 0.9977777777777723 305
1780133954668 0.9977777777777721 306
1780133954670 0.9961111111111055 307
1780133954673 0.9977777777777723 308
1780133954675 0.9977777777777721 309
1780133954678 0.9966666666666611 310
1780133954680 0.9966666666666611 311
1780133954683 0.9972222222222167 312
1780133954685 0.9977777777777721 313
