1780126209321 0.0 0
1780126209323 0.06999999999999999 1
1780126209324 0.25 2
1780126209326 0.365 3
1780126209328 0.53 4
1780126209330 0.425 5
1780126209332 0.43 6
1780126209334 0.52 7
1780126209335 0.58 8
1780126209337 0.74 9
1780126209339 0.705 10
1780126209341 0.735 11
1780126209343 0.8099999999999999 12
1780126209344 0.575 13
1780126209346 0.8 14
1780126209348 0.805 15
1780126209350 0.8400000000000001 16
1780126209352 0.7849999999999999 17
1780126209354 0.8700000000000001 18
1780126209356 0.8400000000000001 19
1780126209357 0.8400000000000001 20
1780126209359 0.82 21
1780126209361 0.835 22
1780126209363 0.9199999999999999 23
1780126209365 0.8550000000000001 24
1780126209367 0.69 25
1780126209369 0.74 26
1780126209370 0.885 27
1780126209372 0.9299999999999999 28
1780126209374 0.7999999999999999 29
1780126209376 0.8150000000000001 30
1780126209378 0.79 31
1780126209380 0.85 32
1780126209382 0.755 33
1780126209383 0.8300000000000001 34
1780126209385 0.8550000000000001 35
1780126209387 0.865 36
1780126209389 0.5150000000000001 37
1780126209391 0.885 38
1780126209392 0.89 39
1780126209395 0.845 40
1780126209396 0.7849999999999999 41
1780126209398 0.8150000000000001 42
1780126209400 0.8300000000000001 43
1780126209402 0.78 44
1780126209404 0.9100000000000001 45
1780126209405 0.79 46
1780126209407 0.8850000000000001 47
1780126209409 0.6799999999999999 48
1780126209411 0.96 49
1780126209413 0.8799999999999999 50
1780126209415 0.8350000000000002 51
1780126209416 0.86 52
1780126209418 0.8899999999999999 53
1780126209420 0.9199999999999999 54
1780126209422 0.885 55
1780126209424 0.865 56
1780126209426 0.8 57
1780126209427 0.905 58
1780126209429 0.8800000000000001 59
1780126209431 0.9199999999999999 60
1780126209433 0.915 61
1780126209435 0.9 62
1780126209437 0.8299999999999998 63
1780126209439 0.7749999999999999 64
1780126209441 0.8649999999999999 65
1780126209442 0.9099999999999999 66
1780126209444 0.885 67
1780126209446 0.85 68
1780126209448 0.9599999999999997 69
1780126209450 0.925 70
1780126209452 0.925 71
1780126209453 0.9349999999999999 72
1780126209455 0.93 73
1780126209457 0.9199999999999999 74
1780126209459 0.9049999999999999 75
1780126209461 0.945 76
1780126209463 0.9099999999999999 77
1780126209464 0.8549999999999999 78
1780126209466 0.785 79
1780126209468 0.9099999999999999 80
1780126209470 0.945 81
1780126209472 0.835 82
1780126209473 0.9099999999999999 83
1780126209475 0.8949999999999999 84
1780126209477 0.9650000000000001 85
1780126209479 0.9049999999999999 86
1780126209481 0.865 87
1780126209483 0.89 88
1780126209484 0.915 89
1780126209486 0.9299999999999999 90
1780126209488 0.9199999999999999 91
1780126209490 0.835 92
1780126209492 0.95 93
1780126209493 0.8149999999999998 94
1780126209495 0.95 95
1780126209497 0.915 96
1780126209499 0.9099999999999999 97
1780126209501 0.8550000000000001 98
1780126209503 0.9049999999999999 99
1780126209505 0.945 100
1780126209506 0.915 101
1780126209508 0.8949999999999999 102
1780126209510 0.9199999999999999 103
1780126209512 0.9349999999999999 104
1780126209514 0.905 105
1780126209516 0.9149999999999998 106
1780126209518 0.8000000000000002 107
1780126209519 0.9199999999999999 108
1780126209521 0.865 109
1780126209523 0.86 110
1780126209525 0.8950000000000001 111
1780126209527 0.9349999999999999 112
1780126209529 0.9450000000000001 113
1780126209531 0.915 114
1780126209532 0.915 115
1780126209534 0.9499999999999998 116
1780126209536 0.9199999999999999 117
1780126209538 0.89 118
1780126209540 0.89 119
1780126209542 0.8099999999999999 120
1780126209544 0.9299999999999999 121
1780126209546 0.9400000000000001 122
1780126209547 0.9099999999999998 123
1780126209549 0.9400000000000001 124
1780126209551 0.9 125
1780126209553 0.7799999999999999 126
1780126209555 0.9 127
1780126209557 0.8949999999999999 128
1780126209558 0.9400000000000001 129
1780126209560 0.905 130
1780126209562 0.8550000000000001 131
1780126209564 0.9 132
1780126209566 0.9 133
1780126209567 0.9450000000000001 134
1780126209569 0.93 135
1780126209571 0.9650000000000001 136
1780126209573 0.9099999999999999 137
1780126209575 0.8550000000000001 138
1780126209577 0.74 139
1780126209579 0.9049999999999999 140
1780126209580 0.945 141
1780126209582 0.9349999999999999 142
1780126209584 0.8150000000000001 143
1780126209586 0.34500000000000003 144
1780126209588 0.925 145
1780126209590 0.925 146
1780126209592 0.9299999999999999 147
1780126209593 0.9249999999999998 148
1780126209595 0.9049999999999999 149
1780126209597 0.9349999999999999 150
1780126209599 0.9399999999999998 151
1780126209601 0.8550000000000001 152
1780126209603 0.9400000000000001 153
1780126209604 0.9199999999999999 154
1780126209606 0.9400000000000001 155
1780126209608 0.9099999999999999 156
1780126209610 0.9349999999999999 157
1780126209612 0.975 158
1780126209614 0.9449999999999997 159
1780126209616 0.9400000000000001 160
1780126209617 0.9549999999999998 161
1780126209619 0.9099999999999999 162
1780126209621 0.9549999999999998 163
1780126209623 0.9349999999999999 164
1780126209625 0.9550000000000001 165
1780126209627 0.95 166
1780126209628 0.95 167
1780126209630 0.9700000000000001 168
1780126209632 0.9499999999999998 169
1780126209634 0.9800000000000001 170
1780126209636 0.975 171
1780126209638 0.9600000000000002 172
1780126209640 0.95 173
1780126209641 0.8950000000000001 174
1780126209643 0.9349999999999999 175
1780126209645 0.9349999999999999 176
1780126209647 0.9450000000000001 177
1780126209649 0.9599999999999997 178
1780126209651 0.96 179
1780126209652 0.97 180
1780126209654 0.975 181
1780126209656 0.9349999999999999 182
1780126209658 0.9650000000000001 183
1780126209660 0.9350000000000002 184
1780126209661 0.985 185
1780126209663 0.9649999999999999 186
1780126209665 0.9549999999999998 187
1780126209667 0.9400000000000001 188
1780126209669 0.9349999999999999 189
1780126209670 0.9550000000000001 190
1780126209672 0.9399999999999998 191
1780126209674 0.8949999999999999 192
1780126209676 0.95 193
1780126209678 0.9599999999999997 194
1780126209680 0.9550000000000001 195
1780126209682 0.9549999999999998 196
1780126209684 0.96 197
1780126209685 0.97 198
1780126209687 0.9649999999999999 199
1780126209689 0.9649999999999999 200
1780126209691 0.975 201
1780126209693 0.9349999999999999 202
1780126209695 0.97 203
1780126209696 0.9099999999999999 204
1780126209698 0.925 205
1780126209700 0.96 206
1780126209702 0.96 207
1780126209704 0.96 208
1780126209706 0.95 209
1780126209708 0.805 210
1780126209709 0.945 211
1780126209711 0.945 212
1780126209713 0.9349999999999999 213
1780126209715 0.9549999999999998 214
1780126209717 0.9549999999999998 215
1780126209719 0.9149999999999998 216
1780126209721 0.9349999999999999 217
1780126209723 0.97 218
1780126209724 0.9899999999999999 219
1780126209726 0.9700000000000001 220
1780126209728 0.9149999999999998 221
1780126209730 0.99 222
1780126209732 0.96 223
1780126209733 0.975 224
1780126209735 0.95 225
1780126209737 0.945 226
1780126209739 0.97 227
1780126209741 0.9549999999999998 228
1780126209743 0.8700000000000001 229
1780126209744 0.9650000000000001 230
1780126209746 0.9649999999999999 231
1780126209748 0.96 232
1780126209750 0.9650000000000001 233
1780126209752 0.9399999999999998 234
1780126209753 0.95 235
1780126209755 0.9549999999999998 236
1780126209757 0.9549999999999998 237
1780126209759 0.9700000000000001 238
1780126209761 0.9650000000000001 239
1780126209763 0.885 240
1780126209764 0.9549999999999998 241
1780126209766 0.9799999999999999 242
1780126209768 0.9649999999999999 243
1780126209770 0.9549999999999998 244
1780126209772 0.975 245
1780126209774 0.97 246
1780126209775 0.9800000000000001 247
1780126209777 0.8699999999999999 248
1780126209779 0.985 249
1780126209781 0.9549999999999998 250
1780126209783 0.9550000000000001 251
1780126209785 0.9800000000000001 252
1780126209786 0.97 253
1780126209788 0.925 254
1780126209790 0.9700000000000001 255
1780126209792 0.975 256
1780126209794 0.9499999999999998 257
1780126209796 0.9649999999999999 258
1780126209797 0.945 259
1780126209799 0.9649999999999999 260
1780126209801 0.9650000000000001 261
1780126209803 0.97 262
1780126209805 0.9549999999999998 263
1780126209807 0.9799999999999999 264
1780126209809 0.9799999999999999 265
1780126209810 0.95 266
1780126209812 0.97 267
1780126209814 0.9899999999999999 268
1780126209816 0.9949999999999999 269
1780126209818 0.975 270
1780126209820 0.97 271
1780126209822 0.95 272
1780126209824 0.9649999999999999 273
1780126209825 0.9099999999999999 274
1780126209827 0.9400000000000001 275
1780126209829 0.96 276
1780126209831 0.9349999999999999 277
1780126209833 0.9299999999999999 278
1780126209834 0.9450000000000001 279
1780126209836 0.9400000000000001 280
1780126209838 0.9649999999999999 281
1780126209840 0.945 282
1780126209842 0.985 283
1780126209844 0.95 284
1780126209845 0.9749999999999999 285
1780126209847 0.9799999999999999 286
1780126209849 0.9499999999999998 287
1780126209851 0.945 288
1780126209853 0.9949999999999999 289
1780126209865 0.9650000000000001 290
1780126209867 0.9700000000000001 291
1780126209869 0.97 292
1780126209870 0.96 293
1780126209872 0.975 294
1780126209874 0.97 295
1780126209876 0.8699999999999999 296
1780126209878 0.975 297
1780126209880 0.985 298
1780126209882 0.9549999999999998 299
1780126209883 0.96 300
1780126209885 0.9899999999999999 301
1780126209887 0.97 302
1780126209889 0.9650000000000001 303
1780126209891 0.9400000000000001 304
1780126209893 0.975 305
1780126209895 0.9800000000000001 306
1780126209897 0.9599999999999997 307
1780126209898 0.96 308
1780126209900 0.8699999999999999 309
1780126209902 0.905 310
1780126209904 0.9299999999999999 311
1780126209906 0.985 312
1780126209908 0.9800000000000001 313
