1780560183890 0.0 0
1780560183893 0.4444444444444444 1
1780560183895 0.40946852166950254 2
1780560183898 0.4444444444444444 3
1780560183901 0.43342776203966005 4
1780560183903 0.4520547945205479 5
1780560183906 0.528931013933426 6
1780560183908 0.4609164420485175 7
1780560183911 0.43977591036414565 8
1780560183914 0.5404411764705883 9
1780560183916 0.18648954793533107 10
1780560183919 0.44598337950138506 11
1780560183921 0.44751381215469616 12
1780560183924 0.43977591036414565 13
1780560183927 0.44598337950138506 14
1780560183929 0.5137046861184793 15
1780560183932 0.4444444444444444 16
1780560183935 0.42857142857142855 17
1780560183937 0.4550408719346049 18
1780560183940 0.43977591036414565 19
1780560183942 0.45799457994579945 20
1780560183945 0.453551912568306 21
1780560183948 0.4520547945205479 22
1780560183950 0.4 23
1780560183953 0.43661971830985913 24
1780560183956 0.45054945054945056 25
1780560183958 0.4428969359331476 26
1780560183961 0.5866819747416763 27
1780560183963 0.453551912568306 28
1780560183966 0.42857142857142855 29
1780560183968 0.4550408719346049 30
1780560183971 0.44598337950138506 31
1780560183974 0.4444444444444444 32
1780560183976 0.4520547945205479 33
1780560183979 0.44598337950138506 34
1780560183981 0.4609164420485175 35
1780560183984 0.44598337950138506 36
1780560183987 0.43820224719101125 37
1780560183989 0.46583284476581327 38
1780560183992 0.4444444444444444 39
1780560183994 0.47659203256760685 40
1780560183997 0.48806869787796214 41
1780560184000 0.43342776203966005 42
1780560184002 0.4428969359331476 43
1780560184005 0.45054945054945056 44
1780560184007 0.45799457994579945 45
1780560184010 0.45054945054945056 46
1780560184013 0.5028055969884225 47
1780560184015 0.4350282485875706 48
1780560184018 0.4350282485875706 49
1780560184021 0.45054945054945056 50
1780560184023 0.4490358126721763 51
1780560184026 0.4791666666666667 52
1780560184028 0.441340782122905 53
1780560184031 0.4444444444444444 54
1780560184034 0.4444444444444444 55
1780560184036 0.5725433669665491 56
1780560184039 0.43977591036414565 57
1780560184042 0.453551912568306 58
1780560184044 0.4520547945205479 59
1780560184047 0.5290087775636908 60
1780560184050 0.45054945054945056 61
1780560184052 0.5718261614215371 62
1780560184055 0.5265151515151515 63
1780560184057 0.4972484543786942 64
1780560184060 0.4810744810744811 65
1780560184062 0.4520547945205479 66
1780560184065 0.5905902882647068 67
1780560184068 0.441340782122905 68
1780560184070 0.5975855130784709 69
1780560184073 0.43342776203966005 70
1780560184076 0.6666666666666667 71
1780560184078 0.4694960212201591 72
1780560184081 0.6523432067862607 73
1780560184083 0.48164667590862514 74
1780560184086 0.5028409090909092 75
1780560184089 0.6397302165807883 76
1780560184091 0.6215027364329191 77
1780560184094 0.4318181818181818 78
1780560184096 0.43661971830985913 79
1780560184099 0.4444444444444444 80
1780560184102 0.4269340974212034 81
1780560184104 0.3405032467532467 82
1780560184107 0.42065293979487983 83
1780560184109 0.4520547945205479 84
1780560184112 0.43820224719101125 85
1780560184115 0.4428969359331476 86
1780560184117 0.4444444444444444 87
1780560184120 0.47222222222222227 88
1780560184122 0.45753721897414257 89
1780560184125 0.45753721897414257 90
1780560184128 0.6054817275747508 91
1780560184130 0.5541297373715405 92
1780560184133 0.43977591036414565 93
1780560184136 0.4444444444444444 94
1780560184138 0.47659203256760685 95
1780560184141 0.7035573122529644 96
1780560184144 0.4490358126721763 97
1780560184146 0.4490358126721763 98
1780560184149 0.4428969359331476 99
1780560184151 0.45054945054945056 100
1780560184154 0.43820224719101125 101
1780560184157 0.45054945054945056 102
1780560184159 0.4490358126721763 103
1780560184162 0.46236559139784944 104
1780560184164 0.4490358126721763 105
1780560184167 0.45652173913043476 106
1780560184170 0.4520547945205479 107
1780560184172 0.42857142857142855 108
1780560184175 0.4595922377794154 109
1780560184177 0.5800176834659593 110
1780560184180 0.6918335901386748 111
1780560184183 0.5347469183668012 112
1780560184185 0.4428969359331476 113
1780560184188 0.4269340974212034 114
1780560184191 0.49454642192072357 115
1780560184193 0.4534565963137392 116
1780560184196 0.6463306808134395 117
1780560184198 0.44751381215469616 118
1780560184201 0.42528735632183906 119
1780560184204 0.6719518862766539 120
1780560184206 0.45799457994579945 121
1780560184209 0.4269340974212034 122
1780560184211 0.4444444444444444 123
1780560184214 0.43661971830985913 124
1780560184217 0.47222222222222227 125
1780560184220 0.6100131752305665 126
1780560184222 0.6536796536796536 127
1780560184225 0.546772068511199 128
1780560184228 0.4833659491193738 129
1780560184230 0.6753246753246753 130
1780560184233 0.39849624060150374 131
1780560184236 0.5244242136014675 132
1780560184238 0.4444444444444444 133
1780560184241 0.5718261614215371 134
1780560184243 0.6104336043360433 135
1780560184246 0.511737089201878 136
1780560184248 0.5277777777777778 137
1780560184251 0.43342776203966005 138
1780560184254 0.4972484543786942 139
1780560184256 0.6491683991683992 140
1780560184259 0.4444444444444444 141
1780560184261 0.44598337950138506 142
1780560184264 0.43977591036414565 143
1780560184267 0.45652173913043476 144
1780560184269 0.4301994301994302 145
1780560184272 0.44751381215469616 146
1780560184274 0.5277777777777778 147
1780560184277 0.5028055969884225 148
1780560184280 0.6820349761526232 149
1780560184282 0.4318181818181818 150
1780560184285 0.4428969359331476 151
1780560184287 0.4318181818181818 152
1780560184290 0.47428571428571425 153
1780560184293 0.43977591036414565 154
1780560184295 0.5403472931562819 155
1780560184298 0.4916003536693192 156
1780560184300 0.5016611295681063 157
1780560184303 0.4791666666666667 158
1780560184306 0.4350282485875706 159
1780560184308 0.43820224719101125 160
1780560184311 0.5179467135691486 161
1780560184313 0.44751381215469616 162
1780560184316 0.5803066989507668 163
1780560184319 0.4490358126721763 164
1780560184321 0.44751381215469616 165
1780560184324 0.43342776203966005 166
1780560184327 0.43661971830985913 167
1780560184329 0.4318181818181818 168
1780560184332 0.5718261614215371 169
1780560184334 0.46803069053708435 170
1780560184337 0.6799999999999999 171
1780560184340 0.4490358126721763 172
1780560184342 0.45054945054945056 173
1780560184345 0.4301994301994302 174
1780560184347 0.47881766063584247 175
1780560184350 0.44598337950138506 176
1780560184353 0.4444444444444444 177
1780560184355 0.42528735632183906 178
1780560184358 0.44751381215469616 179
1780560184361 0.6456413890857547 180
1780560184363 0.43661971830985913 181
1780560184366 0.44598337950138506 182
1780560184368 0.6671697821123108 183
1780560184371 0.5866819747416763 184
1780560184374 0.43820224719101125 185
1780560184376 0.42028985507246375 186
1780560184379 0.4943536153716501 187
1780560184381 0.7063781197324779 188
1780560184384 0.441340782122905 189
1780560184387 0.5721726190476191 190
1780560184389 0.5645073489384866 191
1780560184392 0.6443089430894309 192
1780560184394 0.5028055969884225 193
1780560184397 0.4490358126721763 194
1780560184400 0.43977591036414565 195
1780560184402 0.48669796557120504 196
1780560184405 0.4428969359331476 197
1780560184407 0.6254269031618376 198
1780560184410 0.5601248018004195 199
1780560184413 0.5659722222222222 200
1780560184415 0.4550408719346049 201
1780560184418 0.5096766750310058 202
1780560184421 0.5821279331404693 203
1780560184423 0.43977591036414565 204
1780560184426 0.6397302165807883 205
1780560184429 0.3189102564102564 206
1780560184431 0.43342776203966005 207
1780560184434 0.5658835546475995 208
1780560184436 0.6683250414593698 209
1780560184439 0.563826693806339 210
1780560184442 0.4791666666666667 211
1780560184444 0.6470588235294118 212
1780560184447 0.48669796557120504 213
1780560184449 0.5459882583170255 214
1780560184452 0.47439448824490377 215
1780560184454 0.49454642192072357 216
1780560184457 0.4595922377794154 217
1780560184460 0.5868544600938967 218
1780560184462 0.5403472931562819 219
1780560184465 0.441340782122905 220
1780560184467 0.4520547945205479 221
1780560184470 0.47222222222222227 222
1780560184473 0.4473916887709991 223
1780560184475 0.5882352941176471 224
1780560184478 0.5332842053549496 225
1780560184480 0.5590230664857531 226
1780560184483 0.5601248018004195 227
1780560184486 0.5539750467120729 228
1780560184488 0.5975378787878788 229
1780560184491 0.5106301995541297 230
1780560184493 0.5783475783475784 231
1780560184496 0.7086834733893557 232
1780560184499 0.47222222222222227 233
1780560184501 0.491889779167481 234
1780560184504 0.4520547945205479 235
1780560184506 0.5805841133445859 236
1780560184509 0.44598337950138506 237
1780560184512 0.5816372682044324 238
1780560184514 0.5841191546980028 239
1780560184517 0.6759928193003196 240
1780560184519 0.441340782122905 241
1780560184522 0.563953488372093 242
1780560184525 0.5758795062802458 243
1780560184527 0.6078431372549019 244
1780560184530 0.44598337950138506 245
1780560184532 0.6973285958678774 246
1780560184535 0.5312167057319412 247
1780560184538 0.49997092854235714 248
1780560184540 0.5403472931562819 249
1780560184543 0.47222222222222227 250
1780560184546 0.5771670190274841 251
1780560184548 0.48569591771134685 252
1780560184551 0.6633593196314671 253
1780560184553 0.6975196612220206 254
1780560184556 0.6665645946037904 255
1780560184558 0.6228057449586537 256
1780560184561 0.44751381215469616 257
1780560184564 0.45054945054945056 258
1780560184566 0.6201800016513913 259
1780560184569 0.5367762128325508 260
1780560184572 0.6009577015163607 261
1780560184574 0.4444444444444444 262
1780560184577 0.5821279331404693 263
1780560184579 0.4637385086823289 264
1780560184582 0.4637385086823289 265
1780560184584 0.516031457955233 266
1780560184587 0.4350282485875706 267
1780560184590 0.6419620479770856 268
1780560184592 0.6677740863787375 269
1780560184595 0.4350282485875706 270
1780560184597 0.5726495726495726 271
1780560184600 0.5211492418196328 272
1780560184603 0.6417910447761195 273
1780560184605 0.6504128744500031 274
1780560184608 0.441340782122905 275
1780560184610 0.52 276
1780560184613 0.6182477572055736 277
1780560184616 0.5543293718166383 278
1780560184618 0.6062167483557455 279
1780560184621 0.6448863636363636 280
1780560184623 0.6381327650677495 281
1780560184626 0.5298655897775902 282
1780560184629 0.68083563034963 283
1780560184631 0.5868544600938967 284
1780560184634 0.45054945054945056 285
1780560184637 0.4520547945205479 286
1780560184639 0.48669796557120504 287
1780560184642 0.5421245421245421 288
1780560184644 0.7079741886863549 289
1780560184647 0.5244242136014675 290
1780560184650 0.491889779167481 291
1780560184652 0.511737089201878 292
1780560184655 0.47439448824490377 293
1780560184657 0.5718261614215371 294
1780560184660 0.6536796536796536 295
1780560184663 0.6033177064551027 296
1780560184674 0.5211492418196328 297
1780560184677 0.44598337950138506 298
