1780137874918 0.0 0
1780137874921 0.899999999999995 1
1780137874923 0.9155555555555506 2
1780137874925 0.926111111111106 3
1780137874928 0.931111111111106 4
1780137874930 0.9483333333333279 5
1780137874932 0.942222222222217 6
1780137874935 0.9499999999999946 7
1780137874937 0.9494444444444392 8
1780137874939 0.957222222222217 9
1780137874942 0.9616666666666613 10
1780137874944 0.9638888888888836 11
1780137874946 0.96555555555555 12
1780137874948 0.9616666666666612 13
1780137874951 0.9611111111111057 14
1780137874953 0.9711111111111055 15
1780137874955 0.9527777777777724 16
1780137874958 0.9577777777777724 17
1780137874960 0.9644444444444391 18
1780137874962 0.9622222222222169 19
1780137874964 0.9683333333333278 20
1780137874967 0.9644444444444391 21
1780137874969 0.969444444444439 22
1780137874971 0.9649999999999945 23
1780137874983 0.9661111111111056 24
1780137874986 0.9738888888888834 25
1780137874988 0.9627777777777725 26
1780137874991 0.9672222222222169 27
1780137874993 0.9661111111111056 28
1780137874995 0.949444444444439 29
1780137874997 0.9616666666666613 30
1780137874999 0.9661111111111058 31
1780137875002 0.9672222222222169 32
1780137875004 0.974444444444439 33
1780137875006 0.9638888888888836 34
1780137875008 0.9566666666666613 35
1780137875011 0.9549999999999947 36
1780137875013 0.9622222222222169 37
1780137875015 0.9727777777777724 38
1780137875018 0.9627777777777725 39
1780137875020 0.9611111111111057 40
1780137875022 0.978333333333328 41
1780137875024 0.9644444444444391 42
1780137875027 0.9672222222222169 43
1780137875029 0.9699999999999946 44
1780137875031 0.9811111111111057 45
1780137875034 0.9716666666666613 46
1780137875036 0.96555555555555 47
1780137875038 0.9783333333333278 48
1780137875041 0.9749999999999946 49
1780137875043 0.9749999999999946 50
1780137875045 0.9677777777777724 51
1780137875047 0.9761111111111056 52
1780137875050 0.9755555555555502 53
1780137875052 0.9772222222222167 54
1780137875054 0.9799999999999945 55
1780137875057 0.9727777777777724 56
1780137875059 0.9805555555555501 57
1780137875061 0.9788888888888835 58
1780137875063 0.9749999999999945 59
1780137875066 0.98555555555555 60
1780137875068 0.968333333333328 61
1780137875070 0.9777777777777723 62
1780137875073 0.9749999999999945 63
1780137875075 0.9766666666666612 64
1780137875077 0.9772222222222167 65
1780137875079 0.9811111111111057 66
1780137875082 0.9722222222222168 67
1780137875084 0.9772222222222169 68
1780137875086 0.9833333333333278 69
1780137875088 0.9799999999999945 70
1780137875091 0.9711111111111057 71
1780137875093 0.9838888888888834 72
1780137875095 0.9783333333333278 73
1780137875097 0.9794444444444389 74
1780137875099 0.9761111111111056 75
1780137875102 0.9833333333333278 76
1780137875104 0.9683333333333278 77
1780137875106 0.959444444444439 78
1780137875109 0.9844444444444388 79
1780137875111 0.9838888888888834 80
1780137875113 0.9833333333333278 81
1780137875115 0.9777777777777722 82
1780137875118 0.9816666666666611 83
1780137875120 0.9827777777777722 84
1780137875122 0.9883333333333277 85
1780137875124 0.9811111111111057 86
1780137875127 0.9399999999999947 87
1780137875129 0.9799999999999945 88
1780137875131 0.9822222222222166 89
1780137875133 0.9805555555555501 90
1780137875136 0.9727777777777723 91
1780137875138 0.9849999999999944 92
1780137875140 0.9766666666666612 93
1780137875143 0.9827777777777722 94
1780137875145 0.9783333333333278 95
1780137875147 0.9816666666666611 96
1780137875149 0.9794444444444389 97
1780137875152 0.9699999999999946 98
1780137875154 0.98555555555555 99
1780137875162 0.9811111111111055 100
1780137875164 0.986666666666661 101
1780137875166 0.9811111111111057 102
1780137875169 0.9761111111111056 103
1780137875171 0.9822222222222168 104
1780137875173 0.98555555555555 105
1780137875175 0.9849999999999944 106
1780137875177 0.9549999999999945 107
1780137875180 0.984444444444439 108
1780137875182 0.9799999999999945 109
1780137875184 0.9866666666666613 110
1780137875186 0.9811111111111057 111
1780137875188 0.9822222222222168 112
1780137875191 0.9872222222222167 113
1780137875193 0.9811111111111057 114
1780137875195 0.9788888888888835 115
1780137875197 0.9822222222222168 116
1780137875200 0.9861111111111056 117
1780137875202 0.9816666666666611 118
1780137875204 0.9816666666666611 119
1780137875207 0.9822222222222168 120
1780137875209 0.9861111111111056 121
1780137875211 0.9838888888888834 122
1780137875213 0.9861111111111056 123
1780137875216 0.9838888888888834 124
1780137875218 0.9855555555555501 125
1780137875220 0.9883333333333277 126
1780137875222 0.9877777777777721 127
1780137875225 0.9683333333333278 128
1780137875227 0.9777777777777723 129
1780137875229 0.9866666666666613 130
1780137875231 0.984444444444439 131
1780137875234 0.9849999999999944 132
1780137875236 0.976666666666661 133
1780137875238 0.9866666666666613 134
1780137875241 0.9916666666666611 135
1780137875243 0.986666666666661 136
1780137875245 0.9816666666666611 137
1780137875248 0.9633333333333279 138
1780137875250 0.9888888888888833 139
1780137875253 0.9811111111111057 140
1780137875255 0.9699999999999944 141
1780137875257 0.9872222222222167 142
1780137875259 0.9872222222222167 143
1780137875262 0.9838888888888834 144
1780137875264 0.9861111111111056 145
1780137875266 0.9794444444444389 146
1780137875268 0.9899999999999943 147
1780137875271 0.9877777777777723 148
1780137875273 0.9783333333333278 149
1780137875275 0.9866666666666613 150
1780137875277 0.9799999999999945 151
1780137875279 0.9822222222222166 152
1780137875282 0.99055555555555 153
1780137875284 0.9799999999999944 154
1780137875286 0.9816666666666611 155
1780137875288 0.9877777777777723 156
1780137875290 0.9888888888888833 157
1780137875293 0.9861111111111056 158
1780137875295 0.9899999999999943 159
1780137875297 0.9872222222222167 160
1780137875300 0.9933333333333276 161
1780137875302 0.99055555555555 162
1780137875304 0.99055555555555 163
1780137875306 0.9888888888888833 164
1780137875309 0.9883333333333277 165
1780137875311 0.9938888888888833 166
1780137875313 0.9927777777777722 167
1780137875315 0.9877777777777723 168
1780137875318 0.9922222222222168 169
1780137875320 0.99055555555555 170
1780137875322 0.9494444444444392 171
1780137875325 0.9894444444444389 172
1780137875327 0.9888888888888833 173
1780137875329 0.9911111111111055 174
1780137875332 0.99055555555555 175
1780137875335 0.9883333333333277 176
1780137875337 0.9922222222222166 177
1780137875339 0.9838888888888835 178
1780137875342 0.9955555555555501 179
1780137875344 0.9927777777777722 180
1780137875346 0.9922222222222168 181
1780137875349 0.984444444444439 182
1780137875351 0.9911111111111055 183
1780137875354 0.9944444444444389 184
1780137875356 0.9927777777777722 185
1780137875358 0.9922222222222168 186
1780137875361 0.9916666666666611 187
1780137875363 0.9861111111111056 188
1780137875365 0.9822222222222168 189
1780137875367 0.9927777777777722 190
1780137875370 0.9916666666666611 191
1780137875372 0.9933333333333279 192
1780137875374 0.9938888888888833 193
1780137875376 0.9911111111111055 194
1780137875379 0.9949999999999944 195
1780137875381 0.9899999999999946 196
1780137875383 0.9927777777777722 197
1780137875385 0.9944444444444389 198
1780137875387 0.9944444444444388 199
1780137875390 0.9916666666666611 200
1780137875392 0.9938888888888833 201
1780137875395 0.9894444444444389 202
1780137875397 0.9961111111111055 203
1780137875399 0.9938888888888833 204
1780137875401 0.986666666666661 205
1780137875404 0.9922222222222168 206
1780137875406 0.9944444444444389 207
1780137875408 0.9933333333333279 208
1780137875410 0.9916666666666611 209
1780137875413 0.9922222222222166 210
1780137875415 0.9911111111111055 211
1780137875417 0.9861111111111056 212
1780137875419 0.9933333333333279 213
1780137875422 0.9816666666666611 214
1780137875424 0.99055555555555 215
1780137875426 0.9938888888888833 216
1780137875428 0.9922222222222168 217
1780137875431 0.9938888888888833 218
1780137875433 0.9927777777777722 219
1780137875435 0.9944444444444389 220
1780137875438 0.9944444444444389 221
1780137875440 0.9944444444444389 222
1780137875442 0.9944444444444389 223
1780137875445 0.9944444444444388 224
1780137875447 0.9955555555555501 225
1780137875449 0.9883333333333277 226
1780137875452 0.9949999999999944 227
1780137875454 0.9927777777777722 228
1780137875456 0.9961111111111055 229
1780137875459 0.9933333333333276 230
1780137875461 0.9955555555555499 231
1780137875463 0.9911111111111056 232
1780137875465 0.9922222222222166 233
1780137875468 0.9944444444444388 234
1780137875470 0.9899999999999943 235
1780137875472 0.9916666666666611 236
1780137875474 0.9938888888888833 237
1780137875477 0.9933333333333279 238
1780137875479 0.9894444444444389 239
1780137875481 0.9949999999999944 240
1780137875483 0.9927777777777722 241
1780137875486 0.9916666666666611 242
1780137875488 0.9955555555555499 243
1780137875490 0.9922222222222168 244
1780137875493 0.996666666666661 245
1780137875495 0.9972222222222167 246
1780137875497 0.9949999999999944 247
1780137875499 0.9916666666666611 248
1780137875502 0.98555555555555 249
1780137875504 0.9949999999999944 250
1780137875506 0.9949999999999944 251
1780137875509 0.9638888888888836 252
1780137875511 0.9922222222222166 253
1780137875513 0.9916666666666611 254
1780137875515 0.9944444444444389 255
1780137875518 0.9938888888888833 256
1780137875520 0.9938888888888833 257
1780137875522 0.9961111111111055 258
1780137875524 0.9933333333333276 259
1780137875527 0.9944444444444388 260
1780137875529 0.9938888888888833 261
1780137875531 0.9961111111111055 262
1780137875534 0.9927777777777722 263
1780137875536 0.9961111111111055 264
1780137875538 0.9944444444444389 265
1780137875541 0.9922222222222166 266
1780137875543 0.9961111111111055 267
1780137875545 0.9961111111111055 268
1780137875548 0.9977777777777721 269
1780137875550 0.9966666666666611 270
1780137875552 0.9955555555555499 271
1780137875555 0.9938888888888833 272
1780137875557 0.9933333333333276 273
1780137875559 0.9922222222222168 274
1780137875562 0.9961111111111055 275
1780137875564 0.9938888888888833 276
1780137875566 0.9955555555555499 277
1780137875569 0.9916666666666611 278
1780137875571 0.9944444444444389 279
1780137875573 0.9927777777777722 280
1780137875575 0.9949999999999944 281
1780137875578 0.9933333333333276 282
1780137875580 0.9955555555555501 283
1780137875582 0.9955555555555501 284
1780137875585 0.9955555555555499 285
1780137875587 0.9955555555555501 286
1780137875589 0.9938888888888833 287
1780137875592 0.9949999999999944 288
1780137875594 0.9961111111111055 289
1780137875596 0.9949999999999944 290
1780137875599 0.9911111111111056 291
1780137875601 0.9966666666666611 292
1780137875603 0.9955555555555501 293
1780137875605 0.9944444444444388 294
1780137875608 0.9933333333333276 295
1780137875610 0.9938888888888833 296
1780137875612 0.9933333333333276 297
1780137875615 0.9972222222222167 298
1780137875617 0.9955555555555501 299
1780137875619 0.9955555555555501 300
1780137875621 0.9977777777777723 301
1780137875624 0.9961111111111055 302
1780137875626 0.9949999999999944 303
1780137875628 0.9961111111111055 304
1780137875631 0.996666666666661 305
1780137875633 0.9927777777777722 306
1780137875635 0.9944444444444389 307
1780137875638 0.99055555555555 308
1780137875640 0.9961111111111055 309
1780137875643 0.9927777777777722 310
1780137875645 0.9894444444444389 311
1780137875647 0.996666666666661 312
1780137875649 0.9927777777777722 313
