1780266705129 0.0 0
1780266705130 0.14266304347826086 1
1780266705132 0.6013745704467354 2
1780266705134 0.7338418305901244 3
1780266705135 0.7131263232180663 4
1780266705137 0.7851264552388599 5
1780266705138 0.7686688311688312 6
1780266705140 0.7461013645224172 7
1780266705141 0.8073085707416757 8
1780266705143 0.7622011136586964 9
1780266705145 0.7764423076923077 10
1780266705147 0.7901402080506559 11
1780266705149 0.8208128078817734 12
1780266705150 0.8373333333333333 13
1780266705152 0.8353858784893268 14
1780266705153 0.7651909722222222 15
1780266705155 0.8186868686868687 16
1780266705156 0.8047498949138294 17
1780266705158 0.8063938618925831 18
1780266705160 0.8090909090909091 19
1780266705161 0.8170698743073388 20
1780266705163 0.7946282345234196 21
1780266705164 0.8163340724316335 22
1780266705166 0.8225402862576319 23
1780266705167 0.8110275689223058 24
1780266705169 0.8054047942107643 25
1780266705170 0.8265554396941258 26
1780266705172 0.8429802955665024 27
1780266705174 0.8233120761210648 28
1780266705175 0.8184143222506394 29
1780266705177 0.8575933272301902 30
1780266705178 0.83756038647343 31
1780266705180 0.8472222222222222 32
1780266705181 0.8597802868477266 33
1780266705183 0.8020833333333334 34
1780266705185 0.808209554395825 35
1780266705186 0.8527667984189724 36
1780266705188 0.8395556000400359 37
1780266705190 0.8761261261261262 38
1780266705191 0.8522167487684729 39
1780266705193 0.8745659722222222 40
1780266705195 0.8626760563380282 41
1780266705196 0.8779761904761905 42
1780266705198 0.8490371743383791 43
1780266705200 0.8299114331723028 44
1780266705201 0.8504627960091358 45
1780266705203 0.8389261744966443 46
1780266705204 0.8603860386038604 47
1780266705206 0.8379120879120878 48
1780266705208 0.8706666666666667 49
1780266705209 0.8513848697809012 50
1780266705211 0.8596048759983186 51
1780266705213 0.8380541871921182 52
1780266705214 0.853720050441362 53
1780266705216 0.8560102301790282 54
1780266705217 0.8681721086359475 55
1780266705219 0.8424435671626682 56
1780266705220 0.8667898193760263 57
1780266705222 0.8532430213464697 58
1780266705224 0.7988165680473374 59
1780266705225 0.845988845988846 60
1780266705227 0.8703296703296703 61
1780266705228 0.843956043956044 62
1780266705230 0.8587684069611781 63
1780266705232 0.8441663770130923 64
1780266705233 0.848989898989899 65
1780266705235 0.8157831470128621 66
1780266705236 0.8395604395604396 67
1780266705238 0.8578989817521927 68
1780266705240 0.8107142857142857 69
1780266705241 0.8552706552706553 70
1780266705243 0.8909017713365539 71
1780266705244 0.8492613807657522 72
1780266705246 0.860989010989011 73
1780266705248 0.8702380952380953 74
1780266705249 0.863834422657952 75
1780266705251 0.8602941176470589 76
1780266705252 0.8313057583130576 77
1780266705254 0.8704044117647058 78
1780266705256 0.8584579391720069 79
1780266705257 0.8653101788890052 80
1780266705259 0.8449519230769231 81
1780266705260 0.8421994884910486 82
1780266705262 0.83932324506095 83
1780266705264 0.8788077301015395 84
1780266705265 0.900679117147708 85
1780266705267 0.8465843707500784 86
1780266705268 0.8914141414141414 87
1780266705270 0.8708333333333333 88
1780266705272 0.8210826210826211 89
1780266705273 0.8196049826057681 90
1780266705275 0.8952962460425147 91
1780266705276 0.8737666237666237 92
1780266705278 0.83756038647343 93
1780266705280 0.7976190476190477 94
1780266705281 0.8862179487179487 95
1780266705283 0.881704260651629 96
1780266705284 0.8366064829479464 97
1780266705286 0.8733980983877636 98
1780266705288 0.8197733138817193 99
1780266705289 0.904 100
1780266705291 0.8285229202037352 101
1780266705292 0.8465544871794872 102
1780266705294 0.8780980456381701 103
1780266705295 0.8690367205777643 104
1780266705297 0.8262626262626263 105
1780266705299 0.8493923611111112 106
1780266705300 0.8416307113618764 107
1780266705302 0.855889724310777 108
1780266705303 0.8450764006791172 109
1780266705305 0.8956582633053222 110
1780266705307 0.847863247863248 111
1780266705308 0.8392121394834691 112
1780266705310 0.8536079003478847 113
1780266705312 0.8840536214485795 114
1780266705313 0.841919191919192 115
1780266705315 0.8595238095238096 116
1780266705316 0.8770833333333333 117
1780266705318 0.7762205553362285 118
1780266705320 0.8699510403916768 119
1780266705321 0.8685587761674718 120
1780266705323 0.9051407588739291 121
1780266705324 0.8159509202453987 122
1780266705326 0.860989010989011 123
1780266705328 0.8424112607099143 124
1780266705329 0.868204200582856 125
1780266705331 0.9298929892989298 126
1780266705332 0.8400000000000001 127
1780266705334 0.8598531211750307 128
1780266705336 0.8474022711285298 129
1780266705337 0.88 130
1780266705339 0.8859815048339639 131
1780266705340 0.8777493606138107 132
1780266705343 0.8817829457364341 133
1780266705345 0.8912337662337663 134
1780266705346 0.8354335433543354 135
1780266705348 0.8639162561576355 136
1780266705350 0.8254443985117816 137
1780266705351 0.8492582218072414 138
1780266705353 0.854040404040404 139
1780266705354 0.855475040257649 140
1780266705356 0.8859473526173556 141
1780266705357 0.8355263157894737 142
1780266705359 0.864613476643241 143
1780266705360 0.8609443777511004 144
1780266705362 0.8978988168094655 145
1780266705364 0.854040404040404 146
1780266705365 0.8375048132460532 147
1780266705367 0.875968992248062 148
1780266705368 0.8750500200080031 149
1780266705370 0.88 150
1780266705371 0.8611111111111112 151
1780266705373 0.8243306993749262 152
1780266705375 0.8896025692492975 153
1780266705376 0.8641414141414141 154
1780266705378 0.865 155
1780266705379 0.8176638176638177 156
1780266705381 0.8823232323232323 157
1780266705382 0.8628110975112199 158
1780266705384 0.8648364836483649 159
1780266705386 0.8800124018189335 160
1780266705387 0.8430574400723654 161
1780266705389 0.8777777777777778 162
1780266705390 0.8691268081511985 163
1780266705392 0.8964470088065594 164
1780266705394 0.8006379585326954 165
1780266705395 0.8060109289617486 166
1780266705397 0.8954531706825285 167
1780266705398 0.8721590909090908 168
1780266705400 0.7980392156862746 169
1780266705402 0.8298395021290534 170
1780266705403 0.8397435897435898 171
1780266705405 0.8465619694397284 172
1780266705406 0.8349753694581281 173
1780266705408 0.8461850649350648 174
1780266705409 0.21668667466986793 175
1780266705411 0.3382352941176471 176
1780266705413 0.365 177
1780266705414 0.6405529953917051 178
1780266705416 0.6405993431855501 179
1780266705417 0.7135416666666667 180
1780266705419 0.8030831878999418 181
1780266705420 0.8976608187134503 182
1780266705422 0.8485964104924069 183
1780266705424 0.7536425449247207 184
1780266705425 0.8460815047021943 185
1780266705427 0.8773809523809524 186
1780266705428 0.89159891598916 187
1780266705430 0.8957115009746588 188
1780266705432 0.8768982972848596 189
1780266705433 0.8406298003072197 190
1780266705435 0.8590335114133074 191
1780266705436 0.9026965562053282 192
1780266705438 0.8160348423506318 193
1780266705439 0.8783549783549783 194
1780266705441 0.8738191632928476 195
1780266705443 0.8404078925551318 196
1780266705444 0.907925407925408 197
1780266705446 0.9095434677027683 198
1780266705447 0.9009227780475959 199
1780266705449 0.9166666666666667 200
1780266705450 0.7873542493088111 201
1780266705452 0.921447824412784 202
1780266705454 0.8295322563615246 203
1780266705455 0.9261962692619627 204
1780266705457 0.8892215568862276 205
1780266705458 0.8354783354783355 206
1780266705460 0.8876636395801392 207
1780266705461 0.8390654001528551 208
1780266705463 0.9126016260162602 209
1780266705465 0.9095147992972024 210
1780266705466 0.9076623557224308 211
1780266705468 0.8992869875222816 212
1780266705469 0.8644973288003885 213
1780266705471 0.8493196150016595 214
1780266705472 0.8545577229787755 215
1780266705474 0.9010496520816134 216
1780266705476 0.8776002029426686 217
1780266705477 0.9211309523809523 218
1780266705479 0.8920341135909998 219
1780266705480 0.8669515669515669 220
1780266705482 0.8640000000000001 221
1780266705484 0.8473762010347377 222
1780266705485 0.912555750777132 223
1780266705487 0.900197628458498 224
1780266705489 0.9324991583436202 225
1780266705490 0.950179211469534 226
1780266705492 0.945859872611465 227
1780266705494 0.7916666666666667 228
1780266705495 0.8848752598752598 229
1780266705497 0.9269301470588236 230
1780266705498 0.9222972972972974 231
1780266705500 0.8316794304821487 232
1780266705501 0.9246987951807228 233
1780266705503 0.8957291525881876 234
1780266705505 0.915861328424605 235
1780266705506 0.9318866787221217 236
1780266705508 0.8579284030972955 237
1780266705509 0.9247670699485468 238
1780266705511 0.9050532964863798 239
1780266705512 0.9237804878048781 240
1780266705514 0.9448275862068966 241
1780266705516 0.9633228840125392 242
1780266705517 0.8947981842718684 243
1780266705519 0.8913630229419703 244
1780266705520 0.9287221217600965 245
1780266705522 0.8896551724137931 246
1780266705523 0.9266666666666666 247
1780266705525 0.9364035087719298 248
1780266705527 0.8966666666666667 249
1780266705528 0.925990675990676 250
1780266705530 0.9267848470131131 251
1780266705531 0.8725490196078431 252
1780266705533 0.9161184210526316 253
1780266705534 0.9108607982199972 254
1780266705536 0.9531510717494545 255
1780266705538 0.9144728933766078 256
1780266705539 0.9535465192788525 257
1780266705541 0.9195190774138142 258
1780266705542 0.9473614949335438 259
1780266705544 0.9135006784260515 260
1780266705545 0.8639361865316766 261
1780266705547 0.9284302653867871 262
1780266705549 0.8741319444444444 263
1780266705550 0.9251835121400339 264
1780266705552 0.9089741857007704 265
1780266705554 0.9036933146330061 266
1780266705556 0.9374336596296733 267
1780266705557 0.8970588235294117 268
1780266705559 0.9147609147609148 269
1780266705560 0.9046546546546547 270
1780266705562 0.9176174702490492 271
1780266705563 0.9217671421997239 272
1780266705565 0.9335423197492163 273
1780266705567 0.8385416666666667 274
1780266705568 0.9484649122807017 275
1780266705570 0.9107119357810238 276
1780266705571 0.921447824412784 277
1780266705573 0.9368789105631211 278
1780266705575 0.9260912698412699 279
1780266705576 0.9011925933675071 280
1780266705578 0.9633058521421813 281
1780266705579 0.9474206349206349 282
1780266705581 0.9383666339119991 283
1780266705582 0.9321410451547438 284
1780266705584 0.939873417721519 285
1780266705586 0.9533333333333334 286
1780266705587 0.894999233011198 287
1780266705589 0.8887498261716034 288
1780266705590 0.8789845390341668 289
1780266705592 0.9549299038350133 290
1780266705593 0.9370311883142519 291
1780266705595 0.9269301470588236 292
1780266705597 0.9364035087719298 293
1780266705598 0.9369047619047619 294
1780266705600 0.8702380952380953 295
1780266705601 0.9154152226928507 296
1780266705603 0.946955997588909 297
1780266705604 0.9045269114357153 298
1780266705606 0.9654761904761905 299
1780266705607 0.9277389277389277 300
1780266705609 0.8505779373807654 301
1780266705611 0.9082621082621083 302
1780266705612 0.9295634920634921 303
1780266705614 0.9439484126984128 304
1780266705615 0.8915441176470589 305
1780266705617 0.93125 306
1780266705618 0.9053308823529411 307
1780266705620 0.9259873879853966 308
1780266705622 0.9166666666666667 309
1780266705623 0.9300940438871473 310
1780266705625 0.8956043956043955 311
1780266705626 0.9607142857142856 312
1780266705628 0.9628378378378378 313
1780266705629 0.905952380952381 314
1780266705631 0.9724125495852867 315
1780266705633 0.9133876074174582 316
1780266705634 0.9056492510909305 317
1780266705636 0.8920036764705883 318
1780266705637 0.9464387464387465 319
1780266705639 0.964781746031746 320
1780266705640 0.9304075235109718 321
1780266705642 0.9375 322
1780266705644 0.95 323
1780266705645 0.9274475524475525 324
1780266705647 0.9698464912280702 325
1780266705648 0.9527051895472948 326
1780266705650 0.9310515873015872 327
1780266705651 0.9685534591194969 328
1780266705653 0.9248903508771931 329
1780266705655 0.8566176470588236 330
1780266705656 0.9436906377204886 331
1780266705658 0.9469708191379055 332
1780266705659 0.9385964912280702 333
1780266705661 0.9086125016044153 334
1780266705662 0.8832465277777778 335
1780266705664 0.9051592268112919 336
1780266705666 0.9396181896181897 337
1780266705667 0.9487179487179487 338
1780266705669 0.8830192565132324 339
1780266705670 0.9090909090909092 340
1780266705672 0.9559779077322936 341
1780266705673 0.9662162162162162 342
1780266705675 0.9503638253638254 343
1780266705677 0.933991683991684 344
1780266705678 0.7669082125603865 345
1780266705680 0.9530695078640284 346
1780266705681 0.9490400903444383 347
1780266705683 0.9065993508835197 348
