1773267732597 0.0 0
1773267732624 0.5798467587458351 1
1773267732643 0.49999999999999517 2
1773267732663 0.49999999999999495 3
1773267732684 0.499999999999995 4
1773267732708 0.49999999999999556 5
1773267732728 0.4999999999999949 6
1773267732756 0.49999999999999495 7
1773267732778 0.49999999999999395 8
1773267732799 0.49999999999999584 9
1773267732818 0.4999999999999954 10
1773267732836 0.49999999999999467 11
1773267732859 0.4999999999999946 12
1773267732878 0.49999999999999467 13
1773267732897 0.4999999999999952 14
1773267732915 0.49999999999999506 15
1773267732946 0.4999999999999952 16
1773267732964 0.4999999999999952 17
1773267732985 0.4999999999999948 18
1773267733004 0.4999999999999951 19
1773267733022 0.49999999999999495 20
1773267733040 0.4999999999999955 21
1773267733058 0.4999999999999952 22
1773267733093 0.49999999999999495 23
1773267733110 0.4999999999999948 24
1773267733137 0.49999999999999495 25
1773267733157 0.49999999999999345 26
1773267733176 0.4999999999999953 27
1773267733198 0.4999999999999947 28
1773267733218 0.499999999999995 29
1773267733236 0.4999999999999952 30
1773267733266 0.49999999999999567 31
1773267733286 0.49999999999999506 32
1773267733303 0.49999999999999484 33
1773267733319 0.49999999999999484 34
1773267733336 0.4999999999999948 35
1773267733353 0.4999999999999953 36
1773267733369 0.49999999999999517 37
1773267733390 0.4999999999999949 38
1773267733422 0.49999999999999495 39
1773267733442 0.4999999999999948 40
1773267733461 0.4999999999999944 41
1773267733477 0.49999999999999495 42
1773267733494 0.4999999999999953 43
1773267733514 0.499999999999995 44
1773267733529 0.4999999999999938 45
1773267733549 0.4999999999999952 46
1773267733569 0.49999999999999517 47
1773267733592 0.4999999999999954 48
1773267733611 0.4999999999999951 49
1773267733632 0.4999999999999947 50
1773267733656 0.4999999999999946 51
1773267733675 0.49999999999999467 52
1773267733695 0.4999999999999948 53
1773267733715 0.4999999999999946 54
1773267733734 0.49999999999999506 55
1773267733768 0.4999999999999951 56
1773267733785 0.4999999999999955 57
1773267733804 0.4999999999999954 58
1773267733821 0.4999999999999953 59
1773267733837 0.49999999999999545 60
1773267733855 0.49999999999999467 61
1773267733874 0.49999999999999545 62
1773267733892 0.49999999999999434 63
1773267733921 0.4999999999999951 64
1773267733939 0.4999999999999953 65
1773267733957 0.4999999999999953 66
1773267733971 0.49999999999999506 67
1773267733990 0.49999999999999556 68
1773267734008 0.49999999999999495 69
1773267734026 0.4999999999999951 70
1773267734049 0.4999999999999953 71
1773267734082 0.49999999999999534 72
1773267734100 0.49999999999999495 73
1773267734135 0.4999999999999955 74
1773267734157 0.4999999999999947 75
1773267734179 0.4999999999999946 76
1773267734203 0.49999999999999556 77
1773267734221 0.4999999999999956 78
1773267734253 0.4999999999999954 79
1773267734273 0.49999999999999534 80
1773267734294 0.499999999999995 81
1773267734316 0.4999999999999952 82
1773267734335 0.49999999999999506 83
1773267734354 0.49999999999999456 84
1773267734373 0.49999999999999517 85
1773267734394 0.49999999999999506 86
1773267734428 0.49999999999999467 87
1773267734445 0.4999999999999948 88
1773267734462 0.49999999999999534 89
1773267734482 0.49999999999999495 90
1773267734505 0.49999999999999517 91
1773267734520 0.4999999999999946 92
1773267734546 0.49999999999999484 93
1773267734568 0.4999999999999952 94
1773267734599 0.4999999999999949 95
1773267734625 0.4999999999999955 96
1773267734649 0.4999999999999949 97
1773267734680 0.499999999999995 98
1773267734709 0.49999999999999495 99
1773267734740 0.4999999999999951 100
1773267734770 0.4999999999999947 101
1773267734805 0.4999999999999951 102
1773267734829 0.4999999999999954 103
1773267734853 0.4999999999999948 104
1773267734873 0.4999999999999949 105
1773267734892 0.49999999999999484 106
1773267734910 0.49999999999999534 107
1773267734930 0.4999999999999949 108
1773267734947 0.49999999999999484 109
1773267734974 0.4999999999999948 110
1773267734994 0.4999999999999943 111
1773267735014 0.4999999999999951 112
1773267735033 0.4999999999999949 113
1773267735051 0.49999999999999456 114
1773267735069 0.4999999999999946 115
1773267735089 0.4999999999999954 116
1773267735116 0.499999999999995 117
1773267735137 0.49999999999999495 118
1773267735156 0.4999999999999955 119
1773267735177 0.4999999999999953 120
1773267735197 0.4999999999999948 121
1773267735216 0.49999999999999467 122
1773267735234 0.4999999999999953 123
1773267735252 0.499999999999995 124
1773267735271 0.4999999999999953 125
1773267735295 0.49999999999999495 126
1773267735312 0.49999999999999545 127
1773267735332 0.49999999999999545 128
1773267735349 0.49999999999999456 129
1773267735372 0.4999999999999953 130
1773267735394 0.49999999999999506 131
1773267735412 0.49999999999999534 132
1773267735432 0.4999999999999954 133
1773267735470 0.4999999999999955 134
1773267735488 0.4999999999999952 135
1773267735505 0.4999999999999954 136
1773267735523 0.4999999999999952 137
1773267735542 0.4999999999999953 138
1773267735563 0.4999999999999952 139
1773267735580 0.49999999999999545 140
1773267735597 0.49999999999999506 141
1773267735629 0.49999999999999456 142
1773267735654 0.49999999999999506 143
1773267735672 0.49999999999999534 144
1773267735687 0.49999999999999484 145
1773267735706 0.49999999999999495 146
1773267735743 0.49999999999999517 147
1773267735771 0.4999999999999947 148
1773267735809 0.4999999999999952 149
1773267735832 0.49999999999999495 150
1773267735850 0.49999999999999506 151
1773267735876 0.49999999999999517 152
1773267735899 0.4999999999999942 153
1773267735921 0.49999999999999506 154
1773267735943 0.49999999999999506 155
1773267735962 0.4999999999999952 156
1773267736012 0.49999999999999495 157
1773267736030 0.4999999999999954 158
1773267736051 0.4999999999999949 159
1773267736071 0.4999999999999953 160
1773267736092 0.49999999999999495 161
1773267736113 0.4999999999999948 162
1773267736134 0.4999999999999956 163
1773267736162 0.49999999999999484 164
1773267736183 0.49999999999999495 165
1773267736210 0.4999999999999953 166
1773267736228 0.49999999999999495 167
1773267736249 0.49999999999999534 168
1773267736270 0.499999999999995 169
1773267736290 0.4999999999999953 170
1773267736310 0.499999999999995 171
1773267736335 0.49999999999999506 172
1773267736369 0.4999999999999947 173
1773267736387 0.4999999999999953 174
1773267736412 0.4999999999999949 175
1773267736432 0.4999999999999943 176
1773267736452 0.4999999999999955 177
1773267736475 0.4999999999999954 178
1773267736501 0.4999999999999944 179
1773267736520 0.49999999999999495 180
1773267736553 0.4999999999999942 181
1773267736574 0.4999999999999955 182
1773267736593 0.4999999999999946 183
1773267736612 0.4999999999999951 184
1773267736633 0.4999999999999951 185
1773267736656 0.49999999999999495 186
1773267736675 0.4999999999999953 187
1773267736696 0.4999999999999948 188
1773267736735 0.49999999999999506 189
1773267736754 0.4999999999999946 190
1773267736785 0.49999999999999534 191
1773267736816 0.49999999999999495 192
1773267736841 0.4999999999999949 193
1773267736861 0.4999999999999951 194
1773267736883 0.49999999999999467 195
1773267736907 0.4999999999999956 196
1773267736938 0.4999999999999954 197
1773267736961 0.4999999999999955 198
