1773285095615 0.0 0
1773285095644 0.5402762375239439 1
1773285095663 0.5 2
1773285095682 0.5 3
1773285095701 0.5 4
1773285095722 0.5 5
1773285095744 0.5 6
1773285095764 0.5 7
1773285095783 0.5 8
1773285095799 0.5 9
1773285095815 0.5 10
1773285095831 0.5 11
1773285095847 0.5 12
1773285095863 0.5 13
1773285095879 0.5 14
1773285095896 0.5 15
1773285095922 0.5 16
1773285095937 0.5 17
1773285095953 0.5 18
1773285095977 0.5 19
1773285095998 0.5 20
1773285096017 0.5 21
1773285096034 0.5 22
1773285096061 0.5 23
1773285096084 0.5 24
1773285096111 0.5 25
1773285096136 0.5 26
1773285096153 0.5 27
1773285096175 0.5 28
1773285096204 0.5 29
1773285096224 0.5 30
1773285096256 0.5 31
1773285096276 0.5 32
1773285096294 0.5 33
1773285096314 0.5 34
1773285096343 0.5 35
1773285096362 0.5 36
1773285096381 0.5 37
1773285096402 0.5 38
1773285096421 0.5 39
1773285096439 0.5 40
1773285096458 0.5 41
1773285096476 0.5 42
1773285096494 0.5 43
1773285096512 0.5 44
1773285096532 0.5 45
1773285096563 0.5 46
1773285096581 0.5 47
1773285096600 0.5 48
1773285096619 0.5 49
1773285096635 0.5 50
1773285096652 0.5 51
1773285096680 0.5 52
1773285096697 0.5 53
1773285096717 0.5 54
1773285096734 0.5 55
1773285096750 0.5 56
1773285096766 0.5 57
1773285096789 0.5 58
1773285096818 0.5 59
1773285096835 0.5 60
1773285096863 0.5 61
1773285096882 0.5 62
1773285096901 0.5 63
1773285096920 0.5 64
1773285096939 0.5 65
1773285096959 0.5 66
1773285096979 0.5 67
1773285096998 0.5 68
1773285097018 0.5 69
1773285097050 0.5 70
1773285097069 0.5 71
1773285097086 0.5 72
1773285097105 0.5 73
1773285097124 0.5 74
1773285097142 0.5 75
1773285097174 0.5 76
1773285097192 0.5 77
1773285097210 0.5 78
1773285097230 0.5 79
1773285097257 0.5 80
1773285097278 0.5 81
1773285097295 0.5 82
1773285097316 0.5 83
1773285097333 0.5 84
1773285097350 0.5 85
1773285097367 0.5 86
1773285097384 0.5 87
1773285097401 0.5 88
1773285097420 0.5 89
1773285097440 0.5 90
1773285097464 0.5 91
1773285097484 0.5 92
1773285097511 0.5 93
1773285097531 0.5 94
1773285097549 0.5 95
1773285097568 0.5 96
1773285097597 0.5 97
1773285097625 0.5 98
1773285097643 0.5 99
1773285097662 0.5 100
1773285097682 0.5 101
1773285097701 0.5 102
1773285097721 0.5 103
1773285097747 0.5 104
1773285097773 0.5 105
1773285097805 0.5 106
1773285097827 0.5 107
1773285097847 0.5 108
1773285097865 0.5 109
1773285097884 0.5 110
1773285097901 0.5 111
1773285097917 0.5 112
1773285097931 0.5 113
1773285097947 0.5 114
1773285097963 0.5 115
1773285097977 0.5 116
1773285097992 0.5 117
1773285098007 0.5 118
1773285098024 0.5 119
1773285098041 0.5 120
1773285098068 0.5 121
1773285098083 0.5 122
1773285098098 0.5 123
1773285098114 0.5 124
1773285098141 0.5 125
1773285098159 0.5 126
1773285098178 0.5 127
1773285098198 0.5 128
1773285098217 0.5 129
1773285098236 0.5 130
1773285098255 0.5 131
1773285098283 0.5 132
1773285098308 0.5 133
1773285098327 0.5 134
1773285098355 0.5 135
1773285098386 0.5 136
1773285098404 0.5 137
1773285098422 0.5 138
1773285098442 0.5 139
1773285098462 0.5 140
1773285098481 0.5 141
1773285098500 0.5 142
1773285098518 0.5 143
1773285098538 0.5 144
1773285098557 0.5 145
1773285098575 0.5 146
1773285098594 0.5 147
1773285098613 0.5 148
1773285098632 0.5 149
1773285098652 0.5 150
1773285098681 0.5 151
1773285098701 0.5 152
1773285098722 0.5 153
1773285098744 0.5 154
1773285098763 0.5 155
1773285098789 0.5 156
1773285098807 0.5 157
1773285098825 0.5 158
1773285098846 0.5 159
1773285098865 0.5 160
1773285098888 0.5 161
1773285098906 0.5 162
1773285098932 0.5 163
1773285098951 0.5 164
1773285098969 0.5 165
1773285099002 0.5 166
1773285099021 0.5 167
1773285099044 0.5 168
1773285099071 0.5 169
1773285099089 0.5 170
1773285099107 0.5 171
1773285099126 0.5 172
1773285099146 0.5 173
1773285099166 0.5 174
1773285099186 0.5 175
1773285099205 0.5 176
1773285099225 0.5 177
1773285099246 0.5 178
1773285099264 0.5 179
1773285099293 0.5 180
1773285099315 0.5 181
1773285099341 0.5 182
1773285099363 0.5 183
1773285099380 0.5 184
1773285099397 0.5 185
1773285099416 0.5 186
1773285099433 0.5 187
1773285099448 0.5 188
1773285099464 0.5 189
1773285099479 0.5 190
1773285099495 0.5 191
1773285099510 0.5 192
1773285099526 0.5 193
1773285099540 0.5 194
1773285099555 0.5 195
1773285099570 0.5 196
1773285099596 0.5 197
1773285099618 0.5 198
