1780116426312 0.0 0
1780116426314 0.9049999999999949 1
1780116426316 0.912222222222217 2
1780116426318 0.9377777777777727 3
1780116426320 0.9366666666666615 4
1780116426322 0.9616666666666612 5
1780116426324 0.9505555555555503 6
1780116426326 0.9638888888888836 7
1780116426328 0.9711111111111057 8
1780116426329 0.9761111111111056 9
1780116426331 0.9816666666666611 10
1780116426333 0.9788888888888835 11
1780116426335 0.9805555555555501 12
1780116426337 0.9783333333333278 13
1780116426339 0.9855555555555501 14
1780116426341 0.9844444444444388 15
1780116426343 0.9666666666666612 16
1780116426344 0.99055555555555 17
1780116426346 0.9899999999999943 18
1780116426348 0.9888888888888833 19
1780116426350 0.9733333333333279 20
1780116426352 0.9844444444444388 21
1780116426354 0.9894444444444389 22
1780116426356 0.9877777777777721 23
1780116426358 0.9861111111111056 24
1780116426359 0.9888888888888834 25
1780116426361 0.9655555555555502 26
1780116426363 0.9877777777777723 27
1780116426365 0.9705555555555501 28
1780116426367 0.9872222222222167 29
1780116426369 0.9838888888888834 30
1780116426371 0.9783333333333278 31
1780116426372 0.9722222222222168 32
1780116426374 0.9799999999999945 33
1780116426376 0.9822222222222166 34
1780116426378 0.958333333333328 35
1780116426380 0.9755555555555502 36
1780116426382 0.9516666666666614 37
1780116426383 0.984444444444439 38
1780116426385 0.9811111111111057 39
1780116426387 0.9861111111111056 40
1780116426389 0.9833333333333277 41
1780116426391 0.9872222222222167 42
1780116426393 0.984444444444439 43
1780116426395 0.9844444444444388 44
1780116426396 0.9788888888888835 45
1780116426398 0.9916666666666611 46
1780116426400 0.9883333333333277 47
1780116426402 0.9694444444444391 48
1780116426404 0.9894444444444389 49
1780116426406 0.9766666666666612 50
1780116426407 0.9877777777777721 51
1780116426409 0.9888888888888833 52
1780116426411 0.9933333333333279 53
1780116426413 0.9872222222222167 54
1780116426415 0.9827777777777722 55
1780116426417 0.9855555555555501 56
1780116426419 0.9827777777777722 57
1780116426420 0.9899999999999943 58
1780116426422 0.9827777777777722 59
1780116426424 0.9916666666666611 60
1780116426426 0.9822222222222166 61
1780116426428 0.9916666666666611 62
1780116426430 0.9872222222222167 63
1780116426432 0.9888888888888834 64
1780116426434 0.9944444444444388 65
1780116426436 0.99055555555555 66
1780116426438 0.9766666666666612 67
1780116426440 0.9661111111111056 68
1780116426441 0.9888888888888833 69
1780116426443 0.9899999999999943 70
1780116426445 0.9916666666666611 71
1780116426447 0.9916666666666611 72
1780116426449 0.9916666666666611 73
1780116426451 0.9861111111111056 74
1780116426453 0.9927777777777722 75
1780116426455 0.9883333333333277 76
1780116426457 0.9877777777777723 77
1780116426459 0.9916666666666611 78
1780116426461 0.9822222222222168 79
1780116426463 0.9861111111111057 80
1780116426464 0.9811111111111055 81
1780116426466 0.98555555555555 82
1780116426468 0.9777777777777723 83
1780116426470 0.9938888888888833 84
1780116426472 0.9822222222222168 85
1780116426474 0.98555555555555 86
1780116426476 0.9872222222222167 87
1780116426478 0.9916666666666611 88
1780116426480 0.9927777777777722 89
1780116426482 0.9755555555555502 90
1780116426483 0.9927777777777722 91
1780116426485 0.9899999999999946 92
1780116426487 0.9833333333333278 93
1780116426489 0.9861111111111056 94
1780116426491 0.9927777777777722 95
1780116426493 0.9816666666666611 96
1780116426495 0.9849999999999944 97
1780116426497 0.9849999999999944 98
1780116426499 0.9933333333333276 99
1780116426501 0.9911111111111055 100
1780116426502 0.9838888888888834 101
1780116426504 0.9899999999999943 102
1780116426506 0.99055555555555 103
1780116426508 0.9822222222222168 104
1780116426510 0.9911111111111056 105
1780116426512 0.9933333333333279 106
1780116426514 0.9927777777777722 107
1780116426516 0.9922222222222166 108
1780116426518 0.9894444444444389 109
1780116426520 0.9911111111111056 110
1780116426521 0.9877777777777723 111
1780116426523 0.9899999999999943 112
1780116426525 0.9872222222222169 113
1780116426527 0.9938888888888833 114
1780116426529 0.9838888888888835 115
1780116426531 0.9927777777777722 116
1780116426533 0.9949999999999944 117
1780116426535 0.9883333333333277 118
1780116426537 0.9911111111111055 119
1780116426539 0.9883333333333277 120
1780116426540 0.9916666666666611 121
1780116426542 0.9927777777777722 122
1780116426544 0.9927777777777722 123
1780116426546 0.9866666666666613 124
1780116426548 0.9922222222222166 125
1780116426550 0.98555555555555 126
1780116426552 0.9922222222222168 127
1780116426554 0.9933333333333279 128
1780116426556 0.9883333333333277 129
1780116426558 0.9727777777777723 130
1780116426559 0.9933333333333276 131
1780116426561 0.9922222222222166 132
1780116426563 0.9916666666666611 133
1780116426565 0.9899999999999946 134
1780116426567 0.9922222222222166 135
1780116426569 0.9922222222222166 136
1780116426571 0.9916666666666611 137
1780116426573 0.9938888888888833 138
1780116426575 0.9927777777777722 139
1780116426577 0.9933333333333279 140
1780116426578 0.9883333333333277 141
1780116426580 0.9949999999999944 142
1780116426582 0.9922222222222166 143
1780116426584 0.9938888888888833 144
1780116426586 0.9816666666666614 145
1780116426588 0.9888888888888833 146
1780116426590 0.9944444444444389 147
1780116426592 0.9955555555555499 148
1780116426594 0.9911111111111056 149
1780116426596 0.9916666666666611 150
1780116426598 0.9944444444444389 151
1780116426600 0.996666666666661 152
1780116426602 0.9961111111111055 153
1780116426603 0.9911111111111056 154
1780116426605 0.9944444444444389 155
1780116426607 0.9933333333333279 156
1780116426609 0.9877777777777723 157
1780116426611 0.9861111111111057 158
1780116426613 0.9977777777777723 159
1780116426615 0.9972222222222167 160
1780116426617 0.9966666666666611 161
1780116426619 0.9933333333333279 162
1780116426621 0.9966666666666611 163
1780116426623 0.9927777777777722 164
1780116426624 0.9916666666666611 165
1780116426626 0.9944444444444389 166
1780116426628 0.9966666666666611 167
1780116426630 0.9949999999999944 168
1780116426632 0.9944444444444389 169
1780116426634 0.9961111111111055 170
1780116426636 0.9966666666666611 171
1780116426638 0.9966666666666611 172
1780116426640 0.9955555555555501 173
1780116426641 0.9922222222222168 174
1780116426643 0.9927777777777722 175
1780116426645 0.9794444444444389 176
1780116426647 0.9972222222222167 177
1780116426649 0.9961111111111055 178
1780116426651 0.9961111111111055 179
1780116426653 0.9944444444444388 180
1780116426655 0.9955555555555501 181
1780116426657 0.9961111111111055 182
1780116426659 0.986666666666661 183
1780116426660 0.9972222222222167 184
1780116426662 0.9966666666666611 185
1780116426664 0.9949999999999944 186
1780116426666 0.9955555555555501 187
1780116426668 0.9944444444444389 188
1780116426670 0.9977777777777723 189
1780116426672 0.9944444444444389 190
1780116426674 0.9949999999999944 191
1780116426676 0.9955555555555499 192
1780116426678 0.9972222222222167 193
1780116426680 0.9977777777777723 194
1780116426682 0.9961111111111055 195
1780116426684 0.9922222222222168 196
1780116426686 0.9999999999999944 197
1780116426688 0.9961111111111055 198
1780116426690 0.9955555555555501 199
1780116426692 0.996666666666661 200
1780116426694 0.9955555555555501 201
1780116426696 0.9983333333333277 202
1780116426698 0.9944444444444388 203
1780116426700 0.9972222222222167 204
1780116426701 0.9972222222222167 205
1780116426703 0.9961111111111055 206
1780116426705 0.9938888888888833 207
1780116426707 0.9866666666666613 208
1780116426709 0.9972222222222167 209
1780116426711 0.9883333333333277 210
1780116426713 0.9983333333333277 211
1780116426715 0.9983333333333277 212
1780116426717 0.9972222222222167 213
1780116426719 0.9977777777777723 214
1780116426721 0.9972222222222167 215
1780116426723 0.9988888888888834 216
1780116426725 0.9966666666666611 217
1780116426726 0.9955555555555499 218
1780116426728 0.9977777777777723 219
1780116426730 0.9966666666666611 220
1780116426732 0.9961111111111055 221
1780116426734 0.9955555555555501 222
1780116426736 0.9944444444444389 223
1780116426738 0.9883333333333277 224
1780116426740 0.9972222222222167 225
1780116426742 0.9977777777777723 226
1780116426744 0.9972222222222167 227
1780116426746 0.9972222222222167 228
1780116426747 0.9961111111111055 229
1780116426749 0.9955555555555501 230
1780116426751 0.9938888888888833 231
1780116426753 0.9877777777777721 232
1780116426755 0.9944444444444389 233
1780116426757 0.9955555555555499 234
1780116426759 0.9922222222222166 235
1780116426761 0.9955555555555501 236
1780116426763 0.9955555555555499 237
1780116426765 0.9972222222222167 238
1780116426767 0.9977777777777723 239
1780116426769 0.9972222222222167 240
1780116426770 0.9961111111111055 241
1780116426772 0.996666666666661 242
1780116426774 0.9955555555555499 243
1780116426776 0.9722222222222168 244
1780116426778 0.9977777777777723 245
1780116426780 0.9972222222222167 246
1780116426782 0.9961111111111055 247
1780116426784 0.99055555555555 248
1780116426786 0.9972222222222167 249
1780116426788 0.996666666666661 250
1780116426790 0.9966666666666611 251
1780116426791 0.9944444444444389 252
1780116426793 0.9972222222222167 253
1780116426795 0.9961111111111055 254
1780116426797 0.9949999999999944 255
1780116426799 0.9933333333333279 256
1780116426801 0.9955555555555499 257
1780116426803 0.9972222222222167 258
1780116426804 0.9955555555555501 259
1780116426806 0.9933333333333279 260
1780116426808 0.9949999999999944 261
1780116426810 0.9949999999999944 262
1780116426812 0.9922222222222166 263
1780116426814 0.9949999999999944 264
1780116426816 0.9933333333333279 265
1780116426818 0.9938888888888833 266
1780116426819 0.996666666666661 267
1780116426821 0.9949999999999944 268
1780116426823 0.9944444444444389 269
1780116426825 0.9983333333333277 270
1780116426827 0.996666666666661 271
1780116426829 0.9955555555555499 272
1780116426831 0.9883333333333277 273
1780116426833 0.9966666666666611 274
1780116426835 0.9972222222222167 275
1780116426836 0.9977777777777723 276
1780116426838 0.9977777777777723 277
1780116426840 0.9927777777777722 278
1780116426842 0.9961111111111055 279
1780116426854 0.9966666666666611 280
1780116426856 0.9972222222222167 281
1780116426858 0.9977777777777723 282
1780116426860 0.9966666666666611 283
1780116426862 0.9955555555555499 284
1780116426864 0.9938888888888833 285
1780116426866 0.9972222222222167 286
1780116426868 0.9944444444444389 287
1780116426870 0.99055555555555 288
1780116426872 0.9955555555555499 289
1780116426873 0.9972222222222167 290
1780116426875 0.9938888888888833 291
1780116426877 0.9977777777777723 292
1780116426879 0.9972222222222167 293
1780116426881 0.9894444444444389 294
1780116426883 0.9966666666666611 295
1780116426885 0.9977777777777723 296
1780116426887 0.9955555555555499 297
1780116426889 0.9966666666666611 298
1780116426891 0.9955555555555499 299
1780116426893 0.9933333333333279 300
1780116426895 0.9927777777777722 301
1780116426896 0.9961111111111055 302
1780116426898 0.9988888888888832 303
1780116426900 0.9966666666666611 304
1780116426902 0.9977777777777721 305
1780116426904 0.9977777777777721 306
1780116426906 0.9977777777777723 307
1780116426908 0.9944444444444389 308
1780116426910 0.9961111111111055 309
1780116426911 0.9972222222222167 310
1780116426913 0.9927777777777722 311
1780116426915 0.9972222222222167 312
1780116426917 0.9977777777777723 313
