1780135971013 0.0 0
1780135971016 0.075 1
1780135971019 0.16499999999999998 2
1780135971021 0.23500000000000001 3
1780135971024 0.365 4
1780135971026 0.475 5
1780135971029 0.51 6
1780135971032 0.43999999999999995 7
1780135971034 0.5399999999999999 8
1780135971037 0.5700000000000001 9
1780135971039 0.5700000000000001 10
1780135971042 0.615 11
1780135971044 0.5149999999999999 12
1780135971047 0.61 13
1780135971049 0.5549999999999999 14
1780135971052 0.615 15
1780135971054 0.625 16
1780135971057 0.6700000000000002 17
1780135971059 0.63 18
1780135971062 0.6300000000000001 19
1780135971064 0.6100000000000001 20
1780135971067 0.575 21
1780135971070 0.605 22
1780135971072 0.62 23
1780135971075 0.57 24
1780135971077 0.6050000000000001 25
1780135971080 0.5349999999999999 26
1780135971082 0.6300000000000001 27
1780135971085 0.65 28
1780135971087 0.6799999999999999 29
1780135971090 0.6799999999999999 30
1780135971092 0.56 31
1780135971095 0.665 32
1780135971097 0.7 33
1780135971100 0.65 34
1780135971103 0.7150000000000001 35
1780135971105 0.74 36
1780135971108 0.76 37
1780135971110 0.715 38
1780135971113 0.53 39
1780135971115 0.8 40
1780135971118 0.7699999999999999 41
1780135971120 0.6050000000000001 42
1780135971123 0.7499999999999999 43
1780135971125 0.8049999999999999 44
1780135971128 0.7000000000000001 45
1780135971130 0.7299999999999999 46
1780135971133 0.825 47
1780135971136 0.7749999999999999 48
1780135971138 0.8049999999999999 49
1780135971141 0.785 50
1780135971144 0.7449999999999999 51
1780135971146 0.76 52
1780135971149 0.7350000000000001 53
1780135971151 0.7000000000000001 54
1780135971154 0.7350000000000001 55
1780135971156 0.7849999999999999 56
1780135971159 0.8299999999999998 57
1780135971161 0.765 58
1780135971164 0.775 59
1780135971167 0.89 60
1780135971169 0.7649999999999999 61
1780135971172 0.835 62
1780135971175 0.71 63
1780135971177 0.7550000000000001 64
1780135971180 0.8 65
1780135971183 0.8 66
1780135971185 0.7949999999999999 67
1780135971188 0.8099999999999999 68
1780135971190 0.7699999999999999 69
1780135971193 0.8200000000000001 70
1780135971195 0.75 71
1780135971198 0.845 72
1780135971200 0.8049999999999999 73
1780135971203 0.77 74
1780135971205 0.785 75
1780135971208 0.58 76
1780135971211 0.86 77
1780135971213 0.825 78
1780135971216 0.6799999999999999 79
1780135971218 0.76 80
1780135971221 0.6900000000000001 81
1780135971223 0.825 82
1780135971226 0.8450000000000001 83
1780135971228 0.8550000000000001 84
1780135971231 0.8550000000000001 85
1780135971233 0.845 86
1780135971236 0.8400000000000001 87
1780135971238 0.675 88
1780135971241 0.875 89
1780135971243 0.8699999999999999 90
1780135971246 0.8150000000000001 91
1780135971248 0.78 92
1780135971251 0.8600000000000001 93
1780135971254 0.8300000000000001 94
1780135971256 0.7899999999999999 95
1780135971259 0.8400000000000001 96
1780135971261 0.76 97
1780135971264 0.7899999999999999 98
1780135971266 0.8549999999999999 99
1780135971269 0.8400000000000001 100
1780135971271 0.835 101
1780135971274 0.86 102
1780135971276 0.86 103
1780135971279 0.805 104
1780135971282 0.8600000000000001 105
1780135971284 0.86 106
1780135971287 0.6849999999999999 107
1780135971289 0.8300000000000001 108
1780135971292 0.85 109
1780135971294 0.7550000000000001 110
1780135971297 0.8699999999999999 111
1780135971300 0.8099999999999999 112
1780135971302 0.775 113
1780135971305 0.845 114
1780135971307 0.705 115
1780135971310 0.865 116
1780135971312 0.8699999999999999 117
1780135971315 0.85 118
1780135971317 0.72 119
1780135971320 0.86 120
1780135971323 0.875 121
1780135971325 0.7949999999999999 122
1780135971328 0.8850000000000001 123
1780135971330 0.8550000000000001 124
1780135971333 0.845 125
1780135971336 0.89 126
1780135971338 0.8149999999999998 127
1780135971341 0.73 128
1780135971343 0.835 129
1780135971346 0.9 130
1780135971348 0.8550000000000001 131
1780135971351 0.9199999999999999 132
1780135971354 0.7899999999999999 133
1780135971356 0.835 134
1780135971359 0.89 135
1780135971361 0.8699999999999999 136
1780135971364 0.9199999999999999 137
1780135971366 0.85 138
1780135971369 0.77 139
1780135971372 0.8200000000000001 140
1780135971374 0.8350000000000002 141
1780135971377 0.85 142
1780135971379 0.8150000000000001 143
1780135971382 0.8699999999999999 144
1780135971384 0.8649999999999999 145
1780135971387 0.8950000000000001 146
1780135971390 0.865 147
1780135971392 0.8699999999999999 148
1780135971395 0.8700000000000001 149
1780135971397 0.8949999999999999 150
1780135971400 0.805 151
1780135971402 0.885 152
1780135971405 0.8300000000000001 153
1780135971407 0.755 154
1780135971410 0.8550000000000001 155
1780135971413 0.8550000000000001 156
1780135971415 0.8400000000000001 157
1780135971418 0.905 158
1780135971420 0.8649999999999999 159
1780135971423 0.95 160
1780135971425 0.915 161
1780135971428 0.915 162
1780135971430 0.8949999999999999 163
1780135971433 0.9099999999999999 164
1780135971436 0.925 165
1780135971438 0.9 166
1780135971441 0.9249999999999998 167
1780135971443 0.9399999999999998 168
1780135971446 0.915 169
1780135971448 0.9400000000000001 170
1780135971451 0.9 171
1780135971453 0.9 172
1780135971456 0.9649999999999999 173
1780135971458 0.9499999999999998 174
1780135971461 0.9349999999999999 175
1780135971463 0.9100000000000001 176
1780135971466 0.9499999999999998 177
1780135971468 0.9349999999999999 178
1780135971471 0.9550000000000001 179
1780135971474 0.925 180
1780135971476 0.9700000000000001 181
1780135971479 0.9099999999999999 182
1780135971481 0.9099999999999999 183
1780135971484 0.925 184
1780135971486 0.95 185
1780135971489 0.9349999999999999 186
1780135971491 0.93 187
1780135971494 0.9450000000000001 188
1780135971497 0.9399999999999998 189
1780135971499 0.9249999999999998 190
1780135971502 0.945 191
1780135971504 0.9399999999999998 192
1780135971507 0.945 193
1780135971510 0.9399999999999998 194
1780135971512 0.9 195
1780135971515 0.915 196
1780135971517 0.8800000000000001 197
1780135971520 0.8400000000000001 198
1780135971522 0.8699999999999999 199
1780135971525 0.9 200
1780135971527 0.95 201
1780135971530 0.945 202
1780135971533 0.9650000000000001 203
1780135971535 0.9299999999999999 204
1780135971538 0.9349999999999999 205
1780135971540 0.975 206
1780135971543 0.975 207
1780135971545 0.9650000000000001 208
1780135971548 0.9400000000000001 209
1780135971550 0.96 210
1780135971553 0.95 211
1780135971556 0.9599999999999997 212
1780135971558 0.9450000000000001 213
1780135971561 0.9400000000000001 214
1780135971563 0.925 215
1780135971566 0.945 216
1780135971568 0.9349999999999999 217
1780135971571 0.9549999999999998 218
1780135971573 0.8999999999999998 219
1780135971576 0.9199999999999999 220
1780135971579 0.95 221
1780135971582 0.9400000000000001 222
1780135971584 0.925 223
1780135971587 0.945 224
1780135971589 0.915 225
1780135971592 0.8799999999999999 226
1780135971594 0.9549999999999998 227
1780135971597 0.89 228
1780135971599 0.9349999999999999 229
1780135971602 0.9649999999999999 230
1780135971604 0.925 231
1780135971607 0.915 232
1780135971610 0.825 233
1780135971612 0.9349999999999999 234
1780135971615 0.96 235
1780135971617 0.915 236
1780135971620 0.8949999999999999 237
1780135971622 0.9650000000000001 238
1780135971625 0.9 239
1780135971627 0.9349999999999999 240
1780135971630 0.9549999999999998 241
1780135971632 0.9450000000000001 242
1780135971635 0.96 243
1780135971637 0.9700000000000001 244
1780135971640 0.96 245
1780135971643 0.9100000000000001 246
1780135971645 0.9549999999999998 247
1780135971648 0.975 248
1780135971650 0.9349999999999999 249
1780135971653 0.9200000000000002 250
1780135971655 0.95 251
1780135971658 0.9199999999999999 252
1780135971660 0.96 253
1780135971663 0.9299999999999999 254
1780135971665 0.9399999999999998 255
1780135971668 0.95 256
1780135971670 0.9450000000000001 257
1780135971673 0.9649999999999999 258
1780135971676 0.925 259
1780135971678 0.9450000000000001 260
1780135971681 0.9200000000000002 261
1780135971683 0.9549999999999998 262
1780135971686 0.915 263
1780135971688 0.8699999999999999 264
1780135971691 0.9 265
1780135971693 0.945 266
1780135971696 0.9400000000000001 267
1780135971698 0.93 268
1780135971701 0.915 269
1780135971703 0.945 270
1780135971706 0.9399999999999998 271
1780135971708 0.9450000000000001 272
1780135971711 0.9549999999999998 273
1780135971714 0.9700000000000001 274
1780135971716 0.9550000000000001 275
1780135971719 0.945 276
1780135971721 0.9650000000000001 277
1780135971724 0.9549999999999998 278
1780135971726 0.805 279
1780135971729 0.9650000000000001 280
1780135971731 0.975 281
1780135971734 0.9049999999999999 282
1780135971736 0.9799999999999999 283
1780135971739 0.9549999999999998 284
1780135971741 0.9400000000000001 285
1780135971744 0.96 286
1780135971746 0.89 287
1780135971749 0.9200000000000002 288
1780135971751 0.925 289
1780135971754 0.93 290
1780135971757 0.9399999999999998 291
1780135971759 0.86 292
1780135971762 0.9400000000000001 293
1780135971764 0.9450000000000001 294
1780135971767 0.9349999999999999 295
1780135971769 0.96 296
1780135971772 0.96 297
1780135971774 0.95 298
1780135971777 0.9649999999999999 299
1780135971779 0.97 300
1780135971782 0.97 301
1780135971784 0.945 302
1780135971787 0.93 303
1780135971790 0.7649999999999999 304
1780135971792 0.915 305
1780135971795 0.905 306
1780135971797 0.93 307
1780135971800 0.9649999999999999 308
1780135971802 0.945 309
1780135971805 0.9299999999999999 310
1780135971807 0.9400000000000001 311
1780135971810 0.95 312
1780135971812 0.9549999999999998 313
