1780252776547 0.0 0
1780252776549 0.09458129117259553 1
1780252776551 0.2335399181878055 2
1780252776553 0.6025679055387222 3
1780252776554 0.6508889077347255 4
1780252776556 0.7146913372562469 5
1780252776563 0.7950147201628881 6
1780252776566 0.7772018145756154 7
1780252776567 0.8105701377882204 8
1780252776569 0.8700409987155615 9
1780252776571 0.8424078807528286 10
1780252776573 0.9048844340115201 11
1780252776575 0.8844556361191399 12
1780252776576 0.9184585931812549 13
1780252776578 0.7791245553761599 14
1780252776581 0.8850068830556636 15
1780252776582 0.8179845453446601 16
1780252776584 0.8889562338329393 17
1780252776586 0.9041013664697874 18
1780252776588 0.9248187443607929 19
1780252776590 0.9501665279521505 20
1780252776591 0.9397670519621739 21
1780252776593 0.9246924221121912 22
1780252776595 0.984855666370429 23
1780252776597 0.9548252902424919 24
1780252776599 0.9202228067183139 25
1780252776601 0.9598364109147163 26
1780252776603 0.9150620215767841 27
1780252776604 0.9025720814926697 28
1780252776606 0.9750817004989021 29
1780252776608 0.9455394666035918 30
1780252776610 0.930715503083924 31
1780252776612 0.9501754621074262 32
1780252776614 0.9542242019956444 33
1780252776615 0.9587746404535966 34
1780252776617 0.9206838398985457 35
1780252776619 0.9301949134875965 36
1780252776621 0.8883752768275727 37
1780252776623 0.804310971226516 38
1780252776625 0.8656572119000622 39
1780252776626 0.9604386200021631 40
1780252776628 0.9699686834346656 41
1780252776630 0.9294486685757546 42
1780252776632 0.9550436362952409 43
1780252776634 0.7451317787930191 44
1780252776636 0.9501915906087921 45
1780252776637 0.940149490725811 46
1780252776639 0.9543405104380713 47
1780252776641 0.980103636201197 48
1780252776643 0.9749686834346655 49
1780252776645 0.7389065852915289 50
1780252776647 0.9205957907549095 51
1780252776648 0.9240096087373457 52
1780252776650 0.9074889440980961 53
1780252776652 0.939522723646675 54
1780252776654 0.9447977258952868 55
1780252776656 0.9561611972395028 56
1780252776657 0.9749686834346655 57
1780252776659 0.95953456800055 58
1780252776661 0.7367857883758402 59
1780252776663 0.9799874921826142 60
1780252776665 0.9551843962627018 61
1780252776667 0.816805022805738 62
1780252776668 0.9596961446768895 63
1780252776670 0.9497330377818184 64
1780252776672 0.9649937460913071 65
1780252776674 0.9240836359559459 66
1780252776676 0.899282662232259 67
1780252776677 0.9595423831624089 68
1780252776680 0.9427698040323579 69
1780252776682 0.9410761738617964 70
1780252776684 0.9652067786727608 71
1780252776686 0.9446462296320493 72
1780252776688 0.8765940019919481 73
1780252776690 0.9232205748893809 74
1780252776691 0.98010989010989 75
1780252776693 0.9221332142207321 76
1780252776695 0.9353485549364302 77
1780252776697 0.9699812382739212 78
1780252776699 0.9192744569159663 79
1780252776701 0.9753278211672992 80
1780252776702 0.9250931224391534 81
1780252776704 0.9090235984972826 82
1780252776706 0.9284596996247231 83
1780252776708 0.9651349279256255 84
1780252776710 0.9294782288662338 85
1780252776713 0.6923292170889425 86
1780252776715 0.9649265835516843 87
1780252776717 0.9595831276126525 88
1780252776719 0.949351631110296 89
1780252776721 0.9654605557044581 90
1780252776723 0.9552602326970181 91
1780252776725 0.8174311152834421 92
1780252776727 0.9601933621304013 93
1780252776729 0.9651519651519651 94
1780252776731 0.918082668658989 95
1780252776732 0.9358226585500086 96
1780252776736 0.9310366793262214 97
1780252776738 0.9396491463179524 98
1780252776740 0.969855666370429 99
1780252776741 0.9699713636812481 100
1780252776743 0.955061536318216 101
1780252776745 0.9594784257351054 102
1780252776747 0.9305945214236223 103
1780252776749 0.939703225605993 104
1780252776751 0.940236254973097 105
1780252776753 0.9314445730588001 106
1780252776755 0.915991339193936 107
1780252776756 0.9749686834346655 108
1780252776758 0.9139119208461501 109
1780252776760 0.9398270300516771 110
1780252776762 0.9484847202433851 111
1780252776764 0.9421715863857806 112
1780252776766 0.9496426089480691 113
1780252776768 0.9400914616745887 114
1780252776770 0.9217982407735483 115
1780252776772 0.9698097870049089 116
1780252776773 0.8860509054389103 117
1780252776775 0.9646878357853967 118
1780252776777 0.9499024296200164 119
1780252776779 0.8954043508215523 120
1780252776781 0.9648686679174483 121
1780252776782 0.9492207457355082 122
1780252776784 0.9695763799743261 123
1780252776786 0.9751959953551141 124
1780252776788 0.9749906191369604 125
1780252776790 0.979971810389012 126
1780252776792 0.955061536318216 127
1780252776794 0.9383318920417765 128
1780252776796 0.9648472259447869 129
1780252776798 0.9606235506042952 130
1780252776799 0.9595674458190503 131
1780252776801 0.9654247097301699 132
1780252776803 0.8980419858276084 133
1780252776805 0.9749088937971525 134
1780252776807 0.9699364581443574 135
1780252776808 0.9487389439828465 136
1780252776810 0.9485321873415364 137
1780252776812 0.9550875076998313 138
1780252776814 0.9606605298752356 139
1780252776816 0.9799937460913071 140
1780252776818 0.9799874921826142 141
1780252776820 0.9600655719975361 142
1780252776821 0.9595076561815375 143
1780252776823 0.9489095688306592 144
1780252776825 0.9646685803296844 145
1780252776827 0.9848587933247753 146
1780252776829 0.9899937460913071 147
1780252776831 0.9597726632386451 148
1780252776833 0.9751996160390941 149
1780252776834 0.8954741821030281 150
1780252776836 0.9798624140087554 151
1780252776838 0.9698525394160825 152
1780252776840 0.969975431072992 153
1780252776842 0.790145964630598 154
1780252776843 0.9650817004989021 155
1780252776845 0.9467304423016876 156
1780252776847 0.9346834328862569 157
1780252776849 0.8818613373064311 158
1780252776851 0.9500295672246892 159
1780252776853 0.9649525549332993 160
1780252776855 0.9025399864873547 161
1780252776857 0.9458647813494453 162
1780252776858 0.9314961900327754 163
1780252776860 0.7460416137273767 164
1780252776862 0.7663914401947785 165
1780252776864 0.8959338262186278 166
1780252776866 0.8544170171007217 167
1780252776868 0.9489600019946021 168
1780252776870 0.8978482691765179 169
1780252776872 0.9649151477058453 170
1780252776874 0.8779577431048621 171
1780252776875 0.7925695415695416 172
1780252776877 0.9447087227575033 173
1780252776879 0.875679078691783 174
1780252776881 0.9148143467778971 175
1780252776883 0.8618050604764578 176
1780252776885 0.9005406077304274 177
1780252776887 0.8757201591412118 178
1780252776889 0.9343600951995734 179
1780252776890 0.863599536258655 180
1780252776892 0.9599807445442874 181
1780252776894 0.7343958805268553 182
1780252776896 0.9439448152014949 183
1780252776898 0.9297478544846965 184
1780252776900 0.9545253459360694 185
1780252776902 0.9450834403080874 186
1780252776904 0.9454624308796322 187
1780252776906 0.8931911763957604 188
1780252776907 0.9546903374759601 189
1780252776909 0.9193175569298804 190
1780252776911 0.9494467798639814 191
1780252776913 0.8641150637323893 192
1780252776915 0.6074038827967211 193
1780252776917 0.8869763739959579 194
1780252776919 0.9183627690238729 195
1780252776920 0.625515375085472 196
1780252776922 0.9143916103026577 197
1780252776924 0.8804843674297611 198
1780252776926 0.9402154382642187 199
1780252776928 0.9551067048893135 200
1780252776930 0.9597221477709283 201
1780252776932 0.9495746871870108 202
1780252776933 0.9558248127567769 203
1780252776935 0.8672400996436943 204
1780252776937 0.9152188442119794 205
1780252776939 0.9498440989904404 206
1780252776941 0.7834117722662614 207
1780252776942 0.9597122731782554 208
1780252776944 0.907309889990066 209
1780252776946 0.9081830546801111 210
1780252776948 0.949930995770474 211
1780252776950 0.9750817004989021 212
1780252776952 0.8907148806082723 213
1780252776954 0.9450416283343113 214
1780252776955 0.9151174862825098 215
1780252776957 0.9401732755904773 216
1780252776960 0.9268153804965706 217
1780252776963 0.944313112361893 218
1780252776965 0.9360043994070338 219
1780252776966 0.9604336438854455 220
1780252776969 0.9550235702233805 221
1780252776971 0.9544955180321033 222
1780252776973 0.8970218394637 223
1780252776974 0.9443838632721219 224
1780252776976 0.9397422871107082 225
1780252776978 0.9401023161998772 226
1780252776980 0.9498494124617359 227
1780252776982 0.935912825718032 228
1780252776984 0.9098720534920792 229
1780252776985 0.9799937460913071 230
1780252776987 0.9193288470095349 231
1780252776989 0.6430001297777317 232
1780252776991 0.7637353098953907 233
1780252776993 0.9350029705792908 234
1780252776995 0.9161877040407891 235
1780252776996 0.9254662494884007 236
1780252776998 0.9313709791970661 237
1780252777000 0.9498024141027992 238
1780252777002 0.9500284482312724 239
1780252777004 0.9554157755748942 240
1780252777006 0.9394051745592182 241
1780252777008 0.9507909945008789 242
1780252777010 0.9650219108613891 243
1780252777011 0.9501776803367991 244
1780252777013 0.9699874921826142 245
1780252777015 0.919155908197315 246
1780252777018 0.8545299423155649 247
1780252777020 0.9750906346541777 248
1780252777021 0.9259912650742589 249
1780252777023 0.9343413868496713 250
1780252777025 0.9155453478079322 251
1780252777027 0.9501005092468506 252
1780252777029 0.9598503528991333 253
1780252777031 0.939991949728792 254
1780252777032 0.8881738399616909 255
1780252777034 0.9151159795933316 256
1780252777036 0.9294563520655409 257
1780252777038 0.8920879118384658 258
1780252777040 0.974965556480319 259
1780252777041 0.9168129938074218 260
1780252777043 0.9406082575402216 261
1780252777045 0.9495956105891323 262
1780252777047 0.9350691926815161 263
1780252777049 0.9153801974662052 264
1780252777051 0.944640212162677 265
1780252777052 0.7991580641580642 266
1780252777054 0.9597060192695622 267
1780252777056 0.8357834762249023 268
1780252777058 0.945305085881406 269
1780252777060 0.9414661989020823 270
1780252777062 0.9450082840505862 271
1780252777064 0.9590855268762246 272
1780252777065 0.9796878357853966 273
1780252777067 0.9496893970385626 274
1780252777069 0.9276175098768167 275
1780252777071 0.9648556663704289 276
1780252777073 0.9294472735936152 277
1780252777074 0.9296966384065228 278
1780252777077 0.8444230898803372 279
1780252777079 0.9096811820412969 280
1780252777081 0.9211666913258101 281
1780252777082 0.9346044541679971 282
1780252777084 0.9651776803367991 283
1780252777086 0.9749686834346655 284
1780252777088 0.9498051260618057 285
1780252777090 0.954933331190011 286
1780252777091 0.965209905627107 287
1780252777093 0.8988612418087161 288
1780252777095 0.8751612864539695 289
1780252777097 0.9499682367269017 290
1780252777099 0.8911276781591069 291
1780252777101 0.856548345474834 292
1780252777103 0.9142793409500876 293
1780252777104 0.9138439325147999 294
1780252777106 0.9598066600505625 295
1780252777108 0.9493000820525616 296
1780252777110 0.9349431740702601 297
1780252777112 0.9399230331309324 298
1780252777114 0.9749686834346655 299
1780252777115 0.9148573243409391 300
1780252777117 0.9799776175899412 301
1780252777119 0.9399631174855821 302
1780252777121 0.9251950978757858 303
1780252777123 0.9500396006159209 304
1780252777125 0.9290136692575718 305
1780252777127 0.9310694270576467 306
1780252777129 0.8765667281758802 307
1780252777130 0.9247819125675351 308
1780252777132 0.9296917160336798 309
1780252777134 0.9086125205444846 310
1780252777136 0.9450228195863625 311
1780252777138 0.9450800387899234 312
1780252777139 0.857575317679682 313
