1773274105071 0.0 0
1773274105103 0.5957532051282051 1
1773274105125 0.5 2
1773274105160 0.5 3
1773274105178 0.5 4
1773274105207 0.6597938144329897 5
1773274105229 0.6194690265486725 6
1773274105251 0.5 7
1773274105277 0.5 8
1773274105311 0.5938593859385939 9
1773274105334 0.6441102756892231 10
1773274105361 0.7350000000000001 11
1773274105388 0.7513751375137514 12
1773274105412 0.76875 13
1773274105434 0.7393617021276595 14
1773274105472 0.7088879991992794 15
1773274105494 0.7842105263157895 16
1773274105518 0.7852254428341385 17
1773274105541 0.8458450421517463 18
1773274105561 0.7976679011109999 19
1773274105583 0.7928685897435898 20
1773274105621 0.7916666666666667 21
1773274105647 0.8249198717948718 22
1773274105670 0.81 23
1773274105693 0.8076923076923077 24
1773274105717 0.8038108680310515 25
1773274105756 0.7975040257648953 26
1773274105781 0.7437442075996292 27
1773274105807 0.76 28
1773274105830 0.6462339743589743 29
1773274105855 0.7091836734693877 30
1773274105891 0.6570616883116883 31
1773274105919 0.7227722772277227 32
1773274105943 0.5982384145731158 33
1773274105967 0.7353896103896104 34
1773274105996 0.6430572228891557 35
1773274106018 0.7835283528352835 36
1773274106040 0.8206521739130435 37
1773274106070 0.8565705128205128 38
1773274106097 0.748974897489749 39
1773274106122 0.7847117794486216 40
1773274106147 0.8403508771929824 41
1773274106170 0.8303185609486483 42
1773274106212 0.7887394620634283 43
1773274106234 0.7746274627462746 44
1773274106255 0.7922168867547019 45
1773274106276 0.784813925570228 46
1773274106301 0.8197994987468671 47
1773274106325 0.823051948051948 48
1773274106358 0.7934293429342933 49
1773274106385 0.781203007518797 50
1773274106407 0.7953633079084705 51
1773274106429 0.7354941976790716 52
1773274106459 0.7725779967159278 53
1773274106496 0.6494845360824743 54
1773274106525 0.7643879491542388 55
1773274106546 0.81 56
1773274106570 0.7875289847766912 57
1773274106592 0.8478173202943845 58
1773274106618 0.8401840184018401 59
1773274106654 0.8395503578989818 60
1773274106677 0.8205205506984223 61
1773274106700 0.8525641025641025 62
1773274106724 0.7991196478591436 63
1773274106749 0.815 64
1773274106786 0.7739965969372435 65
1773274106807 0.8049244319887899 66
1773274106828 0.8368283093053734 67
1773274106855 0.8691626409017714 68
1773274106878 0.8241185897435898 69
1773274106904 0.7784455128205128 70
1773274106943 0.8085748792270531 71
1773274106969 0.7542788509658693 72
1773274106992 0.7613683340223232 73
1773274107018 0.7606042416966787 74
1773274107042 0.8033303330333033 75
1773274107067 0.7750275027502751 76
1773274107104 0.781812725090036 77
1773274107133 0.8350383631713555 78
1773274107160 0.8465909090909092 79
1773274107187 0.7914786967418547 80
1773274107219 0.8352335233523352 81
1773274107260 0.8806880688068808 82
1773274107291 0.8358343337334934 83
1773274107318 0.8442028985507246 84
1773274107344 0.825932593259326 85
1773274107367 0.8203820382038204 86
1773274107389 0.8090225563909774 87
1773274107421 0.7883355176933159 88
1773274107445 0.83 89
1773274107470 0.8846538615446178 90
1773274107496 0.7752910477719791 91
1773274107519 0.7048819527811124 92
1773274107543 0.6808080808080809 93
1773274107578 0.8266908212560387 94
1773274107600 0.7780778077807781 95
1773274107629 0.7948872785829307 96
1773274107654 0.8265664160401003 97
1773274107676 0.8233082706766917 98
1773274107700 0.8308270676691729 99
1773274107727 0.826753720012147 100
1773274107751 0.8336038961038961 101
1773274107777 0.7987639433222792 102
1773274107804 0.8577724358974359 103
1773274107824 0.8165348813932539 104
1773274107846 0.8592859285928593 105
1773274107884 0.8049999999999999 106
1773274107908 0.8513621794871795 107
1773274107932 0.8262304921968787 108
1773274107953 0.8470611956850489 109
1773274107978 0.7952295229522952 110
1773274108018 0.8223057644110277 111
1773274108043 0.845 112
1773274108067 0.8161057692307692 113
1773274108094 0.83 114
1773274108117 0.8103864734299517 115
1773274108140 0.8175438596491228 116
1773274108178 0.7849999999999999 117
1773274108203 0.8296653602652999 118
1773274108227 0.8313325330132053 119
1773274108253 0.8130841121495327 120
1773274108277 0.7330932372949179 121
1773274108315 0.7272133453924229 122
1773274108342 0.6599999999999999 123
1773274108365 0.6414141414141414 124
1773274108388 0.7191919191919192 125
1773274108412 0.8365914786967419 126
1773274108433 0.8518796992481203 127
1773274108472 0.8822940646581924 128
1773274108502 0.8363983519244297 129
1773274108531 0.8902979066022545 130
1773274108562 0.8455345534553456 131
1773274108591 0.8380564767360064 132
1773274108636 0.823268921095008 133
1773274108658 0.8677884615384616 134
1773274108679 0.8864545818327331 135
1773274108707 0.8029556650246306 136
1773274108732 0.8699869986998701 137
1773274108761 0.8617446978791516 138
1773274108796 0.8132394940840473 139
1773274108817 0.7782538562355077 140
1773274108844 0.8540660225442833 141
1773274108865 0.8546418567426971 142
1773274108885 0.8562958496633504 143
1773274108910 0.8503694581280787 144
1773274108942 0.7822329414129233 145
1773274108962 0.7132919627664899 146
1773274108983 0.844611528822055 147
1773274109002 0.8164265706282513 148
1773274109033 0.8558811722199919 149
1773274109065 0.8352067442794059 150
1773274109104 0.845 151
1773274109135 0.831328320802005 152
1773274109165 0.8217171717171716 153
1773274109181 0.8194878515979434 154
1773274109207 0.8442118226600985 155
1773274109231 0.8360902255639098 156
1773274109275 0.816338819751104 157
1773274109304 0.8606957583155325 158
1773274109335 0.8383631713554986 159
1773274109363 0.8694869486948695 160
1773274109393 0.8425370148059224 161
1773274109416 0.8020833333333334 162
1773274109455 0.8594859485948595 163
1773274109482 0.8933088535291718 164
1773274109506 0.8101810181018102 165
1773274109537 0.905 166
1773274109563 0.887987012987013 167
1773274109582 0.8510851085108511 168
1773274109618 0.8273037885639634 169
1773274109647 0.8582898434363709 170
1773274109674 0.8261326132613261 171
1773274109702 0.8154671525458042 172
1773274109730 0.8510551948051948 173
1773274109758 0.8587858785878588 174
1773274109789 0.8816935241717545 175
1773274109814 0.8606134224111752 176
1773274109838 0.8526570048309179 177
1773274109870 0.8285109386026818 178
1773274109901 0.8230630268968286 179
1773274109945 0.8553685897435898 180
1773274109971 0.8341384863123994 181
1773274109995 0.8318327330932374 182
1773274110026 0.8611444577831133 183
1773274110056 0.8719806763285024 184
1773274110109 0.8607988759534324 185
1773274110151 0.84375 186
1773274110183 0.8424781429002111 187
1773274110208 0.8163971111789238 188
1773274110240 0.8422368947579031 189
1773274110269 0.8497596153846154 190
1773274110296 0.8338004203783405 191
1773274110326 0.8988218272013229 192
1773274110354 0.8947262479871175 193
1773274110377 0.85 194
1773274110401 0.7864583333333333 195
1773274110431 0.8346511860674608 196
1773274110465 0.7964975845410628 197
1773274110487 0.7801724137931034 198
