1780127428747 0.0 0
1780127428749 0.11557195968588374 1
1780127428751 0.27615384615384614 2
1780127428753 0.5937029206796648 3
1780127428755 0.5024262012497307 4
1780127428757 0.6706901417283332 5
1780127428759 0.56654286889581 6
1780127428761 0.48489468864468865 7
1780127428763 0.6705834642487368 8
1780127428765 0.5910765612751503 9
1780127428766 0.7264494931540791 10
1780127428768 0.8085354355789139 11
1780127428771 0.7746878878133532 12
1780127428773 0.6329063982663412 13
1780127428774 0.757137710405215 14
1780127428776 0.6798982762400879 15
1780127428778 0.6524825097503115 16
1780127428780 0.8120016788766788 17
1780127428782 0.6729650978620421 18
1780127428784 0.7525441663599558 19
1780127428786 0.7839156280110221 20
1780127428788 0.8017337183538557 21
1780127428790 0.8382110961655055 22
1780127428792 0.8637757856178909 23
1780127428794 0.7239474560527193 24
1780127428796 0.7960566445049204 25
1780127428798 0.7890774573437113 26
1780127428800 0.7908442472530495 27
1780127428802 0.844055290466222 28
1780127428804 0.80789782757662 29
1780127428806 0.7834493284493285 30
1780127428808 0.7675724461736774 31
1780127428810 0.7089285714285715 32
1780127428812 0.8123332320700742 33
1780127428813 0.7127660455486542 34
1780127428815 0.7926551840832026 35
1780127428817 0.8060021026325295 36
1780127428819 0.7664526323349852 37
1780127428821 0.8150652696976227 38
1780127428823 0.8240885478485179 39
1780127428825 0.8620631084975209 40
1780127428827 0.851911990006364 41
1780127428829 0.8105001181614085 42
1780127428831 0.8054896994258696 43
1780127428833 0.8405097881878068 44
1780127428835 0.836917471932952 45
1780127428838 0.9148968678380444 46
1780127428840 0.8480979466449984 47
1780127428842 0.8735189163384653 48
1780127428844 0.8363724429165605 49
1780127428846 0.865735355545727 50
1780127428848 0.8777840992856472 51
1780127428849 0.8903039796460849 52
1780127428851 0.8631593261005024 53
1780127428853 0.8302994966029905 54
1780127428855 0.8411468278861995 55
1780127428857 0.8560187132555553 56
1780127428859 0.8571070650482415 57
1780127428861 0.8920685996136057 58
1780127428863 0.9007165306313911 59
1780127428865 0.8942822636300896 60
1780127428867 0.8818262202773072 61
1780127428869 0.8400067682575422 62
1780127428871 0.8031589706589706 63
1780127428873 0.9182287157287157 64
1780127428875 0.8711935304562347 65
1780127428877 0.8425468770205612 66
1780127428879 0.9039020439484835 67
1780127428881 0.8377127569657281 68
1780127428883 0.800079365079365 69
1780127428885 0.8494900294213796 70
1780127428887 0.8772035935079414 71
1780127428889 0.8916987374660008 72
1780127428890 0.7595238095238095 73
1780127428892 0.8937103338283011 74
1780127428894 0.8831490490933215 75
1780127428896 0.9089699292795268 76
1780127428898 0.9029482467697572 77
1780127428900 0.8884621591858434 78
1780127428902 0.7373039812971163 79
1780127428904 0.9256526806526807 80
1780127428906 0.8815950694659135 81
1780127428908 0.8940297713981924 82
1780127428910 0.8845299759579944 83
1780127428912 0.9077573875399964 84
1780127428913 0.9274906664314901 85
1780127428915 0.8649039264828738 86
1780127428917 0.912593370681606 87
1780127428919 0.8848997493734336 88
1780127428921 0.7602019868317337 89
1780127428923 0.8359545586527293 90
1780127428925 0.9030967895791558 91
1780127428927 0.900661327057881 92
1780127428929 0.8949630576868429 93
1780127428931 0.9188127928516945 94
1780127428933 0.9009022556390978 95
1780127428935 0.8508047349966855 96
1780127428937 0.9123742047426256 97
1780127428938 0.8834580846308533 98
1780127428940 0.8599763057067957 99
1780127428942 0.8569517737164795 100
1780127428944 0.8482430640554876 101
1780127428946 0.842802399461682 102
1780127428948 0.8734724363315456 103
1780127428950 0.9001326846528084 104
1780127428952 0.9301480975165186 105
1780127428954 0.8359716693695021 106
1780127428956 0.8717691874614072 107
1780127428958 0.9223847497531708 108
1780127428960 0.9366343890028102 109
1780127428962 0.9132148553201184 110
1780127428964 0.9305697712347328 111
1780127428966 0.8917427869837347 112
1780127428968 0.8959381408065619 113
1780127428969 0.9475293305728089 114
1780127428971 0.8666034049340338 115
1780127428973 0.906130193018065 116
1780127428975 0.913792055897319 117
1780127428977 0.9158513708513709 118
1780127428979 0.9248799612765154 119
1780127428981 0.9159475393028025 120
1780127428983 0.905454781454916 121
1780127428985 0.8665823798627003 122
1780127428987 0.9215481886534519 123
1780127428989 0.9465732513100935 124
1780127428990 0.9197039255570012 125
1780127428992 0.9028075871496923 126
1780127428994 0.8593244304791832 127
1780127428996 0.9299755069491912 128
1780127428998 0.897410662690983 129
1780127429000 0.9221618517735088 130
1780127429002 0.9567897015265437 131
1780127429004 0.9297302875106078 132
1780127429006 0.9065820802005012 133
1780127429008 0.9140947064631275 134
1780127429010 0.9532539682539684 135
1780127429012 0.929929216156333 136
1780127429014 0.9017464114832536 137
1780127429016 0.9116955266955268 138
1780127429018 0.908155929038282 139
1780127429020 0.9071071618440041 140
1780127429021 0.8658536887948654 141
1780127429023 0.9637747035573122 142
1780127429025 0.9394028549634956 143
1780127429027 0.778427074113384 144
1780127429029 0.8807741139934233 145
1780127429031 0.9212530337701962 146
1780127429033 0.8541761265909873 147
1780127429035 0.9100533943554538 148
1780127429037 0.895602642971064 149
1780127429039 0.9213715994150776 150
1780127429041 0.8612920788385185 151
1780127429043 0.9259179812275787 152
1780127429045 0.8700671259494788 153
1780127429047 0.8725254899824154 154
1780127429049 0.947670807453416 155
1780127429051 0.9203666321601103 156
1780127429053 0.8921648351648352 157
1780127429054 0.9664285714285714 158
1780127429056 0.9348705096073517 159
1780127429058 0.962056277056277 160
1780127429060 0.9263852813852814 161
1780127429062 0.9338930659983292 162
1780127429064 0.9119047619047619 163
1780127429066 0.9318400167084379 164
1780127429068 0.9423376623376625 165
1780127429070 0.9632003262438044 166
1780127429072 0.9123506493506494 167
1780127429074 0.9353700466200466 168
1780127429076 0.9367380870476845 169
1780127429077 0.9562842712842713 170
1780127429079 0.9610503531556164 171
1780127429081 0.9555916305916305 172
1780127429083 0.9421262642772941 173
1780127429085 0.9302204106280193 174
1780127429087 0.9453075871496924 175
1780127429089 0.9423753718948227 176
1780127429091 0.9488277511961721 177
1780127429093 0.9582034632034633 178
1780127429095 0.9658840282524492 179
1780127429097 0.9763852813852815 180
1780127429099 0.9757142857142856 181
1780127429100 0.9513216011042098 182
1780127429102 0.9709523809523809 183
1780127429104 0.9542366946778712 184
1780127429106 0.8969696969696969 185
1780127429108 0.9579870129870128 186
1780127429110 0.9532950954461252 187
1780127429112 0.9127753623188406 188
1780127429114 0.9358228905597326 189
1780127429116 0.9422368421052629 190
1780127429118 0.9487963485789571 191
1780127429119 0.9502380952380951 192
1780127429121 0.9496866177300959 193
1780127429123 0.9542908072319838 194
1780127429125 0.9482003262438046 195
1780127429127 0.9548033126293994 196
1780127429129 0.9590127987954075 197
1780127429131 0.9766233766233766 198
1780127429133 0.9563492063492063 199
1780127429135 0.9430701754385966 200
1780127429137 0.9661471861471862 201
1780127429139 0.9400449653545628 202
1780127429141 0.9618398268398268 203
1780127429143 0.9424327122153209 204
1780127429145 0.9518882098293864 205
1780127429147 0.9256793778304075 206
1780127429149 0.9624857598541808 207
1780127429151 0.9222980839194761 208
1780127429153 0.8842914014023506 209
1780127429154 0.9522909546593757 210
1780127429156 0.9571695543205841 211
1780127429158 0.9423631047315256 212
1780127429160 0.9544805194805196 213
1780127429162 0.9323529411764706 214
1780127429164 0.891708768959543 215
1780127429174 0.9614035087719298 216
1780127429176 0.9721946169772255 217
1780127429177 0.9763852813852812 218
1780127429179 0.9766233766233766 219
1780127429181 0.9647186147186148 220
1780127429183 0.9718181818181817 221
1780127429185 0.9857142857142858 222
1780127429187 0.9613135110503531 223
1780127429189 0.929242023978866 224
1780127429191 0.9557660455486543 225
1780127429193 0.9399178981937603 226
1780127429195 0.9071852799090652 227
1780127429197 0.9558297258297259 228
1780127429199 0.9716017316017315 229
1780127429201 0.9511654135338345 230
1780127429203 0.9718181818181819 231
1780127429204 0.9435248085248086 232
1780127429206 0.9378735288581836 233
1780127429208 0.9757142857142856 234
1780127429210 0.9513869566965543 235
1780127429212 0.9165648765648765 236
1780127429214 0.8998017771701982 237
1780127429216 0.9609791189202953 238
1780127429218 0.9465516062884485 239
1780127429220 0.9172569886254097 240
1780127429222 0.9567388167388167 241
1780127429224 0.9542871066555276 242
1780127429226 0.906641604010025 243
1780127429228 0.9624327122153209 244
1780127429230 0.9854761904761904 245
1780127429232 0.9731037078863165 246
1780127429234 0.9707142857142855 247
1780127429236 0.9625324675324676 248
1780127429237 0.9338759035269332 249
1780127429239 0.9713852813852814 250
1780127429241 0.9588179936006023 251
1780127429243 0.9659273182957392 252
1780127429245 0.9661654135338347 253
1780127429247 0.8969390443074653 254
1780127429251 0.9160800310800312 255
1780127429253 0.9499037999037998 256
1780127429255 0.9636498855835238 257
1780127429257 0.9627022100706311 258
1780127429259 0.9366756446168212 259
1780127429260 0.9459014104175395 260
1780127429262 0.9363343108504398 261
1780127429264 0.9713602187286398 262
1780127429266 0.9677272727272728 263
1780127429268 0.904390203449801 264
1780127429270 0.9763852813852815 265
1780127429272 0.9300546821599454 266
1780127429274 0.9759523809523809 267
1780127429276 0.980952380952381 268
1780127429278 0.9902380952380951 269
1780127429280 0.9614285714285714 270
1780127429282 0.9811471861471862 271
1780127429284 0.9677272727272728 272
1780127429285 0.962670807453416 273
1780127429287 0.9455268853953065 274
1780127429289 0.9492529711375213 275
1780127429291 0.9331021394064873 276
1780127429293 0.9440185830429734 277
1780127429295 0.9516666666666668 278
1780127429297 0.9807142857142856 279
1780127429299 0.9242712842712842 280
1780127429301 0.9453583453583454 281
1780127429303 0.9554511278195488 282
1780127429305 0.9813852813852814 283
1780127429307 0.9716233766233765 284
1780127429309 0.9713852813852814 285
1780127429311 0.9709273182957393 286
1780127429313 0.9207139730823941 287
1780127429315 0.9666017316017316 288
1780127429317 0.976923076923077 289
1780127429319 0.9669063964258472 290
1780127429321 0.9461221234905445 291
1780127429322 0.970187969924812 292
1780127429324 0.9768181818181819 293
1780127429326 0.976190476190476 294
1780127429328 0.9334937388033364 295
1780127429330 0.9676024547534844 296
1780127429332 0.9769565217391303 297
1780127429334 0.9904761904761905 298
1780127429336 0.9423125996810209 299
1780127429338 0.7967518602041594 300
1780127429340 0.9904761904761905 301
1780127429341 0.9713602187286398 302
1780127429343 0.9720562770562771 303
1780127429345 0.9811471861471862 304
1780127429347 0.9391819469622673 305
1780127429349 0.9388179936006023 306
1780127429351 0.957099567099567 307
1780127429353 0.9707142857142858 308
1780127429355 0.9766233766233766 309
1780127429357 0.9583574879227053 310
1780127429359 0.9464924938609149 311
1780127429361 0.9813852813852814 312
1780127429363 0.9770562770562771 313
