1780266821392 0.0 0
1780266821393 0.7318900966183526 1
1780266821395 0.5576073865917248 2
1780266821397 0.6772727272727204 3
1780266821398 0.6934380032206048 4
1780266821400 0.7291061955760112 5
1780266821402 0.80253623188405 6
1780266821403 0.7869565217391228 7
1780266821405 0.7506280775801353 8
1780266821406 0.7592704250828988 9
1780266821408 0.7253132832080127 10
1780266821410 0.7230892356942704 11
1780266821411 0.8489640676608864 12
1780266821413 0.8197994987468589 13
1780266821414 0.8245192307692226 14
1780266821416 0.8096955128205048 15
1780266821418 0.7249195974686091 16
1780266821419 0.7199999999999929 17
1780266821421 0.7264150943396153 18
1780266821422 0.8234577922077839 19
1780266821424 0.806159420289847 20
1780266821426 0.7761531504371342 21
1780266821427 0.7900641025640948 22
1780266821429 0.8225063938618841 23
1780266821430 0.7768276827682691 24
1780266821432 0.8644279851866594 25
1780266821434 0.8407840784078324 26
1780266821435 0.8393839383938311 27
1780266821437 0.8276972624798629 28
1780266821438 0.7603580562659773 29
1780266821440 0.8756993184823427 30
1780266821442 0.8496849684968413 31
1780266821443 0.814999999999992 32
1780266821445 0.8579431772708999 33
1780266821446 0.6914786967418479 34
1780266821448 0.7526881720430034 35
1780266821449 0.7068965517241312 36
1780266821451 0.8250626566415958 37
1780266821453 0.8684077335762641 38
1780266821454 0.8016826923076843 39
1780266821456 0.6728971962616753 40
1780266821457 0.8146331698528594 41
1780266821459 0.8692528735632096 42
1780266821461 0.8554063676126453 43
1780266821462 0.8382574615616438 44
1780266821464 0.8232180663373243 45
1780266821465 0.8349334933493266 46
1780266821467 0.8376042608782952 47
1780266821469 0.833333333333325 48
1780266821470 0.8132252901160384 49
1780266821472 0.8599999999999914 50
1780266821473 0.7352941176470515 51
1780266821475 0.8464475932067045 52
1780266821476 0.856684062625443 53
1780266821478 0.8541666666666581 54
1780266821480 0.9020118106295576 55
1780266821481 0.8607988759534237 56
1780266821483 0.8483635271744485 57
1780266821484 0.8209820982098128 58
1780266821486 0.7424242424242351 59
1780266821488 0.8887555022008715 60
1780266821489 0.8487394957983109 61
1780266821491 0.8658463385354056 62
1780266821492 0.7916666666666589 63
1780266821494 0.8509195055773203 64
1780266821495 0.8743374337433656 65
1780266821497 0.845443596949008 66
1780266821499 0.8429345644319466 67
1780266821500 0.8499999999999915 68
1780266821502 0.6938744870383275 69
1780266821504 0.8391839183918308 70
1780266821505 0.7207532051281978 71
1780266821507 0.8609687468596035 72
1780266821508 0.8437594898268972 73
1780266821510 0.84132248015274 74
1780266821512 0.8572862304295377 75
1780266821514 0.8789878987898703 76
1780266821516 0.8217882209337726 77
1780266821518 0.6869158878504602 78
1780266821519 0.7712339743589667 79
1780266821521 0.8405448717948634 80
1780266821523 0.8359523571214009 81
1780266821524 0.7499999999999927 82
1780266821526 0.8178965482336187 83
1780266821528 0.8688375844339059 84
1780266821529 0.8318327330932291 85
1780266821531 0.8372139702930466 86
1780266821533 0.8834586466165326 87
1780266821534 0.8629130966952177 88
1780266821536 0.8455345534553371 89
1780266821538 0.8112824675324591 90
1780266821539 0.88271103896103 91
1780266821541 0.8892230576441014 92
1780266821542 0.8647364736473562 93
1780266821544 0.8449999999999915 94
1780266821546 0.7477229506555827 95
1780266821547 0.8728855970373248 96
1780266821549 0.8879870129870041 97
1780266821550 0.8675007536930874 98
1780266821552 0.8341006906215511 99
1780266821554 0.8233323332333151 100
1780266821555 0.8454106280193152 101
1780266821557 0.8273182957393401 102
1780266821558 0.797872340425524 103
1780266821560 0.7853084415584339 104
1780266821561 0.7641509433962186 105
1780266821563 0.7894736842105183 106
1780266821565 0.8621794871794786 107
1780266821566 0.8399999999999916 108
1780266821568 0.7916666666666587 109
1780266821569 0.8456140350877108 110
1780266821571 0.8540686617956075 111
1780266821572 0.8289619133755317 112
1780266821574 0.894319550381364 113
1780266821576 0.8482639943314016 114
1780266821577 0.7929508696978862 115
1780266821579 0.8096955128205048 116
1780266821580 0.8835451906715956 117
1780266821582 0.7981192476990717 118
1780266821584 0.8527684988359061 119
1780266821585 0.8210889800820658 120
1780266821587 0.870993589743581 121
1780266821588 0.7374136723050673 122
1780266821590 0.812329183115692 123
1780266821592 0.7830283028302752 124
1780266821593 0.8930288461538373 125
1780266821595 0.89415473926533 126
1780266821596 0.6148538961038894 127
1780266821598 0.8385416666666583 128
1780266821600 0.8685474189675784 129
1780266821601 0.8874686716791891 130
1780266821603 0.7884634710079311 131
1780266821604 0.8498849884988414 132
1780266821606 0.8894889488948806 133
1780266821608 0.8760376037603672 134
1780266821609 0.7884460547503946 135
1780266821611 0.8642050656087797 136
1780266821612 0.8134426561392774 137
1780266821614 0.8836297859511518 138
1780266821615 0.8982760358907058 139
1780266821617 0.8518518518518434 140
1780266821619 0.8365384615384532 141
1780266821620 0.8521408563425286 142
1780266821622 0.8542673107890414 143
1780266821623 0.7985104669887197 144
1780266821625 0.8411214953270942 145
1780266821627 0.8293678798265869 146
1780266821628 0.7686417775998322 147
1780266821630 0.8395358143257219 148
1780266821631 0.8703870387038617 149
1780266821633 0.8232614637108935 150
1780266821634 0.8752898477669031 151
1780266821636 0.8549999999999915 152
1780266821638 0.8996386993175342 153
1780266821639 0.8725173908660059 154
1780266821641 0.7380952380952306 155
1780266821642 0.8839598997493646 156
1780266821644 0.8774794018919655 157
1780266821646 0.8793879387938706 158
1780266821647 0.8762019230769142 159
1780266821649 0.8716845160644493 160
1780266821650 0.8905562224889867 161
1780266821652 0.8575430172068742 162
1780266821654 0.8345352564102482 163
1780266821655 0.8577719947953073 164
1780266821657 0.8495126117978007 165
1780266821658 0.8526570048309094 166
1780266821660 0.9035087719298156 167
1780266821661 0.88960064057651 168
1780266821663 0.8335346215780914 169
1780266821665 0.6911764705882284 170
1780266821666 0.8641826923076836 171
1780266821668 0.8529796000401886 172
1780266821669 0.8808373590982199 173
1780266821671 0.869947979191668 174
1780266821672 0.1354723707664872 175
1780266821674 0.3247648902821289 176
1780266821676 0.4999999999999966 177
1780266821677 0.6709911173445471 178
1780266821679 0.5230769230769191 179
1780266821680 0.7996727442730159 180
1780266821682 0.7331697054698378 181
1780266821683 0.830422794117638 182
1780266821685 0.7956112852664479 183
1780266821686 0.715230195937004 184
1780266821688 0.833829365079355 185
1780266821690 0.8656681212407025 186
1780266821691 0.7544097693351346 187
1780266821693 0.8705357142857039 188
1780266821694 0.8304630152456134 189
1780266821696 0.7556196658252115 190
1780266821697 0.8431152508135922 191
1780266821699 0.8965620867892665 192
1780266821701 0.7306985294117574 193
1780266821702 0.8198154443904713 194
1780266821704 0.8430063137445258 195
1780266821705 0.6935483870967675 196
1780266821707 0.8699999999999888 197
1780266821709 0.8627042057698897 198
1780266821710 0.8967975689574466 199
1780266821712 0.8663817663817569 200
1780266821713 0.8336401288541064 201
1780266821715 0.6393442622950761 202
1780266821717 0.8570522577371787 203
1780266821719 0.8790541337421767 204
1780266821720 0.8324175824175732 205
1780266821722 0.8754960317460214 206
1780266821723 0.9020805065581085 207
1780266821725 0.7944464478903628 208
1780266821726 0.827850877192972 209
1780266821728 0.8749999999999895 210
1780266821730 0.8460530625614056 211
1780266821731 0.8056628056627976 212
1780266821733 0.8359046283309867 213
1780266821734 0.8509971509971417 214
1780266821736 0.884523809523799 215
1780266821737 0.9081620387065648 216
1780266821740 0.916677929449913 217
1780266821742 0.812165775401061 218
1780266821743 0.8027459158845922 219
1780266821745 0.8878676470588136 220
1780266821747 0.8836154441862939 221
1780266821748 0.8964285714285609 222
1780266821750 0.8485893416927799 223
1780266821751 0.7805642633228753 224
1780266821753 0.8851867572156106 225
1780266821755 0.9211309523809408 226
1780266821756 0.8940476190476081 227
1780266821758 0.9346153846153745 228
1780266821759 0.873189665160458 229
1780266821761 0.8270219728845165 230
1780266821763 0.8693333333333242 231
1780266821764 0.9266666666666542 232
1780266821766 0.8745041471330578 233
1780266821767 0.8521825396825298 234
1780266821769 0.8189655172413703 235
1780266821770 0.8975139523084616 236
1780266821772 0.8463677441779536 237
1780266821774 0.8792196123732404 238
1780266821775 0.8831585081584963 239
1780266821777 0.9318315839131865 240
1780266821778 0.8693634676274612 241
1780266821780 0.9343151005142482 242
1780266821781 0.9158004158004043 243
1780266821783 0.8999999999999895 244
1780266821784 0.8896551724137824 245
1780266821786 0.9419413155332925 246
1780266821788 0.8999554367201328 247
1780266821789 0.8537684817886668 248
1780266821791 0.7786885245901558 249
1780266821792 0.8636474016512772 250
1780266821794 0.9159544159544057 251
1780266821795 0.8773809523809417 252
1780266821797 0.8134803632503744 253
1780266821799 0.8926967013220264 254
1780266821800 0.8333333333333244 255
1780266821802 0.9077380952380842 256
1780266821803 0.922892896577096 257
1780266821805 0.9186711250134731 258
1780266821807 0.9504540071061858 259
1780266821808 0.8961131127852291 260
1780266821810 0.7793103448275776 261
1780266821811 0.9667711598745959 262
1780266821813 0.8351122561648783 263
1780266821814 0.8988095238095131 264
1780266821816 0.9051455301455185 265
1780266821818 0.9243554952510076 266
1780266821819 0.8387096774193458 267
1780266821821 0.8953540567837406 268
1780266821822 0.9244779018941118 269
1780266821824 0.9218255268042265 270
1780266821825 0.8878968253968149 271
1780266821827 0.9066517277980788 272
1780266821828 0.9252048030523969 273
1780266821830 0.8771159874608034 274
1780266821832 0.9370741204282997 275
1780266821833 0.8930305973773573 276
1780266821835 0.92463733930887 277
1780266821836 0.8357432775240897 278
1780266821838 0.9384196500984714 279
1780266821839 0.9439560439560336 280
1780266821841 0.9107142857142749 281
1780266821843 0.843749999999991 282
1780266821844 0.9340659340659239 283
1780266821846 0.9095444163961909 284
1780266821847 0.8032786885245816 285
1780266821849 0.9523809523809406 286
1780266821851 0.8899999999999888 287
1780266821852 0.9313725490195943 288
1780266821854 0.884120687582632 289
1780266821855 0.8695652173912952 290
1780266821857 0.9338271005342286 291
1780266821858 0.9423796166432803 292
1780266821860 0.8657891573506333 293
1780266821862 0.9077410197619731 294
1780266821863 0.9086125016044038 295
1780266821865 0.9603918740233086 296
1780266821866 0.9088026382546819 297
1780266821868 0.8682432432432328 298
1780266821869 0.9512802687985058 299
1780266821871 0.9278868630200919 300
1780266821872 0.8973214285714177 301
1780266821874 0.9286572905397175 302
1780266821876 0.9214586255259358 303
1780266821877 0.761538461538454 304
1780266821879 0.9384920634920518 305
1780266821880 0.9587896891248926 306
1780266821882 0.9119445354296222 307
1780266821883 0.9510317720275036 308
1780266821885 0.9244514106582955 309
1780266821886 0.9006238859179939 310
1780266821888 0.9178571428571323 311
1780266821890 0.9620238235640881 312
1780266821891 0.9688912061174724 313
1780266821893 0.9520600693107311 314
1780266821894 0.9476190476190365 315
1780266821896 0.9184491978609526 316
1780266821898 0.8472697252034342 317
1780266821899 0.886284409183786 318
1780266821901 0.8688524590163837 319
1780266821902 0.9398966221901559 320
1780266821904 0.9335050913998166 321
1780266821905 0.8899999999999888 322
1780266821907 0.9494288281350157 323
1780266821909 0.9358233859581451 324
1780266821910 0.9056603773584795 325
1780266821912 0.9380952380952272 326
1780266821913 0.9169499757163563 327
1780266821915 0.9019607843137143 328
1780266821916 0.9166666666666548 329
1780266821918 0.8833910922859604 330
1780266821920 0.8819444444444353 331
1780266821921 0.8736677115987346 332
1780266821923 0.8999999999999886 333
1780266821924 0.9118410189880777 334
1780266821926 0.8752751708955983 335
1780266821927 0.8953600192330704 336
1780266821929 0.9167835184985342 337
1780266821931 0.8476190476190372 338
1780266821932 0.9249803613511286 339
1780266821934 0.8730158730158635 340
1780266821935 0.9255319148936048 341
1780266821937 0.9318606825619342 342
1780266821938 0.9298593580959136 343
1780266821940 0.9476190476190363 344
1780266821942 0.9012388966806817 345
1780266821943 0.9613970588235186 346
1780266821945 0.8886535746373911 347
1780266821946 0.8660968660968567 348
