1780237715576 0.0 0
1780237715578 0.8994444444444394 1
1780237715580 0.9272222222222171 2
1780237715581 0.9627777777777723 3
1780237715583 0.9527777777777725 4
1780237715584 0.9799999999999945 5
1780237715586 0.9788888888888833 6
1780237715587 0.9605555555555501 7
1780237715589 0.9816666666666611 8
1780237715590 0.9827777777777722 9
1780237715592 0.9877777777777723 10
1780237715593 0.9872222222222167 11
1780237715595 0.9888888888888833 12
1780237715596 0.9927777777777722 13
1780237715598 0.9894444444444389 14
1780237715599 0.9927777777777722 15
1780237715601 0.9938888888888833 16
1780237715602 0.9944444444444388 17
1780237715604 0.9938888888888833 18
1780237715605 0.9922222222222168 19
1780237715606 0.9916666666666611 20
1780237715608 0.99055555555555 21
1780237715609 0.9933333333333279 22
1780237715611 0.9949999999999944 23
1780237715612 0.9955555555555501 24
1780237715614 0.9922222222222168 25
1780237715615 0.99055555555555 26
1780237715617 0.9861111111111056 27
1780237715618 0.9933333333333279 28
1780237715620 0.9872222222222167 29
1780237715621 0.9949999999999944 30
1780237715623 0.9961111111111055 31
1780237715624 0.9927777777777722 32
1780237715625 0.9961111111111055 33
1780237715627 0.9794444444444391 34
1780237715628 0.99055555555555 35
1780237715630 0.9933333333333279 36
1780237715631 0.9961111111111055 37
1780237715633 0.9944444444444389 38
1780237715634 0.9955555555555501 39
1780237715636 0.9927777777777722 40
1780237715637 0.9872222222222167 41
1780237715639 0.9905555555555502 42
1780237715640 0.9938888888888833 43
1780237715642 0.9833333333333278 44
1780237715643 0.9933333333333279 45
1780237715645 0.9883333333333277 46
1780237715646 0.9916666666666611 47
1780237715648 0.9961111111111055 48
1780237715649 0.9927777777777722 49
1780237715651 0.9977777777777721 50
1780237715652 0.9933333333333279 51
1780237715654 0.9944444444444388 52
1780237715655 0.9861111111111056 53
1780237715657 0.9961111111111055 54
1780237715658 0.9927777777777722 55
1780237715660 0.9949999999999944 56
1780237715661 0.9938888888888833 57
1780237715663 0.9933333333333276 58
1780237715664 0.9944444444444389 59
1780237715666 0.9955555555555501 60
1780237715667 0.9872222222222167 61
1780237715668 0.9933333333333276 62
1780237715670 0.9938888888888833 63
1780237715671 0.9961111111111055 64
1780237715673 0.9894444444444389 65
1780237715674 0.9911111111111055 66
1780237715676 0.9949999999999944 67
1780237715677 0.9911111111111055 68
1780237715679 0.9861111111111056 69
1780237715680 0.9883333333333277 70
1780237715682 0.9972222222222167 71
1780237715683 0.9972222222222167 72
1780237715685 0.9977777777777721 73
1780237715686 0.9966666666666611 74
1780237715688 0.9944444444444388 75
1780237715689 0.9911111111111055 76
1780237715691 0.9966666666666611 77
1780237715692 0.9933333333333276 78
1780237715693 0.9988888888888834 79
1780237715695 0.9961111111111055 80
1780237715696 0.9911111111111056 81
1780237715698 0.986666666666661 82
1780237715699 0.9749999999999946 83
1780237715701 0.9966666666666611 84
1780237715702 0.9922222222222168 85
1780237715704 0.9927777777777722 86
1780237715705 0.9866666666666613 87
1780237715706 0.996666666666661 88
1780237715708 0.9972222222222167 89
1780237715709 0.9955555555555501 90
1780237715711 0.9922222222222166 91
1780237715712 0.9944444444444389 92
1780237715714 0.9805555555555501 93
1780237715715 0.9927777777777722 94
1780237715717 0.9888888888888834 95
1780237715718 0.9955555555555501 96
1780237715720 0.9916666666666611 97
1780237715721 0.9483333333333281 98
1780237715723 0.9866666666666613 99
1780237715724 0.9955555555555499 100
1780237715726 0.9955555555555499 101
1780237715727 0.9938888888888833 102
1780237715729 0.9944444444444389 103
1780237715730 0.9872222222222167 104
1780237715732 0.9961111111111055 105
1780237715733 0.9977777777777723 106
1780237715735 0.9977777777777723 107
1780237715736 0.9966666666666611 108
1780237715738 0.9938888888888833 109
1780237715739 0.9961111111111055 110
1780237715740 0.9911111111111055 111
1780237715742 0.9944444444444388 112
1780237715743 0.9966666666666611 113
1780237715745 0.9961111111111055 114
1780237715746 0.996666666666661 115
1780237715748 0.9922222222222166 116
1780237715749 0.996666666666661 117
1780237715751 0.9922222222222168 118
1780237715752 0.9955555555555499 119
1780237715754 0.9988888888888832 120
1780237715755 0.9644444444444391 121
1780237715757 0.9955555555555501 122
1780237715758 0.9933333333333279 123
1780237715760 0.9955555555555501 124
1780237715761 0.9955555555555501 125
1780237715763 0.9922222222222168 126
1780237715764 0.9961111111111055 127
1780237715766 0.9955555555555499 128
1780237715767 0.9877777777777723 129
1780237715769 0.9866666666666613 130
1780237715770 0.9949999999999944 131
1780237715772 0.9944444444444388 132
1780237715773 0.9872222222222167 133
1780237715775 0.9833333333333278 134
1780237715776 0.9838888888888835 135
1780237715778 0.9955555555555501 136
1780237715779 0.9977777777777723 137
1780237715781 0.9944444444444388 138
1780237715782 0.9949999999999944 139
1780237715784 0.9888888888888833 140
1780237715785 0.996666666666661 141
1780237715787 0.9955555555555499 142
1780237715788 0.9855555555555501 143
1780237715790 0.9961111111111055 144
1780237715791 0.9955555555555501 145
1780237715793 0.9938888888888833 146
1780237715794 0.9966666666666611 147
1780237715796 0.9955555555555501 148
1780237715797 0.9933333333333279 149
1780237715799 0.9949999999999944 150
1780237715800 0.9938888888888833 151
1780237715802 0.9977777777777723 152
1780237715803 0.9833333333333277 153
1780237715805 0.9955555555555499 154
1780237715806 0.9955555555555501 155
1780237715808 0.996666666666661 156
1780237715809 0.9911111111111056 157
1780237715811 0.9922222222222168 158
1780237715812 0.9899999999999946 159
1780237715814 0.9972222222222167 160
1780237715815 0.9944444444444389 161
1780237715817 0.9938888888888833 162
1780237715818 0.9899999999999946 163
1780237715820 0.9922222222222168 164
1780237715821 0.9849999999999944 165
1780237715823 0.9927777777777722 166
1780237715824 0.9755555555555502 167
1780237715826 0.9749999999999945 168
1780237715827 0.9883333333333277 169
1780237715829 0.9888888888888833 170
1780237715830 0.9838888888888834 171
1780237715832 0.9927777777777722 172
1780237715833 0.9961111111111055 173
1780237715835 0.9938888888888833 174
1780237715836 0.9866666666666613 175
1780237715838 0.9749999999999945 176
1780237715839 0.9966666666666611 177
1780237715841 0.9916666666666611 178
1780237715842 0.9938888888888833 179
1780237715844 0.9888888888888834 180
1780237715845 0.9872222222222167 181
1780237715847 0.9961111111111055 182
1780237715848 0.9922222222222168 183
1780237715850 0.9933333333333276 184
1780237715851 0.9922222222222168 185
1780237715853 0.9877777777777723 186
1780237715854 0.9944444444444389 187
1780237715856 0.9799999999999945 188
1780237715857 0.9972222222222167 189
1780237715859 0.9949999999999944 190
1780237715860 0.9961111111111055 191
1780237715862 0.9811111111111057 192
1780237715863 0.9944444444444389 193
1780237715864 0.9849999999999944 194
1780237715866 0.9916666666666611 195
1780237715867 0.9933333333333279 196
1780237715869 0.9777777777777723 197
1780237715870 0.9761111111111056 198
1780237715872 0.99055555555555 199
1780237715873 0.9944444444444388 200
1780237715875 0.9922222222222166 201
1780237715876 0.9944444444444389 202
1780237715878 0.9883333333333277 203
1780237715879 0.9916666666666611 204
1780237715881 0.9938888888888833 205
1780237715882 0.9911111111111056 206
1780237715884 0.9961111111111055 207
1780237715885 0.9922222222222166 208
1780237715887 0.9749999999999946 209
1780237715888 0.9838888888888834 210
1780237715890 0.9933333333333276 211
1780237715891 0.9955555555555501 212
1780237715893 0.9922222222222168 213
1780237715894 0.9927777777777722 214
1780237715896 0.9955555555555501 215
1780237715897 0.9933333333333276 216
1780237715899 0.978333333333328 217
1780237715900 0.99055555555555 218
1780237715902 0.9877777777777723 219
1780237715903 0.9944444444444388 220
1780237715904 0.9977777777777723 221
1780237715906 0.9961111111111055 222
1780237715907 0.9916666666666611 223
1780237715909 0.9922222222222168 224
1780237715910 0.9772222222222167 225
1780237715912 0.9911111111111056 226
1780237715913 0.9922222222222168 227
1780237715915 0.9949999999999944 228
1780237715916 0.9938888888888833 229
1780237715918 0.9938888888888833 230
1780237715919 0.9922222222222168 231
1780237715921 0.9794444444444389 232
1780237715922 0.99055555555555 233
1780237715924 0.9922222222222166 234
1780237715925 0.9938888888888833 235
1780237715927 0.9944444444444388 236
1780237715928 0.9933333333333279 237
1780237715930 0.9938888888888833 238
1780237715931 0.9888888888888834 239
1780237715933 0.9972222222222167 240
1780237715934 0.9961111111111055 241
1780237715936 0.9766666666666612 242
1780237715937 0.9944444444444389 243
1780237715939 0.9927777777777722 244
1780237715940 0.9955555555555501 245
1780237715941 0.9922222222222168 246
1780237715943 0.9911111111111055 247
1780237715944 0.9833333333333278 248
1780237715946 0.9944444444444388 249
1780237715947 0.9966666666666611 250
1780237715949 0.9961111111111055 251
1780237715950 0.9927777777777722 252
1780237715952 0.9938888888888833 253
1780237715953 0.9944444444444389 254
1780237715955 0.9883333333333277 255
1780237715956 0.9922222222222166 256
1780237715958 0.9772222222222167 257
1780237715959 0.9877777777777723 258
1780237715961 0.9955555555555501 259
1780237715962 0.9961111111111055 260
1780237715963 0.9938888888888833 261
1780237715965 0.9861111111111056 262
1780237715966 0.99055555555555 263
1780237715968 0.9938888888888833 264
1780237715969 0.9944444444444389 265
1780237715971 0.9883333333333277 266
1780237715972 0.9866666666666613 267
1780237715974 0.9916666666666611 268
1780237715975 0.9949999999999944 269
1780237715977 0.9961111111111055 270
1780237715978 0.9944444444444389 271
1780237715979 0.9899999999999946 272
1780237715981 0.9944444444444388 273
1780237715982 0.9911111111111056 274
1780237715984 0.9955555555555499 275
1780237715985 0.9977777777777723 276
1780237715987 0.9861111111111056 277
1780237715988 0.9977777777777721 278
1780237715990 0.9866666666666613 279
1780237715992 0.9961111111111055 280
1780237715993 0.9949999999999944 281
1780237715995 0.9955555555555501 282
1780237715996 0.9933333333333276 283
1780237715998 0.9872222222222167 284
1780237715999 0.9944444444444388 285
1780237716001 0.9966666666666611 286
1780237716002 0.9949999999999944 287
1780237716004 0.9927777777777722 288
1780237716005 0.9927777777777722 289
1780237716007 0.99055555555555 290
1780237716008 0.9888888888888834 291
1780237716010 0.9805555555555501 292
1780237716011 0.99055555555555 293
1780237716013 0.9961111111111055 294
1780237716014 0.9949999999999944 295
1780237716016 0.9949999999999944 296
1780237716017 0.9899999999999946 297
1780237716019 0.9938888888888833 298
1780237716020 0.9938888888888833 299
1780237716022 0.9849999999999944 300
1780237716023 0.9944444444444389 301
1780237716025 0.9899999999999946 302
1780237716026 0.9888888888888834 303
1780237716027 0.9927777777777722 304
1780237716029 0.996666666666661 305
1780237716030 0.9961111111111055 306
1780237716032 0.9949999999999944 307
1780237716033 0.9949999999999944 308
1780237716035 0.9955555555555501 309
1780237716036 0.9949999999999944 310
1780237716038 0.9972222222222167 311
1780237716039 0.9938888888888833 312
1780237716041 0.9955555555555501 313
