1780545033019 0.0 0
1780545033022 0.648 1
1780545033024 0.7492997198879552 2
1780545033026 0.6922572840004033 3
1780545033028 0.752 4
1780545033030 0.719977891669179 5
1780545033033 0.5026683087027914 6
1780545033035 0.6603340976089093 7
1780545033037 0.5 8
1780545033039 0.636986301369863 9
1780545033042 0.7967360602573491 10
1780545033044 0.6651515151515152 11
1780545033046 0.7728463806092368 12
1780545033048 0.6923076923076923 13
1780545033051 0.765298921262224 14
1780545033053 0.7196969696969697 15
1780545033055 0.6976390836839645 16
1780545033057 0.8581803091607013 17
1780545033059 0.7983496925897962 18
1780545033062 0.8193568726355611 19
1780545033064 0.7770833333333333 20
1780545033066 0.5384615384615384 21
1780545033068 0.7526683087027914 22
1780545033071 0.810322511055981 23
1780545033073 0.7946666666666666 24
1780545033075 0.6551724137931034 25
1780545033077 0.7797489366116817 26
1780545033079 0.801358234295416 27
1780545033082 0.8009129577757028 28
1780545033084 0.5368940368940369 29
1780545033086 0.7040229885057472 30
1780545033088 0.7872254276748658 31
1780545033091 0.7307959680222453 32
1780545033093 0.7995251017639078 33
1780545033095 0.8880581832977317 34
1780545033097 0.85625 35
1780545033100 0.8091854597878694 36
1780545033102 0.6455399061032864 37
1780545033104 0.7557300509337861 38
1780545033106 0.8496462886706789 39
1780545033108 0.5 40
1780545033111 0.8358673846478724 41
1780545033113 0.7650162337662337 42
1780545033115 0.803431321267915 43
1780545033117 0.7919191919191919 44
1780545033120 0.7668382668382668 45
1780545033122 0.7126585119515205 46
1780545033124 0.8541666666666666 47
1780545033126 0.8408408408408408 48
1780545033129 0.9223259762308998 49
1780545033131 0.8603631170950632 50
1780545033133 0.7706038351693187 51
1780545033135 0.7609710550887021 52
1780545033138 0.7717258261933905 53
1780545033140 0.8503820033955858 54
1780545033142 0.6721758830192565 55
1780545033144 0.8187500000000001 56
1780545033146 0.854301948051948 57
1780545033149 0.8641215106732347 58
1780545033151 0.7979166666666666 59
1780545033153 0.6541353383458647 60
1780545033155 0.8661433172302737 61
1780545033157 0.7673853628909809 62
1780545033160 0.6217948717948718 63
1780545033162 0.6529009089888901 64
1780545033164 0.7795292139554435 65
1780545033166 0.8879210220673635 66
1780545033168 0.7795698924731183 67
1780545033171 0.7351648351648352 68
1780545033173 0.8265984654731457 69
1780545033175 0.8215636822194199 70
1780545033177 0.7805245703949352 71
1780545033180 0.8745894909688013 72
1780545033182 0.8892106392106391 73
1780545033184 0.7879881154499151 74
1780545033186 0.7284573350147121 75
1780545033189 0.7364176570458405 76
1780545033191 0.8831202046035806 77
1780545033193 0.8754385964912281 78
1780545033195 0.8583333333333334 79
1780545033198 0.8670329670329671 80
1780545033200 0.8871509674429382 81
1780545033203 0.9077832409247829 82
1780545033205 0.8221940660965051 83
1780545033207 0.8446691176470589 84
1780545033209 0.7886523356758991 85
1780545033212 0.8520655808434905 86
1780545033214 0.8735669832951196 87
1780545033216 0.790907218618062 88
1780545033218 0.8788526090936832 89
1780545033220 0.8533333333333333 90
1780545033223 0.6766225713104589 91
1780545033225 0.9002463054187192 92
1780545033227 0.8806356245380635 93
1780545033229 0.9039125431530495 94
1780545033232 0.8269073847409221 95
1780545033234 0.8358974358974359 96
1780545033236 0.8622742200328407 97
1780545033238 0.8443189909470044 98
1780545033240 0.573076923076923 99
1780545033243 0.7751557385703727 100
1780545033245 0.6398986085643404 101
1780545033247 0.8646470828233375 102
1780545033250 0.8485243055555556 103
1780545033252 0.8091787439613527 104
1780545033254 0.844894942455918 105
1780545033256 0.8262953896368829 106
1780545033259 0.8025010334849112 107
1780545033261 0.7199917003838572 108
1780545033263 0.7786502546689305 109
1780545033265 0.8815626291856139 110
1780545033267 0.8558558558558559 111
1780545033270 0.8570707070707071 112
1780545033272 0.6404092071611254 113
1780545033274 0.8669026169026168 114
1780545033276 0.8395833333333333 115
1780545033278 0.8873368568654945 116
1780545033281 0.8605189990732159 117
1780545033283 0.7674443043295502 118
1780545033285 0.842589767063371 119
1780545033287 0.71900826446281 120
1780545033289 0.8076209193143357 121
1780545033292 0.8712277800744109 122
1780545033294 0.8373333333333334 123
1780545033296 0.769756200084069 124
1780545033298 0.8204584040747029 125
1780545033300 0.7708333333333334 126
1780545033303 0.8893189664190815 127
1780545033305 0.9095925297113752 128
1780545033307 0.8183497536945813 129
1780545033309 0.8791856138900372 130
1780545033311 0.8809082483781279 131
1780545033314 0.8083333333333333 132
1780545033316 0.8280984719864176 133
1780545033318 0.537037037037037 134
1780545033320 0.7604166666666666 135
1780545033322 0.8604166666666666 136
1780545033325 0.8717532467532467 137
1780545033327 0.9064733081126524 138
1780545033329 0.8962547982155825 139
1780545033331 0.8545454545454545 140
1780545033333 0.656 141
1780545033336 0.8830515297906603 142
1780545033338 0.8827283188618056 143
1780545033340 0.8625 144
1780545033342 0.8040100250626567 145
1780545033345 0.7236842105263158 146
1780545033347 0.8176470588235294 147
1780545033349 0.8437853980022655 148
1780545033351 0.7707979626485568 149
1780545033354 0.45559210526315785 150
1780545033356 0.5302960576775579 151
1780545033358 0.5041023501599221 152
1780545033360 0.5 153
1780545033362 0.5052584802251519 154
1780545033365 0.5333008447043535 155
1780545033367 0.543701024713683 156
1780545033369 0.505771102767348 157
1780545033371 0.5926030491247882 158
1780545033383 0.6329757199322417 159
1780545033386 0.5113636363636364 160
1780545033388 0.5 161
1780545033390 0.5542560103963613 162
1780545033393 0.5128205128205128 163
1780545033395 0.607527773171945 164
1780545033397 0.5 165
1780545033399 0.5286469197608121 166
1780545033401 0.5111111111111111 167
1780545033404 0.5383771929824561 168
1780545033406 0.5113636363636364 169
1780545033408 0.52 170
1780545033410 0.583469115686565 171
1780545033412 0.5147058823529411 172
1780545033415 0.6453252032520325 173
1780545033417 0.5510204081632653 174
1780545033419 0.6766233766233767 175
1780545033421 0.5 176
1780545033423 0.5 177
1780545033426 0.6268191268191268 178
1780545033428 0.6232943469785575 179
1780545033430 0.5 180
1780545033432 0.5759856630824373 181
1780545033434 0.5256410256410257 182
1780545033437 0.7109068793080147 183
1780545033439 0.5175438596491229 184
1780545033441 0.6048951048951049 185
1780545033443 0.6316614420062696 186
1780545033445 0.5113636363636364 187
1780545033448 0.5161290322580645 188
1780545033450 0.5174804098854732 189
1780545033452 0.5491039426523298 190
1780545033454 0.5329153605015674 191
1780545033456 0.625 192
1780545033459 0.5 193
1780545033461 0.527027027027027 194
1780545033463 0.5348837209302325 195
1780545033465 0.5348837209302325 196
1780545033467 0.6125172572480442 197
1780545033470 0.6373963216732781 198
1780545033472 0.6777777777777778 199
1780545033474 0.5125 200
1780545033476 0.5303030303030303 201
1780545033478 0.5751488095238095 202
1780545033481 0.5 203
1780545033483 0.5570285883572804 204
1780545033485 0.5111111111111111 205
1780545033487 0.5735867446393762 206
1780545033490 0.6727158948685857 207
1780545033492 0.6596385542168675 208
1780545033494 0.5113636363636364 209
1780545033496 0.5 210
1780545033498 0.5 211
1780545033501 0.6681183088368717 212
1780545033503 0.5116279069767442 213
1780545033505 0.5595238095238095 214
1780545033507 0.648635477582846 215
1780545033510 0.546875 216
1780545033512 0.5555555555555556 217
1780545033514 0.5364725095264017 218
1780545033516 0.5675675675675675 219
1780545033519 0.5349608197709463 220
1780545033521 0.6515151515151515 221
1780545033523 0.5450708711578277 222
1780545033525 0.5196078431372549 223
1780545033527 0.5806451612903226 224
1780545033530 0.6595840867992767 225
1780545033532 0.6025641025641025 226
1780545033534 0.6266666666666667 227
1780545033536 0.5889089813140447 228
1780545033538 0.5131578947368421 229
1780545033541 0.6020408163265306 230
1780545033543 0.7006172839506173 231
1780545033545 0.5833333333333334 232
1780545033547 0.5835324096193661 233
1780545033550 0.5759318913943856 234
1780545033552 0.5571428571428572 235
1780545033559 0.5738396624472574 236
1780545033561 0.5512820512820513 237
1780545033563 0.6741964153458747 238
1780545033565 0.5826727854262272 239
1780545033568 0.6785661383498741 240
1780545033570 0.5119047619047619 241
1780545033572 0.5302960576775579 242
1780545033574 0.6231163351416515 243
1780545033576 0.6348238482384824 244
1780545033579 0.6029622551361682 245
1780545033581 0.5277777777777778 246
1780545033583 0.5494579945799458 247
1780545033585 0.5217391304347826 248
1780545033588 0.55 249
1780545033590 0.6767797419971333 250
1780545033592 0.5979020979020979 251
1780545033594 0.5849210669569951 252
1780545033596 0.5657894736842105 253
1780545033599 0.6699647185151096 254
1780545033601 0.5375 255
1780545033603 0.5619706380575946 256
1780545033605 0.5884596252694412 257
1780545033607 0.5555555555555556 258
1780545033610 0.5862770284735602 259
1780545033612 0.5625 260
1780545033614 0.5398268398268398 261
1780545033616 0.58125 262
1780545033619 0.6981246218995765 263
1780545033621 0.5348837209302325 264
1780545033623 0.6664938527625537 265
1780545033625 0.7110745614035088 266
1780545033628 0.7658102766798419 267
1780545033630 0.6331654569693379 268
1780545033632 0.5 269
1780545033634 0.5760869565217391 270
1780545033636 0.564516129032258 271
1780545033639 0.519429845516802 272
1780545033641 0.6267960302177455 273
1780545033643 0.557843137254902 274
1780545033645 0.5563592525617842 275
1780545033647 0.5760869565217391 276
1780545033650 0.6200716845878136 277
1780545033652 0.5782106354614132 278
1780545033654 0.5424911796287775 279
1780545033656 0.6348144609014175 280
1780545033658 0.5273090183269824 281
1780545033661 0.5633980151088728 282
1780545033663 0.5952380952380952 283
1780545033665 0.587012987012987 284
1780545033667 0.5745257452574526 285
1780545033669 0.5 286
1780545033672 0.5930232558139534 287
1780545033674 0.7403375068045727 288
1780545033676 0.6327913279132791 289
1780545033678 0.5929174788823912 290
1780545033681 0.5759318913943856 291
1780545033683 0.6582278481012658 292
1780545033685 0.6523716699155295 293
1780545033687 0.566582728484669 294
1780545033689 0.6175474254742548 295
1780545033692 0.5927706847952247 296
1780545033694 0.5 297
1780545033696 0.6931039974518236 298
