1780106699466 0.0 0
1780106699468 0.10500000000000001 1
1780106699469 0.13999999999999999 2
1780106699471 0.17500000000000002 3
1780106699472 0.23000000000000004 4
1780106699474 0.295 5
1780106699476 0.355 6
1780106699477 0.40499999999999997 7
1780106699479 0.41000000000000003 8
1780106699480 0.45 9
1780106699482 0.47000000000000003 10
1780106699483 0.52 11
1780106699485 0.49499999999999994 12
1780106699486 0.5199999999999999 13
1780106699488 0.505 14
1780106699490 0.48500000000000004 15
1780106699491 0.5800000000000001 16
1780106699493 0.5850000000000001 17
1780106699494 0.5549999999999999 18
1780106699496 0.62 19
1780106699497 0.645 20
1780106699499 0.6900000000000001 21
1780106699500 0.655 22
1780106699502 0.6950000000000001 23
1780106699504 0.6900000000000001 24
1780106699505 0.7349999999999999 25
1780106699507 0.6950000000000001 26
1780106699508 0.715 27
1780106699510 0.7 28
1780106699511 0.6699999999999999 29
1780106699513 0.7200000000000001 30
1780106699515 0.7 31
1780106699516 0.7300000000000001 32
1780106699518 0.6900000000000001 33
1780106699519 0.7449999999999999 34
1780106699521 0.72 35
1780106699522 0.695 36
1780106699524 0.74 37
1780106699525 0.71 38
1780106699527 0.7749999999999999 39
1780106699529 0.72 40
1780106699530 0.73 41
1780106699532 0.7750000000000001 42
1780106699533 0.6900000000000001 43
1780106699535 0.72 44
1780106699536 0.715 45
1780106699538 0.77 46
1780106699540 0.705 47
1780106699541 0.745 48
1780106699543 0.7499999999999999 49
1780106699544 0.7899999999999999 50
1780106699546 0.7449999999999999 51
1780106699547 0.76 52
1780106699549 0.7499999999999999 53
1780106699550 0.78 54
1780106699552 0.7249999999999999 55
1780106699554 0.79 56
1780106699555 0.75 57
1780106699557 0.7899999999999999 58
1780106699558 0.8049999999999999 59
1780106699560 0.79 60
1780106699561 0.73 61
1780106699563 0.73 62
1780106699564 0.8 63
1780106699566 0.74 64
1780106699567 0.78 65
1780106699569 0.8150000000000001 66
1780106699571 0.8099999999999999 67
1780106699572 0.7449999999999999 68
1780106699574 0.775 69
1780106699575 0.79 70
1780106699577 0.79 71
1780106699578 0.8150000000000001 72
1780106699585 0.78 73
1780106699586 0.8099999999999999 74
1780106699588 0.82 75
1780106699590 0.8 76
1780106699591 0.7849999999999999 77
1780106699593 0.7649999999999999 78
1780106699594 0.79 79
1780106699596 0.8 80
1780106699597 0.7299999999999999 81
1780106699599 0.7849999999999999 82
1780106699601 0.8299999999999998 83
1780106699602 0.8150000000000001 84
1780106699604 0.72 85
1780106699605 0.76 86
1780106699607 0.78 87
1780106699608 0.8300000000000001 88
1780106699610 0.8150000000000001 89
1780106699612 0.755 90
1780106699613 0.825 91
1780106699615 0.79 92
1780106699616 0.7649999999999999 93
1780106699618 0.7449999999999999 94
1780106699619 0.7899999999999999 95
1780106699621 0.8049999999999999 96
1780106699623 0.7749999999999999 97
1780106699624 0.7849999999999999 98
1780106699626 0.79 99
1780106699627 0.8049999999999999 100
1780106699629 0.835 101
1780106699630 0.78 102
1780106699632 0.8099999999999999 103
1780106699634 0.8200000000000001 104
1780106699635 0.8550000000000001 105
1780106699637 0.835 106
1780106699638 0.8 107
1780106699640 0.835 108
1780106699641 0.805 109
1780106699643 0.8099999999999999 110
1780106699645 0.85 111
1780106699646 0.835 112
1780106699648 0.835 113
1780106699649 0.79 114
1780106699651 0.865 115
1780106699653 0.8350000000000002 116
1780106699654 0.8550000000000001 117
1780106699656 0.8400000000000001 118
1780106699657 0.8 119
1780106699659 0.8549999999999999 120
1780106699661 0.8300000000000001 121
1780106699662 0.8100000000000002 122
1780106699664 0.825 123
1780106699665 0.8099999999999999 124
1780106699667 0.835 125
1780106699668 0.8099999999999999 126
1780106699670 0.8400000000000001 127
1780106699672 0.8400000000000001 128
1780106699673 0.82 129
1780106699675 0.805 130
1780106699676 0.845 131
1780106699678 0.825 132
1780106699679 0.8150000000000001 133
1780106699681 0.835 134
1780106699683 0.8150000000000001 135
1780106699684 0.8699999999999999 136
1780106699686 0.8949999999999999 137
1780106699687 0.865 138
1780106699689 0.82 139
1780106699690 0.8150000000000001 140
1780106699692 0.8300000000000001 141
1780106699694 0.8400000000000001 142
1780106699695 0.835 143
1780106699697 0.85 144
1780106699698 0.865 145
1780106699700 0.8300000000000001 146
1780106699701 0.845 147
1780106699703 0.825 148
1780106699705 0.8150000000000001 149
1780106699706 0.8150000000000001 150
1780106699708 0.86 151
1780106699709 0.8699999999999999 152
1780106699711 0.8949999999999999 153
1780106699713 0.8649999999999999 154
1780106699714 0.7949999999999999 155
1780106699716 0.845 156
1780106699717 0.8149999999999998 157
1780106699719 0.8649999999999999 158
1780106699720 0.9099999999999999 159
1780106699722 0.89 160
1780106699724 0.875 161
1780106699725 0.8899999999999999 162
1780106699727 0.9149999999999998 163
1780106699728 0.89 164
1780106699730 0.8999999999999998 165
1780106699732 0.9 166
1780106699733 0.905 167
1780106699735 0.8899999999999999 168
1780106699736 0.9 169
1780106699738 0.9199999999999999 170
1780106699740 0.9150000000000003 171
1780106699741 0.845 172
1780106699743 0.9399999999999998 173
1780106699744 0.865 174
1780106699746 0.8949999999999999 175
1780106699748 0.915 176
1780106699749 0.9149999999999998 177
1780106699751 0.9 178
1780106699752 0.9 179
1780106699754 0.9049999999999999 180
1780106699755 0.9349999999999999 181
1780106699757 0.875 182
1780106699759 0.9199999999999999 183
1780106699760 0.9 184
1780106699762 0.8899999999999999 185
1780106699764 0.875 186
1780106699766 0.8700000000000001 187
1780106699767 0.9399999999999998 188
1780106699769 0.8800000000000001 189
1780106699771 0.925 190
1780106699772 0.9099999999999999 191
1780106699774 0.915 192
1780106699775 0.9400000000000001 193
1780106699777 0.915 194
1780106699779 0.9 195
1780106699780 0.9100000000000001 196
1780106699782 0.945 197
1780106699783 0.875 198
1780106699785 0.9049999999999999 199
1780106699787 0.9349999999999999 200
1780106699788 0.9099999999999999 201
1780106699790 0.9400000000000001 202
1780106699791 0.8800000000000001 203
1780106699793 0.9149999999999998 204
1780106699794 0.915 205
1780106699796 0.9199999999999999 206
1780106699798 0.9200000000000002 207
1780106699799 0.915 208
1780106699801 0.925 209
1780106699802 0.9 210
1780106699804 0.9299999999999999 211
1780106699806 0.915 212
1780106699807 0.9 213
1780106699809 0.915 214
1780106699810 0.925 215
1780106699812 0.9100000000000001 216
1780106699814 0.9399999999999998 217
1780106699815 0.925 218
1780106699817 0.8950000000000001 219
1780106699818 0.865 220
1780106699820 0.93 221
1780106699821 0.9099999999999999 222
1780106699823 0.865 223
1780106699825 0.885 224
1780106699826 0.93 225
1780106699828 0.93 226
1780106699829 0.9099999999999999 227
1780106699831 0.915 228
1780106699833 0.905 229
1780106699834 0.9099999999999999 230
1780106699836 0.9199999999999999 231
1780106699837 0.9 232
1780106699839 0.8699999999999999 233
1780106699841 0.945 234
1780106699842 0.89 235
1780106699844 0.9 236
1780106699845 0.9349999999999999 237
1780106699847 0.905 238
1780106699848 0.9400000000000001 239
1780106699850 0.9199999999999999 240
1780106699852 0.9149999999999998 241
1780106699853 0.8950000000000001 242
1780106699855 0.925 243
1780106699856 0.925 244
1780106699858 0.925 245
1780106699860 0.9199999999999999 246
1780106699861 0.9299999999999999 247
1780106699863 0.915 248
1780106699864 0.93 249
1780106699866 0.9400000000000001 250
1780106699867 0.925 251
1780106699869 0.925 252
1780106699871 0.925 253
1780106699872 0.905 254
1780106699874 0.9199999999999999 255
1780106699875 0.9199999999999999 256
1780106699877 0.925 257
1780106699879 0.9349999999999999 258
1780106699880 0.9349999999999999 259
1780106699882 0.905 260
1780106699883 0.905 261
1780106699885 0.9049999999999999 262
1780106699886 0.9299999999999999 263
1780106699888 0.925 264
1780106699890 0.93 265
1780106699891 0.8800000000000001 266
1780106699893 0.9550000000000001 267
1780106699894 0.9199999999999999 268
1780106699896 0.925 269
1780106699897 0.95 270
1780106699899 0.93 271
1780106699901 0.9299999999999999 272
1780106699902 0.9249999999999998 273
1780106699904 0.915 274
1780106699905 0.9299999999999999 275
1780106699907 0.9549999999999998 276
1780106699909 0.96 277
1780106699910 0.96 278
1780106699912 0.9349999999999999 279
1780106699913 0.9400000000000001 280
1780106699915 0.95 281
1780106699916 0.95 282
1780106699918 0.9299999999999999 283
1780106699920 0.8899999999999999 284
1780106699921 0.9199999999999999 285
1780106699923 0.945 286
1780106699924 0.925 287
1780106699926 0.9400000000000001 288
1780106699928 0.905 289
1780106699929 0.9400000000000001 290
1780106699931 0.9099999999999999 291
1780106699932 0.945 292
1780106699934 0.945 293
1780106699935 0.95 294
1780106699937 0.9399999999999998 295
1780106699939 0.9349999999999999 296
1780106699940 0.93 297
1780106699942 0.8950000000000001 298
1780106699943 0.9549999999999998 299
1780106699945 0.8899999999999999 300
1780106699947 0.9049999999999999 301
1780106699948 0.9349999999999999 302
1780106699950 0.9400000000000001 303
1780106699951 0.95 304
1780106699953 0.96 305
1780106699955 0.9299999999999999 306
1780106699956 0.9399999999999998 307
1780106699958 0.9299999999999999 308
1780106699959 0.93 309
1780106699961 0.93 310
1780106699963 0.97 311
1780106699964 0.945 312
1780106699966 0.9650000000000001 313
