1780119554979 0.0 0
1780119554982 0.08 1
1780119554985 0.29 2
1780119554987 0.29 3
1780119554989 0.425 4
1780119554991 0.485 5
1780119554993 0.31 6
1780119554995 0.415 7
1780119554997 0.46 8
1780119554999 0.615 9
1780119555002 0.49 10
1780119555004 0.52 11
1780119555006 0.645 12
1780119555008 0.59 13
1780119555010 0.575 14
1780119555012 0.455 15
1780119555014 0.47 16
1780119555016 0.54 17
1780119555018 0.58 18
1780119555020 0.61 19
1780119555022 0.57 20
1780119555024 0.51 21
1780119555026 0.705 22
1780119555028 0.5 23
1780119555030 0.67 24
1780119555032 0.695 25
1780119555034 0.775 26
1780119555036 0.685 27
1780119555038 0.365 28
1780119555040 0.715 29
1780119555042 0.68 30
1780119555044 0.78 31
1780119555047 0.81 32
1780119555049 0.825 33
1780119555051 0.525 34
1780119555053 0.665 35
1780119555055 0.82 36
1780119555057 0.765 37
1780119555059 0.67 38
1780119555061 0.81 39
1780119555063 0.815 40
1780119555065 0.605 41
1780119555067 0.83 42
1780119555069 0.77 43
1780119555071 0.765 44
1780119555073 0.735 45
1780119555075 0.78 46
1780119555077 0.765 47
1780119555079 0.76 48
1780119555081 0.835 49
1780119555083 0.8 50
1780119555085 0.815 51
1780119555087 0.73 52
1780119555089 0.86 53
1780119555091 0.815 54
1780119555093 0.865 55
1780119555095 0.81 56
1780119555097 0.74 57
1780119555099 0.87 58
1780119555101 0.88 59
1780119555103 0.88 60
1780119555105 0.695 61
1780119555107 0.82 62
1780119555109 0.86 63
1780119555111 0.815 64
1780119555113 0.76 65
1780119555115 0.775 66
1780119555117 0.83 67
1780119555119 0.795 68
1780119555121 0.81 69
1780119555123 0.74 70
1780119555125 0.825 71
1780119555127 0.87 72
1780119555129 0.815 73
1780119555131 0.77 74
1780119555133 0.86 75
1780119555135 0.765 76
1780119555137 0.76 77
1780119555139 0.88 78
1780119555141 0.82 79
1780119555143 0.735 80
1780119555145 0.825 81
1780119555147 0.815 82
1780119555149 0.705 83
1780119555151 0.84 84
1780119555153 0.845 85
1780119555155 0.87 86
1780119555157 0.825 87
1780119555159 0.825 88
1780119555161 0.875 89
1780119555163 0.885 90
1780119555165 0.855 91
1780119555167 0.875 92
1780119555169 0.845 93
1780119555171 0.895 94
1780119555173 0.86 95
1780119555175 0.575 96
1780119555177 0.85 97
1780119555179 0.81 98
1780119555181 0.84 99
1780119555183 0.905 100
1780119555185 0.88 101
1780119555187 0.9 102
1780119555189 0.885 103
1780119555191 0.9 104
1780119555193 0.865 105
1780119555195 0.89 106
1780119555197 0.66 107
1780119555199 0.865 108
1780119555201 0.9 109
1780119555203 0.84 110
1780119555205 0.885 111
1780119555207 0.865 112
1780119555209 0.86 113
1780119555211 0.76 114
1780119555213 0.78 115
1780119555215 0.9 116
1780119555217 0.915 117
1780119555220 0.83 118
1780119555222 0.895 119
1780119555224 0.865 120
1780119555226 0.79 121
1780119555228 0.845 122
1780119555230 0.94 123
1780119555232 0.775 124
1780119555234 0.915 125
1780119555236 0.88 126
1780119555238 0.9 127
1780119555240 0.915 128
1780119555242 0.86 129
1780119555244 0.905 130
1780119555246 0.88 131
1780119555248 0.905 132
1780119555250 0.7 133
1780119555252 0.915 134
1780119555254 0.915 135
1780119555256 0.91 136
1780119555258 0.91 137
1780119555260 0.93 138
1780119555262 0.935 139
1780119555264 0.79 140
1780119555266 0.845 141
1780119555268 0.93 142
1780119555270 0.93 143
1780119555272 0.93 144
1780119555274 0.79 145
1780119555277 0.83 146
1780119555279 0.815 147
1780119555281 0.945 148
1780119555283 0.945 149
1780119555285 0.895 150
1780119555287 0.935 151
1780119555289 0.905 152
1780119555291 0.885 153
1780119555293 0.82 154
1780119555295 0.93 155
1780119555297 0.91 156
1780119555299 0.94 157
1780119555301 0.91 158
1780119555303 0.92 159
1780119555305 0.94 160
1780119555307 0.965 161
1780119555309 0.975 162
1780119555311 0.93 163
1780119555313 0.91 164
1780119555315 0.935 165
1780119555317 0.955 166
1780119555319 0.92 167
1780119555321 0.875 168
1780119555323 0.925 169
1780119555325 0.95 170
1780119555327 0.87 171
1780119555329 0.92 172
1780119555331 0.95 173
1780119555333 0.975 174
1780119555335 0.95 175
1780119555337 0.895 176
1780119555339 0.925 177
1780119555341 0.89 178
1780119555343 0.98 179
1780119555345 0.97 180
1780119555347 0.96 181
1780119555349 0.945 182
1780119555351 0.945 183
1780119555353 0.96 184
1780119555355 0.965 185
1780119555357 0.955 186
1780119555359 0.96 187
1780119555361 0.91 188
1780119555363 0.925 189
1780119555365 0.945 190
1780119555367 0.905 191
1780119555369 0.93 192
1780119555371 0.835 193
1780119555373 0.95 194
1780119555375 0.935 195
1780119555377 0.94 196
1780119555379 0.93 197
1780119555381 0.95 198
1780119555383 0.96 199
1780119555385 0.93 200
1780119555387 0.955 201
1780119555389 0.945 202
1780119555391 0.9 203
1780119555393 0.955 204
1780119555395 0.96 205
1780119555397 0.98 206
1780119555399 0.985 207
1780119555401 0.965 208
1780119555403 0.935 209
1780119555405 0.955 210
1780119555407 0.955 211
1780119555409 0.94 212
1780119555411 0.955 213
1780119555413 0.92 214
1780119555415 0.955 215
1780119555417 0.95 216
1780119555419 0.95 217
1780119555421 0.915 218
1780119555423 0.965 219
1780119555425 0.955 220
1780119555427 0.96 221
1780119555429 0.97 222
1780119555431 0.955 223
1780119555433 0.955 224
1780119555435 0.92 225
1780119555437 0.93 226
1780119555439 0.97 227
1780119555441 0.855 228
1780119555443 0.935 229
1780119555445 0.93 230
1780119555447 0.95 231
1780119555449 0.94 232
1780119555451 0.945 233
1780119555453 0.95 234
1780119555455 0.955 235
1780119555457 0.93 236
1780119555459 0.965 237
1780119555461 0.965 238
1780119555463 0.94 239
1780119555465 0.96 240
1780119555467 0.975 241
1780119555469 0.96 242
1780119555471 0.98 243
1780119555473 0.97 244
1780119555475 0.975 245
1780119555477 0.93 246
1780119555479 0.96 247
1780119555482 0.745 248
1780119555484 0.89 249
1780119555486 0.94 250
1780119555488 0.975 251
1780119555490 0.94 252
1780119555492 0.96 253
1780119555494 0.95 254
1780119555496 0.91 255
1780119555498 0.95 256
1780119555500 0.93 257
1780119555502 0.965 258
1780119555504 0.99 259
1780119555505 0.93 260
1780119555508 0.875 261
1780119555510 0.97 262
1780119555512 0.945 263
1780119555514 0.93 264
1780119555516 0.87 265
1780119555518 0.975 266
1780119555520 0.965 267
1780119555522 0.93 268
1780119555524 0.98 269
1780119555526 0.95 270
1780119555528 0.945 271
1780119555530 0.945 272
1780119555532 0.955 273
1780119555534 0.955 274
1780119555536 0.975 275
1780119555538 0.96 276
1780119555539 0.96 277
1780119555541 0.925 278
1780119555543 0.99 279
1780119555545 0.94 280
1780119555547 0.985 281
1780119555549 0.955 282
1780119555551 0.97 283
1780119555553 0.955 284
1780119555555 0.96 285
1780119555557 0.91 286
1780119555559 0.965 287
1780119555561 0.965 288
1780119555563 0.975 289
1780119555565 0.955 290
1780119555567 0.935 291
1780119555569 0.96 292
1780119555571 0.955 293
1780119555573 0.93 294
1780119555575 0.935 295
1780119555577 0.98 296
1780119555579 0.955 297
1780119555581 0.945 298
1780119555583 0.96 299
1780119555585 0.885 300
1780119555587 0.975 301
1780119555589 0.955 302
1780119555591 0.96 303
1780119555593 0.96 304
1780119555595 0.935 305
1780119555597 0.93 306
1780119555599 0.9 307
1780119555601 0.965 308
1780119555603 0.96 309
1780119555605 0.94 310
1780119555607 0.96 311
1780119555609 0.965 312
1780119555611 0.97 313
