1780564624407 0.0 0
1780564624409 0.09000000000000001 1
1780564624411 0.17500000000000002 2
1780564624413 0.16499999999999998 3
1780564624415 0.165 4
1780564624417 0.18 5
1780564624418 0.2 6
1780564624420 0.25 7
1780564624422 0.25 8
1780564624424 0.24500000000000002 9
1780564624426 0.23500000000000001 10
1780564624427 0.19 11
1780564624429 0.20999999999999996 12
1780564624431 0.215 13
1780564624433 0.19 14
1780564624434 0.21000000000000002 15
1780564624436 0.265 16
1780564624438 0.22999999999999998 17
1780564624440 0.25 18
1780564624442 0.31500000000000006 19
1780564624443 0.24500000000000002 20
1780564624445 0.35 21
1780564624447 0.27999999999999997 22
1780564624449 0.25 23
1780564624451 0.36 24
1780564624452 0.25999999999999995 25
1780564624454 0.12000000000000002 26
1780564624456 0.215 27
1780564624458 0.20999999999999996 28
1780564624460 0.32999999999999996 29
1780564624461 0.38499999999999995 30
1780564624463 0.35 31
1780564624465 0.32000000000000006 32
1780564624467 0.305 33
1780564624469 0.3949999999999999 34
1780564624470 0.355 35
1780564624472 0.29500000000000004 36
1780564624474 0.39499999999999996 37
1780564624476 0.27 38
1780564624478 0.385 39
1780564624479 0.32999999999999996 40
1780564624481 0.39000000000000007 41
1780564624483 0.3 42
1780564624485 0.27999999999999997 43
1780564624487 0.27 44
1780564624488 0.335 45
1780564624490 0.30999999999999994 46
1780564624492 0.3450000000000001 47
1780564624494 0.42000000000000004 48
1780564624496 0.34 49
1780564624497 0.36500000000000005 50
1780564624499 0.28500000000000003 51
1780564624501 0.33 52
1780564624503 0.425 53
1780564624505 0.375 54
1780564624506 0.35 55
1780564624508 0.32 56
1780564624510 0.33 57
1780564624512 0.185 58
1780564624514 0.27999999999999997 59
1780564624515 0.37500000000000006 60
1780564624517 0.38 61
1780564624519 0.33 62
1780564624521 0.29 63
1780564624522 0.345 64
1780564624524 0.485 65
1780564624526 0.34500000000000003 66
1780564624528 0.30000000000000004 67
1780564624530 0.31500000000000006 68
1780564624531 0.365 69
1780564624533 0.365 70
1780564624535 0.24499999999999997 71
1780564624537 0.30499999999999994 72
1780564624539 0.32 73
1780564624540 0.365 74
1780564624542 0.35 75
1780564624544 0.35 76
1780564624546 0.36 77
1780564624548 0.32500000000000007 78
1780564624549 0.29000000000000004 79
1780564624551 0.375 80
1780564624553 0.39499999999999996 81
1780564624555 0.355 82
1780564624557 0.36500000000000005 83
1780564624558 0.35000000000000003 84
1780564624560 0.40499999999999997 85
1780564624562 0.38 86
1780564624564 0.34500000000000003 87
1780564624566 0.33999999999999997 88
1780564624567 0.315 89
1780564624569 0.40499999999999997 90
1780564624571 0.35 91
1780564624573 0.4600000000000001 92
1780564624574 0.375 93
1780564624576 0.315 94
1780564624578 0.35 95
1780564624580 0.25999999999999995 96
1780564624582 0.375 97
1780564624583 0.31 98
1780564624585 0.37 99
1780564624587 0.41500000000000004 100
1780564624589 0.35 101
1780564624591 0.37 102
1780564624592 0.39 103
1780564624594 0.38 104
1780564624596 0.38500000000000006 105
1780564624598 0.43 106
1780564624600 0.31 107
1780564624601 0.38 108
1780564624603 0.465 109
1780564624605 0.44000000000000006 110
1780564624607 0.325 111
1780564624608 0.29 112
1780564624610 0.38 113
1780564624612 0.38 114
1780564624614 0.315 115
1780564624616 0.31999999999999995 116
1780564624617 0.39 117
1780564624619 0.325 118
1780564624621 0.30500000000000005 119
1780564624623 0.30000000000000004 120
1780564624625 0.31 121
1780564624626 0.40499999999999997 122
1780564624628 0.465 123
1780564624630 0.32999999999999996 124
1780564624632 0.42000000000000004 125
1780564624633 0.35500000000000004 126
1780564624635 0.23999999999999994 127
1780564624637 0.315 128
1780564624639 0.41 129
1780564624641 0.43499999999999994 130
1780564624642 0.4049999999999999 131
1780564624644 0.38999999999999996 132
1780564624646 0.32999999999999996 133
1780564624648 0.38 134
1780564624650 0.3 135
1780564624651 0.43 136
1780564624653 0.375 137
1780564624655 0.43 138
1780564624657 0.335 139
1780564624659 0.43499999999999994 140
1780564624660 0.385 141
1780564624662 0.41500000000000004 142
1780564624664 0.355 143
1780564624666 0.28500000000000003 144
1780564624667 0.34500000000000003 145
1780564624669 0.31500000000000006 146
1780564624671 0.38 147
1780564624673 0.37 148
1780564624675 0.43 149
1780564624676 0.36 150
1780564624678 0.37 151
1780564624680 0.30999999999999994 152
1780564624682 0.31999999999999995 153
1780564624684 0.40499999999999997 154
1780564624685 0.33499999999999996 155
1780564624687 0.23500000000000001 156
1780564624689 0.365 157
1780564624691 0.26 158
1780564624692 0.41 159
1780564624694 0.4050000000000001 160
1780564624696 0.35 161
1780564624698 0.40499999999999997 162
1780564624700 0.30000000000000004 163
1780564624701 0.375 164
1780564624703 0.38 165
1780564624705 0.275 166
1780564624707 0.27999999999999997 167
1780564624708 0.27499999999999997 168
1780564624710 0.22000000000000003 169
1780564624712 0.33999999999999997 170
1780564624714 0.29500000000000004 171
1780564624716 0.315 172
1780564624717 0.37000000000000005 173
1780564624719 0.265 174
1780564624721 0.315 175
1780564624723 0.30500000000000005 176
1780564624725 0.32999999999999996 177
1780564624726 0.255 178
1780564624728 0.275 179
1780564624730 0.35 180
1780564624732 0.24500000000000002 181
1780564624733 0.29 182
1780564624735 0.37500000000000006 183
1780564624737 0.335 184
1780564624739 0.43 185
1780564624741 0.32 186
1780564624742 0.32 187
1780564624744 0.285 188
1780564624746 0.32999999999999996 189
1780564624748 0.425 190
1780564624749 0.375 191
1780564624751 0.35 192
1780564624753 0.185 193
1780564624755 0.41500000000000004 194
1780564624756 0.335 195
1780564624758 0.395 196
1780564624768 0.325 197
1780564624770 0.43500000000000005 198
1780564624772 0.39 199
1780564624774 0.22999999999999998 200
1780564624776 0.3450000000000001 201
1780564624777 0.25 202
1780564624779 0.275 203
1780564624781 0.32500000000000007 204
1780564624783 0.33 205
1780564624784 0.30500000000000005 206
1780564624786 0.335 207
1780564624788 0.27 208
1780564624790 0.275 209
1780564624792 0.38 210
1780564624794 0.36 211
1780564624795 0.38 212
1780564624797 0.375 213
1780564624799 0.34 214
1780564624801 0.36000000000000004 215
1780564624802 0.35500000000000004 216
1780564624804 0.36 217
1780564624806 0.36 218
1780564624808 0.31999999999999995 219
1780564624810 0.4050000000000001 220
1780564624811 0.32 221
1780564624813 0.36 222
1780564624815 0.41500000000000004 223
1780564624817 0.22999999999999998 224
1780564624819 0.38500000000000006 225
1780564624820 0.33999999999999997 226
1780564624822 0.335 227
1780564624824 0.355 228
1780564624826 0.37499999999999994 229
1780564624827 0.38 230
1780564624829 0.32 231
1780564624831 0.32 232
1780564624833 0.36 233
1780564624835 0.32999999999999996 234
1780564624837 0.3350000000000001 235
1780564624838 0.35000000000000003 236
1780564624840 0.335 237
1780564624842 0.36 238
1780564624844 0.39499999999999996 239
1780564624845 0.385 240
1780564624847 0.31500000000000006 241
1780564624849 0.38499999999999995 242
1780564624851 0.255 243
1780564624853 0.38 244
1780564624854 0.295 245
1780564624856 0.305 246
1780564624858 0.40499999999999997 247
1780564624860 0.335 248
1780564624862 0.35000000000000003 249
1780564624863 0.345 250
1780564624865 0.375 251
1780564624867 0.31999999999999995 252
1780564624869 0.32 253
1780564624870 0.375 254
1780564624872 0.41500000000000004 255
1780564624874 0.375 256
1780564624876 0.37 257
1780564624878 0.38500000000000006 258
1780564624879 0.36 259
1780564624881 0.39499999999999996 260
1780564624883 0.36500000000000005 261
1780564624885 0.275 262
1780564624886 0.37500000000000006 263
1780564624888 0.39 264
1780564624890 0.43499999999999994 265
1780564624892 0.43500000000000005 266
1780564624893 0.3 267
1780564624895 0.35500000000000004 268
1780564624897 0.30500000000000005 269
1780564624899 0.39 270
1780564624901 0.345 271
1780564624902 0.36000000000000004 272
1780564624904 0.29500000000000004 273
1780564624906 0.29000000000000004 274
1780564624908 0.37 275
1780564624909 0.42000000000000004 276
1780564624911 0.31000000000000005 277
1780564624913 0.38500000000000006 278
1780564624915 0.45500000000000007 279
1780564624917 0.33 280
1780564624918 0.375 281
1780564624920 0.445 282
1780564624922 0.43500000000000005 283
1780564624924 0.395 284
1780564624925 0.29500000000000004 285
1780564624927 0.37 286
1780564624929 0.38 287
1780564624931 0.4149999999999999 288
1780564624932 0.265 289
1780564624934 0.27999999999999997 290
1780564624936 0.385 291
1780564624938 0.375 292
1780564624940 0.37 293
1780564624941 0.36500000000000005 294
1780564624943 0.39 295
1780564624945 0.355 296
1780564624947 0.37 297
1780564624948 0.41 298
