1780125092551 0.0 0
1780125092554 0.0261238025055269 1
1780125092556 0.06883013879709186 2
1780125092558 0.19207441590868557 3
1780125092560 0.21338352420248974 4
1780125092563 0.3169780842092055 5
1780125092565 0.3813207106124357 6
1780125092567 0.4519969626909651 7
1780125092569 0.3819145690312738 8
1780125092571 0.34958078668604986 9
1780125092573 0.48074229691876746 10
1780125092575 0.5241197326762344 11
1780125092577 0.5890427316804185 12
1780125092579 0.5182375776397515 13
1780125092582 0.5553682790639313 14
1780125092584 0.5388230127360563 15
1780125092586 0.6123140748140747 16
1780125092588 0.5994935901457641 17
1780125092590 0.5954046529366896 18
1780125092592 0.6348488327977492 19
1780125092594 0.6608875264520426 20
1780125092597 0.6441644996879551 21
1780125092599 0.6707536545580025 22
1780125092601 0.7000391932628776 23
1780125092603 0.6908362159870781 24
1780125092605 0.7327904641760477 25
1780125092607 0.748503262105211 26
1780125092609 0.7032184463228107 27
1780125092612 0.7027763877968807 28
1780125092614 0.7887441342876127 29
1780125092617 0.7608225566366191 30
1780125092619 0.7665712610695816 31
1780125092621 0.6603489178124109 32
1780125092623 0.6904197994987469 33
1780125092625 0.7363965895215896 34
1780125092627 0.7035733053004604 35
1780125092629 0.7634286812979513 36
1780125092631 0.7439418626982566 37
1780125092634 0.765474305816232 38
1780125092636 0.7624534037476559 39
1780125092638 0.8081048581048581 40
1780125092640 0.7555636468794364 41
1780125092642 0.7463826641767818 42
1780125092644 0.77360920125626 43
1780125092646 0.7616606764367404 44
1780125092648 0.6947518610421836 45
1780125092650 0.7590032361280608 46
1780125092653 0.7648955946014769 47
1780125092655 0.7395747419000885 48
1780125092657 0.7946818760949196 49
1780125092659 0.7572360278610278 50
1780125092661 0.7352673711625118 51
1780125092663 0.7331971517497833 52
1780125092665 0.7233074166726071 53
1780125092667 0.7435476959662582 54
1780125092670 0.7906869829102133 55
1780125092672 0.8115597929762016 56
1780125092674 0.7696383952305006 57
1780125092676 0.756181178891074 58
1780125092678 0.7984981846110879 59
1780125092680 0.7786199145681904 60
1780125092682 0.7756782877910889 61
1780125092684 0.7867406922283082 62
1780125092686 0.750859747407735 63
1780125092689 0.7454776295629707 64
1780125092691 0.7637997845234687 65
1780125092693 0.7263095238095237 66
1780125092695 0.7817713358199676 67
1780125092697 0.7351521290511472 68
1780125092699 0.7742352271051962 69
1780125092701 0.7845588701300242 70
1780125092703 0.7777496481846328 71
1780125092706 0.8172570631123263 72
1780125092708 0.8365980456741328 73
1780125092710 0.7491487020062825 74
1780125092712 0.8200344659602973 75
1780125092714 0.808943851724172 76
1780125092716 0.8237449657325818 77
1780125092719 0.8496617834661313 78
1780125092721 0.8296046861062341 79
1780125092723 0.8095772432500121 80
1780125092725 0.7793351861510863 81
1780125092727 0.7790484977984977 82
1780125092729 0.8519217916586339 83
1780125092731 0.8191187124596736 84
1780125092733 0.8042215032466077 85
1780125092735 0.7815235382690626 86
1780125092737 0.8040100195503422 87
1780125092740 0.7698446713600979 88
1780125092742 0.8346868044236466 89
1780125092744 0.8122705936321497 90
1780125092746 0.832396207911082 91
1780125092748 0.7925274725274726 92
1780125092750 0.8014514265848737 93
1780125092753 0.8124696113103032 94
1780125092755 0.7878212053011824 95
1780125092757 0.7905805109922757 96
1780125092759 0.7636349111520736 97
1780125092761 0.7988757523604406 98
1780125092763 0.8364220501720501 99
1780125092765 0.8116463971260041 100
1780125092767 0.8022857453378048 101
1780125092769 0.8619027049948101 102
1780125092772 0.851174305607944 103
1780125092774 0.7978051861939329 104
1780125092776 0.7820476886661099 105
1780125092778 0.8696070819632201 106
1780125092780 0.8115273031062504 107
1780125092782 0.8594048311024013 108
1780125092784 0.8046978350316619 109
1780125092786 0.810904456914687 110
1780125092788 0.836046365914787 111
1780125092791 0.8311342578989638 112
1780125092793 0.8383002621295873 113
1780125092795 0.8209410656393417 114
1780125092797 0.825207648276702 115
1780125092799 0.8628537912634023 116
1780125092801 0.8560241779578164 117
1780125092804 0.8269042996159701 118
1780125092806 0.8088193385561807 119
1780125092808 0.832820901746733 120
1780125092810 0.8067090330432869 121
1780125092812 0.8404845409721571 122
1780125092814 0.8573723077747845 123
1780125092816 0.8259504724666016 124
1780125092819 0.806846579833422 125
1780125092821 0.8399329004329005 126
1780125092823 0.8230057244670247 127
1780125092825 0.8254459766595457 128
1780125092827 0.8425967643467643 129
1780125092829 0.883080997949419 130
1780125092831 0.8345065800399627 131
1780125092833 0.8395458374577368 132
1780125092836 0.8026595928226363 133
1780125092838 0.8388033489520904 134
1780125092840 0.832954186355216 135
1780125092842 0.8398431278866061 136
1780125092844 0.8664013289248851 137
1780125092846 0.850053475935829 138
1780125092848 0.8625274651314495 139
1780125092851 0.8626478369125428 140
1780125092853 0.824416808849606 141
1780125092855 0.8604224386724386 142
1780125092857 0.8442426410803716 143
1780125092859 0.8574994452534497 144
1780125092861 0.8540762391913287 145
1780125092864 0.8435589880498349 146
1780125092866 0.8635303454715219 147
1780125092868 0.8566750525303156 148
1780125092870 0.8870794346978558 149
1780125092872 0.8503375138120729 150
1780125092874 0.8321483305966064 151
1780125092876 0.8644805194805194 152
1780125092879 0.8454841258672527 153
1780125092881 0.8278046701656878 154
1780125092883 0.878862422855558 155
1780125092885 0.8564344738658238 156
1780125092887 0.8313902812587022 157
1780125092889 0.9217798562993071 158
1780125092891 0.915522964195733 159
1780125092894 0.8994914286704905 160
1780125092896 0.892634897520481 161
1780125092898 0.8966091364775576 162
1780125092900 0.855657413509749 163
1780125092902 0.8881447195062755 164
1780125092904 0.9091814764183186 165
1780125092906 0.8796373179325124 166
1780125092909 0.9095937705225632 167
1780125092911 0.8870287291117819 168
1780125092913 0.8819342153337308 169
1780125092915 0.9465048986101617 170
1780125092917 0.879754432873628 171
1780125092919 0.8517640692640693 172
1780125092921 0.8971846561777912 173
1780125092923 0.9563351560719981 174
1780125092926 0.9056268121283602 175
1780125092928 0.8619761822857799 176
1780125092930 0.9077438862307284 177
1780125092932 0.9111937906360102 178
1780125092934 0.9343391902215432 179
1780125092936 0.9280952380952382 180
1780125092938 0.9459417483101692 181
1780125092940 0.8782728560531764 182
1780125092943 0.8777777777777779 183
1780125092945 0.8966827719923695 184
1780125092947 0.92371259175607 185
1780125092949 0.915352581882902 186
1780125092951 0.891882798573975 187
1780125092953 0.9385056262294114 188
1780125092955 0.9283371307055518 189
1780125092958 0.8859891824422716 190
1780125092960 0.921612743981165 191
1780125092962 0.9138735288581836 192
1780125092964 0.8839009996711236 193
1780125092966 0.8893690088198097 194
1780125092968 0.8931305932816231 195
1780125092971 0.9326082251082252 196
1780125092973 0.8745589310892514 197
1780125092975 0.9167518433765574 198
1780125092977 0.9049749373433584 199
1780125092979 0.9060300083211983 200
1780125092981 0.923340341476026 201
1780125092983 0.8988560246232881 202
1780125092986 0.9356349206349208 203
1780125092988 0.9067335953520164 204
1780125092990 0.9371442495126706 205
1780125092992 0.9263967220616838 206
1780125092994 0.9420899470899471 207
1780125092996 0.9302293777923069 208
1780125092998 0.9181897926634768 209
1780125093000 0.9369098548510314 210
1780125093003 0.9532003262438045 211
1780125093005 0.9364182194616977 212
1780125093007 0.9371975393028025 213
1780125093010 0.9179168189014735 214
1780125093012 0.9289420818832583 215
1780125093014 0.9307649806334016 216
1780125093016 0.9311976911976914 217
1780125093018 0.9130489587139203 218
1780125093020 0.9198641228052992 219
1780125093022 0.9034643955078738 220
1780125093025 0.9237447786131996 221
1780125093027 0.9374531024531023 222
1780125093029 0.9241079555045095 223
1780125093031 0.9069666260512941 224
1780125093033 0.9280528594212806 225
1780125093035 0.8922229486760379 226
1780125093037 0.9357660455486544 227
1780125093039 0.9529852298731019 228
1780125093042 0.8998375747059958 229
1780125093044 0.9187659200702679 230
1780125093046 0.9315211558307533 231
1780125093048 0.906328320802005 232
1780125093050 0.9451336675020885 233
1780125093052 0.9298707902826895 234
1780125093054 0.9326262626262627 235
1780125093057 0.8553508771929824 236
1780125093059 0.9432436162870946 237
1780125093061 0.944247476398506 238
1780125093063 0.9109574738986504 239
1780125093065 0.930732892838156 240
1780125093067 0.926663628768892 241
1780125093069 0.92722135494514 242
1780125093071 0.9390759507464314 243
1780125093073 0.9432289055973266 244
1780125093076 0.9311890521758942 245
1780125093078 0.8814217364760843 246
1780125093080 0.9103866385330915 247
1780125093082 0.9285580387067801 248
1780125093084 0.9102394568534022 249
1780125093086 0.9123671405321021 250
1780125093088 0.9661904761904762 251
1780125093090 0.9322226019594441 252
1780125093093 0.9253320802005014 253
1780125093095 0.9152768243071447 254
1780125093097 0.934103176254206 255
1780125093099 0.9344172189366697 256
1780125093101 0.9285205020223192 257
1780125093103 0.9092247899159664 258
1780125093105 0.9615299612668033 259
1780125093107 0.8949339422337133 260
1780125093109 0.9332518054028351 261
1780125093112 0.9226489477976892 262
1780125093114 0.9090023968119944 263
1780125093116 0.8927104069559313 264
1780125093118 0.9022212655765287 265
1780125093120 0.9388538744981576 266
1780125093122 0.9154975218018695 267
1780125093124 0.9330322590169138 268
1780125093126 0.9463351560719981 269
1780125093128 0.917415938035133 270
1780125093131 0.94683640920483 271
1780125093133 0.9459107662203635 272
1780125093135 0.9214650262018683 273
1780125093137 0.9284781008465218 274
1780125093139 0.931967534118564 275
1780125093141 0.9439990699837247 276
1780125093143 0.9425498276420339 277
1780125093145 0.9199906629318393 278
1780125093147 0.965689223057644 279
1780125093149 0.9331816521074833 280
1780125093152 0.9415148378191857 281
1780125093154 0.8968546365914788 282
1780125093156 0.9434454434454436 283
1780125093158 0.9571444916639426 284
1780125093160 0.8938573706994759 285
1780125093162 0.9292597435618031 286
1780125093164 0.9520312143996355 287
1780125093166 0.9317897015265435 288
1780125093168 0.9354960931741116 289
1780125093171 0.9327437170000099 290
1780125093173 0.9145600574325841 291
1780125093175 0.8927444575548291 292
1780125093177 0.9284419381787803 293
1780125093179 0.9154544784420946 294
1780125093181 0.927388926862611 295
1780125093183 0.9430055210489993 296
1780125093185 0.9313492063492064 297
1780125093187 0.9105292397660818 298
1780125093190 0.946656314699793 299
1780125093192 0.9333600305110602 300
1780125093194 0.931852795205871 301
1780125093196 0.8847171907040329 302
1780125093198 0.9469565217391305 303
1780125093200 0.9216683011877521 304
1780125093202 0.939455456823878 305
1780125093204 0.9225602456501635 306
1780125093206 0.9151378446115288 307
1780125093209 0.9365732513100934 308
1780125093211 0.9209291707529694 309
1780125093213 0.8931746031746032 310
1780125093215 0.9383876357560569 311
1780125093217 0.9331282752335384 312
1780125093219 0.9490225563909774 313
