1780117499859 0.0 0
1780117499862 0.1 1
1780117499863 0.3 2
1780117499865 0.26999999999999996 3
1780117499867 0.63 4
1780117499869 0.605 5
1780117499871 0.575 6
1780117499873 0.3 7
1780117499875 0.6 8
1780117499876 0.7900000000000001 9
1780117499878 0.805 10
1780117499880 0.8800000000000001 11
1780117499882 0.8699999999999999 12
1780117499884 0.8550000000000001 13
1780117499886 0.8699999999999999 14
1780117499888 0.9199999999999999 15
1780117499889 0.89 16
1780117499891 0.8150000000000001 17
1780117499893 0.8350000000000002 18
1780117499895 0.86 19
1780117499897 0.915 20
1780117499899 0.9149999999999998 21
1780117499901 0.865 22
1780117499903 0.915 23
1780117499904 0.8950000000000001 24
1780117499906 0.62 25
1780117499908 0.8800000000000001 26
1780117499910 0.63 27
1780117499912 0.8150000000000001 28
1780117499914 0.9349999999999999 29
1780117499916 0.9349999999999999 30
1780117499918 0.7150000000000001 31
1780117499919 0.9199999999999999 32
1780117499921 0.915 33
1780117499923 0.885 34
1780117499925 0.885 35
1780117499927 0.8799999999999999 36
1780117499929 0.9299999999999999 37
1780117499931 0.8950000000000001 38
1780117499932 0.85 39
1780117499934 0.82 40
1780117499936 0.8299999999999998 41
1780117499938 0.9199999999999999 42
1780117499940 0.8200000000000001 43
1780117499942 0.9400000000000001 44
1780117499944 0.9199999999999999 45
1780117499946 0.8799999999999999 46
1780117499947 0.8 47
1780117499949 0.9400000000000001 48
1780117499951 0.945 49
1780117499953 0.905 50
1780117499955 0.805 51
1780117499957 0.9099999999999999 52
1780117499959 0.785 53
1780117499961 0.885 54
1780117499962 0.9199999999999999 55
1780117499964 0.825 56
1780117499966 0.925 57
1780117499968 0.9399999999999998 58
1780117499970 0.8699999999999999 59
1780117499972 0.915 60
1780117499974 0.93 61
1780117499976 0.915 62
1780117499978 0.9199999999999999 63
1780117499979 0.74 64
1780117499981 0.9499999999999998 65
1780117499983 0.8800000000000001 66
1780117499985 0.925 67
1780117499987 0.9299999999999999 68
1780117499989 0.89 69
1780117499990 0.865 70
1780117499992 0.915 71
1780117499994 0.8799999999999999 72
1780117499996 0.925 73
1780117499998 0.845 74
1780117500000 0.715 75
1780117500001 0.9649999999999999 76
1780117500003 0.9349999999999999 77
1780117500005 0.9399999999999998 78
1780117500007 0.975 79
1780117500009 0.76 80
1780117500011 0.9349999999999999 81
1780117500012 0.9349999999999999 82
1780117500014 0.93 83
1780117500016 0.8649999999999999 84
1780117500018 0.915 85
1780117500020 0.9399999999999998 86
1780117500022 0.9599999999999997 87
1780117500024 0.9100000000000001 88
1780117500025 0.9400000000000001 89
1780117500027 0.9349999999999999 90
1780117500029 0.9349999999999999 91
1780117500031 0.835 92
1780117500033 0.9099999999999999 93
1780117500035 0.9400000000000001 94
1780117500036 0.9349999999999999 95
1780117500038 0.9400000000000001 96
1780117500040 0.8899999999999999 97
1780117500042 0.9199999999999999 98
1780117500044 0.74 99
1780117500045 0.89 100
1780117500047 0.9349999999999999 101
1780117500049 0.9299999999999999 102
1780117500051 0.9299999999999999 103
1780117500053 0.9 104
1780117500055 0.9099999999999999 105
1780117500056 0.95 106
1780117500058 0.9199999999999999 107
1780117500060 0.9450000000000001 108
1780117500062 0.9349999999999999 109
1780117500064 0.9 110
1780117500066 0.9299999999999999 111
1780117500067 0.9499999999999998 112
1780117500069 0.915 113
1780117500071 0.8949999999999999 114
1780117500073 0.96 115
1780117500075 0.79 116
1780117500077 0.9400000000000001 117
1780117500079 0.9149999999999998 118
1780117500080 0.9200000000000002 119
1780117500082 0.8800000000000001 120
1780117500084 0.9149999999999998 121
1780117500086 0.9550000000000001 122
1780117500088 0.9550000000000001 123
1780117500090 0.89 124
1780117500091 0.9399999999999998 125
1780117500093 0.96 126
1780117500095 0.925 127
1780117500097 0.9550000000000001 128
1780117500099 0.945 129
1780117500101 0.9349999999999999 130
1780117500102 0.785 131
1780117500104 0.8400000000000001 132
1780117500106 0.9200000000000002 133
1780117500108 0.9299999999999999 134
1780117500110 0.96 135
1780117500112 0.8949999999999999 136
1780117500114 0.875 137
1780117500116 0.945 138
1780117500117 0.9199999999999999 139
1780117500119 0.9650000000000001 140
1780117500121 0.845 141
1780117500123 0.905 142
1780117500125 0.8949999999999999 143
1780117500127 0.945 144
1780117500128 0.9049999999999999 145
1780117500130 0.8600000000000001 146
1780117500132 0.95 147
1780117500134 0.9 148
1780117500136 0.9399999999999998 149
1780117500138 0.9549999999999998 150
1780117500139 0.9 151
1780117500141 0.9099999999999998 152
1780117500143 0.8649999999999999 153
1780117500145 0.8799999999999999 154
1780117500147 0.9650000000000001 155
1780117500149 0.95 156
1780117500150 0.9400000000000001 157
1780117500152 0.86 158
1780117500154 0.945 159
1780117500156 0.9649999999999999 160
1780117500158 0.9550000000000001 161
1780117500160 0.9749999999999999 162
1780117500161 0.9549999999999998 163
1780117500163 0.9400000000000001 164
1780117500165 0.9799999999999999 165
1780117500167 0.9549999999999998 166
1780117500169 0.925 167
1780117500170 0.89 168
1780117500172 0.9550000000000001 169
1780117500174 0.9949999999999999 170
1780117500176 0.9450000000000001 171
1780117500178 0.945 172
1780117500179 0.97 173
1780117500181 0.9650000000000001 174
1780117500183 0.9549999999999998 175
1780117500185 0.9649999999999999 176
1780117500187 0.9649999999999999 177
1780117500188 0.9399999999999998 178
1780117500190 0.8949999999999999 179
1780117500192 0.9649999999999999 180
1780117500194 0.975 181
1780117500200 0.945 182
1780117500206 0.8299999999999998 183
1780117500208 0.8800000000000001 184
1780117500210 0.9650000000000001 185
1780117500212 0.96 186
1780117500213 0.95 187
1780117500215 0.975 188
1780117500217 0.9450000000000001 189
1780117500219 0.9 190
1780117500221 0.945 191
1780117500223 0.97 192
1780117500225 0.975 193
1780117500226 0.9550000000000001 194
1780117500228 0.95 195
1780117500230 0.9650000000000001 196
1780117500232 0.915 197
1780117500234 0.8699999999999999 198
1780117500236 0.9650000000000001 199
1780117500237 0.9549999999999998 200
1780117500239 0.95 201
1780117500241 0.97 202
1780117500243 0.985 203
1780117500245 0.9799999999999999 204
1780117500247 0.9349999999999999 205
1780117500249 0.975 206
1780117500250 0.9899999999999999 207
1780117500252 0.99 208
1780117500254 0.9649999999999999 209
1780117500256 0.985 210
1780117500258 0.985 211
1780117500260 0.985 212
1780117500261 0.9599999999999997 213
1780117500263 0.9599999999999997 214
1780117500265 0.9650000000000001 215
1780117500267 0.975 216
1780117500269 0.97 217
1780117500271 0.9799999999999999 218
1780117500273 0.975 219
1780117500274 0.9799999999999999 220
1780117500276 0.985 221
1780117500278 0.9549999999999998 222
1780117500280 0.9650000000000001 223
1780117500282 0.8800000000000001 224
1780117500284 0.9600000000000002 225
1780117500286 0.9649999999999999 226
1780117500287 0.975 227
1780117500289 0.97 228
1780117500291 0.97 229
1780117500293 0.975 230
1780117500295 0.9799999999999999 231
1780117500297 0.96 232
1780117500298 0.975 233
1780117500300 0.97 234
1780117500302 0.89 235
1780117500304 0.95 236
1780117500306 0.9749999999999999 237
1780117500308 0.97 238
1780117500309 0.9399999999999998 239
1780117500311 0.8899999999999999 240
1780117500313 0.985 241
1780117500315 0.975 242
1780117500317 0.8949999999999999 243
1780117500318 0.975 244
1780117500320 0.9799999999999999 245
1780117500322 0.9299999999999999 246
1780117500324 0.93 247
1780117500326 0.99 248
1780117500328 0.9549999999999998 249
1780117500329 0.9799999999999999 250
1780117500331 0.97 251
1780117500333 0.9700000000000001 252
1780117500335 0.975 253
1780117500337 0.9799999999999999 254
1780117500339 0.9749999999999999 255
1780117500341 0.9600000000000002 256
1780117500342 0.96 257
1780117500344 0.985 258
1780117500346 0.945 259
1780117500348 0.9449999999999997 260
1780117500350 0.945 261
1780117500352 0.9799999999999999 262
1780117500353 0.9649999999999999 263
1780117500355 0.9349999999999999 264
1780117500357 0.9649999999999999 265
1780117500359 0.97 266
1780117500361 0.97 267
1780117500363 0.9349999999999999 268
1780117500364 0.97 269
1780117500366 0.975 270
1780117500368 0.9649999999999999 271
1780117500370 0.95 272
1780117500372 0.97 273
1780117500374 0.985 274
1780117500376 0.985 275
1780117500378 0.9799999999999999 276
1780117500379 0.97 277
1780117500381 0.9650000000000001 278
1780117500388 0.97 279
1780117500390 0.985 280
1780117500392 0.975 281
1780117500394 0.9099999999999999 282
1780117500396 0.8999999999999998 283
1780117500397 0.925 284
1780117500399 0.9649999999999999 285
1780117500401 0.975 286
1780117500403 0.95 287
1780117500405 0.975 288
1780117500407 0.945 289
1780117500409 0.9249999999999998 290
1780117500410 0.975 291
1780117500412 0.9499999999999998 292
1780117500414 0.96 293
1780117500416 0.96 294
1780117500418 0.985 295
1780117500420 0.9799999999999999 296
1780117500421 0.9800000000000001 297
1780117500423 0.97 298
1780117500425 0.9650000000000001 299
1780117500427 0.975 300
1780117500429 0.9800000000000001 301
1780117500431 0.975 302
1780117500432 0.9099999999999999 303
1780117500434 0.9550000000000001 304
1780117500436 0.805 305
1780117500438 0.96 306
1780117500440 0.96 307
1780117500442 0.96 308
1780117500443 0.9650000000000001 309
1780117500445 0.9749999999999999 310
1780117500447 0.9049999999999999 311
1780117500449 0.9649999999999999 312
1780117500451 0.985 313
