1780125498804 0.0 0
1780125498807 0.12 1
1780125498810 0.17 2
1780125498813 0.42 3
1780125498815 0.43 4
1780125498817 0.465 5
1780125498819 0.18 6
1780125498822 0.51 7
1780125498824 0.625 8
1780125498826 0.535 9
1780125498829 0.615 10
1780125498831 0.735 11
1780125498833 0.695 12
1780125498835 0.475 13
1780125498838 0.42 14
1780125498840 0.775 15
1780125498842 0.59 16
1780125498844 0.595 17
1780125498847 0.795 18
1780125498849 0.565 19
1780125498851 0.74 20
1780125498853 0.7 21
1780125498856 0.765 22
1780125498858 0.72 23
1780125498860 0.64 24
1780125498862 0.75 25
1780125498865 0.665 26
1780125498867 0.8 27
1780125498869 0.775 28
1780125498872 0.855 29
1780125498874 0.825 30
1780125498876 0.715 31
1780125498878 0.575 32
1780125498881 0.77 33
1780125498883 0.54 34
1780125498885 0.855 35
1780125498887 0.825 36
1780125498890 0.795 37
1780125498892 0.69 38
1780125498894 0.71 39
1780125498896 0.705 40
1780125498899 0.84 41
1780125498901 0.85 42
1780125498903 0.885 43
1780125498905 0.865 44
1780125498908 0.83 45
1780125498910 0.855 46
1780125498912 0.875 47
1780125498914 0.91 48
1780125498917 0.825 49
1780125498919 0.88 50
1780125498921 0.835 51
1780125498923 0.625 52
1780125498926 0.8 53
1780125498928 0.88 54
1780125498930 0.855 55
1780125498932 0.885 56
1780125498935 0.785 57
1780125498937 0.915 58
1780125498939 0.845 59
1780125498941 0.935 60
1780125498944 0.825 61
1780125498946 0.84 62
1780125498948 0.835 63
1780125498950 0.71 64
1780125498953 0.915 65
1780125498955 0.85 66
1780125498957 0.845 67
1780125498959 0.8 68
1780125498961 0.685 69
1780125498964 0.865 70
1780125498966 0.92 71
1780125498968 0.905 72
1780125498970 0.8 73
1780125498973 0.41 74
1780125498975 0.925 75
1780125498977 0.92 76
1780125498979 0.95 77
1780125498981 0.89 78
1780125498984 0.87 79
1780125498986 0.85 80
1780125498988 0.85 81
1780125498990 0.78 82
1780125498993 0.895 83
1780125498995 0.865 84
1780125498997 0.92 85
1780125498999 0.805 86
1780125499002 0.9 87
1780125499004 0.9 88
1780125499006 0.93 89
1780125499008 0.935 90
1780125499010 0.845 91
1780125499013 0.4 92
1780125499015 0.855 93
1780125499017 0.795 94
1780125499019 0.855 95
1780125499022 0.845 96
1780125499024 0.885 97
1780125499026 0.915 98
1780125499028 0.915 99
1780125499030 0.9 100
1780125499033 0.93 101
1780125499035 0.845 102
1780125499037 0.805 103
1780125499039 0.885 104
1780125499042 0.865 105
1780125499044 0.9 106
1780125499046 0.825 107
1780125499048 0.97 108
1780125499051 0.895 109
1780125499053 0.66 110
1780125499055 0.93 111
1780125499057 0.95 112
1780125499059 0.905 113
1780125499062 0.81 114
1780125499064 0.88 115
1780125499066 0.95 116
1780125499068 0.86 117
1780125499071 0.84 118
1780125499073 0.89 119
1780125499075 0.79 120
1780125499077 0.895 121
1780125499080 0.91 122
1780125499082 0.885 123
1780125499084 0.94 124
1780125499086 0.925 125
1780125499089 0.83 126
1780125499091 0.87 127
1780125499093 0.875 128
1780125499095 0.905 129
1780125499098 0.935 130
1780125499100 0.93 131
1780125499102 0.95 132
1780125499104 0.855 133
1780125499106 0.915 134
1780125499109 0.93 135
1780125499111 0.905 136
1780125499113 0.8 137
1780125499115 0.935 138
1780125499118 0.86 139
1780125499120 0.915 140
1780125499122 0.935 141
1780125499124 0.82 142
1780125499127 0.885 143
1780125499129 0.805 144
1780125499131 0.87 145
1780125499133 0.925 146
1780125499135 0.955 147
1780125499138 0.935 148
1780125499140 0.745 149
1780125499142 0.925 150
1780125499144 0.825 151
1780125499147 0.895 152
1780125499149 0.895 153
1780125499151 0.915 154
1780125499153 0.87 155
1780125499155 0.935 156
1780125499158 0.94 157
1780125499160 0.955 158
1780125499162 0.8 159
1780125499164 0.94 160
1780125499167 0.91 161
1780125499169 0.975 162
1780125499171 0.94 163
1780125499173 0.935 164
1780125499176 0.965 165
1780125499178 0.9 166
1780125499180 0.96 167
1780125499182 0.925 168
1780125499185 0.925 169
1780125499187 0.97 170
1780125499189 0.865 171
1780125499191 0.875 172
1780125499194 0.945 173
1780125499196 0.95 174
1780125499198 0.95 175
1780125499200 0.935 176
1780125499203 0.95 177
1780125499205 0.95 178
1780125499207 0.97 179
1780125499209 0.97 180
1780125499212 0.94 181
1780125499214 0.96 182
1780125499216 0.88 183
1780125499218 0.925 184
1780125499221 0.93 185
1780125499223 0.975 186
1780125499225 0.95 187
1780125499227 0.97 188
1780125499229 0.945 189
1780125499232 0.965 190
1780125499234 0.98 191
1780125499236 0.965 192
1780125499238 0.96 193
1780125499241 0.96 194
1780125499243 0.94 195
1780125499245 0.965 196
1780125499247 0.94 197
1780125499250 0.95 198
1780125499252 0.84 199
1780125499254 0.945 200
1780125499256 0.955 201
1780125499258 0.945 202
1780125499261 0.95 203
1780125499263 0.97 204
1780125499265 0.97 205
1780125499267 0.885 206
1780125499270 0.985 207
1780125499272 0.97 208
1780125499274 0.955 209
1780125499276 0.965 210
1780125499279 0.99 211
1780125499281 0.985 212
1780125499283 0.95 213
1780125499285 0.955 214
1780125499288 0.91 215
1780125499290 0.9 216
1780125499292 0.96 217
1780125499294 0.975 218
1780125499297 0.905 219
1780125499299 0.985 220
1780125499301 0.98 221
1780125499303 0.96 222
1780125499306 0.945 223
1780125499308 0.965 224
1780125499310 0.96 225
1780125499312 0.905 226
1780125499315 0.96 227
1780125499317 0.98 228
1780125499319 0.97 229
1780125499321 0.965 230
1780125499324 0.975 231
1780125499326 0.97 232
1780125499328 0.98 233
1780125499330 0.975 234
1780125499333 0.965 235
1780125499335 0.935 236
1780125499337 0.85 237
1780125499339 0.965 238
1780125499342 0.97 239
1780125499344 0.97 240
1780125499346 0.975 241
1780125499348 0.965 242
1780125499351 0.98 243
1780125499353 0.97 244
1780125499355 0.98 245
1780125499357 0.94 246
1780125499359 0.975 247
1780125499362 0.985 248
1780125499364 0.975 249
1780125499366 0.96 250
1780125499368 0.985 251
1780125499371 0.965 252
1780125499373 0.96 253
1780125499375 0.97 254
1780125499377 0.99 255
1780125499380 0.975 256
1780125499382 0.955 257
1780125499384 0.885 258
1780125499386 0.99 259
1780125499388 0.94 260
1780125499391 0.935 261
1780125499393 0.98 262
1780125499395 0.955 263
1780125499397 0.935 264
1780125499400 0.97 265
1780125499402 0.975 266
1780125499404 0.985 267
1780125499406 0.945 268
1780125499409 0.97 269
1780125499411 0.955 270
1780125499413 0.965 271
1780125499415 0.975 272
1780125499417 0.975 273
1780125499420 0.975 274
1780125499422 0.965 275
1780125499424 0.97 276
1780125499426 0.785 277
1780125499429 0.91 278
1780125499431 0.975 279
1780125499433 0.975 280
1780125499435 0.92 281
1780125499438 0.955 282
1780125499440 0.905 283
1780125499442 0.985 284
1780125499444 0.98 285
1780125499446 0.99 286
1780125499449 0.97 287
1780125499451 0.975 288
1780125499453 0.97 289
1780125499455 0.945 290
1780125499457 0.875 291
1780125499460 0.96 292
1780125499462 0.94 293
1780125499464 0.955 294
1780125499466 0.975 295
1780125499468 0.985 296
1780125499471 0.955 297
1780125499473 0.965 298
1780125499475 0.955 299
1780125499477 0.92 300
1780125499479 0.985 301
1780125499482 0.975 302
1780125499484 0.9 303
1780125499486 0.955 304
1780125499488 0.96 305
1780125499491 0.95 306
1780125499493 0.915 307
1780125499495 0.985 308
1780125499497 0.97 309
1780125499499 0.965 310
1780125499502 0.74 311
1780125499504 0.905 312
1780125499506 0.975 313
