1780139525328 0.0 0
1780139525332 0.14 1
1780139525334 0.275 2
1780139525337 0.425 3
1780139525340 0.425 4
1780139525343 0.475 5
1780139525345 0.695 6
1780139525348 0.585 7
1780139525351 0.675 8
1780139525354 0.67 9
1780139525356 0.65 10
1780139525359 0.65 11
1780139525362 0.66 12
1780139525364 0.71 13
1780139525367 0.65 14
1780139525370 0.69 15
1780139525373 0.815 16
1780139525375 0.695 17
1780139525378 0.635 18
1780139525381 0.71 19
1780139525383 0.755 20
1780139525386 0.76 21
1780139525389 0.77 22
1780139525392 0.77 23
1780139525394 0.645 24
1780139525397 0.69 25
1780139525399 0.825 26
1780139525402 0.775 27
1780139525405 0.76 28
1780139525408 0.785 29
1780139525410 0.81 30
1780139525413 0.72 31
1780139525416 0.74 32
1780139525418 0.795 33
1780139525421 0.82 34
1780139525424 0.765 35
1780139525426 0.68 36
1780139525429 0.84 37
1780139525432 0.855 38
1780139525434 0.82 39
1780139525437 0.845 40
1780139525440 0.795 41
1780139525442 0.665 42
1780139525445 0.83 43
1780139525448 0.88 44
1780139525450 0.825 45
1780139525453 0.87 46
1780139525455 0.845 47
1780139525458 0.78 48
1780139525461 0.835 49
1780139525463 0.87 50
1780139525466 0.785 51
1780139525469 0.86 52
1780139525471 0.77 53
1780139525474 0.765 54
1780139525477 0.83 55
1780139525479 0.85 56
1780139525482 0.83 57
1780139525485 0.865 58
1780139525487 0.855 59
1780139525490 0.795 60
1780139525493 0.845 61
1780139525495 0.855 62
1780139525498 0.835 63
1780139525501 0.875 64
1780139525503 0.875 65
1780139525506 0.88 66
1780139525509 0.785 67
1780139525511 0.8 68
1780139525514 0.78 69
1780139525517 0.775 70
1780139525519 0.91 71
1780139525522 0.83 72
1780139525525 0.815 73
1780139525527 0.82 74
1780139525530 0.865 75
1780139525533 0.835 76
1780139525535 0.78 77
1780139525538 0.775 78
1780139525541 0.885 79
1780139525543 0.865 80
1780139525546 0.875 81
1780139525549 0.81 82
1780139525552 0.895 83
1780139525554 0.805 84
1780139525557 0.9 85
1780139525560 0.835 86
1780139525563 0.825 87
1780139525565 0.765 88
1780139525568 0.93 89
1780139525571 0.88 90
1780139525573 0.845 91
1780139525576 0.74 92
1780139525579 0.8 93
1780139525581 0.92 94
1780139525584 0.855 95
1780139525587 0.89 96
1780139525589 0.835 97
1780139525592 0.885 98
1780139525595 0.82 99
1780139525598 0.81 100
1780139525600 0.925 101
1780139525603 0.885 102
1780139525606 0.895 103
1780139525608 0.88 104
1780139525611 0.855 105
1780139525614 0.785 106
1780139525616 0.88 107
1780139525619 0.89 108
1780139525622 0.7 109
1780139525624 0.885 110
1780139525627 0.86 111
1780139525630 0.84 112
1780139525632 0.895 113
1780139525635 0.85 114
1780139525638 0.81 115
1780139525641 0.925 116
1780139525643 0.93 117
1780139525646 0.905 118
1780139525649 0.75 119
1780139525652 0.855 120
1780139525654 0.865 121
1780139525657 0.915 122
1780139525660 0.89 123
1780139525662 0.9 124
1780139525665 0.91 125
1780139525668 0.905 126
1780139525671 0.91 127
1780139525673 0.88 128
1780139525676 0.85 129
1780139525679 0.9 130
1780139525682 0.885 131
1780139525684 0.95 132
1780139525687 0.815 133
1780139525690 0.925 134
1780139525692 0.935 135
1780139525695 0.91 136
1780139525698 0.94 137
1780139525700 0.935 138
1780139525703 0.885 139
1780139525706 0.9 140
1780139525708 0.885 141
1780139525711 0.865 142
1780139525714 0.9 143
1780139525717 0.875 144
1780139525719 0.915 145
1780139525722 0.705 146
1780139525725 0.89 147
1780139525727 0.92 148
1780139525730 0.87 149
1780139525733 0.9 150
1780139525735 0.955 151
1780139525738 0.955 152
1780139525741 0.87 153
1780139525743 0.875 154
1780139525746 0.895 155
1780139525749 0.855 156
1780139525751 0.94 157
1780139525754 0.925 158
1780139525757 0.95 159
1780139525759 0.95 160
1780139525762 0.955 161
1780139525765 0.96 162
1780139525767 0.9 163
1780139525770 0.88 164
1780139525773 0.94 165
1780139525775 0.94 166
1780139525778 0.945 167
1780139525781 0.965 168
1780139525783 0.96 169
1780139525786 0.95 170
1780139525789 0.91 171
1780139525791 0.935 172
1780139525794 0.96 173
1780139525797 0.965 174
1780139525799 0.93 175
1780139525802 0.885 176
1780139525805 0.945 177
1780139525807 0.935 178
1780139525810 0.955 179
1780139525813 0.955 180
1780139525815 0.97 181
1780139525818 0.945 182
1780139525820 0.915 183
1780139525823 0.95 184
1780139525826 0.955 185
1780139525828 0.93 186
1780139525831 0.89 187
1780139525834 0.935 188
1780139525836 0.965 189
1780139525839 0.93 190
1780139525842 0.93 191
1780139525844 0.95 192
1780139525847 0.95 193
1780139525850 0.94 194
1780139525852 0.93 195
1780139525855 0.95 196
1780139525858 0.9 197
1780139525860 0.95 198
1780139525863 0.94 199
1780139525866 0.95 200
1780139525868 0.965 201
1780139525871 0.95 202
1780139525874 0.96 203
1780139525876 0.935 204
1780139525879 0.96 205
1780139525881 0.895 206
1780139525884 0.99 207
1780139525887 0.94 208
1780139525889 0.915 209
1780139525892 0.975 210
1780139525895 0.975 211
1780139525897 0.965 212
1780139525900 0.95 213
1780139525903 0.95 214
1780139525905 0.875 215
1780139525908 0.96 216
1780139525910 0.935 217
1780139525913 0.975 218
1780139525916 0.955 219
1780139525918 0.98 220
1780139525921 0.97 221
1780139525924 0.945 222
1780139525926 0.96 223
1780139525929 0.955 224
1780139525932 0.905 225
1780139525934 0.915 226
1780139525937 0.96 227
1780139525939 0.96 228
1780139525942 0.965 229
1780139525945 0.95 230
1780139525947 0.96 231
1780139525950 0.955 232
1780139525953 0.96 233
1780139525955 0.965 234
1780139525958 0.96 235
1780139525961 0.895 236
1780139525963 0.945 237
1780139525966 0.945 238
1780139525968 0.95 239
1780139525971 0.96 240
1780139525974 0.965 241
1780139525976 0.97 242
1780139525979 0.96 243
1780139525982 0.96 244
1780139525984 0.975 245
1780139525987 0.935 246
1780139525989 0.96 247
1780139525992 0.98 248
1780139525995 0.885 249
1780139525998 0.95 250
1780139526000 0.97 251
1780139526003 0.975 252
1780139526005 0.98 253
1780139526008 0.97 254
1780139526011 0.955 255
1780139526013 0.955 256
1780139526016 0.955 257
1780139526019 0.875 258
1780139526021 0.97 259
1780139526024 0.91 260
1780139526027 0.965 261
1780139526029 0.92 262
1780139526032 0.94 263
1780139526034 0.905 264
1780139526037 0.935 265
1780139526040 0.97 266
1780139526042 0.96 267
1780139526045 0.94 268
1780139526048 0.95 269
1780139526050 0.905 270
1780139526053 0.935 271
1780139526056 0.955 272
1780139526058 0.95 273
1780139526061 0.975 274
1780139526063 0.965 275
1780139526066 0.965 276
1780139526069 0.96 277
1780139526071 0.93 278
1780139526074 0.905 279
1780139526077 0.97 280
1780139526079 0.985 281
1780139526082 0.945 282
1780139526085 0.96 283
1780139526087 0.965 284
1780139526090 0.955 285
1780139526093 0.98 286
1780139526095 0.965 287
1780139526098 0.945 288
1780139526101 0.96 289
1780139526103 0.95 290
1780139526106 0.985 291
1780139526109 0.95 292
1780139526111 0.955 293
1780139526114 0.945 294
1780139526117 0.92 295
1780139526120 0.955 296
1780139526122 0.935 297
1780139526125 0.825 298
1780139526128 0.81 299
1780139526131 0.92 300
1780139526133 0.955 301
1780139526136 0.945 302
1780139526139 0.955 303
1780139526141 0.965 304
1780139526144 0.905 305
1780139526147 0.925 306
1780139526149 0.94 307
1780139526152 0.945 308
1780139526154 0.95 309
1780139526157 0.94 310
1780139526160 0.925 311
1780139526162 0.96 312
1780139526165 0.97 313
