1780138981585 0.0 0
1780138981588 0.03401350971010414 1
1780138981591 0.26343512850494066 2
1780138981593 0.21462258143692053 3
1780138981596 0.2108108108108108 4
1780138981599 0.49618875086266395 5
1780138981601 0.45404871964193994 6
1780138981604 0.6750577187876959 7
1780138981606 0.8015829984167582 8
1780138981609 0.6252846282258047 9
1780138981612 0.7373560789892059 10
1780138981614 0.8006942099237182 11
1780138981617 0.6706015037593985 12
1780138981619 0.6494649298127559 13
1780138981622 0.7882843472317156 14
1780138981625 0.7549782158194348 15
1780138981627 0.8125907907022458 16
1780138981630 0.8066081871345029 17
1780138981632 0.7772406857191878 18
1780138981635 0.7785472147391651 19
1780138981638 0.8059302987197725 20
1780138981640 0.8319303105857727 21
1780138981643 0.738626304859096 22
1780138981646 0.8137871377871377 23
1780138981648 0.6657566968795665 24
1780138981651 0.8665869883040935 25
1780138981654 0.8897307692307692 26
1780138981656 0.8565218040621266 27
1780138981659 0.7147665732959851 28
1780138981661 0.807770549079847 29
1780138981664 0.8423666591092036 30
1780138981667 0.8553785103785104 31
1780138981669 0.6462464985994398 32
1780138981672 0.8835324943422677 33
1780138981675 0.8593515904385469 34
1780138981677 0.8781933964441704 35
1780138981680 0.8663079866992909 36
1780138981682 0.869464458247067 37
1780138981685 0.8323412185674224 38
1780138981688 0.8707706932020433 39
1780138981690 0.9097280255975908 40
1780138981693 0.8411792114695341 41
1780138981695 0.8630016552075377 42
1780138981698 0.8828871090770404 43
1780138981701 0.8862110112110113 44
1780138981703 0.8330691579375789 45
1780138981706 0.8275667211328976 46
1780138981709 0.879860157640478 47
1780138981711 0.9150579975579977 48
1780138981714 0.890575415812258 49
1780138981716 0.8897226589200272 50
1780138981719 0.8397500000000001 51
1780138981722 0.8445958101369285 52
1780138981724 0.8736030886038627 53
1780138981727 0.9034524423804609 54
1780138981730 0.9111331588111774 55
1780138981732 0.8795033770577249 56
1780138981735 0.7367961312207143 57
1780138981737 0.9204773576097105 58
1780138981740 0.9044127363864206 59
1780138981743 0.8740586314270524 60
1780138981745 0.916500999000999 61
1780138981748 0.8446230850706554 62
1780138981751 0.8157314039105461 63
1780138981753 0.8027330316742081 64
1780138981756 0.750784632034632 65
1780138981759 0.8895345082072771 66
1780138981761 0.8599714217670874 67
1780138981764 0.8087191260302884 68
1780138981766 0.867794122988631 69
1780138981769 0.8522368421052631 70
1780138981772 0.9212076464314315 71
1780138981774 0.87889963297572 72
1780138981777 0.8841218855963439 73
1780138981779 0.8890007159350273 74
1780138981782 0.9417532467532468 75
1780138981785 0.9254630152456238 76
1780138981787 0.925609857978279 77
1780138981790 0.9179910141206676 78
1780138981793 0.9047368421052632 79
1780138981795 0.9124999999999999 80
1780138981798 0.8943854896260077 81
1780138981800 0.8688717966978837 82
1780138981803 0.9070427584111794 83
1780138981806 0.9175541125541125 84
1780138981808 0.9250373298199385 85
1780138981811 0.9125235102015289 86
1780138981814 0.8572328353191356 87
1780138981816 0.883466017986142 88
1780138981819 0.9379292929292931 89
1780138981821 0.9412557909926331 90
1780138981824 0.9107321994049682 91
1780138981827 0.846470722260196 92
1780138981829 0.8484095990868437 93
1780138981832 0.9103587773782282 94
1780138981834 0.8218041131994621 95
1780138981837 0.8855919619309713 96
1780138981840 0.850165165165165 97
1780138981842 0.8907222673927478 98
1780138981845 0.901457889537712 99
1780138981847 0.9184985353928186 100
1780138981850 0.8811553125237335 101
1780138981853 0.8927944862155389 102
1780138981855 0.9185758441092269 103
1780138981858 0.8993867684789748 104
1780138981861 0.860068547628155 105
1780138981863 0.9269063964258472 106
1780138981866 0.9071169227416368 107
1780138981869 0.8923070607553367 108
1780138981871 0.9159008816223786 109
1780138981874 0.8926853442992897 110
1780138981876 0.9450266971777269 111
1780138981879 0.9091648264016685 112
1780138981882 0.8894230335812485 113
1780138981884 0.8817396638449271 114
1780138981887 0.8677282913165266 115
1780138981889 0.896296099792492 116
1780138981892 0.9315516062884484 117
1780138981895 0.9120258980785296 118
1780138981897 0.9283666511469715 119
1780138981900 0.8763398268398269 120
1780138981902 0.910715920235371 121
1780138981905 0.9266924965673116 122
1780138981908 0.9605958077010708 123
1780138981910 0.9285673743181484 124
1780138981913 0.9073376623376624 125
1780138981916 0.9305810855810857 126
1780138981918 0.8823222723738272 127
1780138981921 0.8904605263157894 128
1780138981923 0.9207127557265256 129
1780138981926 0.9508297258297258 130
1780138981929 0.9017018744256596 131
1780138981931 0.919491341991342 132
1780138981934 0.9096011768551815 133
1780138981936 0.8898778998778999 134
1780138981939 0.8978048340548339 135
1780138981942 0.9291260292182353 136
1780138981944 0.8770564576985361 137
1780138981947 0.936555023923445 138
1780138981950 0.9315181195615978 139
1780138981952 0.9043614718614718 140
1780138981955 0.9183074441897972 141
1780138981957 0.8872582972582972 142
1780138981960 0.9208417783589408 143
1780138981963 0.950672630192081 144
1780138981965 0.8948434578869362 145
1780138981968 0.895343196701431 146
1780138981970 0.90027483068673 147
1780138981973 0.9191819923656308 148
1780138981976 0.934285355167708 149
1780138981978 0.9458339029391661 150
1780138981981 0.9553577124629756 151
1780138981983 0.9494858523119392 152
1780138981986 0.9048721234905445 153
1780138981989 0.9147300944669364 154
1780138981991 0.9486248229268824 155
1780138981994 0.9161956159782246 156
1780138981996 0.9407280828333461 157
1780138981999 0.934831297611618 158
1780138982002 0.9459744057112479 159
1780138982004 0.9494047619047619 160
1780138982007 0.9231720343639849 161
1780138982009 0.9642857142857142 162
1780138982012 0.9227887901572112 163
1780138982015 0.9302830605926582 164
1780138982017 0.9708589655958075 165
1780138982020 0.9525914423740511 166
1780138982022 0.9528405499915797 167
1780138982025 0.9477408354646206 168
1780138982028 0.9704511278195488 169
1780138982030 0.9722943722943723 170
1780138982033 0.8616281512605042 171
1780138982035 0.9451223414266892 172
1780138982038 0.9166666666666667 173
1780138982041 0.9854761904761904 174
1780138982043 0.9527455001139211 175
1780138982046 0.951861471861472 176
1780138982049 0.9176457447967745 177
1780138982051 0.949455456823878 178
1780138982054 0.9904761904761905 179
1780138982056 0.9811471861471862 180
1780138982059 0.9861471861471862 181
1780138982062 0.940214667102539 182
1780138982064 0.9720562770562771 183
1780138982067 0.9720562770562772 184
1780138982070 0.965689223057644 185
1780138982072 0.9713852813852814 186
1780138982075 0.9488492063492064 187
1780138982077 0.9507660455486542 188
1780138982080 0.9804761904761904 189
1780138982083 0.9615440115440114 190
1780138982085 0.9670995670995671 191
1780138982088 0.9761904761904763 192
1780138982091 0.9129949874686718 193
1780138982093 0.9620265497503351 194
1780138982096 0.9110120569967117 195
1780138982098 0.9431457431457432 196
1780138982101 0.9373847497531708 197
1780138982103 0.9424406284252831 198
1780138982106 0.9706892230576442 199
1780138982109 0.936735679779158 200
1780138982111 0.9724327122153209 201
1780138982114 0.9039738994007912 202
1780138982116 0.9404685099846389 203
1780138982119 0.962846790890269 204
1780138982122 0.9567931191615401 205
1780138982124 0.9551127033885655 206
1780138982127 0.9904761904761905 207
1780138982129 0.9766233766233766 208
1780138982132 0.9572368421052632 209
1780138982134 0.9766233766233766 210
1780138982137 0.9854761904761904 211
1780138982140 0.9510224089635854 212
1780138982142 0.9241666666666667 213
1780138982145 0.9523923444976076 214
1780138982147 0.948987736138766 215
1780138982150 0.9523160173160173 216
1780138982153 0.9579371683490676 217
1780138982155 0.9720779220779221 218
1780138982158 0.96657666894509 219
1780138982160 0.977432712215321 220
1780138982163 0.9857142857142858 221
1780138982166 0.9526479076479075 222
1780138982168 0.9564569439175712 223
1780138982171 0.9232660455486542 224
1780138982174 0.9217366946778712 225
1780138982176 0.959047619047619 226
1780138982179 0.9567388167388169 227
1780138982182 0.9199749373433583 228
1780138982184 0.9407326007326008 229
1780138982187 0.9677489177489178 230
1780138982190 0.9681818181818181 231
1780138982192 0.9436075036075037 232
1780138982195 0.9758840282524494 233
1780138982197 0.9565503592741443 234
1780138982200 0.9195271414116915 235
1780138982203 0.9555916305916305 236
1780138982205 0.970187969924812 237
1780138982208 0.972670807453416 238
1780138982211 0.9480056278804427 239
1780138982213 0.9675324675324675 240
1780138982216 0.9490147924158222 241
1780138982218 0.9391770647653 242
1780138982221 0.9683418031244118 243
1780138982224 0.9754511278195489 244
1780138982226 0.9711904761904762 245
1780138982229 0.7840168631842434 246
1780138982231 0.9720562770562771 247
1780138982234 0.9710678210678211 248
1780138982237 0.9785714285714286 249
1780138982239 0.9592173615857826 250
1780138982242 0.9495252018936228 251
1780138982245 0.9608046631730842 252
1780138982247 0.9713602187286398 253
1780138982250 0.8830665679349889 254
1780138982252 0.9685714285714285 255
1780138982255 0.9500135219471604 256
1780138982258 0.9221610845295055 257
1780138982260 0.9590127987954075 258
1780138982263 0.9519565217391304 259
1780138982265 0.95406223893066 260
1780138982268 0.9151643312827524 261
1780138982271 0.9400000000000001 262
1780138982273 0.9454260651629072 263
1780138982276 0.8878775834658189 264
1780138982279 0.959156223893066 265
1780138982281 0.9616666666666666 266
1780138982284 0.9488961038961039 267
1780138982286 0.9444554568238779 268
1780138982289 0.9495401547346628 269
1780138982292 0.9721946169772258 270
1780138982294 0.9330268853953065 271
1780138982297 0.9633418031244119 272
1780138982300 0.9588179936006023 273
1780138982302 0.9857142857142858 274
1780138982305 0.946075415812258 275
1780138982308 0.9733333333333333 276
1780138982310 0.9614285714285714 277
1780138982313 0.9468520940031236 278
1780138982315 0.9433850931677018 279
1780138982318 0.9582867132867132 280
1780138982321 0.9718614718614719 281
1780138982323 0.9482832080200501 282
1780138982326 0.9902380952380951 283
1780138982328 0.9759523809523809 284
1780138982331 0.9614285714285714 285
1780138982334 0.9761904761904763 286
1780138982336 0.9234130781499201 287
1780138982339 0.9724327122153209 288
1780138982342 0.9716233766233765 289
1780138982344 0.9254434473279975 290
1780138982347 0.9761904761904763 291
1780138982349 0.9708840282524491 292
1780138982352 0.965952380952381 293
1780138982355 0.9066337828837829 294
1780138982358 0.9718398268398267 295
1780138982360 0.9711471861471862 296
1780138982363 0.9683229813664596 297
1780138982365 0.9633574879227054 298
1780138982368 0.962485759854181 299
1780138982371 0.9670562770562772 300
1780138982373 0.9857142857142858 301
1780138982376 0.9818181818181818 302
1780138982378 0.9619845067213488 303
1780138982381 0.9678405499915798 304
1780138982384 0.9573160173160172 305
1780138982386 0.962169554320584 306
1780138982389 0.9653968253968254 307
1780138982392 0.9259517370501353 308
1780138982394 0.9296676441837732 309
1780138982397 0.9341603224361845 310
1780138982399 0.9456060606060607 311
1780138982402 0.9274314574314575 312
1780138982405 0.9582191480017567 313
