1780247416105 0.0 0
1780247416109 0.15 1
1780247416111 0.17 2
1780247416113 0.255 3
1780247416115 0.42 4
1780247416117 0.555 5
1780247416119 0.615 6
1780247416121 0.6 7
1780247416123 0.615 8
1780247416124 0.77 9
1780247416126 0.75 10
1780247416128 0.82 11
1780247416130 0.8 12
1780247416132 0.41 13
1780247416134 0.8 14
1780247416136 0.895 15
1780247416138 0.77 16
1780247416140 0.84 17
1780247416142 0.85 18
1780247416143 0.87 19
1780247416145 0.865 20
1780247416147 0.92 21
1780247416149 0.895 22
1780247416151 0.87 23
1780247416153 0.82 24
1780247416155 0.85 25
1780247416157 0.89 26
1780247416158 0.89 27
1780247416160 0.895 28
1780247416162 0.905 29
1780247416164 0.93 30
1780247416166 0.9 31
1780247416168 0.92 32
1780247416170 0.895 33
1780247416171 0.86 34
1780247416173 0.92 35
1780247416175 0.885 36
1780247416177 0.825 37
1780247416179 0.89 38
1780247416181 0.88 39
1780247416183 0.935 40
1780247416185 0.9 41
1780247416186 0.885 42
1780247416188 0.855 43
1780247416190 0.87 44
1780247416192 0.88 45
1780247416194 0.87 46
1780247416196 0.84 47
1780247416198 0.92 48
1780247416200 0.88 49
1780247416201 0.915 50
1780247416203 0.885 51
1780247416205 0.885 52
1780247416207 0.725 53
1780247416209 0.825 54
1780247416211 0.855 55
1780247416212 0.855 56
1780247416214 0.905 57
1780247416216 0.93 58
1780247416218 0.85 59
1780247416220 0.945 60
1780247416222 0.92 61
1780247416224 0.905 62
1780247416225 0.855 63
1780247416227 0.93 64
1780247416229 0.925 65
1780247416231 0.92 66
1780247416233 0.94 67
1780247416235 0.91 68
1780247416237 0.91 69
1780247416238 0.905 70
1780247416240 0.885 71
1780247416242 0.955 72
1780247416244 0.94 73
1780247416246 0.805 74
1780247416248 0.835 75
1780247416250 0.925 76
1780247416251 0.96 77
1780247416253 0.925 78
1780247416255 0.93 79
1780247416257 0.925 80
1780247416259 0.92 81
1780247416260 0.885 82
1780247416262 0.92 83
1780247416264 0.895 84
1780247416266 0.925 85
1780247416268 0.915 86
1780247416270 0.95 87
1780247416272 0.84 88
1780247416273 0.955 89
1780247416275 0.935 90
1780247416277 0.835 91
1780247416279 0.855 92
1780247416281 0.93 93
1780247416282 0.88 94
1780247416284 0.845 95
1780247416286 0.885 96
1780247416288 0.915 97
1780247416290 0.88 98
1780247416292 0.925 99
1780247416294 0.945 100
1780247416295 0.95 101
1780247416298 0.94 102
1780247416301 0.945 103
1780247416303 0.885 104
1780247416305 0.915 105
1780247416307 0.94 106
1780247416309 0.915 107
1780247416311 0.765 108
1780247416313 0.94 109
1780247416314 0.88 110
1780247416316 0.915 111
1780247416318 0.94 112
1780247416320 0.91 113
1780247416322 0.905 114
1780247416324 0.935 115
1780247416326 0.97 116
1780247416327 0.865 117
1780247416329 0.945 118
1780247416331 0.855 119
1780247416333 0.895 120
1780247416335 0.89 121
1780247416337 0.93 122
1780247416339 0.945 123
1780247416341 0.91 124
1780247416343 0.73 125
1780247416344 0.925 126
1780247416346 0.945 127
1780247416348 0.935 128
1780247416350 0.91 129
1780247416352 0.865 130
1780247416354 0.93 131
1780247416356 0.76 132
1780247416358 0.89 133
1780247416360 0.915 134
1780247416361 0.87 135
1780247416363 0.885 136
1780247416365 0.91 137
1780247416367 0.915 138
1780247416369 0.945 139
1780247416371 0.915 140
1780247416372 0.9 141
1780247416374 0.9 142
1780247416376 0.935 143
1780247416378 0.925 144
1780247416380 0.955 145
1780247416382 0.955 146
1780247416384 0.955 147
1780247416385 0.935 148
1780247416387 0.95 149
1780247416389 0.63 150
1780247416391 0.915 151
1780247416393 0.945 152
1780247416394 0.94 153
1780247416396 0.89 154
1780247416398 0.9 155
1780247416400 0.935 156
1780247416402 0.92 157
1780247416404 0.93 158
1780247416406 0.895 159
1780247416407 0.92 160
1780247416409 0.955 161
1780247416411 0.915 162
1780247416413 0.925 163
1780247416415 0.865 164
1780247416417 0.805 165
1780247416419 0.895 166
1780247416420 0.69 167
1780247416422 0.95 168
1780247416424 0.895 169
1780247416426 0.98 170
1780247416428 0.91 171
1780247416429 0.935 172
1780247416431 0.975 173
1780247416433 0.95 174
1780247416435 0.96 175
1780247416437 0.94 176
1780247416439 0.97 177
1780247416441 0.935 178
1780247416442 0.965 179
1780247416444 0.96 180
1780247416446 0.98 181
1780247416448 0.96 182
1780247416450 0.95 183
1780247416452 0.96 184
1780247416453 0.975 185
1780247416455 0.985 186
1780247416457 0.955 187
1780247416459 0.96 188
1780247416461 0.985 189
1780247416463 0.95 190
1780247416464 0.96 191
1780247416466 0.965 192
1780247416468 0.935 193
1780247416470 0.955 194
1780247416472 0.915 195
1780247416474 0.895 196
1780247416476 0.955 197
1780247416477 0.955 198
1780247416479 0.965 199
1780247416481 0.895 200
1780247416483 0.94 201
1780247416485 0.92 202
1780247416487 0.98 203
1780247416489 0.97 204
1780247416490 0.96 205
1780247416492 0.98 206
1780247416494 0.975 207
1780247416496 0.935 208
1780247416498 0.975 209
1780247416499 0.965 210
1780247416501 0.97 211
1780247416503 0.985 212
1780247416505 0.965 213
1780247416507 0.97 214
1780247416509 0.97 215
1780247416511 0.98 216
1780247416512 0.95 217
1780247416514 0.945 218
1780247416516 0.975 219
1780247416518 0.995 220
1780247416520 0.98 221
1780247416522 0.965 222
1780247416523 0.965 223
1780247416525 0.96 224
1780247416527 0.955 225
1780247416529 0.945 226
1780247416531 0.93 227
1780247416532 0.97 228
1780247416534 0.96 229
1780247416536 0.96 230
1780247416538 0.97 231
1780247416540 0.955 232
1780247416542 0.98 233
1780247416544 0.96 234
1780247416545 0.93 235
1780247416547 0.89 236
1780247416550 0.945 237
1780247416553 0.97 238
1780247416555 0.915 239
1780247416557 0.97 240
1780247416559 0.935 241
1780247416561 0.91 242
1780247416563 0.975 243
1780247416565 0.95 244
1780247416566 0.97 245
1780247416568 0.95 246
1780247416570 0.965 247
1780247416572 0.97 248
1780247416574 0.965 249
1780247416576 0.955 250
1780247416577 0.97 251
1780247416579 0.98 252
1780247416581 0.975 253
1780247416583 0.97 254
1780247416585 0.95 255
1780247416587 0.96 256
1780247416589 0.91 257
1780247416591 0.955 258
1780247416593 0.985 259
1780247416594 0.94 260
1780247416596 0.965 261
1780247416598 0.98 262
1780247416600 0.96 263
1780247416601 0.935 264
1780247416603 0.84 265
1780247416605 0.95 266
1780247416608 0.975 267
1780247416609 0.945 268
1780247416611 0.965 269
1780247416613 0.96 270
1780247416615 0.96 271
1780247416617 0.975 272
1780247416619 0.96 273
1780247416620 0.98 274
1780247416622 0.965 275
1780247416624 0.97 276
1780247416626 0.925 277
1780247416628 0.945 278
1780247416629 0.99 279
1780247416631 0.98 280
1780247416633 0.965 281
1780247416635 0.875 282
1780247416637 0.965 283
1780247416639 0.945 284
1780247416641 0.975 285
1780247416642 0.955 286
1780247416644 0.96 287
1780247416646 0.91 288
1780247416648 0.795 289
1780247416650 0.97 290
1780247416652 0.715 291
1780247416653 0.945 292
1780247416655 0.955 293
1780247416657 0.87 294
1780247416659 0.96 295
1780247416661 0.96 296
1780247416662 0.96 297
1780247416664 0.955 298
1780247416666 0.96 299
1780247416668 0.965 300
1780247416670 0.98 301
1780247416672 0.935 302
1780247416674 0.945 303
1780247416675 0.915 304
1780247416677 0.93 305
1780247416679 0.945 306
1780247416681 0.96 307
1780247416683 0.935 308
1780247416685 0.95 309
1780247416687 0.96 310
1780247416688 0.935 311
1780247416690 0.95 312
1780247416692 0.95 313
