1779420839234 0.0 0
1779420839237 0.1 1
1779420839239 0.11 2
1779420839241 0.115 3
1779420839243 0.115 4
1779420839245 0.11 5
1779420839246 0.1 6
1779420839248 0.12 7
1779420839250 0.115 8
1779420839252 0.12 9
1779420839254 0.11 10
1779420839255 0.12 11
1779420839257 0.13 12
1779420839259 0.145 13
1779420839261 0.27 14
1779420839262 0.085 15
1779420839264 0.1 16
1779420839266 0.1 17
1779420839268 0.125 18
1779420839269 0.1 19
1779420839271 0.105 20
1779420839273 0.145 21
1779420839275 0.12 22
1779420839276 0.12 23
1779420839278 0.12 24
1779420839280 0.175 25
1779420839282 0.1 26
1779420839283 0.1 27
1779420839285 0.11 28
1779420839287 0.095 29
1779420839289 0.135 30
1779420839290 0.09 31
1779420839292 0.11 32
1779420839294 0.095 33
1779420839296 0.105 34
1779420839297 0.1 35
1779420839299 0.1 36
1779420839301 0.115 37
1779420839303 0.09 38
1779420839304 0.18 39
1779420839306 0.195 40
1779420839308 0.1 41
1779420839310 0.115 42
1779420839311 0.04 43
1779420839313 0.11 44
1779420839315 0.1 45
1779420839317 0.08 46
1779420839318 0.1 47
1779420839320 0.12 48
1779420839322 0.095 49
1779420839323 0.085 50
1779420839325 0.12 51
1779420839327 0.145 52
1779420839329 0.1 53
1779420839330 0.125 54
1779420839332 0.17 55
1779420839334 0.105 56
1779420839336 0.145 57
1779420839337 0.1 58
1779420839339 0.085 59
1779420839341 0.15 60
1779420839342 0.11 61
1779420839344 0.055 62
1779420839346 0.145 63
1779420839348 0.105 64
1779420839349 0.2 65
1779420839351 0.115 66
1779420839353 0.07 67
1779420839355 0.1 68
1779420839356 0.145 69
1779420839358 0.1 70
1779420839360 0.135 71
1779420839362 0.075 72
1779420839363 0.1 73
1779420839365 0.1 74
1779420839367 0.105 75
1779420839368 0.13 76
1779420839370 0.1 77
1779420839372 0.1 78
1779420839374 0.08 79
1779420839375 0.085 80
1779420839377 0.1 81
1779420839379 0.095 82
1779420839381 0.105 83
1779420839382 0.17 84
1779420839384 0.1 85
1779420839386 0.1 86
1779420839388 0.105 87
1779420839389 0.105 88
1779420839391 0.105 89
1779420839393 0.12 90
1779420839395 0.095 91
1779420839396 0.06 92
1779420839398 0.1 93
1779420839400 0.115 94
1779420839401 0.095 95
1779420839403 0.03 96
1779420839405 0.095 97
1779420839407 0.125 98
1779420839408 0.09 99
1779420839410 0.14 100
1779420839412 0.08 101
1779420839414 0.155 102
1779420839415 0.14 103
1779420839417 0.075 104
1779420839419 0.1 105
1779420839420 0.1 106
1779420839422 0.1 107
1779420839424 0.1 108
1779420839426 0.11 109
1779420839427 0.13 110
1779420839429 0.1 111
1779420839431 0.1 112
1779420839433 0.095 113
1779420839434 0.1 114
1779420839436 0.1 115
1779420839438 0.1 116
1779420839440 0.1 117
1779420839442 0.1 118
1779420839443 0.16 119
1779420839445 0.12 120
1779420839447 0.155 121
1779420839449 0.095 122
1779420839450 0.075 123
1779420839452 0.18 124
1779420839454 0.14 125
1779420839455 0.105 126
1779420839457 0.105 127
1779420839459 0.125 128
1779420839461 0.115 129
1779420839462 0.1 130
1779420839464 0.075 131
1779420839466 0.125 132
1779420839468 0.115 133
1779420839469 0.1 134
1779420839471 0.1 135
1779420839473 0.12 136
1779420839474 0.1 137
1779420839476 0.11 138
1779420839478 0.105 139
1779420839480 0.11 140
1779420839481 0.1 141
1779420839483 0.095 142
1779420839485 0.085 143
1779420839487 0.125 144
1779420839488 0.1 145
1779420839490 0.12 146
1779420839492 0.13 147
1779420839494 0.095 148
1779420839495 0.09 149
1779420839497 0.11 150
1779420839499 0.15 151
1779420839500 0.115 152
1779420839502 0.125 153
1779420839504 0.135 154
1779420839506 0.14 155
1779420839507 0.145 156
1779420839509 0.1 157
1779420839511 0.105 158
1779420839513 0.075 159
1779420839514 0.155 160
1779420839516 0.1 161
1779420839518 0.025 162
1779420839520 0.115 163
1779420839521 0.1 164
1779420839523 0.07 165
1779420839525 0.095 166
1779420839527 0.13 167
1779420839528 0.135 168
1779420839530 0.15 169
1779420839532 0.1 170
1779420839534 0.1 171
1779420839535 0.09 172
1779420839537 0.12 173
1779420839539 0.1 174
1779420839540 0.085 175
1779420839542 0.1 176
1779420839544 0.095 177
1779420839546 0.1 178
1779420839547 0.1 179
1779420839549 0.065 180
1779420839551 0.1 181
1779420839553 0.07 182
1779420839554 0.14 183
1779420839556 0.11 184
1779420839558 0.13 185
1779420839559 0.08 186
1779420839561 0.085 187
1779420839563 0.1 188
1779420839565 0.1 189
1779420839566 0.055 190
1779420839568 0.155 191
1779420839570 0.1 192
1779420839571 0.105 193
1779420839573 0.16 194
1779420839575 0.085 195
1779420839577 0.15 196
1779420839578 0.1 197
1779420839580 0.1 198
1779420839582 0.125 199
1779420839584 0.115 200
1779420839585 0.1 201
1779420839587 0.105 202
1779420839589 0.1 203
1779420839590 0.075 204
1779420839592 0.075 205
1779420839594 0.165 206
1779420839595 0.175 207
1779420839597 0.1 208
1779420839599 0.16 209
1779420839601 0.095 210
1779420839602 0.095 211
1779420839604 0.1 212
1779420839606 0.1 213
1779420839607 0.125 214
1779420839609 0.1 215
1779420839611 0.1 216
1779420839613 0.075 217
1779420839614 0.085 218
1779420839616 0.07 219
1779420839618 0.105 220
1779420839619 0.095 221
1779420839621 0.085 222
1779420839623 0.12 223
1779420839625 0.08 224
1779420839626 0.12 225
1779420839628 0.115 226
1779420839630 0.105 227
1779420839631 0.1 228
1779420839633 0.055 229
1779420839635 0.09 230
1779420839636 0.23 231
1779420839638 0.105 232
1779420839640 0.125 233
1779420839642 0.185 234
1779420839643 0.115 235
1779420839645 0.085 236
1779420839647 0.1 237
1779420839649 0.1 238
1779420839650 0.125 239
1779420839652 0.105 240
1779420839654 0.1 241
1779420839655 0.13 242
1779420839657 0.105 243
1779420839659 0.1 244
1779420839661 0.1 245
1779420839662 0.105 246
1779420839664 0.07 247
1779420839666 0.11 248
1779420839667 0.1 249
1779420839669 0.1 250
1779420839671 0.095 251
1779420839673 0.1 252
1779420839674 0.105 253
1779420839676 0.095 254
1779420839678 0.1 255
1779420839679 0.1 256
1779420839681 0.1 257
1779420839683 0.14 258
1779420839685 0.095 259
1779420839686 0.09 260
1779420839688 0.105 261
1779420839690 0.185 262
1779420839691 0.095 263
1779420839693 0.095 264
1779420839695 0.095 265
1779420839697 0.08 266
1779420839698 0.185 267
1779420839700 0.11 268
1779420839702 0.1 269
1779420839703 0.095 270
1779420839705 0.105 271
1779420839707 0.065 272
1779420839709 0.19 273
1779420839710 0.075 274
1779420839712 0.185 275
1779420839714 0.11 276
1779420839715 0.1 277
1779420839717 0.18 278
1779420839719 0.1 279
1779420839721 0.11 280
1779420839722 0.1 281
1779420839724 0.125 282
1779420839726 0.115 283
1779420839727 0.11 284
1779420839729 0.1 285
1779420839731 0.04 286
1779420839732 0.025 287
1779420839734 0.125 288
1779420839736 0.1 289
1779420839738 0.06 290
1779420839739 0.145 291
1779420839741 0.1 292
1779420839743 0.1 293
1779420839745 0.135 294
1779420839746 0.1 295
1779420839748 0.1 296
1779420839750 0.1 297
1779420839751 0.11 298
1779420839753 0.155 299
1779420839755 0.13 300
1779420839757 0.115 301
1779420839758 0.1 302
1779420839760 0.11 303
1779420839762 0.085 304
1779420839763 0.105 305
1779420839765 0.13 306
1779420839767 0.09 307
1779420839769 0.1 308
1779420839770 0.12 309
1779420839772 0.1 310
1779420839774 0.1 311
1779420839775 0.1 312
1779420839777 0.065 313
