1780244942796 0.0 0
1780244942799 0.06499999999999999 1
1780244942800 0.5 2
1780244942802 0.65 3
1780244942804 0.665 4
1780244942805 0.8400000000000001 5
1780244942807 0.8699999999999999 6
1780244942809 0.8100000000000002 7
1780244942811 0.8099999999999999 8
1780244942812 0.85 9
1780244942814 0.905 10
1780244942816 0.82 11
1780244942818 0.86 12
1780244942819 0.9349999999999999 13
1780244942821 0.945 14
1780244942823 0.9 15
1780244942824 0.9349999999999999 16
1780244942826 0.9199999999999999 17
1780244942828 0.8950000000000001 18
1780244942830 0.9349999999999999 19
1780244942832 0.925 20
1780244942833 0.9349999999999999 21
1780244942835 0.95 22
1780244942837 0.915 23
1780244942838 0.9549999999999998 24
1780244942840 0.9400000000000001 25
1780244942842 0.95 26
1780244942844 0.9549999999999998 27
1780244942845 0.95 28
1780244942847 0.95 29
1780244942849 0.9650000000000001 30
1780244942851 0.97 31
1780244942852 0.9 32
1780244942854 0.9399999999999998 33
1780244942856 0.95 34
1780244942858 0.9349999999999999 35
1780244942860 0.86 36
1780244942862 0.97 37
1780244942864 0.9649999999999999 38
1780244942866 0.9650000000000001 39
1780244942868 0.9549999999999998 40
1780244942870 0.9199999999999999 41
1780244942871 0.9549999999999998 42
1780244942873 0.95 43
1780244942875 0.9349999999999999 44
1780244942877 0.945 45
1780244942878 0.97 46
1780244942880 0.9349999999999999 47
1780244942882 0.96 48
1780244942884 0.9549999999999998 49
1780244942885 0.95 50
1780244942887 0.96 51
1780244942889 0.9349999999999999 52
1780244942891 0.745 53
1780244942892 0.9799999999999999 54
1780244942894 0.8999999999999998 55
1780244942896 0.95 56
1780244942898 0.9400000000000001 57
1780244942900 0.9200000000000002 58
1780244942901 0.835 59
1780244942903 0.9799999999999999 60
1780244942905 0.875 61
1780244942907 0.9649999999999999 62
1780244942908 0.9549999999999998 63
1780244942910 0.925 64
1780244942912 0.9649999999999999 65
1780244942914 0.95 66
1780244942916 0.925 67
1780244942917 0.975 68
1780244942919 0.795 69
1780244942921 0.975 70
1780244942923 0.97 71
1780244942924 0.945 72
1780244942926 0.975 73
1780244942928 0.96 74
1780244942929 0.93 75
1780244942931 0.96 76
1780244942933 0.9800000000000001 77
1780244942935 0.9349999999999999 78
1780244942936 0.9400000000000001 79
1780244942938 0.97 80
1780244942940 0.9649999999999999 81
1780244942942 0.93 82
1780244942944 0.8800000000000001 83
1780244942945 0.97 84
1780244942947 0.9049999999999999 85
1780244942949 0.9099999999999999 86
1780244942951 0.9649999999999999 87
1780244942952 0.9149999999999998 88
1780244942954 0.975 89
1780244942956 0.9099999999999999 90
1780244942958 0.9500000000000002 91
1780244942959 0.95 92
1780244942961 0.9349999999999999 93
1780244942963 0.8300000000000001 94
1780244942964 0.9399999999999998 95
1780244942966 0.775 96
1780244942968 0.915 97
1780244942970 0.8949999999999999 98
1780244942971 0.9650000000000001 99
1780244942973 0.9599999999999997 100
1780244942975 0.9650000000000001 101
1780244942977 0.945 102
1780244942979 0.9649999999999999 103
1780244942980 0.97 104
1780244942982 0.9649999999999999 105
1780244942984 0.9800000000000001 106
1780244942986 0.99 107
1780244942987 0.9249999999999998 108
1780244942989 0.96 109
1780244942991 0.9749999999999999 110
1780244942993 0.96 111
1780244942994 0.96 112
1780244942996 0.9349999999999999 113
1780244942998 0.975 114
1780244943000 0.9649999999999999 115
1780244943001 0.975 116
1780244943003 0.9649999999999999 117
1780244943005 0.8549999999999999 118
1780244943006 0.96 119
1780244943008 0.9800000000000001 120
1780244943010 0.9550000000000001 121
1780244943012 0.8549999999999999 122
1780244943013 0.95 123
1780244943015 0.96 124
1780244943017 0.9549999999999998 125
1780244943019 0.95 126
1780244943020 0.9599999999999997 127
1780244943022 0.9700000000000001 128
1780244943024 0.9550000000000001 129
1780244943026 0.95 130
1780244943027 0.9099999999999999 131
1780244943029 0.9549999999999998 132
1780244943031 0.97 133
1780244943032 0.985 134
1780244943034 0.96 135
1780244943036 0.905 136
1780244943038 0.97 137
1780244943039 0.9799999999999999 138
1780244943041 0.9649999999999999 139
1780244943043 0.9 140
1780244943045 0.9400000000000001 141
1780244943046 0.95 142
1780244943048 0.9650000000000001 143
1780244943050 0.8549999999999999 144
1780244943052 0.8899999999999999 145
1780244943053 0.97 146
1780244943055 0.9799999999999999 147
1780244943057 0.9549999999999998 148
1780244943059 0.9399999999999998 149
1780244943060 0.885 150
1780244943062 0.915 151
1780244943064 0.985 152
1780244943065 0.9649999999999999 153
1780244943067 0.89 154
1780244943069 0.96 155
1780244943071 0.9650000000000001 156
1780244943072 0.8699999999999999 157
1780244943074 0.7949999999999999 158
1780244943076 0.97 159
1780244943078 0.82 160
1780244943079 0.9550000000000001 161
1780244943081 0.9199999999999999 162
1780244943083 0.97 163
1780244943084 0.8949999999999999 164
1780244943086 0.915 165
1780244943088 0.9599999999999997 166
1780244943090 0.8950000000000001 167
1780244943091 0.8899999999999999 168
1780244943093 0.8550000000000001 169
1780244943095 0.925 170
1780244943097 0.725 171
1780244943099 0.74 172
1780244943100 0.9299999999999999 173
1780244943102 0.95 174
1780244943104 0.9149999999999998 175
1780244943107 0.9199999999999999 176
1780244943109 0.76 177
1780244943110 0.8899999999999999 178
1780244943112 0.9200000000000002 179
1780244943114 0.82 180
1780244943116 0.6599999999999999 181
1780244943118 0.9099999999999999 182
1780244943119 0.8949999999999999 183
1780244943121 0.9299999999999999 184
1780244943123 0.925 185
1780244943125 0.9299999999999999 186
1780244943126 0.705 187
1780244943128 0.9599999999999997 188
1780244943130 0.9399999999999998 189
1780244943132 0.9350000000000002 190
1780244943133 0.93 191
1780244943135 0.9450000000000001 192
1780244943137 0.905 193
1780244943139 0.96 194
1780244943140 0.945 195
1780244943142 0.9149999999999998 196
1780244943144 0.9550000000000001 197
1780244943146 0.925 198
1780244943148 0.945 199
1780244943149 0.915 200
1780244943151 0.925 201
1780244943153 0.86 202
1780244943155 0.9299999999999999 203
1780244943156 0.9 204
1780244943158 0.945 205
1780244943160 0.95 206
1780244943162 0.9199999999999999 207
1780244943164 0.9299999999999999 208
1780244943166 0.95 209
1780244943167 0.95 210
1780244943169 0.9399999999999998 211
1780244943171 0.9799999999999999 212
1780244943172 0.845 213
1780244943174 0.9450000000000001 214
1780244943176 0.9550000000000001 215
1780244943178 0.9049999999999999 216
1780244943179 0.875 217
1780244943181 0.9400000000000001 218
1780244943183 0.9549999999999998 219
1780244943185 0.9400000000000001 220
1780244943186 0.885 221
1780244943188 0.9549999999999998 222
1780244943190 0.8800000000000001 223
1780244943192 0.95 224
1780244943193 0.9499999999999998 225
1780244943195 0.9550000000000001 226
1780244943197 0.8350000000000002 227
1780244943198 0.95 228
1780244943200 0.9299999999999999 229
1780244943202 0.9399999999999998 230
1780244943204 0.795 231
1780244943206 0.945 232
1780244943207 0.9099999999999999 233
1780244943209 0.8 234
1780244943211 0.9199999999999999 235
1780244943212 0.8999999999999998 236
1780244943214 0.8949999999999999 237
1780244943216 0.9299999999999999 238
1780244943218 0.9399999999999998 239
1780244943220 0.97 240
1780244943221 0.925 241
1780244943223 0.8700000000000001 242
1780244943225 0.9499999999999998 243
1780244943226 0.9349999999999999 244
1780244943228 0.975 245
1780244943230 0.9400000000000001 246
1780244943232 0.835 247
1780244943233 0.9399999999999998 248
1780244943235 0.8550000000000001 249
1780244943237 0.925 250
1780244943239 0.96 251
1780244943240 0.93 252
1780244943242 0.95 253
1780244943244 0.95 254
1780244943245 0.95 255
1780244943247 0.905 256
1780244943249 0.825 257
1780244943251 0.97 258
1780244943252 0.915 259
1780244943254 0.945 260
1780244943256 0.8 261
1780244943257 0.9149999999999998 262
1780244943259 0.925 263
1780244943261 0.9450000000000001 264
1780244943263 0.9399999999999998 265
1780244943264 0.9349999999999999 266
1780244943266 0.9649999999999999 267
1780244943268 0.95 268
1780244943270 0.9349999999999999 269
1780244943271 0.8150000000000001 270
1780244943273 0.9349999999999999 271
1780244943275 0.95 272
1780244943276 0.95 273
1780244943278 0.9200000000000002 274
1780244943280 0.865 275
1780244943282 0.925 276
1780244943294 0.9299999999999999 277
1780244943295 0.9799999999999999 278
1780244943297 0.9549999999999998 279
1780244943299 0.975 280
1780244943301 0.9549999999999998 281
1780244943302 0.97 282
1780244943304 0.975 283
1780244943306 0.915 284
1780244943308 0.9099999999999999 285
1780244943309 0.9650000000000001 286
1780244943311 0.9200000000000002 287
1780244943313 0.93 288
1780244943315 0.9199999999999999 289
1780244943316 0.9299999999999999 290
1780244943318 0.9550000000000001 291
1780244943320 0.9650000000000001 292
1780244943322 0.835 293
1780244943323 0.9600000000000002 294
1780244943325 0.9650000000000001 295
1780244943327 0.9649999999999999 296
1780244943329 0.9400000000000001 297
1780244943330 0.9400000000000001 298
1780244943332 0.9 299
1780244943334 0.8550000000000001 300
1780244943336 0.9299999999999999 301
1780244943337 0.9599999999999997 302
1780244943339 0.975 303
1780244943341 0.97 304
1780244943343 0.96 305
1780244943344 0.9099999999999998 306
1780244943346 0.8850000000000001 307
1780244943348 0.875 308
1780244943350 0.9049999999999999 309
1780244943352 0.865 310
1780244943355 0.9299999999999999 311
1780244943357 0.9349999999999998 312
1780244943359 0.9549999999999998 313
