1780548579721 0.0 0
1780548579723 0.04827112827112827 1
1780548579725 0.0698681743399212 2
1780548579727 0.10942974003924769 3
1780548579728 0.05407519890989295 4
1780548579730 0.12057208328394768 5
1780548579732 0.13388688961818 6
1780548579733 0.12317961466121305 7
1780548579735 0.14889564444801173 8
1780548579737 0.1620371745465365 9
1780548579738 0.12839317810623407 10
1780548579740 0.24427275133427107 11
1780548579742 0.19234102676982945 12
1780548579743 0.10180579136012073 13
1780548579745 0.23314707048151512 14
1780548579747 0.21799841952852392 15
1780548579748 0.12134401162713537 16
1780548579750 0.16857615955544464 17
1780548579752 0.20844871794871794 18
1780548579754 0.21775475878520184 19
1780548579755 0.20907465996039548 20
1780548579757 0.2034956018195368 21
1780548579759 0.18554664282679442 22
1780548579760 0.21809777640740124 23
1780548579762 0.21459157863413184 24
1780548579764 0.0955236270753512 25
1780548579765 0.12495268862328754 26
1780548579767 0.23208177318234244 27
1780548579769 0.2713384105769029 28
1780548579770 0.21366429039141246 29
1780548579772 0.17416446156855364 30
1780548579774 0.3169033255980389 31
1780548579775 0.28396080292632014 32
1780548579777 0.21028816735928255 33
1780548579779 0.17050454468108306 34
1780548579780 0.1958101341462026 35
1780548579782 0.1349788764160869 36
1780548579794 0.2375543487642629 37
1780548579796 0.23327229892211393 38
1780548579797 0.16685805491144756 39
1780548579799 0.22930216713111448 40
1780548579801 0.2527666899875264 41
1780548579803 0.30840664310733057 42
1780548579804 0.2177402692780718 43
1780548579806 0.16494141891802347 44
1780548579808 0.2400826531930808 45
1780548579809 0.1817971287109486 46
1780548579811 0.19235814835814838 47
1780548579813 0.21722227498831703 48
1780548579815 0.18097002942591178 49
1780548579816 0.24984478798676144 50
1780548579818 0.1584671408256314 51
1780548579820 0.2347703744451056 52
1780548579821 0.26428328709916094 53
1780548579823 0.2614159647712932 54
1780548579825 0.20730081767626823 55
1780548579826 0.28477575358163726 56
1780548579828 0.23382768266570686 57
1780548579830 0.24980142719962922 58
1780548579831 0.25343477893778543 59
1780548579833 0.19841597475312964 60
1780548579835 0.25689460831566097 61
1780548579836 0.3233031900150295 62
1780548579838 0.2342999308962836 63
1780548579840 0.20688951985414433 64
1780548579842 0.29685627185627184 65
1780548579843 0.1733867166425306 66
1780548579845 0.2907494406142674 67
1780548579847 0.35176265432423814 68
1780548579848 0.22859980723923753 69
1780548579850 0.22724981668489405 70
1780548579852 0.17610035318475212 71
1780548579854 0.2763580317146308 72
1780548579855 0.2725067119828216 73
1780548579857 0.25671547212936874 74
1780548579859 0.22995012074365437 75
1780548579860 0.2657144732348672 76
1780548579862 0.19792636579261286 77
1780548579864 0.29626608448696723 78
1780548579866 0.33643993756576207 79
1780548579867 0.2908711999551816 80
1780548579869 0.22614575430687012 81
1780548579871 0.2770670221775001 82
1780548579873 0.2455112755078535 83
1780548579874 0.19800909358607716 84
1780548579876 0.21217917078920748 85
1780548579878 0.24860202378163082 86
1780548579879 0.254947963742734 87
1780548579881 0.3699356496617604 88
1780548579883 0.2607585025627036 89
1780548579884 0.23637493624152003 90
1780548579886 0.21627503101187312 91
1780548579888 0.31533831152126196 92
1780548579889 0.25888810317763855 93
1780548579891 0.2685157641052369 94
1780548579893 0.18132734049590052 95
1780548579894 0.287826701396917 96
1780548579896 0.3083662118505572 97
1780548579898 0.2210773637702109 98
1780548579899 0.2898318750905285 99
1780548579901 0.24837323481494028 100
1780548579903 0.36908337630517046 101
1780548579905 0.3550932540018212 102
1780548579906 0.281701672646543 103
1780548579908 0.2799604076217087 104
1780548579910 0.3064346419616578 105
1780548579912 0.3333672032496472 106
1780548579913 0.22554186960755862 107
1780548579915 0.23843524542575828 108
1780548579917 0.26850908021616077 109
1780548579919 0.2991565248660277 110
1780548579920 0.29586454664417455 111
1780548579922 0.28355682274936933 112
1780548579924 0.24397085545361405 113
1780548579925 0.32404331420127824 114
1780548579927 0.3062088570821967 115
1780548579929 0.31307166584612 116
1780548579930 0.3114855729464324 117
1780548579932 0.22860359654237983 118
1780548579934 0.22055660242417457 119
1780548579935 0.2920032454179152 120
1780548579937 0.3204123097181568 121
1780548579939 0.2892795353642036 122
1780548579940 0.30369651916840723 123
1780548579942 0.2576369056447611 124
1780548579944 0.26347954611211144 125
1780548579945 0.27530069278226404 126
1780548579947 0.2839184417383309 127
1780548579949 0.28354851872526904 128
1780548579950 0.31478446913613867 129
1780548579952 0.35144115111965163 130
1780548579954 0.30083002033708983 131
1780548579956 0.19177629929705112 132
1780548579957 0.2732883412139499 133
1780548579959 0.3512312646231211 134
1780548579961 0.3148929983509382 135
1780548579962 0.3447124084761649 136
1780548579969 0.251470203856705 137
1780548579971 0.18739049132396843 138
1780548579972 0.2991775633042756 139
1780548579974 0.2006530415716951 140
1780548579976 0.2345425314616129 141
1780548579977 0.28438766999354514 142
1780548579979 0.21479551856465856 143
1780548579981 0.3081019919689708 144
1780548579982 0.2778196911213599 145
1780548579984 0.27215190112438686 146
1780548579986 0.24388781153487032 147
1780548579988 0.2577757821374843 148
1780548579989 0.2995128697759025 149
1780548579991 0.32882617697003813 150
1780548579993 0.31694581963685475 151
1780548579994 0.33930394561873045 152
1780548579996 0.23703968841811687 153
1780548579998 0.1763117634424935 154
1780548579999 0.28446342120079804 155
1780548580001 0.3227506182635747 156
1780548580003 0.2929183853049552 157
1780548580004 0.23603689991387408 158
1780548580006 0.22035190049551706 159
1780548580008 0.20930034284631177 160
1780548580010 0.19995217625952258 161
1780548580011 0.2957318741538531 162
1780548580013 0.3325000551295898 163
1780548580015 0.3143788075919224 164
1780548580016 0.34290388366588787 165
1780548580018 0.24241716910009595 166
1780548580020 0.31242831979886015 167
1780548580021 0.32249684831308695 168
1780548580023 0.34663817894505256 169
1780548580025 0.19517923499304946 170
1780548580027 0.3519782235801173 171
1780548580028 0.2967186411717525 172
1780548580030 0.3816486394292049 173
1780548580032 0.3045777428840831 174
1780548580033 0.2981267404622668 175
1780548580035 0.30741211130634 176
1780548580037 0.24252680652680653 177
1780548580039 0.35327517788578844 178
1780548580040 0.32622454079759583 179
1780548580042 0.2782624604495176 180
1780548580044 0.35970325611157883 181
1780548580045 0.383103840306609 182
1780548580047 0.36704893330261934 183
1780548580049 0.34987149701504416 184
1780548580051 0.3588873860185069 185
1780548580052 0.356138753217655 186
1780548580054 0.2758607470919757 187
1780548580056 0.31909064338058485 188
1780548580058 0.3382791411722745 189
1780548580059 0.2586937982590156 190
1780548580061 0.40504572848966447 191
1780548580063 0.36737672775499514 192
1780548580064 0.34233477633477627 193
1780548580066 0.28432463400629626 194
1780548580068 0.31521210680995976 195
1780548580070 0.3622904969426709 196
1780548580071 0.33448181564490176 197
1780548580073 0.3240001815608776 198
1780548580075 0.3425191583198754 199
1780548580077 0.3361911444051844 200
1780548580078 0.2895236067601407 201
1780548580080 0.38037170691802513 202
1780548580082 0.37086295341789904 203
1780548580083 0.3449187949313106 204
1780548580085 0.3384490061937284 205
1780548580087 0.3465667172858607 206
1780548580088 0.3410481883090337 207
1780548580090 0.2512408026755853 208
1780548580092 0.2630264300688829 209
1780548580093 0.24262394001993556 210
1780548580095 0.35802012938274225 211
1780548580097 0.2773471552573937 212
1780548580099 0.46633729279258535 213
1780548580100 0.35199858337253564 214
1780548580102 0.32875420764504415 215
1780548580104 0.311296040930531 216
1780548580105 0.3181003016591252 217
1780548580107 0.3561526461231036 218
1780548580109 0.3878550562202435 219
1780548580111 0.2781819607275534 220
1780548580112 0.3769702181210389 221
1780548580114 0.3606683713935498 222
1780548580116 0.3192134673299972 223
1780548580117 0.35824196890341686 224
1780548580119 0.37002222383537026 225
1780548580121 0.31228728663599464 226
1780548580123 0.38406565477533217 227
1780548580124 0.32062819688893807 228
1780548580126 0.32302096788082324 229
1780548580128 0.2828907422468896 230
1780548580129 0.4200466332543865 231
1780548580131 0.40465522911952323 232
1780548580133 0.4105122387545427 233
1780548580135 0.29993510827238534 234
1780548580136 0.24852590717843795 235
1780548580138 0.3568266931339744 236
1780548580140 0.2892065764468285 237
1780548580142 0.36978129092296647 238
1780548580144 0.35783014809437963 239
1780548580145 0.3086604829133654 240
1780548580147 0.3311554338267889 241
1780548580149 0.4340580199246009 242
1780548580151 0.2877725709660052 243
1780548580152 0.35446450174992433 244
1780548580154 0.3731854410983451 245
1780548580156 0.44670524386068006 246
1780548580157 0.37111857195162357 247
1780548580159 0.4173226354296677 248
1780548580161 0.371658160684679 249
1780548580162 0.3302181080639954 250
1780548580164 0.39511193169419395 251
1780548580166 0.33906946036977 252
1780548580167 0.33611837546048073 253
1780548580169 0.3864564389592199 254
1780548580171 0.30294928385584663 255
1780548580173 0.32171278718502105 256
1780548580174 0.3511580088629269 257
1780548580176 0.3390789421362938 258
1780548580178 0.27870369082812296 259
1780548580180 0.348220548423291 260
1780548580181 0.3606096355373879 261
1780548580183 0.3987462010722289 262
1780548580185 0.3238314664116725 263
1780548580186 0.3590753182092327 264
1780548580188 0.23094192678853803 265
1780548580190 0.388985170845906 266
1780548580191 0.4797400379233995 267
1780548580193 0.3684578056203148 268
1780548580195 0.3300504497089564 269
1780548580197 0.3076426799007444 270
1780548580198 0.3258884808887047 271
1780548580200 0.40541234611054594 272
1780548580202 0.39812472551602984 273
1780548580203 0.22944984928923118 274
1780548580205 0.2672187060118095 275
1780548580207 0.2556975345969653 276
1780548580208 0.35952026540058996 277
1780548580210 0.38461503433452937 278
1780548580212 0.3082180755205822 279
1780548580214 0.4220429082046583 280
1780548580215 0.3917663025119846 281
1780548580217 0.33901812528546904 282
1780548580219 0.3684387078671934 283
1780548580220 0.4048318198898328 284
1780548580222 0.30241493685640486 285
1780548580224 0.35075552528628073 286
1780548580225 0.40020984011856225 287
1780548580227 0.3140435836103109 288
1780548580229 0.33985842380770054 289
1780548580231 0.2507241671426524 290
1780548580232 0.3086762669673368 291
1780548580234 0.32213986870395744 292
1780548580236 0.42064149012424873 293
1780548580237 0.3589895021529482 294
1780548580239 0.3835212900449476 295
1780548580241 0.39031551786051394 296
1780548580243 0.26723762846232 297
1780548580245 0.33387552171267243 298
