1780113027597 0.0 0
1780113027599 0.9033333333333282 1
1780113027601 0.9199999999999948 2
1780113027602 0.9283333333333281 3
1780113027604 0.9338888888888837 4
1780113027606 0.9483333333333281 5
1780113027607 0.9572222222222168 6
1780113027609 0.9661111111111056 7
1780113027611 0.9666666666666611 8
1780113027612 0.9677777777777724 9
1780113027614 0.9772222222222167 10
1780113027616 0.9705555555555501 11
1780113027617 0.9777777777777722 12
1780113027619 0.9622222222222169 13
1780113027621 0.9622222222222169 14
1780113027622 0.9849999999999944 15
1780113027624 0.9822222222222168 16
1780113027626 0.9683333333333278 17
1780113027627 0.9766666666666612 18
1780113027629 0.9716666666666611 19
1780113027631 0.9622222222222169 20
1780113027633 0.9872222222222167 21
1780113027634 0.9811111111111055 22
1780113027636 0.9738888888888836 23
1780113027638 0.9855555555555501 24
1780113027639 0.9666666666666612 25
1780113027641 0.9761111111111056 26
1780113027643 0.9872222222222167 27
1780113027644 0.9816666666666611 28
1780113027646 0.9866666666666613 29
1780113027648 0.9861111111111056 30
1780113027649 0.9861111111111056 31
1780113027651 0.9805555555555501 32
1780113027653 0.9761111111111056 33
1780113027654 0.9855555555555501 34
1780113027656 0.986666666666661 35
1780113027658 0.9738888888888834 36
1780113027659 0.9872222222222167 37
1780113027661 0.9833333333333278 38
1780113027663 0.9888888888888833 39
1780113027664 0.9833333333333278 40
1780113027666 0.9899999999999943 41
1780113027668 0.9883333333333277 42
1780113027669 0.9849999999999944 43
1780113027671 0.99055555555555 44
1780113027673 0.9827777777777722 45
1780113027674 0.9883333333333277 46
1780113027676 0.9855555555555501 47
1780113027678 0.9883333333333277 48
1780113027679 0.9861111111111056 49
1780113027681 0.9838888888888834 50
1780113027683 0.9849999999999944 51
1780113027684 0.984444444444439 52
1780113027686 0.9866666666666613 53
1780113027688 0.984444444444439 54
1780113027690 0.9827777777777722 55
1780113027691 0.9811111111111057 56
1780113027693 0.9883333333333277 57
1780113027695 0.9916666666666611 58
1780113027696 0.9811111111111055 59
1780113027698 0.9916666666666611 60
1780113027700 0.9888888888888834 61
1780113027701 0.9894444444444389 62
1780113027703 0.99055555555555 63
1780113027705 0.9816666666666611 64
1780113027706 0.9861111111111056 65
1780113027708 0.9777777777777722 66
1780113027710 0.9683333333333278 67
1780113027711 0.9816666666666614 68
1780113027713 0.9855555555555501 69
1780113027715 0.9888888888888834 70
1780113027716 0.9872222222222167 71
1780113027718 0.9888888888888834 72
1780113027720 0.9888888888888834 73
1780113027721 0.9738888888888834 74
1780113027723 0.99055555555555 75
1780113027725 0.99055555555555 76
1780113027726 0.9922222222222166 77
1780113027728 0.9888888888888833 78
1780113027730 0.9922222222222166 79
1780113027732 0.9877777777777721 80
1780113027734 0.9877777777777723 81
1780113027735 0.9861111111111056 82
1780113027737 0.9772222222222167 83
1780113027739 0.9827777777777722 84
1780113027740 0.9888888888888833 85
1780113027742 0.9894444444444389 86
1780113027744 0.9788888888888835 87
1780113027745 0.9861111111111056 88
1780113027747 0.9872222222222167 89
1780113027749 0.9894444444444389 90
1780113027750 0.9811111111111057 91
1780113027752 0.9872222222222167 92
1780113027753 0.9805555555555502 93
1780113027755 0.9922222222222168 94
1780113027757 0.9922222222222166 95
1780113027759 0.9872222222222167 96
1780113027760 0.9783333333333278 97
1780113027762 0.9805555555555501 98
1780113027764 0.99055555555555 99
1780113027766 0.99055555555555 100
1780113027767 0.9872222222222167 101
1780113027769 0.9855555555555501 102
1780113027771 0.9855555555555501 103
1780113027772 0.9861111111111056 104
1780113027774 0.9849999999999944 105
1780113027776 0.9883333333333277 106
1780113027777 0.9888888888888833 107
1780113027779 0.9866666666666613 108
1780113027781 0.9877777777777721 109
1780113027782 0.9861111111111056 110
1780113027784 0.9761111111111058 111
1780113027786 0.9827777777777722 112
1780113027787 0.9883333333333277 113
1780113027789 0.9872222222222167 114
1780113027790 0.9944444444444388 115
1780113027792 0.9933333333333276 116
1780113027794 0.9938888888888833 117
1780113027795 0.9872222222222167 118
1780113027797 0.986666666666661 119
1780113027799 0.9899999999999946 120
1780113027800 0.9911111111111055 121
1780113027802 0.9933333333333276 122
1780113027804 0.9949999999999944 123
1780113027805 0.9922222222222168 124
1780113027807 0.9816666666666611 125
1780113027809 0.99055555555555 126
1780113027810 0.9799999999999945 127
1780113027812 0.9877777777777723 128
1780113027814 0.9899999999999943 129
1780113027815 0.9849999999999944 130
1780113027817 0.9894444444444389 131
1780113027819 0.9949999999999944 132
1780113027820 0.9888888888888834 133
1780113027822 0.9849999999999944 134
1780113027824 0.9822222222222168 135
1780113027825 0.9861111111111056 136
1780113027827 0.9761111111111058 137
1780113027829 0.9916666666666611 138
1780113027830 0.9866666666666613 139
1780113027832 0.9955555555555501 140
1780113027834 0.9872222222222167 141
1780113027835 0.9922222222222168 142
1780113027837 0.9922222222222168 143
1780113027839 0.986666666666661 144
1780113027840 0.9911111111111056 145
1780113027842 0.9877777777777721 146
1780113027843 0.9899999999999946 147
1780113027845 0.9822222222222168 148
1780113027847 0.9872222222222167 149
1780113027848 0.9899999999999943 150
1780113027850 0.99055555555555 151
1780113027852 0.9877777777777721 152
1780113027853 0.9794444444444389 153
1780113027855 0.99055555555555 154
1780113027857 0.9911111111111056 155
1780113027858 0.9927777777777722 156
1780113027860 0.9933333333333276 157
1780113027862 0.9894444444444389 158
1780113027863 0.9933333333333279 159
1780113027865 0.9949999999999944 160
1780113027867 0.9944444444444389 161
1780113027868 0.9955555555555499 162
1780113027870 0.9949999999999944 163
1780113027872 0.9927777777777722 164
1780113027873 0.9911111111111056 165
1780113027875 0.9911111111111055 166
1780113027877 0.9922222222222168 167
1780113027878 0.9911111111111055 168
1780113027880 0.9961111111111055 169
1780113027882 0.9972222222222167 170
1780113027883 0.9899999999999943 171
1780113027885 0.9922222222222168 172
1780113027887 0.9938888888888833 173
1780113027888 0.9916666666666611 174
1780113027890 0.9899999999999946 175
1780113027891 0.9899999999999943 176
1780113027893 0.9961111111111055 177
1780113027895 0.9938888888888833 178
1780113027896 0.9961111111111055 179
1780113027898 0.9949999999999944 180
1780113027900 0.9961111111111055 181
1780113027902 0.9944444444444389 182
1780113027903 0.9944444444444388 183
1780113027905 0.9911111111111055 184
1780113027907 0.9927777777777722 185
1780113027908 0.9955555555555499 186
1780113027910 0.9916666666666611 187
1780113027912 0.9927777777777722 188
1780113027913 0.9922222222222168 189
1780113027915 0.9938888888888833 190
1780113027917 0.9949999999999944 191
1780113027918 0.99055555555555 192
1780113027920 0.9916666666666611 193
1780113027922 0.9944444444444389 194
1780113027923 0.9916666666666611 195
1780113027925 0.9922222222222168 196
1780113027927 0.9944444444444389 197
1780113027928 0.9922222222222168 198
1780113027930 0.9938888888888833 199
1780113027932 0.9916666666666611 200
1780113027933 0.9961111111111055 201
1780113027935 0.996666666666661 202
1780113027937 0.9955555555555499 203
1780113027938 0.9955555555555499 204
1780113027940 0.9927777777777722 205
1780113027942 0.9855555555555501 206
1780113027943 0.9972222222222167 207
1780113027945 0.9972222222222167 208
1780113027947 0.9955555555555501 209
1780113027948 0.9938888888888833 210
1780113027950 0.9977777777777723 211
1780113027952 0.9988888888888834 212
1780113027953 0.9944444444444389 213
1780113027955 0.9961111111111055 214
1780113027957 0.9955555555555501 215
1780113027958 0.9944444444444389 216
1780113027960 0.99055555555555 217
1780113027962 0.9977777777777723 218
1780113027963 0.9944444444444388 219
1780113027965 0.9922222222222168 220
1780113027967 0.996666666666661 221
1780113027968 0.9827777777777722 222
1780113027970 0.9949999999999944 223
1780113027972 0.9938888888888833 224
1780113027973 0.9966666666666611 225
1780113027975 0.9938888888888833 226
1780113027977 0.9938888888888833 227
1780113027978 0.9961111111111055 228
1780113027980 0.9949999999999944 229
1780113027982 0.9961111111111055 230
1780113027983 0.9961111111111055 231
1780113027985 0.9922222222222166 232
1780113027987 0.9927777777777722 233
1780113027988 0.9961111111111055 234
1780113027990 0.9966666666666611 235
1780113027991 0.9944444444444389 236
1780113027993 0.9977777777777723 237
1780113027995 0.9961111111111055 238
1780113027997 0.9949999999999944 239
1780113027998 0.9961111111111055 240
1780113028000 0.9977777777777721 241
1780113028002 0.9949999999999944 242
1780113028003 0.9961111111111055 243
1780113028005 0.9972222222222167 244
1780113028007 0.9977777777777723 245
1780113028008 0.9894444444444389 246
1780113028010 0.9877777777777723 247
1780113028012 0.9966666666666611 248
1780113028013 0.9961111111111055 249
1780113028015 0.9944444444444389 250
1780113028017 0.9894444444444389 251
1780113028019 0.9938888888888833 252
1780113028021 0.9899999999999943 253
1780113028022 0.9944444444444388 254
1780113028024 0.9955555555555501 255
1780113028026 0.9961111111111055 256
1780113028027 0.9916666666666611 257
1780113028029 0.9972222222222167 258
1780113028031 0.9983333333333277 259
1780113028032 0.9933333333333279 260
1780113028034 0.9966666666666611 261
1780113028036 0.9894444444444389 262
1780113028037 0.9955555555555501 263
1780113028039 0.9911111111111056 264
1780113028041 0.9894444444444389 265
1780113028042 0.9894444444444389 266
1780113028044 0.9922222222222168 267
1780113028045 0.9916666666666611 268
1780113028047 0.9955555555555499 269
1780113028049 0.9922222222222166 270
1780113028051 0.9916666666666611 271
1780113028052 0.9938888888888833 272
1780113028054 0.9938888888888833 273
1780113028055 0.9949999999999944 274
1780113028057 0.9955555555555501 275
1780113028059 0.9949999999999944 276
1780113028061 0.9961111111111055 277
1780113028062 0.9961111111111055 278
1780113028064 0.9977777777777721 279
1780113028065 0.9955555555555501 280
1780113028067 0.9961111111111055 281
1780113028069 0.9944444444444389 282
1780113028070 0.9961111111111055 283
1780113028072 0.9972222222222167 284
1780113028074 0.9944444444444389 285
1780113028075 0.9949999999999944 286
1780113028077 0.9949999999999944 287
1780113028079 0.9949999999999944 288
1780113028080 0.9944444444444388 289
1780113028082 0.9916666666666611 290
1780113028084 0.996666666666661 291
1780113028085 0.9944444444444389 292
1780113028087 0.9961111111111055 293
1780113028089 0.9949999999999944 294
1780113028090 0.9944444444444389 295
1780113028092 0.9949999999999944 296
1780113028094 0.9955555555555501 297
1780113028095 0.9949999999999944 298
1780113028097 0.9966666666666611 299
1780113028099 0.9955555555555499 300
1780113028100 0.9955555555555501 301
1780113028102 0.9961111111111055 302
1780113028104 0.9961111111111055 303
1780113028105 0.9961111111111055 304
1780113028107 0.9922222222222168 305
1780113028108 0.9944444444444389 306
1780113028110 0.9916666666666611 307
1780113028112 0.9916666666666611 308
1780113028113 0.9922222222222168 309
1780113028115 0.9955555555555499 310
1780113028117 0.9899999999999946 311
1780113028118 0.996666666666661 312
1780113028120 0.9949999999999944 313
