1780128584503 0.0 0
1780128584506 0.12 1
1780128584509 0.125 2
1780128584511 0.25 3
1780128584513 0.37499999999999994 4
1780128584515 0.41500000000000004 5
1780128584518 0.47000000000000003 6
1780128584520 0.51 7
1780128584522 0.5650000000000001 8
1780128584524 0.5900000000000001 9
1780128584526 0.6450000000000001 10
1780128584529 0.525 11
1780128584531 0.67 12
1780128584533 0.6049999999999999 13
1780128584535 0.6599999999999999 14
1780128584538 0.75 15
1780128584540 0.7 16
1780128584542 0.7550000000000001 17
1780128584544 0.7 18
1780128584546 0.71 19
1780128584549 0.745 20
1780128584551 0.8549999999999999 21
1780128584553 0.8099999999999999 22
1780128584555 0.805 23
1780128584557 0.77 24
1780128584560 0.78 25
1780128584562 0.8150000000000001 26
1780128584564 0.7849999999999999 27
1780128584566 0.77 28
1780128584569 0.825 29
1780128584571 0.79 30
1780128584573 0.8149999999999998 31
1780128584575 0.805 32
1780128584577 0.8600000000000001 33
1780128584580 0.8099999999999999 34
1780128584582 0.76 35
1780128584584 0.825 36
1780128584586 0.8699999999999999 37
1780128584589 0.8099999999999999 38
1780128584591 0.8150000000000001 39
1780128584593 0.86 40
1780128584595 0.885 41
1780128584598 0.8150000000000001 42
1780128584600 0.875 43
1780128584602 0.875 44
1780128584604 0.7 45
1780128584606 0.8699999999999999 46
1780128584609 0.7999999999999999 47
1780128584611 0.85 48
1780128584623 0.875 49
1780128584625 0.8149999999999998 50
1780128584627 0.885 51
1780128584629 0.8600000000000001 52
1780128584632 0.79 53
1780128584634 0.7999999999999999 54
1780128584636 0.885 55
1780128584638 0.9 56
1780128584641 0.9 57
1780128584643 0.835 58
1780128584645 0.885 59
1780128584647 0.8550000000000001 60
1780128584650 0.8699999999999999 61
1780128584652 0.86 62
1780128584654 0.8800000000000001 63
1780128584656 0.885 64
1780128584659 0.85 65
1780128584661 0.865 66
1780128584663 0.8200000000000001 67
1780128584665 0.8649999999999999 68
1780128584668 0.8649999999999999 69
1780128584670 0.845 70
1780128584672 0.9 71
1780128584674 0.86 72
1780128584676 0.885 73
1780128584679 0.85 74
1780128584681 0.82 75
1780128584684 0.925 76
1780128584686 0.9099999999999999 77
1780128584688 0.915 78
1780128584690 0.9199999999999999 79
1780128584693 0.89 80
1780128584695 0.8700000000000001 81
1780128584697 0.8400000000000001 82
1780128584699 0.8950000000000001 83
1780128584702 0.785 84
1780128584704 0.8899999999999999 85
1780128584706 0.885 86
1780128584708 0.8700000000000001 87
1780128584710 0.8099999999999999 88
1780128584713 0.85 89
1780128584715 0.8949999999999999 90
1780128584717 0.875 91
1780128584719 0.8299999999999998 92
1780128584722 0.845 93
1780128584724 0.835 94
1780128584726 0.885 95
1780128584728 0.89 96
1780128584730 0.8800000000000001 97
1780128584733 0.8450000000000001 98
1780128584735 0.85 99
1780128584737 0.825 100
1780128584739 0.9 101
1780128584741 0.89 102
1780128584744 0.9099999999999999 103
1780128584746 0.8699999999999999 104
1780128584748 0.835 105
1780128584750 0.865 106
1780128584753 0.845 107
1780128584755 0.8849999999999998 108
1780128584757 0.89 109
1780128584759 0.8150000000000001 110
1780128584762 0.85 111
1780128584764 0.9400000000000001 112
1780128584766 0.865 113
1780128584768 0.7350000000000001 114
1780128584770 0.9 115
1780128584773 0.9 116
1780128584775 0.8800000000000001 117
1780128584777 0.8949999999999999 118
1780128584779 0.825 119
1780128584782 0.9 120
1780128584784 0.86 121
1780128584786 0.905 122
1780128584788 0.905 123
1780128584790 0.9 124
1780128584793 0.8 125
1780128584795 0.75 126
1780128584797 0.8949999999999999 127
1780128584799 0.8400000000000001 128
1780128584801 0.8800000000000001 129
1780128584808 0.8950000000000001 130
1780128584811 0.8300000000000001 131
1780128584813 0.8949999999999999 132
1780128584815 0.8899999999999999 133
1780128584817 0.8949999999999999 134
1780128584820 0.9299999999999999 135
1780128584822 0.8800000000000001 136
1780128584824 0.9499999999999998 137
1780128584826 0.9099999999999999 138
1780128584828 0.8600000000000001 139
1780128584831 0.9200000000000002 140
1780128584833 0.8949999999999999 141
1780128584835 0.8750000000000002 142
1780128584837 0.9099999999999999 143
1780128584840 0.885 144
1780128584842 0.905 145
1780128584844 0.9099999999999998 146
1780128584846 0.9149999999999998 147
1780128584848 0.9049999999999999 148
1780128584851 0.9299999999999999 149
1780128584853 0.9349999999999998 150
1780128584855 0.82 151
1780128584857 0.9200000000000002 152
1780128584859 0.865 153
1780128584862 0.8350000000000002 154
1780128584864 0.9199999999999999 155
1780128584866 0.9400000000000001 156
1780128584868 0.915 157
1780128584870 0.9349999999999999 158
1780128584873 0.9 159
1780128584875 0.95 160
1780128584877 0.925 161
1780128584879 0.945 162
1780128584882 0.9399999999999998 163
1780128584884 0.925 164
1780128584886 0.9649999999999999 165
1780128584888 0.89 166
1780128584890 0.9299999999999999 167
1780128584893 0.9299999999999999 168
1780128584895 0.915 169
1780128584897 0.95 170
1780128584899 0.8950000000000001 171
1780128584901 0.8850000000000001 172
1780128584904 0.93 173
1780128584906 0.97 174
1780128584908 0.9099999999999999 175
1780128584911 0.875 176
1780128584913 0.925 177
1780128584915 0.945 178
1780128584917 0.96 179
1780128584919 0.9550000000000001 180
1780128584922 0.945 181
1780128584924 0.925 182
1780128584926 0.925 183
1780128584928 0.9299999999999999 184
1780128584931 0.9349999999999999 185
1780128584933 0.9499999999999998 186
1780128584935 0.9350000000000002 187
1780128584937 0.96 188
1780128584940 0.9450000000000001 189
1780128584942 0.9349999999999999 190
1780128584944 0.9550000000000001 191
1780128584947 0.945 192
1780128584949 0.9600000000000002 193
1780128584951 0.9299999999999999 194
1780128584953 0.9149999999999998 195
1780128584955 0.9349999999999999 196
1780128584957 0.925 197
1780128584960 0.9200000000000002 198
1780128584962 0.9349999999999999 199
1780128584964 0.9200000000000002 200
1780128584967 0.9399999999999998 201
1780128584969 0.945 202
1780128584971 0.95 203
1780128584973 0.9200000000000002 204
1780128584975 0.9649999999999999 205
1780128584978 0.975 206
1780128584980 0.97 207
1780128584982 0.96 208
1780128584984 0.9549999999999998 209
1780128584987 0.9349999999999999 210
1780128584989 0.9650000000000001 211
1780128584992 0.975 212
1780128584994 0.95 213
1780128584996 0.915 214
1780128584999 0.9349999999999999 215
1780128585001 0.9649999999999999 216
1780128585003 0.9549999999999998 217
1780128585005 0.9499999999999998 218
1780128585007 0.9499999999999998 219
1780128585010 0.9499999999999998 220
1780128585012 0.96 221
1780128585014 0.9200000000000002 222
1780128585016 0.9099999999999999 223
1780128585019 0.9399999999999998 224
1780128585021 0.9549999999999998 225
1780128585023 0.9149999999999998 226
1780128585025 0.9650000000000001 227
1780128585028 0.96 228
1780128585030 0.9299999999999999 229
1780128585032 0.9549999999999998 230
1780128585034 0.96 231
1780128585036 0.9349999999999999 232
1780128585039 0.97 233
1780128585041 0.95 234
1780128585043 0.96 235
1780128585045 0.9199999999999999 236
1780128585048 0.975 237
1780128585050 0.96 238
1780128585052 0.9399999999999998 239
1780128585054 0.985 240
1780128585056 0.96 241
1780128585059 0.95 242
1780128585061 0.9649999999999999 243
1780128585063 0.985 244
1780128585065 0.9799999999999999 245
1780128585068 0.9200000000000002 246
1780128585070 0.9349999999999999 247
1780128585072 0.95 248
1780128585074 0.925 249
1780128585076 0.9599999999999997 250
1780128585079 0.9650000000000001 251
1780128585081 0.9299999999999999 252
1780128585083 0.9400000000000001 253
1780128585085 0.95 254
1780128585087 0.9599999999999997 255
1780128585090 0.9549999999999998 256
1780128585092 0.915 257
1780128585094 0.9649999999999999 258
1780128585096 0.9400000000000001 259
1780128585098 0.9400000000000001 260
1780128585101 0.97 261
1780128585103 0.9649999999999999 262
1780128585105 0.9650000000000001 263
1780128585107 0.9550000000000001 264
1780128585109 0.8949999999999999 265
1780128585112 0.9649999999999999 266
1780128585114 0.9650000000000001 267
1780128585116 0.925 268
1780128585118 0.96 269
1780128585120 0.9599999999999997 270
1780128585123 0.945 271
1780128585125 0.9399999999999998 272
1780128585127 0.9399999999999998 273
1780128585129 0.97 274
1780128585132 0.9649999999999999 275
1780128585134 0.9549999999999998 276
1780128585136 0.9049999999999999 277
1780128585138 0.9400000000000001 278
1780128585140 0.97 279
1780128585143 0.9349999999999999 280
1780128585145 0.985 281
1780128585147 0.95 282
1780128585149 0.945 283
1780128585151 0.945 284
1780128585154 0.9450000000000001 285
1780128585156 0.9650000000000001 286
1780128585158 0.96 287
1780128585160 0.9400000000000001 288
1780128585163 0.9649999999999999 289
1780128585165 0.9499999999999998 290
1780128585167 0.9649999999999999 291
1780128585169 0.9550000000000001 292
1780128585172 0.8950000000000001 293
1780128585174 0.9400000000000001 294
1780128585176 0.9400000000000001 295
1780128585178 0.9650000000000001 296
1780128585181 0.9700000000000001 297
1780128585183 0.9400000000000001 298
1780128585185 0.95 299
1780128585187 0.9450000000000001 300
1780128585189 0.9800000000000001 301
1780128585192 0.96 302
1780128585194 0.9349999999999999 303
1780128585196 0.96 304
1780128585199 0.95 305
1780128585201 0.96 306
1780128585203 0.9249999999999998 307
1780128585206 0.9499999999999998 308
1780128585208 0.9400000000000001 309
1780128585210 0.8950000000000001 310
1780128585213 0.96 311
1780128585215 0.96 312
1780128585217 0.9549999999999998 313
