1780525718335 0.0 0
1780525718342 0.2925 1
1780525718344 0.7295341474445952 2
1780525718345 0.6410213894876472 3
1780525718347 0.8115183246073299 4
1780525718348 0.8073089700996678 5
1780525718350 0.7519100169779287 6
1780525718352 0.8143160878809355 7
1780525718353 0.7914572864321607 8
1780525718355 0.7746494798733605 9
1780525718357 0.7928542753914091 10
1780525718358 0.7940429136081311 11
1780525718360 0.8117559523809523 12
1780525718361 0.6758793969849246 13
1780525718363 0.8056282037870071 14
1780525718364 0.7188847170073703 15
1780525718366 0.8027436140018922 16
1780525718368 0.8168548469128267 17
1780525718369 0.7969706401078951 18
1780525718371 0.8018018018018018 19
1780525718372 0.7815436595924401 20
1780525718374 0.8355263157894737 21
1780525718375 0.8031308773094369 22
1780525718377 0.7181818181818183 23
1780525718379 0.7756017951856384 24
1780525718380 0.7830018083182639 25
1780525718382 0.816137132874768 26
1780525718383 0.8159993864089584 27
1780525718385 0.690379403794038 28
1780525718386 0.6823289070480082 29
1780525718388 0.904973075704783 30
1780525718390 0.7832428765264586 31
1780525718391 0.8335006021678041 32
1780525718393 0.8336571151044196 33
1780525718394 0.7959560764438813 34
1780525718396 0.8324692638127684 35
1780525718398 0.7781715095676824 36
1780525718399 0.915625 37
1780525718401 0.8105093889407615 38
1780525718402 0.8810545036091642 39
1780525718404 0.7096976671199917 40
1780525718405 0.8290615957007028 41
1780525718407 0.8443821973233738 42
1780525718409 0.7656702025072324 43
1780525718410 0.8478860294117647 44
1780525718412 0.8937649133727565 45
1780525718413 0.8595494005787515 46
1780525718415 0.8340345956054231 47
1780525718416 0.8168797953964194 48
1780525718418 0.8764568764568765 49
1780525718420 0.8363849048926864 50
1780525718421 0.8634868421052632 51
1780525718423 0.8159934720522235 52
1780525718425 0.8054818744473917 53
1780525718426 0.8821973233737939 54
1780525718428 0.7803846599467037 55
1780525718429 0.780388151174668 56
1780525718431 0.8324969891609795 57
1780525718432 0.793437845442669 58
1780525718434 0.8497518741421181 59
1780525718436 0.8488547317661241 60
1780525718437 0.8695869586958695 61
1780525718439 0.8641888733052829 62
1780525718440 0.8313279857397504 63
1780525718442 0.8694295900178253 64
1780525718443 0.8105263157894738 65
1780525718445 0.849408933988911 66
1780525718447 0.8741215378255478 67
1780525718448 0.7208672086720866 68
1780525718450 0.7977053140096618 69
1780525718451 0.8747252747252747 70
1780525718453 0.8407840784078409 71
1780525718455 0.8534518396031417 72
1780525718456 0.8571864510222764 73
1780525718458 0.8385354141656662 74
1780525718459 0.8880208333333333 75
1780525718461 0.7870466921561812 76
1780525718463 0.7984613827310456 77
1780525718464 0.7751937984496124 78
1780525718466 0.8440000000000001 79
1780525718467 0.789002557544757 80
1780525718469 0.7452380952380953 81
1780525718471 0.8304843304843305 82
1780525718472 0.8115090065796571 83
1780525718474 0.8852594926214559 84
1780525718475 0.8494049809839284 85
1780525718477 0.7491117252270035 86
1780525718478 0.8508131430467972 87
1780525718480 0.9098866569408597 88
1780525718482 0.8330419580419581 89
1780525718483 0.8491750177143436 90
1780525718485 0.8526570048309179 91
1780525718486 0.8835904628330995 92
1780525718488 0.8483368935001525 93
1780525718490 0.868859401468097 94
1780525718491 0.8563218390804598 95
1780525718493 0.8217869087434305 96
1780525718494 0.8493333333333333 97
1780525718496 0.8487437697080663 98
1780525718497 0.8633853151397011 99
1780525718499 0.8958985053875564 100
1780525718501 0.8636363636363636 101
1780525718502 0.9094017094017094 102
1780525718504 0.684715821812596 103
1780525718505 0.9159612317507054 104
1780525718507 0.8369047619047618 105
1780525718508 0.8452380952380952 106
1780525718510 0.8143222506393861 107
1780525718512 0.8913690476190477 108
1780525718514 0.8661807875291021 109
1780525718516 0.8725274725274725 110
1780525718517 0.850375939849624 111
1780525718519 0.8683385579937304 112
1780525718521 0.8216783216783217 113
1780525718522 0.8684583459864359 114
1780525718524 0.8482639943314101 115
1780525718525 0.8175824175824176 116
1780525718527 0.8949745906267645 117
1780525718529 0.8067257945306726 118
1780525718530 0.8300000000000001 119
1780525718532 0.8112824675324675 120
1780525718533 0.8429383116883117 121
1780525718535 0.9014756944444444 122
1780525718536 0.8654513888888888 123
1780525718538 0.81 124
1780525718540 0.8661180248896025 125
1780525718541 0.868922305764411 126
1780525718543 0.8231954582319546 127
1780525718544 0.871849377467355 128
1780525718546 0.8626666666666667 129
1780525718547 0.8666666666666667 130
1780525718549 0.8556789990292308 131
1780525718551 0.888030888030888 132
1780525718552 0.7100271002710027 133
1780525718554 0.8706805047765067 134
1780525718555 0.7275132275132274 135
1780525718557 0.8509639776763065 136
1780525718559 0.8498376623376623 137
1780525718560 0.8515151515151516 138
1780525718562 0.8209134615384616 139
1780525718563 0.7774869109947644 140
1780525718565 0.8790289677682579 141
1780525718566 0.8141314131413142 142
1780525718568 0.7207977207977208 143
1780525718570 0.8762315270935961 144
1780525718571 0.9031339031339032 145
1780525718573 0.8801858612678393 146
1780525718574 0.8827751196172249 147
1780525718576 0.773627969706401 148
1780525718578 0.8650173611111112 149
1780525718579 0.4526909722222222 150
1780525718581 0.4137055837563452 151
1780525718582 0.4036458333333333 152
1780525718584 0.4107142857142857 153
1780525718586 0.4075 154
1780525718587 0.3875 155
1780525718589 0.405 156
1780525718590 0.41 157
1780525718592 0.5854483925549915 158
1780525718594 0.4 159
1780525718595 0.405 160
1780525718597 0.6205738705738706 161
1780525718598 0.47557364914877864 162
1780525718600 0.3925 163
1780525718601 0.41 164
1780525718603 0.405 165
1780525718605 0.435 166
1780525718606 0.4075 167
1780525718608 0.41 168
1780525718609 0.41959798994974873 169
1780525718611 0.3525 170
1780525718613 0.4853951890034364 171
1780525718614 0.3975 172
1780525718616 0.4 173
1780525718618 0.3975 174
1780525718619 0.395 175
1780525718621 0.4075 176
1780525718622 0.5930593059305931 177
1780525718624 0.4075 178
1780525718626 0.4125 179
1780525718627 0.415 180
1780525718629 0.3875 181
1780525718630 0.3725 182
1780525718632 0.5709820891934126 183
1780525718633 0.555952380952381 184
1780525718635 0.3975 185
1780525718637 0.6425518925518925 186
1780525718638 0.4075 187
1780525718640 0.4025 188
1780525718641 0.4225 189
1780525718643 0.6777408637873754 190
1780525718644 0.4025 191
1780525718646 0.4025 192
1780525718648 0.6764705882352942 193
1780525718649 0.42 194
1780525718651 0.9095477386934674 195
1780525718652 0.5554854981084489 196
1780525718654 0.4045226130653266 197
1780525718655 0.3725 198
1780525718657 0.7343485617597292 199
1780525718659 0.42 200
1780525718660 0.8743718592964824 201
1780525718662 0.5472877596289574 202
1780525718664 0.3775 203
1780525718665 0.7857142857142857 204
1780525718667 0.395 205
1780525718668 0.6262626262626263 206
1780525718670 0.6358347876672483 207
1780525718672 0.3825 208
1780525718673 0.5354541039339485 209
1780525718675 0.9045226130653266 210
1780525718676 0.3825 211
1780525718678 0.675622622991044 212
1780525718679 0.8994974874371859 213
1780525718681 0.385 214
1780525718683 0.6947368421052631 215
1780525718684 0.7343485617597292 216
1780525718686 0.671997673742367 217
1780525718688 0.5948169982805207 218
1780525718689 0.8838383838383839 219
1780525718691 0.8704663212435233 220
1780525718692 0.6482551916077928 221
1780525718694 0.7028127313101407 222
1780525718695 0.3975 223
1780525718697 0.6089436878910564 224
1780525718698 0.6184448462929476 225
1780525718700 0.4325 226
1780525718702 0.6792929292929293 227
1780525718703 0.6104581072935503 228
1780525718705 0.3825 229
1780525718706 0.6902480962908376 230
1780525718708 0.7024456521739131 231
1780525718709 0.6543846720707442 232
1780525718711 0.671875 233
1780525718713 0.6521095484826055 234
1780525718714 0.7302405498281787 235
1780525718716 0.6137278582930756 236
1780525718717 0.9090909090909092 237
1780525718719 0.41 238
1780525718720 0.4325 239
1780525718722 0.8969849246231156 240
1780525718724 0.6586021505376345 241
1780525718725 0.6648936170212766 242
1780525718727 0.8944723618090452 243
1780525718728 0.42 244
1780525718730 0.4 245
1780525718731 0.7341269841269842 246
1780525718733 0.898477157360406 247
1780525718735 0.7747747747747747 248
1780525718736 0.8404885270170244 249
1780525718738 0.4 250
1780525718739 0.4 251
1780525718741 0.6784313725490196 252
1780525718742 0.385 253
1780525718744 0.3975 254
1780525718746 0.750886524822695 255
1780525718747 0.6940971212561791 256
1780525718749 0.6787275376396309 257
1780525718750 0.9045226130653266 258
1780525718752 0.6943164362519201 259
1780525718754 0.904040404040404 260
1780525718755 0.6569148936170213 261
1780525718757 0.9 262
1780525718758 0.4075 263
1780525718760 0.9166666666666667 264
1780525718762 0.6249114103472715 265
1780525718763 0.7982963677274189 266
1780525718765 0.41 267
1780525718766 0.8327165062916357 268
1780525718768 0.8174603174603174 269
1780525718770 0.6078869047619048 270
1780525718771 0.7508591065292096 271
1780525718773 0.9065656565656566 272
1780525718774 0.8994974874371859 273
1780525718776 0.405 274
1780525718777 0.37 275
1780525718779 0.395 276
1780525718781 0.9074074074074074 277
1780525718782 0.3725 278
1780525718784 0.375 279
1780525718785 0.673065735892961 280
1780525718787 0.4075 281
1780525718788 0.7311031664964249 282
1780525718790 0.904040404040404 283
1780525718792 0.8903061224489797 284
1780525718793 0.6395604395604395 285
1780525718795 0.6586384071933205 286
1780525718796 0.7301522007404361 287
1780525718798 0.7677573822825219 288
1780525718799 0.7 289
1780525718801 0.6829268292682926 290
1780525718803 0.7871794871794873 291
1780525718804 0.6451448388412893 292
1780525718806 0.8 293
1780525718807 0.7517808892164087 294
1780525718809 0.6636006614303431 295
1780525718810 0.6959219858156028 296
1780525718812 0.7390924956369982 297
1780525718814 0.6511904761904762 298
