1780136135911 0.0 0
1780136135914 0.04834085933223864 1
1780136135917 0.20233281689045315 2
1780136135919 0.2725208229125869 3
1780136135922 0.3968221974104327 4
1780136135924 0.4480783299980959 5
1780136135927 0.500862407167161 6
1780136135929 0.6594008465894156 7
1780136135932 0.6117689933609968 8
1780136135934 0.7078612465780455 9
1780136135937 0.7532102662590467 10
1780136135940 0.7615238041750015 11
1780136135942 0.6205031264771608 12
1780136135945 0.7206896477601673 13
1780136135947 0.8201068883242246 14
1780136135950 0.7387905214928402 15
1780136135952 0.817415109087583 16
1780136135955 0.8853223101325332 17
1780136135958 0.8492567482590904 18
1780136135960 0.8134658786622009 19
1780136135963 0.8245546946894828 20
1780136135965 0.6447086071134358 21
1780136135968 0.87050023952903 22
1780136135970 0.883395378690629 23
1780136135973 0.901236558256142 24
1780136135975 0.9000670352210788 25
1780136135978 0.8810666934613216 26
1780136135981 0.8635971837386933 27
1780136135983 0.8019352501930899 28
1780136135986 0.8539701483581531 29
1780136135989 0.841919428668399 30
1780136135991 0.8608739421023595 31
1780136135994 0.7979199896607205 32
1780136135996 0.900415399978943 33
1780136135999 0.8282619073657571 34
1780136136001 0.8387782647862894 35
1780136136004 0.8674224491596197 36
1780136136006 0.8000501172493655 37
1780136136009 0.8912826906358189 38
1780136136012 0.7130453364679468 39
1780136136014 0.8646863836370295 40
1780136136017 0.7029404700646207 41
1780136136019 0.9176811415378985 42
1780136136022 0.8851516278515712 43
1780136136024 0.8706060248043113 44
1780136136027 0.8410490859620111 45
1780136136029 0.8229330643406888 46
1780136136032 0.8913640759611068 47
1780136136034 0.8709056870555127 48
1780136136037 0.8390039055453122 49
1780136136039 0.8879863363931028 50
1780136136042 0.8633217397233578 51
1780136136045 0.8857222757328737 52
1780136136047 0.7702449597186439 53
1780136136050 0.9108783961018426 54
1780136136052 0.8791098671533455 55
1780136136055 0.8804212763209092 56
1780136136057 0.8723713198126095 57
1780136136060 0.6553579278867611 58
1780136136063 0.7919411501262681 59
1780136136065 0.9003130671598523 60
1780136136068 0.880638874390479 61
1780136136070 0.8955062572626833 62
1780136136073 0.8813558654990843 63
1780136136075 0.8477480254020691 64
1780136136078 0.8755196578880788 65
1780136136080 0.8484127384602248 66
1780136136083 0.8770914969682236 67
1780136136085 0.8939408061186066 68
1780136136088 0.8771700145533279 69
1780136136090 0.8902547090522134 70
1780136136093 0.8516661754611246 71
1780136136095 0.9007922991340911 72
1780136136098 0.885839928620249 73
1780136136101 0.8525781722103604 74
1780136136103 0.9150693750693751 75
1780136136106 0.8970268783639177 76
1780136136108 0.8745061040226993 77
1780136136111 0.8931423481139873 78
1780136136113 0.9353955401323824 79
1780136136116 0.8858675386276366 80
1780136136118 0.8784764682697332 81
1780136136121 0.8054577969969646 82
1780136136123 0.895399003496893 83
1780136136126 0.9153184931582997 84
1780136136129 0.7789598955354953 85
1780136136131 0.8890737414844052 86
1780136136134 0.7413212450305458 87
1780136136136 0.9097265661322146 88
1780136136139 0.8379566638203666 89
1780136136141 0.9149746923922224 90
1780136136144 0.8791810622761256 91
1780136136147 0.8559100190103142 92
1780136136149 0.8849070831448358 93
1780136136152 0.854082160470564 94
1780136136154 0.9203103819842633 95
1780136136157 0.8972658831053613 96
1780136136159 0.8455704770093323 97
1780136136162 0.9115252319371312 98
1780136136165 0.9251856699908764 99
1780136136167 0.9136714983084808 100
1780136136170 0.9075292039308923 101
1780136136172 0.8652805165848644 102
1780136136175 0.8253297725666148 103
1780136136177 0.8603396546400397 104
1780136136180 0.9103806026399095 105
1780136136182 0.935217965875929 106
1780136136185 0.9298674888241119 107
1780136136187 0.9147466751465554 108
1780136136190 0.7675684722891805 109
1780136136193 0.8930162398743695 110
1780136136195 0.9098477926334153 111
1780136136198 0.924756033013041 112
1780136136200 0.9301653736997201 113
1780136136203 0.9008812669595725 114
1780136136205 0.853838784633085 115
1780136136208 0.9351156724699132 116
1780136136210 0.9501031894934334 117
1780136136213 0.8606778007314404 118
1780136136215 0.9152394289493134 119
1780136136218 0.9022325107736269 120
1780136136220 0.9061559856530401 121
1780136136223 0.9248415230901138 122
1780136136225 0.8583437871073437 123
1780136136228 0.8833616357942354 124
1780136136230 0.8840234070018476 125
1780136136233 0.9251575795478235 126
1780136136235 0.9349930074105373 127
1780136136238 0.929603897394595 128
1780136136240 0.8461187439043665 129
1780136136243 0.916724336282577 130
1780136136245 0.9058489298753827 131
1780136136248 0.826416379360225 132
1780136136250 0.8773762423569869 133
1780136136253 0.9254866170688422 134
1780136136256 0.9194337214533054 135
1780136136258 0.9194748690191566 136
1780136136261 0.9405237452605875 137
1780136136263 0.9058101845548044 138
1780136136266 0.9204743025673258 139
1780136136268 0.925968526626496 140
1780136136271 0.9205217652586073 141
1780136136273 0.9072657593522937 142
1780136136276 0.9160432960432962 143
1780136136278 0.9204212454212455 144
1780136136281 0.925135211386816 145
1780136136283 0.9253361744825159 146
1780136136286 0.9194708247147272 147
1780136136288 0.9320110502189494 148
1780136136291 0.8587949601994594 149
1780136136294 0.930021371513744 150
1780136136296 0.9402597859892543 151
1780136136299 0.9501834875377284 152
1780136136301 0.894397922446703 153
1780136136304 0.9030670484842501 154
1780136136306 0.799273887634033 155
1780136136309 0.9243643831448709 156
1780136136311 0.9047945851925313 157
1780136136314 0.9351624569230559 158
1780136136316 0.9600973822925042 159
1780136136319 0.9374216096114294 160
1780136136321 0.9599602430090235 161
1780136136324 0.9305139909577036 162
1780136136326 0.9397420605673583 163
1780136136329 0.945188016946682 164
1780136136331 0.9252074146810989 165
1780136136334 0.9306835419298443 166
1780136136336 0.9499503684163504 167
1780136136339 0.9231601643830747 168
1780136136342 0.9398180958964015 169
1780136136345 0.9141137357055726 170
1780136136347 0.9204508443053335 171
1780136136350 0.9553193490292335 172
1780136136353 0.9799686834346655 173
1780136136355 0.9348640325639759 174
1780136136358 0.9234376771562719 175
1780136136360 0.9491855423934416 176
1780136136363 0.9748556663704289 177
1780136136366 0.9556636568295822 178
1780136136368 0.9598900850492038 179
1780136136371 0.9750677902269089 180
1780136136373 0.9593996152340184 181
1780136136376 0.9012646273142385 182
1780136136378 0.9354242248979091 183
1780136136381 0.9549120207514988 184
1780136136383 0.9653256029379265 185
1780136136386 0.9695596306571916 186
1780136136388 0.9598015053778257 187
1780136136391 0.9047594928082733 188
1780136136393 0.9401158990674471 189
1780136136396 0.9356869231237084 190
1780136136399 0.9650250378157356 191
1780136136401 0.9600853211828821 192
1780136136404 0.9560211531721828 193
1780136136406 0.9401933975618186 194
1780136136409 0.9403483656606323 195
1780136136411 0.9699655564803191 196
1780136136414 0.9750848274532485 197
1780136136416 0.9603475386402216 198
1780136136419 0.9504578921724649 199
1780136136421 0.9653116926659335 200
1780136136424 0.9703448583936389 201
1780136136426 0.9849906191369605 202
1780136136429 0.9283300500039312 203
1780136136432 0.9597708140762743 204
1780136136434 0.9400729622680843 205
1780136136437 0.9702224604663631 206
1780136136439 0.949351631110296 207
1780136136442 0.9502041454480479 208
1780136136444 0.9798525394160826 209
1780136136447 0.9401947175631384 210
1780136136449 0.9302411119172584 211
1780136136453 0.9698097870049089 212
1780136136456 0.9648306037137873 213
1780136136458 0.9494209256725302 214
1780136136461 0.9746878357853968 215
1780136136463 0.9597180803791844 216
1780136136466 0.9746878357853968 217
1780136136468 0.9599566223250433 218
1780136136471 0.9899937460913071 219
1780136136473 0.9801125703564729 220
1780136136476 0.954552188435372 221
1780136136478 0.9547212073335309 222
1780136136481 0.9254071862466645 223
1780136136483 0.9549185581213822 224
1780136136486 0.9602144978268212 225
1780136136488 0.9691176032639447 226
1780136136491 0.9648838311405109 227
1780136136494 0.9699776175899413 228
1780136136496 0.9357529458928091 229
1780136136499 0.9848556663704289 230
1780136136501 0.9115345693890664 231
1780136136504 0.9144335504256649 232
1780136136507 0.9341768427134282 233
1780136136509 0.9352608579608012 234
1780136136512 0.9292139900483931 235
1780136136514 0.955234521575985 236
1780136136517 0.9799686834346655 237
1780136136520 0.9595623109037742 238
1780136136522 0.9500147165152988 239
1780136136525 0.9599216850757287 240
1780136136528 0.9700785735445555 241
1780136136530 0.9259530915183547 242
1780136136533 0.945691143563484 243
1780136136535 0.9497021847705491 244
1780136136538 0.9602482110826142 245
1780136136541 0.9600615363182161 246
1780136136543 0.9595716917668135 247
1780136136546 0.9498468859302667 248
1780136136548 0.9598869580948571 249
1780136136551 0.9650906346541778 250
1780136136553 0.90800312701166 251
1780136136556 0.9448185426041652 252
1780136136559 0.9601063164477799 253
1780136136561 0.9490637612588833 254
1780136136564 0.9496710820202476 255
1780136136566 0.9546475850647866 256
1780136136569 0.9748624140087554 257
1780136136571 0.9749686834346653 258
1780136136574 0.9701094434021262 259
1780136136577 0.9599718103890119 260
1780136136579 0.9553197957369972 261
1780136136582 0.9405436744268579 262
1780136136584 0.9703229226913438 263
1780136136587 0.9499781113195747 264
1780136136589 0.9601024211999821 265
1780136136592 0.9346573462404733 266
1780136136595 0.9799686834346655 267
1780136136598 0.9456105346935285 268
1780136136601 0.9298271777917464 269
1780136136604 0.9290074749672271 270
1780136136607 0.9752287143750558 271
1780136136610 0.9698587933247753 272
1780136136613 0.9751067631555437 273
1780136136615 0.9203560044366899 274
1780136136618 0.93492692837873 275
1780136136620 0.9801067631555437 276
1780136136623 0.9599660502099526 277
1780136136626 0.9799718103890118 278
1780136136628 0.9251067064527005 279
1780136136631 0.9550665124349335 280
1780136136633 0.9899937460913073 281
1780136136636 0.9495736295594492 282
1780136136638 0.9646717072840308 283
1780136136641 0.950055282409523 284
1780136136643 0.8956110455681708 285
1780136136646 0.9799686834346655 286
1780136136649 0.9500723196358626 287
1780136136653 0.9438734030197444 288
1780136136656 0.9598472259447869 289
1780136136659 0.9502821683993131 290
1780136136661 0.9264503960817916 291
1780136136664 0.9696878357853969 292
1780136136667 0.8192685977896984 293
1780136136669 0.9750646632725626 294
1780136136672 0.979855666370429 295
1780136136675 0.826159024128895 296
1780136136679 0.9298918323308568 297
1780136136683 0.9648404783064602 298
1780136136686 0.9599655564803189 299
1780136136689 0.9368163415531836 300
1780136136693 0.8988901002315636 301
1780136136695 0.9400207762723809 302
1780136136698 0.9553727352545158 303
1780136136700 0.9648556663704287 304
1780136136703 0.9846909627397432 305
1780136136706 0.9649088937971524 306
1780136136710 0.9700915750915751 307
1780136136713 0.9652440432928238 308
1780136136716 0.9554386200021631 309
1780136136719 0.9596635207610816 310
1780136136722 0.984993746091307 311
1780136136725 0.9696847088310502 312
1780136136728 0.9605990988476897 313
