1780243896569 0.0 0
1780243896571 0.01015228426395939 1
1780243896572 0.412465073843873 2
1780243896574 0.2611111111111111 3
1780243896576 0.8078169186334823 4
1780243896577 0.7521663059163058 5
1780243896579 0.8202358260019549 6
1780243896581 0.8205901160312926 7
1780243896582 0.8449908279320043 8
1780243896584 0.8550099681020733 9
1780243896586 0.9287282765543635 10
1780243896588 0.9062687969924813 11
1780243896589 0.9423376623376623 12
1780243896591 0.9404342928027137 13
1780243896593 0.920998599439776 14
1780243896594 0.9580243428069515 15
1780243896596 0.9528935976304398 16
1780243896598 0.8943124990065016 17
1780243896599 0.9519314590824888 18
1780243896601 0.943307362609422 19
1780243896603 0.9263227513227514 20
1780243896605 0.9149917235771833 21
1780243896606 0.9648221343873518 22
1780243896608 0.9577238550922761 23
1780243896610 0.9904761904761905 24
1780243896611 0.9336066363304214 25
1780243896613 0.9608297258297258 26
1780243896615 0.9540225563909773 27
1780243896617 0.9569314590824888 28
1780243896618 0.9725108225108225 29
1780243896620 0.9666233766233766 30
1780243896622 0.9481940853451152 31
1780243896623 0.9609523809523809 32
1780243896625 0.9300447754859519 33
1780243896627 0.9816933638443937 34
1780243896628 0.9465983139667351 35
1780243896630 0.9166995978317887 36
1780243896632 0.9347835497835497 37
1780243896634 0.8938732424281041 38
1780243896635 0.961598313966735 39
1780243896637 0.9325396825396826 40
1780243896639 0.9469302042986254 41
1780243896640 0.9359713141549525 42
1780243896642 0.6609032258064517 43
1780243896644 0.9192867132867132 44
1780243896645 0.9585463659147869 45
1780243896647 0.9451997810618499 46
1780243896649 0.948394537067306 47
1780243896651 0.9555028876539173 48
1780243896652 0.9662380952380951 49
1780243896654 0.9301629072681704 50
1780243896656 0.9370065800399627 51
1780243896658 0.8747249339603627 52
1780243896659 0.9585331906842203 53
1780243896661 0.9594268774703556 54
1780243896663 0.9435331906842205 55
1780243896665 0.9455958077010708 56
1780243896666 0.9709273182957393 57
1780243896668 0.9647117794486217 58
1780243896670 0.9776086956521738 59
1780243896671 0.9632034632034632 60
1780243896673 0.9455519480519481 61
1780243896675 0.9659273182957394 62
1780243896677 0.9670562770562772 63
1780243896679 0.9515732513100934 64
1780243896681 0.9666233766233766 65
1780243896682 0.9857142857142858 66
1780243896684 0.9704761904761906 67
1780243896686 0.9568882098293863 68
1780243896687 0.9813852813852814 69
1780243896689 0.9564370412196499 70
1780243896691 0.8573097516518569 71
1780243896693 0.9713852813852812 72
1780243896694 0.9531181379007465 73
1780243896696 0.9256208703577125 74
1780243896698 0.9804761904761905 75
1780243896699 0.9435610766045548 76
1780243896701 0.9454872028556238 77
1780243896703 0.9329836864250387 78
1780243896704 0.8687602582339424 79
1780243896706 0.9811471861471862 80
1780243896708 0.9530786452296749 81
1780243896709 0.7685861331022622 82
1780243896711 0.8584334646834646 83
1780243896713 0.9651336675020884 84
1780243896714 0.9811471861471862 85
1780243896716 0.9557503607503607 86
1780243896718 0.9610970608339029 87
1780243896719 0.9515732513100934 88
1780243896721 0.9363203463203463 89
1780243896723 0.9583418031244119 90
1780243896724 0.966861471861472 91
1780243896726 0.9718614718614719 92
1780243896728 0.9857142857142858 93
1780243896730 0.977432712215321 94
1780243896731 0.9715550239234447 95
1780243896733 0.9465503592741445 96
1780243896735 0.945 97
1780243896736 0.9666233766233765 98
1780243896738 0.965689223057644 99
1780243896740 0.9397117794486215 100
1780243896741 0.948579898362507 101
1780243896743 0.9426695526695527 102
1780243896745 0.947420634920635 103
1780243896746 0.9857142857142858 104
1780243896748 0.9418253968253968 105
1780243896750 0.9321046600458365 106
1780243896752 0.9289249639249639 107
1780243896753 0.962169554320584 108
1780243896755 0.9711904761904762 109
1780243896757 0.9615440115440116 110
1780243896758 0.9575541125541125 111
1780243896760 0.960689223057644 112
1780243896762 0.9677489177489178 113
1780243896764 0.9619314590824889 114
1780243896765 0.9687558817993601 115
1780243896767 0.9854761904761904 116
1780243896769 0.9666233766233766 117
1780243896771 0.9492036124794744 118
1780243896772 0.9621946169772256 119
1780243896774 0.9615516062884483 120
1780243896776 0.9625541125541126 121
1780243896778 0.6282908313265195 122
1780243896779 0.9580786452296749 123
1780243896781 0.9616683011877519 124
1780243896783 0.9528656126482211 125
1780243896784 0.9861471861471862 126
1780243896786 0.9395420369104579 127
1780243896788 0.9713602187286398 128
1780243896789 0.9761904761904763 129
1780243896791 0.9401629072681704 130
1780243896793 0.9904761904761905 131
1780243896795 0.9505928853754941 132
1780243896796 0.9694805194805195 133
1780243896798 0.9366269841269842 134
1780243896800 0.9813852813852814 135
1780243896801 0.9453507986266606 136
1780243896803 0.8647394867037725 137
1780243896805 0.9569565217391304 138
1780243896806 0.9595959595959596 139
1780243896808 0.9404112554112553 140
1780243896810 0.9656208703577123 141
1780243896811 0.9627022100706311 142
1780243896813 0.9444524074958858 143
1780243896815 0.9857142857142858 144
1780243896816 0.9813852813852814 145
1780243896818 0.953649885583524 146
1780243896820 0.9713852813852814 147
1780243896822 0.9214699792960662 148
1780243896823 0.9294032276790898 149
1780243896825 0.9861471861471861 150
1780243896827 0.9566233766233767 151
1780243896828 0.9596719070403281 152
1780243896830 0.9770562770562771 153
1780243896832 0.9629870129870131 154
1780243896833 0.925753971753619 155
1780243896835 0.9516139987650284 156
1780243896837 0.9524076495586794 157
1780243896839 0.9508297258297256 158
1780243896840 0.8623043275281127 159
1780243896842 0.9416524265208475 160
1780243896844 0.9337844611528823 161
1780243896845 0.8340775014459225 162
1780243896847 0.9391205285942128 163
1780243896849 0.9286869347281247 164
1780243896851 0.8868202799719217 165
1780243896852 0.8792643066384139 166
1780243896854 0.9277550096961862 167
1780243896856 0.93268162569433 168
1780243896857 0.9306140350877193 169
1780243896859 0.7953755518775114 170
1780243896861 0.8974820100453975 171
1780243896863 0.9050982063616846 172
1780243896864 0.90101353928299 173
1780243896866 0.9378651059085842 174
1780243896868 0.9291631252043151 175
1780243896869 0.8925508677918155 176
1780243896871 0.928631836000257 177
1780243896873 0.9001120638983954 178
1780243896875 0.9694805194805195 179
1780243896876 0.9761471861471861 180
1780243896878 0.8557501152306053 181
1780243896880 0.9325899307091257 182
1780243896882 0.9476787236633782 183
1780243896883 0.8802375314091979 184
1780243896885 0.8580219780219778 185
1780243896887 0.9473110766045547 186
1780243896888 0.9501515151515152 187
1780243896890 0.9327183622378131 188
1780243896892 0.8799586086428193 189
1780243896893 0.9237593984962406 190
1780243896895 0.9379406850459482 191
1780243896897 0.9333838383838383 192
1780243896898 0.93143704121965 193
1780243896900 0.9145287963670317 194
1780243896902 0.9323644003055769 195
1780243896903 0.9074892685621998 196
1780243896905 0.9432721956406166 197
1780243896907 0.9538362617774382 198
1780243896908 0.9572226019594441 199
1780243896910 0.9482624380450467 200
1780243896912 0.8650398724082933 201
1780243896913 0.914027269027269 202
1780243896915 0.9649749373433583 203
1780243896917 0.8878349039106304 204
1780243896919 0.9299248120300753 205
1780243896920 0.9068495514147689 206
1780243896922 0.9346260221260222 207
1780243896924 0.9073125996810207 208
1780243896925 0.885354665973861 209
1780243896927 0.9720562770562772 210
1780243896929 0.9467837413031921 211
1780243896931 0.8875205254515599 212
1780243896932 0.9181852152904785 213
1780243896934 0.9516139987650286 214
1780243896936 0.9489472693591686 215
1780243896937 0.8994539337474119 216
1780243896939 0.8987359703606842 217
1780243896941 0.8959935897435898 218
1780243896943 0.9763852813852815 219
1780243896944 0.9592320722755504 220
1780243896946 0.9333600305110602 221
1780243896948 0.9699498746867168 222
1780243896949 0.9685714285714285 223
1780243896951 0.9438179936006023 224
1780243896953 0.9485464535464537 225
1780243896955 0.9235281385281386 226
1780243896956 0.963558253340862 227
1780243896958 0.9525324675324676 228
1780243896960 0.9201913875598086 229
1780243896961 0.9484199134199134 230
1780243896963 0.9536868686868687 231
1780243896965 0.9330052403736614 232
1780243896967 0.9425438596491228 233
1780243896968 0.9573376623376623 234
1780243896970 0.9425074048758258 235
1780243896972 0.8998778998778999 236
1780243896973 0.9198454547202697 237
1780243896975 0.9672943722943723 238
1780243896977 0.928345537757437 239
1780243896979 0.9313433837118048 240
1780243896980 0.9537593984962406 241
1780243896982 0.9075808097318395 242
1780243896984 0.9533418031244117 243
1780243896985 0.917514619883041 244
1780243896987 0.965689223057644 245
1780243896989 0.9599567099567098 246
1780243896990 0.966598313966735 247
1780243896992 0.9302380952380952 248
1780243896994 0.9272909546593757 249
1780243896996 0.8992996029726152 250
1780243896997 0.9271975393028026 251
1780243896999 0.9238362209872507 252
1780243897001 0.9496251993620414 253
1780243897002 0.9761904761904763 254
1780243897004 0.9623160173160172 255
1780243897006 0.9322850352262118 256
1780243897008 0.9372210720036807 257
1780243897010 0.9074156545209175 258
1780243897011 0.9492857142857144 259
1780243897013 0.9471361095045305 260
1780243897015 0.9480535825730334 261
1780243897017 0.9804761904761904 262
1780243897018 0.9432045033532447 263
1780243897020 0.9513100934153567 264
1780243897022 0.9523825869020376 265
1780243897024 0.93811004784689 266
1780243897025 0.9273070607553366 267
1780243897027 0.9739130434782609 268
1780243897029 0.9063473241734112 269
1780243897030 0.9579089026915113 270
1780243897032 0.9716233766233765 271
1780243897034 0.9664302059496567 272
1780243897035 0.9533229813664598 273
1780243897037 0.9056867670061074 274
1780243897039 0.9623160173160172 275
1780243897041 0.9327489177489177 276
1780243897042 0.9540540540540541 277
1780243897044 0.946904761904762 278
1780243897046 0.9611221234905445 279
1780243897047 0.9255175983436853 280
1780243897049 0.864752014841024 281
1780243897051 0.9108193738628522 282
1780243897053 0.946257404875826 283
1780243897054 0.9598809523809523 284
1780243897056 0.9568147641831853 285
1780243897058 0.9455665679349889 286
1780243897059 0.9422909546593757 287
1780243897061 0.8342890442890442 288
1780243897063 0.980952380952381 289
1780243897065 0.9418729516097937 290
1780243897066 0.9360066833751043 291
1780243897068 0.9566233766233765 292
1780243897070 0.9221509661835748 293
1780243897071 0.9618364092048302 294
1780243897073 0.9407287157287157 295
1780243897075 0.9038320802005012 296
1780243897076 0.9591630591630592 297
1780243897078 0.9696825396825396 298
1780243897080 0.9012752236322029 299
1780243897082 0.8997668997668997 300
1780243897083 0.9513800806363737 301
1780243897085 0.9247473463069438 302
1780243897087 0.9267281840966051 303
1780243897088 0.9668181818181818 304
1780243897090 0.957987012987013 305
1780243897092 0.9323609826705802 306
1780243897094 0.966097060833903 307
1780243897095 0.9627489177489178 308
1780243897097 0.9635714285714286 309
1780243897099 0.9665550239234448 310
1780243897100 0.943997493734336 311
1780243897102 0.9328571428571429 312
1780243897104 0.9546031746031748 313
