1780135707830 0.0 0
1780135707833 0.053521028849496 1
1780135707836 0.09079744816586921 2
1780135707838 0.45554212293342733 3
1780135707841 0.7978138528138528 4
1780135707844 0.6512480060434025 5
1780135707846 0.7771890119684237 6
1780135707848 0.6649053953565233 7
1780135707851 0.6323646125116713 8
1780135707853 0.7480803425964716 9
1780135707856 0.7987343802769334 10
1780135707858 0.7551228338410003 11
1780135707861 0.8068705866487857 12
1780135707863 0.8335186361173204 13
1780135707866 0.794532559302296 14
1780135707868 0.8808318491936913 15
1780135707871 0.8806523261478503 16
1780135707873 0.8137506339350462 17
1780135707876 0.7896673777108559 18
1780135707878 0.8356182514803205 19
1780135707881 0.8755005872168343 20
1780135707883 0.8745083444396945 21
1780135707886 0.8430563239201682 22
1780135707888 0.8425450882107228 23
1780135707890 0.8792304174154019 24
1780135707893 0.8661660540368981 25
1780135707895 0.925203695513293 26
1780135707898 0.9094953292321714 27
1780135707900 0.849927104025444 28
1780135707903 0.8946564198802051 29
1780135707905 0.8034134007585336 30
1780135707908 0.8437982169339016 31
1780135707910 0.8445398243789682 32
1780135707913 0.8673059163059162 33
1780135707915 0.9272578505086246 34
1780135707918 0.8761802310550459 35
1780135707921 0.8488157605806347 36
1780135707923 0.8629401517979346 37
1780135707925 0.7864787043022337 38
1780135707928 0.91963366915312 39
1780135707930 0.9179299838842591 40
1780135707933 0.8223652733820801 41
1780135707935 0.8874221382332838 42
1780135707938 0.9048937685121896 43
1780135707940 0.9426291927213988 44
1780135707943 0.8458892702771422 45
1780135707945 0.9021832000950993 46
1780135707948 0.9269487123606117 47
1780135707951 0.9612626262626263 48
1780135707953 0.92375588179936 49
1780135707956 0.9198057644110275 50
1780135707958 0.8580871485755386 51
1780135707960 0.8615437030682184 52
1780135707963 0.9159289936070122 53
1780135707965 0.8910876829755547 54
1780135707968 0.8685216450216451 55
1780135707970 0.8813331202046036 56
1780135707973 0.9314035087719299 57
1780135707975 0.9133416089858921 58
1780135707978 0.935391604010025 59
1780135707980 0.8742526101349632 60
1780135707983 0.9434164957849168 61
1780135707985 0.850900814486274 62
1780135707987 0.9134343434343435 63
1780135707990 0.8968772626009468 64
1780135707992 0.9362937605872388 65
1780135707995 0.9370240434846707 66
1780135707997 0.8822222222222221 67
1780135708000 0.8980934100243998 68
1780135708002 0.9120528594212806 69
1780135708005 0.9104116589427532 70
1780135708007 0.9199934454053448 71
1780135708010 0.9245402537965468 72
1780135708012 0.9164817236327533 73
1780135708015 0.9128764103935728 74
1780135708017 0.8954709690893902 75
1780135708019 0.9124685826529951 76
1780135708022 0.9084953703703704 77
1780135708024 0.916900056465274 78
1780135708027 0.9333184157790431 79
1780135708029 0.9273280423280423 80
1780135708032 0.882195871761089 81
1780135708034 0.8666645854145856 82
1780135708037 0.8925176635577511 83
1780135708039 0.8517508912655973 84
1780135708042 0.8147146307457251 85
1780135708044 0.8830264180264178 86
1780135708047 0.9241310621745404 87
1780135708049 0.9033211102622868 88
1780135708051 0.9370202020202021 89
1780135708054 0.904654887596064 90
1780135708056 0.8817822109036031 91
1780135708059 0.907796574770259 92
1780135708061 0.9273558897243108 93
1780135708064 0.9288138528138529 94
1780135708066 0.9069115301623041 95
1780135708069 0.9245138372941575 96
1780135708071 0.8530867385855945 97
1780135708074 0.870734188412207 98
1780135708076 0.9215664160401003 99
1780135708079 0.9074458204334366 100
1780135708081 0.8989316391096578 101
1780135708084 0.9230467880932277 102
1780135708086 0.9483443457127668 103
1780135708088 0.9276417813502211 104
1780135708091 0.9329657477025899 105
1780135708093 0.9292290829375227 106
1780135708096 0.9185309622382677 107
1780135708098 0.9627862475688562 108
1780135708101 0.93321573036676 109
1780135708103 0.9312090833143465 110
1780135708106 0.9255740636175418 111
1780135708108 0.9316931216931217 112
1780135708111 0.8913653116749092 113
1780135708113 0.8945238095238095 114
1780135708115 0.9224024735752424 115
1780135708118 0.9439410284604793 116
1780135708120 0.9582950954461251 117
1780135708123 0.9423160173160173 118
1780135708127 0.9062424242424243 119
1780135708129 0.9423825869020377 120
1780135708132 0.9404010025062657 121
1780135708134 0.9371046600458366 122
1780135708137 0.9577489177489177 123
1780135708139 0.9313864734299517 124
1780135708142 0.9236958058468356 125
1780135708144 0.9559744057112478 126
1780135708147 0.8865220045654828 127
1780135708149 0.9036874748058958 128
1780135708151 0.8654553049289891 129
1780135708154 0.9527395398905696 130
1780135708156 0.8930069041053024 131
1780135708159 0.9588179936006023 132
1780135708161 0.907212052653229 133
1780135708164 0.9089756258234518 134
1780135708166 0.9083206754259386 135
1780135708169 0.9150704545899055 136
1780135708171 0.7728571428571428 137
1780135708174 0.8764325396825396 138
1780135708176 0.8962447786131996 139
1780135708179 0.9528154873349383 140
1780135708181 0.9289083710594008 141
1780135708183 0.9304371479774705 142
1780135708186 0.9089898304815847 143
1780135708188 0.9284580027142957 144
1780135708191 0.9354945054945055 145
1780135708193 0.8667577250335871 146
1780135708196 0.9123583877995642 147
1780135708198 0.9244857615052122 148
1780135708200 0.9057119852772028 149
1780135708203 0.8900939849624059 150
1780135708206 0.9295049395049395 151
1780135708208 0.9528321678321678 152
1780135708211 0.9322150072150072 153
1780135708213 0.9160570223512746 154
1780135708223 0.9533986481354904 155
1780135708226 0.9118936832831357 156
1780135708229 0.9475757575757576 157
1780135708231 0.9381186460598225 158
1780135708234 0.9289073969508752 159
1780135708236 0.9620779220779221 160
1780135708239 0.951861471861472 161
1780135708241 0.965689223057644 162
1780135708244 0.9473122640360492 163
1780135708246 0.9251446798815219 164
1780135708248 0.9742424242424242 165
1780135708251 0.9038453159041394 166
1780135708253 0.9278045625871713 167
1780135708256 0.9778656126482212 168
1780135708258 0.961598313966735 169
1780135708261 0.9690476190476192 170
1780135708263 0.9052353719265482 171
1780135708266 0.9128234728234729 172
1780135708268 0.9709273182957393 173
1780135708271 0.9857142857142858 174
1780135708273 0.9480243428069516 175
1780135708276 0.9538095238095238 176
1780135708278 0.9432295660098864 177
1780135708281 0.9496399100518094 178
1780135708283 0.966861471861472 179
1780135708285 0.967169554320584 180
1780135708288 0.960689223057644 181
1780135708290 0.95683640920483 182
1780135708293 0.9616233766233766 183
1780135708295 0.9617680565048985 184
1780135708298 0.9489792663476875 185
1780135708300 0.9761221234905445 186
1780135708303 0.9668771566597654 187
1780135708305 0.9607142857142857 188
1780135708308 0.9857142857142858 189
1780135708310 0.9467821067821068 190
1780135708313 0.9710678210678211 191
1780135708315 0.9718398268398267 192
1780135708318 0.9562918660287082 193
1780135708320 0.9535331906842204 194
1780135708323 0.9515223665223665 195
1780135708325 0.9477973007384772 196
1780135708327 0.9517388167388166 197
1780135708330 0.9103282399547254 198
1780135708332 0.9513852813852814 199
1780135708335 0.9520745044429255 200
1780135708337 0.9577272727272726 201
1780135708340 0.9708840282524493 202
1780135708342 0.9506641604010024 203
1780135708345 0.9766233766233767 204
1780135708347 0.9720562770562771 205
1780135708350 0.9854761904761904 206
1780135708352 0.9754761904761903 207
1780135708354 0.9849749373433584 208
1780135708357 0.9567388167388167 209
1780135708359 0.9857142857142858 210
1780135708362 0.975689223057644 211
1780135708364 0.9818181818181818 212
1780135708367 0.953121935272965 213
1780135708369 0.9606208703577124 214
1780135708372 0.9813852813852814 215
1780135708374 0.9759523809523809 216
1780135708377 0.9234325396825396 217
1780135708379 0.9802130325814536 218
1780135708382 0.9434737484737485 219
1780135708384 0.936996336996337 220
1780135708386 0.9621611721611721 221
1780135708389 0.9618614718614719 222
1780135708391 0.9604778657874633 223
1780135708394 0.9506892230576443 224
1780135708396 0.9613351560719983 225
1780135708399 0.9618614718614718 226
1780135708401 0.9854761904761904 227
1780135708404 0.9423809523809524 228
1780135708411 0.9757142857142856 229
1780135708413 0.9720779220779221 230
1780135708416 0.9444805194805195 231
1780135708418 0.9601879699248121 232
1780135708421 0.9675324675324676 233
1780135708423 0.9620312143996352 234
1780135708426 0.9766233766233766 235
1780135708428 0.9564035087719299 236
1780135708431 0.9727777777777777 237
1780135708433 0.9754761904761905 238
1780135708436 0.9563508408702918 239
1780135708438 0.9766233766233767 240
1780135708441 0.9807142857142856 241
1780135708443 0.9672943722943723 242
1780135708446 0.9811471861471862 243
1780135708448 0.9854761904761904 244
1780135708451 0.980952380952381 245
1780135708453 0.9578405499915797 246
1780135708456 0.9952380952380953 247
1780135708459 0.9749749373433584 248
1780135708461 0.9686498855835242 249
1780135708464 0.9580786452296749 250
1780135708466 0.9763852813852815 251
1780135708469 0.9584415584415584 252
1780135708472 0.9611832611832611 253
1780135708474 0.9615299612668032 254
1780135708477 0.9813852813852814 255
1780135708479 0.9578154873349382 256
1780135708481 0.9556641604010025 257
1780135708484 0.9711904761904762 258
1780135708487 0.9854761904761904 259
1780135708489 0.9399222694417203 260
1780135708492 0.9479619503303713 261
1780135708494 0.9802130325814536 262
1780135708496 0.9674327122153208 263
1780135708499 0.9256389986824768 264
1780135708501 0.9811471861471862 265
1780135708504 0.9713852813852812 266
1780135708506 0.9904761904761905 267
1780135708509 0.9428217282336273 268
1780135708511 0.9666056166056167 269
1780135708514 0.9444258056758056 270
1780135708516 0.9374356345408976 271
1780135708519 0.9353429027113238 272
1780135708521 0.9683229813664596 273
1780135708524 0.9759523809523809 274
1780135708526 0.9778656126482212 275
1780135708529 0.9589035087719298 276
1780135708531 0.9670995670995671 277
1780135708534 0.9659090909090908 278
1780135708536 0.9811471861471862 279
1780135708538 0.9904761904761905 280
1780135708541 0.9785714285714286 281
1780135708543 0.9516233766233766 282
1780135708546 0.9525147075147075 283
1780135708548 0.9763852813852815 284
1780135708551 0.9720779220779221 285
1780135708553 0.9807142857142856 286
1780135708556 0.9709523809523809 287
1780135708558 0.9807142857142856 288
1780135708561 0.9714285714285713 289
1780135708563 0.9219627557265255 290
1780135708565 0.9711904761904762 291
1780135708568 0.9520218365412874 292
1780135708570 0.9542036124794746 293
1780135708573 0.953531746031746 294
1780135708575 0.9160673743181482 295
1780135708578 0.967169554320584 296
1780135708580 0.9611654135338347 297
1780135708583 0.9759523809523809 298
1780135708585 0.9631469979296066 299
1780135708587 0.967169554320584 300
1780135708590 0.9821946169772258 301
1780135708593 0.9584415584415584 302
1780135708596 0.9621152518978604 303
1780135708598 0.9524606971975393 304
1780135708600 0.9468364092048303 305
1780135708603 0.9480243428069514 306
1780135708606 0.9504778657874633 307
1780135708608 0.9656641604010024 308
1780135708611 0.9725108225108224 309
1780135708613 0.9580055210489993 310
1780135708615 0.9609523809523809 311
1780135708618 0.9713852813852812 312
1780135708620 0.9627489177489176 313
