1779361408112 0.0 0
1779361408116 0.1 1
1779361408118 0.11 2
1779361408119 0.105 3
1779361408121 0.15 4
1779361408123 0.14 5
1779361408125 0.1 6
1779361408126 0.095 7
1779361408128 0.125 8
1779361408130 0.095 9
1779361408132 0.095 10
1779361408133 0.145 11
1779361408135 0.15 12
1779361408137 0.25 13
1779361408139 0.165 14
1779361408140 0.145 15
1779361408142 0.115 16
1779361408144 0.16 17
1779361408146 0.14 18
1779361408147 0.175 19
1779361408149 0.11 20
1779361408151 0.125 21
1779361408153 0.165 22
1779361408154 0.135 23
1779361408156 0.14 24
1779361408158 0.13 25
1779361408159 0.125 26
1779361408161 0.095 27
1779361408163 0.225 28
1779361408165 0.125 29
1779361408167 0.09 30
1779361408168 0.19 31
1779361408170 0.1 32
1779361408172 0.095 33
1779361408173 0.25 34
1779361408175 0.1 35
1779361408177 0.205 36
1779361408178 0.16 37
1779361408180 0.125 38
1779361408182 0.13 39
1779361408184 0.15 40
1779361408185 0.19 41
1779361408187 0.125 42
1779361408189 0.135 43
1779361408190 0.19 44
1779361408192 0.1 45
1779361408194 0.205 46
1779361408195 0.1 47
1779361408197 0.15 48
1779361408199 0.18 49
1779361408201 0.19 50
1779361408202 0.21 51
1779361408204 0.19 52
1779361408206 0.185 53
1779361408207 0.115 54
1779361408209 0.215 55
1779361408211 0.14 56
1779361408212 0.19 57
1779361408214 0.23 58
1779361408216 0.24 59
1779361408217 0.1 60
1779361408219 0.18 61
1779361408221 0.2 62
1779361408223 0.165 63
1779361408224 0.105 64
1779361408226 0.115 65
1779361408228 0.145 66
1779361408229 0.12 67
1779361408231 0.1 68
1779361408233 0.14 69
1779361408234 0.125 70
1779361408236 0.1 71
1779361408238 0.15 72
1779361408239 0.17 73
1779361408241 0.2 74
1779361408243 0.1 75
1779361408245 0.205 76
1779361408246 0.11 77
1779361408248 0.205 78
1779361408250 0.235 79
1779361408251 0.1 80
1779361408253 0.11 81
1779361408255 0.175 82
1779361408257 0.1 83
1779361408258 0.205 84
1779361408260 0.22 85
1779361408262 0.195 86
1779361408263 0.165 87
1779361408265 0.16 88
1779361408267 0.245 89
1779361408268 0.115 90
1779361408270 0.16 91
1779361408272 0.14 92
1779361408274 0.135 93
1779361408275 0.09 94
1779361408277 0.13 95
1779361408279 0.18 96
1779361408281 0.135 97
1779361408282 0.135 98
1779361408284 0.17 99
1779361408286 0.08 100
1779361408288 0.145 101
1779361408289 0.12 102
1779361408291 0.145 103
1779361408293 0.175 104
1779361408294 0.095 105
1779361408296 0.14 106
1779361408298 0.135 107
1779361408299 0.21 108
1779361408301 0.165 109
1779361408303 0.105 110
1779361408304 0.095 111
1779361408306 0.13 112
1779361408308 0.105 113
1779361408309 0.155 114
1779361408311 0.195 115
1779361408313 0.155 116
1779361408314 0.115 117
1779361408316 0.115 118
1779361408318 0.12 119
1779361408320 0.12 120
1779361408321 0.12 121
1779361408323 0.115 122
1779361408325 0.18 123
1779361408326 0.18 124
1779361408328 0.1 125
1779361408330 0.115 126
1779361408331 0.11 127
1779361408333 0.205 128
1779361408335 0.13 129
1779361408336 0.165 130
1779361408338 0.25 131
1779361408340 0.095 132
1779361408341 0.105 133
1779361408343 0.085 134
1779361408345 0.14 135
1779361408347 0.155 136
1779361408348 0.055 137
1779361408350 0.105 138
1779361408352 0.1 139
1779361408353 0.105 140
1779361408355 0.195 141
1779361408357 0.225 142
1779361408359 0.15 143
1779361408360 0.165 144
1779361408362 0.22 145
1779361408364 0.155 146
1779361408365 0.11 147
1779361408367 0.135 148
1779361408369 0.105 149
1779361408370 0.125 150
1779361408372 0.12 151
1779361408374 0.125 152
1779361408375 0.2 153
1779361408377 0.155 154
1779361408379 0.17 155
1779361408380 0.115 156
1779361408382 0.14 157
1779361408384 0.145 158
1779361408385 0.105 159
1779361408387 0.095 160
1779361408389 0.19 161
1779361408390 0.195 162
1779361408392 0.12 163
1779361408394 0.125 164
1779361408395 0.16 165
1779361408397 0.19 166
1779361408399 0.21 167
1779361408400 0.125 168
1779361408402 0.11 169
1779361408404 0.1 170
1779361408405 0.095 171
1779361408407 0.16 172
1779361408409 0.23 173
1779361408410 0.085 174
1779361408412 0.21 175
1779361408414 0.205 176
1779361408415 0.125 177
1779361408417 0.185 178
1779361408419 0.15 179
1779361408420 0.11 180
1779361408422 0.155 181
1779361408424 0.145 182
1779361408425 0.17 183
1779361408427 0.17 184
1779361408429 0.12 185
1779361408430 0.155 186
1779361408432 0.195 187
1779361408434 0.115 188
1779361408435 0.1 189
1779361408437 0.165 190
1779361408439 0.17 191
1779361408440 0.12 192
1779361408442 0.115 193
1779361408444 0.215 194
1779361408446 0.11 195
1779361408447 0.1 196
1779361408449 0.155 197
1779361408450 0.245 198
1779361408452 0.215 199
1779361408454 0.22 200
1779361408456 0.105 201
1779361408458 0.155 202
1779361408459 0.115 203
1779361408461 0.18 204
1779361408463 0.23 205
1779361408464 0.23 206
1779361408466 0.14 207
1779361408468 0.165 208
1779361408469 0.19 209
1779361408471 0.105 210
1779361408473 0.07 211
1779361408474 0.12 212
1779361408476 0.21 213
1779361408478 0.125 214
1779361408479 0.165 215
1779361408481 0.1 216
1779361408483 0.11 217
1779361408484 0.07 218
1779361408486 0.165 219
1779361408488 0.19 220
1779361408489 0.13 221
1779361408491 0.205 222
1779361408493 0.145 223
1779361408494 0.235 224
1779361408496 0.105 225
1779361408498 0.17 226
1779361408499 0.15 227
1779361408501 0.11 228
1779361408503 0.195 229
1779361408504 0.105 230
1779361408506 0.085 231
1779361408508 0.185 232
1779361408509 0.125 233
1779361408511 0.125 234
1779361408513 0.155 235
1779361408514 0.125 236
1779361408516 0.125 237
1779361408518 0.175 238
1779361408520 0.22 239
1779361408521 0.12 240
1779361408523 0.145 241
1779361408524 0.19 242
1779361408526 0.135 243
1779361408528 0.19 244
1779361408530 0.125 245
1779361408531 0.13 246
1779361408533 0.18 247
1779361408534 0.125 248
1779361408536 0.165 249
1779361408538 0.2 250
1779361408539 0.235 251
1779361408541 0.105 252
1779361408543 0.12 253
1779361408544 0.19 254
1779361408546 0.175 255
1779361408548 0.105 256
1779361408550 0.175 257
1779361408552 0.25 258
1779361408553 0.245 259
1779361408555 0.115 260
1779361408557 0.15 261
1779361408559 0.135 262
1779361408560 0.14 263
1779361408562 0.125 264
1779361408564 0.115 265
1779361408565 0.205 266
1779361408567 0.13 267
1779361408569 0.145 268
1779361408570 0.175 269
1779361408572 0.215 270
1779361408574 0.105 271
1779361408575 0.215 272
1779361408577 0.11 273
1779361408579 0.18 274
1779361408580 0.115 275
1779361408582 0.145 276
1779361408584 0.195 277
1779361408585 0.12 278
1779361408587 0.13 279
1779361408589 0.12 280
1779361408590 0.185 281
1779361408592 0.205 282
1779361408594 0.155 283
1779361408595 0.255 284
1779361408597 0.115 285
1779361408599 0.165 286
1779361408600 0.145 287
1779361408602 0.175 288
1779361408604 0.27 289
1779361408605 0.08 290
1779361408607 0.16 291
1779361408609 0.105 292
1779361408610 0.14 293
1779361408612 0.115 294
1779361408614 0.185 295
1779361408615 0.105 296
1779361408617 0.195 297
1779361408619 0.185 298
1779361408620 0.18 299
1779361408622 0.185 300
1779361408624 0.175 301
1779361408625 0.125 302
1779361408627 0.26 303
1779361408629 0.155 304
1779361408630 0.18 305
1779361408632 0.125 306
1779361408634 0.175 307
1779361408635 0.14 308
1779361408637 0.085 309
1779361408639 0.13 310
1779361408640 0.185 311
1779361408642 0.205 312
1779361408644 0.16 313
