1780132114793 0.0 0
1780132114796 0.899999999999995 1
1780132114798 0.916111111111106 2
1780132114800 0.9255555555555505 3
1780132114802 0.9394444444444392 4
1780132114804 0.9272222222222171 5
1780132114806 0.9272222222222171 6
1780132114808 0.9188888888888839 7
1780132114810 0.9466666666666615 8
1780132114813 0.9427777777777726 9
1780132114815 0.9438888888888837 10
1780132114817 0.9511111111111056 11
1780132114819 0.9605555555555503 12
1780132114821 0.9477777777777725 13
1780132114823 0.9505555555555503 14
1780132114825 0.932222222222217 15
1780132114827 0.9505555555555503 16
1780132114829 0.9544444444444391 17
1780132114831 0.9505555555555503 18
1780132114833 0.9594444444444392 19
1780132114835 0.9522222222222169 20
1780132114838 0.9483333333333281 21
1780132114840 0.9583333333333279 22
1780132114842 0.9438888888888834 23
1780132114844 0.9644444444444391 24
1780132114846 0.9488888888888838 25
1780132114848 0.9588888888888837 26
1780132114850 0.9594444444444392 27
1780132114852 0.9561111111111058 28
1780132114854 0.9649999999999948 29
1780132114856 0.9644444444444391 30
1780132114858 0.9638888888888835 31
1780132114860 0.9694444444444391 32
1780132114862 0.9599999999999946 33
1780132114864 0.9588888888888836 34
1780132114867 0.9661111111111056 35
1780132114869 0.9677777777777722 36
1780132114871 0.9638888888888836 37
1780132114873 0.9677777777777724 38
1780132114875 0.9677777777777725 39
1780132114877 0.9538888888888837 40
1780132114879 0.9749999999999945 41
1780132114881 0.9688888888888835 42
1780132114883 0.9699999999999944 43
1780132114885 0.9572222222222168 44
1780132114887 0.9772222222222167 45
1780132114889 0.9805555555555501 46
1780132114891 0.9733333333333279 47
1780132114893 0.9605555555555503 48
1780132114895 0.9822222222222166 49
1780132114897 0.9516666666666614 50
1780132114899 0.958333333333328 51
1780132114902 0.9705555555555501 52
1780132114904 0.9766666666666612 53
1780132114906 0.976666666666661 54
1780132114908 0.9644444444444391 55
1780132114910 0.9638888888888836 56
1780132114912 0.9794444444444389 57
1780132114914 0.9844444444444388 58
1780132114916 0.9766666666666612 59
1780132114918 0.9822222222222166 60
1780132114920 0.9811111111111057 61
1780132114923 0.9772222222222167 62
1780132114925 0.9788888888888833 63
1780132114927 0.9727777777777723 64
1780132114929 0.9822222222222166 65
1780132114931 0.9749999999999945 66
1780132114933 0.9833333333333277 67
1780132114935 0.9816666666666611 68
1780132114937 0.9788888888888835 69
1780132114939 0.9755555555555502 70
1780132114941 0.9799999999999944 71
1780132114943 0.9777777777777723 72
1780132114945 0.9838888888888834 73
1780132114947 0.9738888888888836 74
1780132114949 0.9833333333333277 75
1780132114952 0.9805555555555501 76
1780132114954 0.9822222222222166 77
1780132114956 0.9805555555555501 78
1780132114958 0.9727777777777723 79
1780132114960 0.9716666666666611 80
1780132114962 0.9849999999999944 81
1780132114964 0.9711111111111057 82
1780132114966 0.9738888888888834 83
1780132114968 0.9599999999999946 84
1780132114970 0.9727777777777723 85
1780132114972 0.9799999999999944 86
1780132114974 0.9572222222222168 87
1780132114976 0.9761111111111056 88
1780132114978 0.9883333333333277 89
1780132114980 0.9877777777777723 90
1780132114982 0.9805555555555501 91
1780132114985 0.9877777777777721 92
1780132114987 0.953333333333328 93
1780132114989 0.9883333333333277 94
1780132114991 0.98555555555555 95
1780132114993 0.9733333333333279 96
1780132114995 0.9666666666666612 97
1780132114997 0.9794444444444389 98
1780132114999 0.9811111111111055 99
1780132115001 0.9861111111111056 100
1780132115003 0.9688888888888835 101
1780132115005 0.9849999999999944 102
1780132115007 0.9838888888888834 103
1780132115010 0.9888888888888833 104
1780132115012 0.9866666666666613 105
1780132115014 0.978333333333328 106
1780132115016 0.9799999999999944 107
1780132115018 0.9911111111111055 108
1780132115020 0.9788888888888835 109
1780132115022 0.9899999999999946 110
1780132115024 0.9866666666666613 111
1780132115026 0.9894444444444389 112
1780132115028 0.9866666666666613 113
1780132115030 0.9861111111111056 114
1780132115032 0.9861111111111056 115
1780132115034 0.9644444444444391 116
1780132115036 0.9805555555555501 117
1780132115038 0.9877777777777723 118
1780132115040 0.9777777777777723 119
1780132115042 0.9827777777777722 120
1780132115045 0.9722222222222168 121
1780132115047 0.9899999999999946 122
1780132115049 0.9877777777777723 123
1780132115051 0.9705555555555501 124
1780132115053 0.984444444444439 125
1780132115055 0.9894444444444389 126
1780132115057 0.9922222222222168 127
1780132115059 0.9916666666666611 128
1780132115061 0.986666666666661 129
1780132115063 0.9649999999999948 130
1780132115065 0.9922222222222168 131
1780132115067 0.9888888888888833 132
1780132115069 0.9899999999999946 133
1780132115072 0.9727777777777724 134
1780132115074 0.9872222222222167 135
1780132115076 0.9827777777777722 136
1780132115078 0.9777777777777722 137
1780132115080 0.9822222222222168 138
1780132115082 0.9866666666666613 139
1780132115084 0.9827777777777722 140
1780132115086 0.98555555555555 141
1780132115088 0.99055555555555 142
1780132115090 0.9933333333333276 143
1780132115092 0.9922222222222166 144
1780132115095 0.9877777777777723 145
1780132115097 0.9744444444444389 146
1780132115099 0.9927777777777722 147
1780132115101 0.9877777777777723 148
1780132115103 0.9899999999999946 149
1780132115105 0.9899999999999943 150
1780132115107 0.986666666666661 151
1780132115109 0.984444444444439 152
1780132115111 0.9916666666666611 153
1780132115114 0.9916666666666611 154
1780132115116 0.9927777777777722 155
1780132115118 0.9772222222222167 156
1780132115120 0.9794444444444389 157
1780132115122 0.9927777777777722 158
1780132115124 0.99055555555555 159
1780132115126 0.9899999999999946 160
1780132115128 0.9938888888888833 161
1780132115130 0.99055555555555 162
1780132115132 0.9955555555555499 163
1780132115134 0.9916666666666611 164
1780132115136 0.9933333333333279 165
1780132115138 0.9922222222222166 166
1780132115140 0.99055555555555 167
1780132115142 0.9933333333333276 168
1780132115145 0.9922222222222166 169
1780132115147 0.9894444444444389 170
1780132115149 0.9955555555555501 171
1780132115151 0.99055555555555 172
1780132115153 0.9944444444444389 173
1780132115155 0.9955555555555499 174
1780132115157 0.9933333333333279 175
1780132115159 0.9872222222222167 176
1780132115161 0.9916666666666611 177
1780132115163 0.9872222222222167 178
1780132115165 0.9661111111111056 179
1780132115167 0.9916666666666611 180
1780132115169 0.9938888888888833 181
1780132115171 0.9922222222222166 182
1780132115174 0.9933333333333279 183
1780132115176 0.9938888888888833 184
1780132115178 0.9944444444444388 185
1780132115180 0.9894444444444389 186
1780132115182 0.9944444444444388 187
1780132115184 0.9794444444444391 188
1780132115186 0.9899999999999943 189
1780132115188 0.9827777777777722 190
1780132115190 0.9916666666666611 191
1780132115192 0.9927777777777722 192
1780132115194 0.9938888888888833 193
1780132115196 0.9933333333333279 194
1780132115199 0.9911111111111055 195
1780132115201 0.9938888888888833 196
1780132115203 0.9927777777777722 197
1780132115205 0.9827777777777722 198
1780132115207 0.9922222222222168 199
1780132115209 0.9944444444444388 200
1780132115211 0.9961111111111055 201
1780132115213 0.9927777777777722 202
1780132115215 0.9983333333333277 203
1780132115217 0.9944444444444389 204
1780132115219 0.9933333333333276 205
1780132115222 0.9911111111111055 206
1780132115224 0.9961111111111055 207
1780132115226 0.9955555555555501 208
1780132115228 0.996666666666661 209
1780132115230 0.9899999999999946 210
1780132115232 0.9888888888888833 211
1780132115234 0.9894444444444389 212
1780132115237 0.9927777777777722 213
1780132115239 0.9955555555555501 214
1780132115241 0.9933333333333279 215
1780132115243 0.9849999999999944 216
1780132115245 0.9961111111111055 217
1780132115247 0.9916666666666611 218
1780132115249 0.9977777777777723 219
1780132115251 0.9972222222222167 220
1780132115253 0.9961111111111055 221
1780132115256 0.9983333333333277 222
1780132115258 0.9949999999999944 223
1780132115260 0.9916666666666611 224
1780132115262 0.9972222222222167 225
1780132115264 0.9938888888888833 226
1780132115266 0.9872222222222167 227
1780132115268 0.9944444444444388 228
1780132115270 0.9911111111111055 229
1780132115272 0.9961111111111055 230
1780132115274 0.9927777777777722 231
1780132115276 0.9938888888888833 232
1780132115278 0.9961111111111055 233
1780132115281 0.9961111111111055 234
1780132115283 0.9894444444444389 235
1780132115285 0.9933333333333279 236
1780132115287 0.9927777777777722 237
1780132115289 0.9972222222222167 238
1780132115291 0.9949999999999944 239
1780132115293 0.9761111111111058 240
1780132115295 0.9955555555555501 241
1780132115297 0.9927777777777722 242
1780132115299 0.9949999999999944 243
1780132115301 0.9933333333333276 244
1780132115304 0.9961111111111055 245
1780132115306 0.9966666666666611 246
1780132115308 0.9877777777777723 247
1780132115310 0.9922222222222168 248
1780132115312 0.9966666666666611 249
1780132115314 0.9955555555555499 250
1780132115316 0.9949999999999944 251
1780132115318 0.9933333333333279 252
1780132115320 0.9955555555555501 253
1780132115322 0.9949999999999944 254
1780132115324 0.9955555555555499 255
1780132115326 0.9922222222222166 256
1780132115329 0.9927777777777722 257
1780132115331 0.9955555555555501 258
1780132115333 0.9949999999999944 259
1780132115335 0.9961111111111055 260
1780132115337 0.9949999999999944 261
1780132115339 0.9983333333333277 262
1780132115341 0.9961111111111055 263
1780132115343 0.9977777777777723 264
1780132115345 0.9933333333333279 265
1780132115347 0.9938888888888833 266
1780132115349 0.9883333333333277 267
1780132115352 0.9972222222222167 268
1780132115354 0.9944444444444389 269
1780132115356 0.9961111111111055 270
1780132115358 0.9972222222222167 271
1780132115360 0.9961111111111055 272
1780132115362 0.984444444444439 273
1780132115364 0.9961111111111055 274
1780132115366 0.9933333333333276 275
1780132115368 0.9933333333333276 276
1780132115370 0.996666666666661 277
1780132115372 0.9938888888888833 278
1780132115374 0.9866666666666613 279
1780132115376 0.9894444444444389 280
1780132115379 0.9888888888888833 281
1780132115381 0.9899999999999943 282
1780132115393 0.9977777777777723 283
1780132115395 0.9961111111111055 284
1780132115397 0.9977777777777723 285
1780132115399 0.9916666666666611 286
1780132115401 0.9955555555555501 287
1780132115403 0.9938888888888833 288
1780132115406 0.9955555555555501 289
1780132115408 0.9944444444444388 290
1780132115410 0.996666666666661 291
1780132115412 0.9949999999999944 292
1780132115414 0.9966666666666611 293
1780132115416 0.9961111111111055 294
1780132115418 0.9949999999999944 295
1780132115420 0.9933333333333279 296
1780132115422 0.9899999999999943 297
1780132115425 0.9977777777777721 298
1780132115427 0.9933333333333276 299
1780132115429 0.9938888888888833 300
1780132115431 0.9966666666666611 301
1780132115433 0.9977777777777723 302
1780132115435 0.9949999999999944 303
1780132115437 0.9961111111111055 304
1780132115439 0.9977777777777723 305
1780132115441 0.9933333333333279 306
1780132115443 0.9877777777777723 307
1780132115445 0.9933333333333279 308
1780132115447 0.9838888888888834 309
1780132115449 0.9933333333333279 310
1780132115451 0.9933333333333279 311
1780132115454 0.9972222222222167 312
1780132115456 0.9961111111111055 313
