1780550645003 0.0 0
1780550645005 0.9005555555555504 1
1780550645007 0.9083333333333284 2
1780550645009 0.9105555555555505 3
1780550645010 0.9072222222222172 4
1780550645012 0.9111111111111061 5
1780550645014 0.9216666666666615 6
1780550645016 0.9144444444444393 7
1780550645018 0.917222222222217 8
1780550645020 0.9127777777777727 9
1780550645022 0.9155555555555506 10
1780550645023 0.913888888888884 11
1780550645025 0.9133333333333283 12
1780550645027 0.9083333333333282 13
1780550645029 0.917222222222217 14
1780550645031 0.909999999999995 15
1780550645032 0.9188888888888839 16
1780550645034 0.9183333333333282 17
1780550645036 0.9327777777777726 18
1780550645038 0.9211111111111061 19
1780550645039 0.9155555555555503 20
1780550645041 0.9183333333333282 21
1780550645043 0.9083333333333282 22
1780550645045 0.918333333333328 23
1780550645046 0.9205555555555505 24
1780550645048 0.9188888888888836 25
1780550645050 0.9216666666666617 26
1780550645052 0.9183333333333283 27
1780550645054 0.9155555555555506 28
1780550645055 0.9166666666666614 29
1780550645057 0.9227777777777728 30
1780550645059 0.9255555555555505 31
1780550645061 0.9155555555555506 32
1780550645063 0.9272222222222171 33
1780550645064 0.926111111111106 34
1780550645066 0.9211111111111059 35
1780550645068 0.932222222222217 36
1780550645070 0.9266666666666616 37
1780550645072 0.917222222222217 38
1780550645073 0.9266666666666616 39
1780550645075 0.9233333333333282 40
1780550645077 0.9288888888888837 41
1780550645079 0.9266666666666616 42
1780550645081 0.9244444444444392 43
1780550645082 0.9244444444444394 44
1780550645084 0.9244444444444394 45
1780550645086 0.9205555555555505 46
1780550645088 0.9283333333333281 47
1780550645090 0.9299999999999949 48
1780550645091 0.9344444444444393 49
1780550645093 0.9272222222222171 50
1780550645095 0.9355555555555503 51
1780550645097 0.9294444444444393 52
1780550645098 0.926111111111106 53
1780550645100 0.922222222222217 54
1780550645102 0.9255555555555505 55
1780550645104 0.9299999999999947 56
1780550645106 0.913888888888884 57
1780550645107 0.9288888888888838 58
1780550645109 0.926111111111106 59
1780550645111 0.9283333333333281 60
1780550645113 0.9288888888888837 61
1780550645114 0.9266666666666616 62
1780550645116 0.9249999999999948 63
1780550645118 0.9294444444444391 64
1780550645120 0.9211111111111061 65
1780550645124 0.9244444444444392 66
1780550645126 0.9277777777777725 67
1780550645128 0.9272222222222171 68
1780550645130 0.9244444444444394 69
1780550645131 0.9277777777777725 70
1780550645133 0.9294444444444393 71
1780550645135 0.9305555555555504 72
1780550645137 0.9283333333333281 73
1780550645139 0.9411111111111058 74
1780550645141 0.9272222222222173 75
1780550645144 0.9316666666666615 76
1780550645146 0.9344444444444393 77
1780550645148 0.9288888888888838 78
1780550645150 0.9216666666666615 79
1780550645151 0.9288888888888837 80
1780550645153 0.9338888888888837 81
1780550645155 0.9255555555555505 82
1780550645157 0.9294444444444394 83
1780550645158 0.9333333333333282 84
1780550645160 0.9288888888888838 85
1780550645162 0.9272222222222171 86
1780550645164 0.9361111111111059 87
1780550645165 0.9244444444444392 88
1780550645167 0.9249999999999948 89
1780550645169 0.9255555555555505 90
1780550645171 0.9316666666666615 91
1780550645172 0.926111111111106 92
1780550645174 0.9277777777777727 93
1780550645176 0.9316666666666616 94
1780550645178 0.9188888888888839 95
1780550645180 0.9199999999999948 96
1780550645181 0.9233333333333281 97
1780550645183 0.9266666666666614 98
1780550645185 0.9205555555555502 99
1780550645187 0.9327777777777726 100
1780550645188 0.9322222222222172 101
1780550645190 0.9333333333333282 102
1780550645192 0.933333333333328 103
1780550645194 0.9266666666666616 104
1780550645196 0.9238888888888838 105
1780550645197 0.928333333333328 106
1780550645199 0.9216666666666617 107
1780550645201 0.9338888888888837 108
1780550645203 0.9266666666666616 109
1780550645204 0.9355555555555503 110
1780550645206 0.9283333333333283 111
1780550645208 0.9205555555555505 112
1780550645210 0.9272222222222168 113
1780550645212 0.9299999999999949 114
1780550645213 0.9249999999999948 115
1780550645215 0.9249999999999948 116
1780550645217 0.9288888888888837 117
1780550645219 0.926111111111106 118
1780550645221 0.9283333333333281 119
1780550645222 0.9316666666666615 120
1780550645224 0.9316666666666615 121
1780550645226 0.9266666666666614 122
1780550645228 0.9305555555555504 123
1780550645230 0.9366666666666615 124
1780550645231 0.917222222222217 125
1780550645233 0.926111111111106 126
1780550645235 0.9355555555555505 127
1780550645237 0.926111111111106 128
1780550645239 0.9255555555555505 129
1780550645240 0.931111111111106 130
1780550645242 0.932222222222217 131
1780550645244 0.9211111111111061 132
1780550645246 0.9272222222222171 133
1780550645248 0.9277777777777727 134
1780550645250 0.9283333333333281 135
1780550645252 0.9216666666666615 136
1780550645253 0.9305555555555503 137
1780550645255 0.932222222222217 138
1780550645257 0.9249999999999948 139
1780550645259 0.9299999999999949 140
1780550645261 0.9349999999999948 141
1780550645263 0.9272222222222171 142
1780550645265 0.9283333333333281 143
1780550645267 0.9294444444444393 144
1780550645268 0.9283333333333281 145
1780550645270 0.924999999999995 146
1780550645272 0.9299999999999949 147
1780550645274 0.9322222222222172 148
1780550645276 0.9394444444444392 149
1780550645277 0.9305555555555504 150
1780550645279 0.9277777777777725 151
1780550645281 0.924999999999995 152
1780550645283 0.9261111111111061 153
1780550645285 0.9294444444444393 154
1780550645286 0.9116666666666615 155
1780550645288 0.926111111111106 156
1780550645290 0.9283333333333281 157
1780550645292 0.9183333333333282 158
1780550645294 0.9272222222222171 159
1780550645295 0.9327777777777726 160
1780550645297 0.9233333333333281 161
1780550645299 0.9288888888888838 162
1780550645301 0.9199999999999949 163
1780550645303 0.9299999999999947 164
1780550645304 0.928333333333328 165
1780550645306 0.9266666666666614 166
1780550645308 0.9222222222222172 167
1780550645310 0.9288888888888837 168
1780550645312 0.9238888888888838 169
1780550645313 0.9294444444444394 170
1780550645315 0.9244444444444394 171
1780550645317 0.9116666666666615 172
1780550645319 0.9316666666666615 173
1780550645320 0.9266666666666614 174
1780550645322 0.9238888888888838 175
1780550645324 0.9277777777777727 176
1780550645326 0.9266666666666614 177
1780550645328 0.9244444444444394 178
1780550645329 0.9194444444444393 179
1780550645331 0.9355555555555505 180
1780550645333 0.9238888888888838 181
1780550645335 0.9177777777777727 182
1780550645336 0.916111111111106 183
1780550645338 0.9211111111111061 184
1780550645340 0.9216666666666617 185
1780550645342 0.9283333333333281 186
1780550645344 0.9333333333333282 187
1780550645345 0.9299999999999949 188
1780550645347 0.9238888888888838 189
1780550645349 0.9244444444444394 190
1780550645351 0.933333333333328 191
1780550645352 0.9266666666666614 192
1780550645354 0.9272222222222171 193
1780550645356 0.9199999999999948 194
1780550645358 0.9249999999999948 195
1780550645359 0.9305555555555504 196
1780550645361 0.9277777777777727 197
1780550645363 0.933333333333328 198
1780550645365 0.9244444444444394 199
1780550645366 0.9283333333333283 200
1780550645368 0.916111111111106 201
1780550645370 0.9272222222222173 202
1780550645372 0.9305555555555504 203
1780550645373 0.9199999999999949 204
1780550645375 0.9205555555555506 205
1780550645377 0.9172222222222169 206
1780550645379 0.9249999999999948 207
1780550645380 0.9205555555555506 208
1780550645382 0.9227777777777726 209
1780550645385 0.9288888888888837 210
1780550645386 0.931111111111106 211
1780550645388 0.9366666666666614 212
1780550645390 0.9183333333333282 213
1780550645392 0.9211111111111061 214
1780550645393 0.9338888888888837 215
1780550645395 0.9283333333333281 216
1780550645397 0.9355555555555505 217
1780550645399 0.9288888888888838 218
1780550645400 0.9311111111111059 219
1780550645402 0.933333333333328 220
1780550645404 0.9372222222222171 221
1780550645406 0.9166666666666614 222
1780550645407 0.9283333333333281 223
1780550645409 0.9222222222222172 224
1780550645411 0.9249999999999948 225
1780550645413 0.9216666666666615 226
1780550645414 0.9277777777777727 227
1780550645416 0.9294444444444393 228
1780550645418 0.931111111111106 229
1780550645420 0.9238888888888838 230
1780550645421 0.9277777777777727 231
1780550645423 0.926111111111106 232
1780550645425 0.9316666666666615 233
1780550645427 0.9222222222222172 234
1780550645428 0.9244444444444392 235
1780550645430 0.9272222222222173 236
1780550645432 0.9294444444444393 237
1780550645434 0.9266666666666616 238
1780550645436 0.9299999999999947 239
1780550645438 0.9249999999999947 240
1780550645440 0.9294444444444391 241
1780550645441 0.9327777777777726 242
1780550645443 0.922222222222217 243
1780550645445 0.9266666666666614 244
1780550645447 0.9333333333333282 245
1780550645449 0.9327777777777726 246
1780550645450 0.9272222222222171 247
1780550645452 0.9299999999999947 248
1780550645454 0.9294444444444394 249
1780550645456 0.9266666666666614 250
1780550645458 0.9344444444444392 251
1780550645459 0.9283333333333283 252
1780550645461 0.9338888888888837 253
1780550645463 0.9299999999999947 254
1780550645465 0.9305555555555504 255
1780550645466 0.9316666666666613 256
1780550645468 0.9294444444444394 257
1780550645470 0.9366666666666615 258
1780550645472 0.9277777777777725 259
1780550645474 0.9305555555555504 260
1780550645476 0.9277777777777727 261
1780550645477 0.9333333333333282 262
1780550645479 0.9277777777777725 263
1780550645481 0.9399999999999948 264
1780550645483 0.9305555555555504 265
1780550645484 0.9333333333333282 266
1780550645486 0.932222222222217 267
1780550645488 0.926111111111106 268
1780550645490 0.9294444444444393 269
1780550645492 0.931111111111106 270
1780550645493 0.9316666666666615 271
1780550645495 0.9266666666666614 272
1780550645497 0.9322222222222172 273
1780550645499 0.9266666666666614 274
1780550645501 0.9205555555555505 275
1780550645502 0.9272222222222168 276
1780550645504 0.9205555555555505 277
1780550645506 0.9255555555555505 278
1780550645508 0.9327777777777726 279
1780550645509 0.9244444444444394 280
1780550645511 0.9338888888888839 281
1780550645513 0.9322222222222172 282
1780550645515 0.9322222222222172 283
1780550645517 0.9216666666666617 284
1780550645518 0.9255555555555505 285
1780550645520 0.9183333333333282 286
1780550645522 0.9266666666666616 287
1780550645524 0.9316666666666615 288
1780550645525 0.9288888888888837 289
1780550645527 0.9255555555555504 290
1780550645529 0.9355555555555503 291
1780550645531 0.9211111111111059 292
1780550645533 0.932222222222217 293
1780550645535 0.9372222222222171 294
1780550645536 0.9327777777777726 295
1780550645538 0.9283333333333281 296
1780550645540 0.9283333333333281 297
1780550645542 0.9344444444444392 298
