1780559141004 0.0 0
1780559141008 0.805 1
1780559141011 0.58 2
1780559141013 0.2 3
1780559141016 0.765 4
1780559141019 0.825 5
1780559141021 0.8 6
1780559141024 0.495 7
1780559141027 0.785 8
1780559141029 0.77 9
1780559141032 0.81 10
1780559141034 0.805 11
1780559141037 0.815 12
1780559141040 0.785 13
1780559141042 0.805 14
1780559141045 0.785 15
1780559141047 0.8 16
1780559141050 0.785 17
1780559141053 0.68 18
1780559141055 0.785 19
1780559141058 0.845 20
1780559141060 0.83 21
1780559141063 0.825 22
1780559141065 0.78 23
1780559141068 0.77 24
1780559141071 0.82 25
1780559141073 0.795 26
1780559141076 0.79 27
1780559141079 0.77 28
1780559141081 0.62 29
1780559141084 0.17 30
1780559141086 0.8 31
1780559141089 0.8 32
1780559141091 0.825 33
1780559141094 0.59 34
1780559141097 0.855 35
1780559141099 0.805 36
1780559141102 0.78 37
1780559141105 0.83 38
1780559141107 0.8 39
1780559141110 0.815 40
1780559141112 0.845 41
1780559141115 0.765 42
1780559141118 0.8 43
1780559141120 0.835 44
1780559141123 0.845 45
1780559141125 0.82 46
1780559141128 0.82 47
1780559141130 0.77 48
1780559141133 0.775 49
1780559141136 0.725 50
1780559141138 0.815 51
1780559141141 0.77 52
1780559141143 0.79 53
1780559141146 0.8 54
1780559141149 0.8 55
1780559141151 0.79 56
1780559141154 0.785 57
1780559141156 0.835 58
1780559141159 0.825 59
1780559141161 0.765 60
1780559141164 0.675 61
1780559141167 0.775 62
1780559141169 0.715 63
1780559141172 0.81 64
1780559141175 0.825 65
1780559141178 0.825 66
1780559141182 0.81 67
1780559141185 0.74 68
1780559141188 0.655 69
1780559141190 0.755 70
1780559141193 0.825 71
1780559141195 0.72 72
1780559141198 0.635 73
1780559141200 0.775 74
1780559141203 0.79 75
1780559141206 0.715 76
1780559141208 0.81 77
1780559141211 0.74 78
1780559141213 0.775 79
1780559141216 0.57 80
1780559141219 0.745 81
1780559141221 0.75 82
1780559141224 0.85 83
1780559141226 0.265 84
1780559141229 0.78 85
1780559141232 0.795 86
1780559141234 0.795 87
1780559141237 0.81 88
1780559141239 0.775 89
1780559141242 0.78 90
1780559141244 0.815 91
1780559141247 0.785 92
1780559141250 0.555 93
1780559141252 0.8 94
1780559141255 0.82 95
1780559141257 0.78 96
1780559141260 0.815 97
1780559141263 0.815 98
1780559141265 0.795 99
1780559141268 0.8 100
1780559141270 0.78 101
1780559141273 0.42 102
1780559141275 0.815 103
1780559141278 0.86 104
1780559141281 0.815 105
1780559141283 0.84 106
1780559141286 0.825 107
1780559141288 0.75 108
1780559141291 0.33 109
1780559141294 0.72 110
1780559141296 0.8 111
1780559141299 0.8 112
1780559141301 0.78 113
1780559141304 0.78 114
1780559141306 0.815 115
1780559141309 0.785 116
1780559141312 0.69 117
1780559141314 0.635 118
1780559141317 0.755 119
1780559141319 0.8 120
1780559141322 0.835 121
1780559141325 0.75 122
1780559141327 0.525 123
1780559141330 0.775 124
1780559141332 0.825 125
1780559141335 0.78 126
1780559141337 0.8 127
1780559141340 0.785 128
1780559141343 0.755 129
1780559141345 0.8 130
1780559141348 0.8 131
1780559141350 0.565 132
1780559141353 0.825 133
1780559141355 0.79 134
1780559141358 0.775 135
1780559141361 0.805 136
1780559141363 0.7 137
1780559141366 0.765 138
1780559141368 0.805 139
1780559141371 0.805 140
1780559141374 0.8 141
1780559141376 0.825 142
1780559141379 0.725 143
1780559141381 0.84 144
1780559141384 0.71 145
1780559141386 0.81 146
1780559141389 0.87 147
1780559141391 0.815 148
1780559141394 0.82 149
1780559141397 0.315 150
1780559141399 0.68 151
1780559141402 0.7 152
1780559141404 0.67 153
1780559141407 0.73 154
1780559141410 0.535 155
1780559141412 0.735 156
1780559141415 0.39 157
1780559141417 0.665 158
1780559141420 0.65 159
1780559141422 0.64 160
1780559141425 0.775 161
1780559141428 0.775 162
1780559141430 0.79 163
1780559141433 0.62 164
1780559141435 0.67 165
1780559141438 0.69 166
1780559141440 0.425 167
1780559141443 0.625 168
1780559141446 0.755 169
1780559141448 0.715 170
1780559141451 0.82 171
1780559141453 0.75 172
1780559141456 0.72 173
1780559141458 0.575 174
1780559141461 0.835 175
1780559141463 0.65 176
1780559141466 0.77 177
1780559141469 0.635 178
1780559141471 0.42 179
1780559141474 0.81 180
1780559141476 0.775 181
1780559141479 0.825 182
1780559141481 0.66 183
1780559141484 0.705 184
1780559141487 0.71 185
1780559141489 0.74 186
1780559141492 0.8 187
1780559141494 0.67 188
1780559141497 0.71 189
1780559141499 0.795 190
1780559141502 0.825 191
1780559141505 0.805 192
1780559141507 0.79 193
1780559141510 0.645 194
1780559141512 0.835 195
1780559141515 0.82 196
1780559141517 0.505 197
1780559141520 0.705 198
1780559141523 0.845 199
1780559141525 0.85 200
1780559141528 0.795 201
1780559141530 0.705 202
1780559141533 0.805 203
1780559141536 0.82 204
1780559141538 0.795 205
1780559141541 0.82 206
1780559141543 0.77 207
1780559141546 0.605 208
1780559141548 0.805 209
1780559141551 0.84 210
1780559141553 0.72 211
1780559141556 0.47 212
1780559141559 0.79 213
1780559141561 0.685 214
1780559141564 0.86 215
1780559141566 0.83 216
1780559141569 0.835 217
1780559141572 0.715 218
1780559141574 0.875 219
1780559141577 0.765 220
1780559141579 0.815 221
1780559141582 0.56 222
1780559141585 0.81 223
1780559141587 0.795 224
1780559141590 0.775 225
1780559141592 0.47 226
1780559141595 0.8 227
1780559141598 0.845 228
1780559141600 0.875 229
1780559141603 0.79 230
1780559141605 0.855 231
1780559141608 0.655 232
1780559141611 0.745 233
1780559141613 0.825 234
1780559141616 0.695 235
1780559141618 0.835 236
1780559141621 0.875 237
1780559141623 0.69 238
1780559141626 0.7 239
1780559141628 0.8 240
1780559141631 0.775 241
1780559141634 0.865 242
1780559141636 0.835 243
1780559141639 0.805 244
1780559141641 0.84 245
1780559141644 0.825 246
1780559141646 0.71 247
1780559141649 0.82 248
1780559141651 0.79 249
1780559141654 0.88 250
1780559141657 0.395 251
1780559141659 0.785 252
1780559141662 0.815 253
1780559141664 0.74 254
1780559141667 0.805 255
1780559141669 0.78 256
1780559141672 0.835 257
1780559141675 0.7 258
1780559141677 0.83 259
1780559141680 0.85 260
1780559141682 0.85 261
1780559141685 0.805 262
1780559141688 0.495 263
1780559141690 0.785 264
1780559141693 0.865 265
1780559141695 0.865 266
1780559141698 0.87 267
1780559141706 0.585 268
1780559141709 0.68 269
1780559141711 0.91 270
1780559141714 0.835 271
1780559141716 0.795 272
1780559141719 0.83 273
1780559141721 0.82 274
1780559141724 0.85 275
1780559141727 0.87 276
1780559141729 0.78 277
1780559141732 0.675 278
1780559141735 0.805 279
1780559141737 0.805 280
1780559141740 0.665 281
1780559141742 0.45 282
1780559141745 0.8 283
1780559141747 0.825 284
1780559141750 0.865 285
1780559141753 0.84 286
1780559141755 0.535 287
1780559141758 0.87 288
1780559141760 0.835 289
1780559141763 0.815 290
1780559141766 0.74 291
1780559141768 0.845 292
1780559141771 0.89 293
1780559141773 0.875 294
1780559141776 0.865 295
1780559141778 0.845 296
1780559141781 0.84 297
1780559141784 0.89 298
