1780129480151 0.0 0
1780129480154 0.9027777777777727 1
1780129480156 0.9211111111111059 2
1780129480159 0.9272222222222171 3
1780129480161 0.9516666666666612 4
1780129480163 0.9394444444444392 5
1780129480166 0.9588888888888836 6
1780129480168 0.9622222222222169 7
1780129480170 0.9694444444444391 8
1780129480173 0.9688888888888835 9
1780129480175 0.959444444444439 10
1780129480177 0.9627777777777725 11
1780129480180 0.9283333333333281 12
1780129480182 0.9677777777777724 13
1780129480184 0.9711111111111057 14
1780129480187 0.9777777777777723 15
1780129480189 0.9744444444444389 16
1780129480192 0.9677777777777724 17
1780129480194 0.9677777777777724 18
1780129480196 0.9749999999999946 19
1780129480199 0.9616666666666612 20
1780129480201 0.9705555555555503 21
1780129480203 0.9716666666666611 22
1780129480206 0.9794444444444389 23
1780129480208 0.9427777777777724 24
1780129480210 0.9727777777777724 25
1780129480213 0.9794444444444391 26
1780129480215 0.9788888888888835 27
1780129480217 0.974444444444439 28
1780129480220 0.9777777777777722 29
1780129480222 0.9822222222222168 30
1780129480225 0.9749999999999945 31
1780129480227 0.9461111111111059 32
1780129480229 0.9833333333333277 33
1780129480231 0.9788888888888835 34
1780129480234 0.9755555555555502 35
1780129480236 0.9761111111111056 36
1780129480239 0.9822222222222168 37
1780129480241 0.9811111111111057 38
1780129480243 0.9755555555555502 39
1780129480246 0.9722222222222168 40
1780129480248 0.9838888888888834 41
1780129480250 0.9766666666666612 42
1780129480253 0.9816666666666611 43
1780129480255 0.9822222222222168 44
1780129480257 0.9883333333333277 45
1780129480259 0.9816666666666614 46
1780129480262 0.9849999999999944 47
1780129480264 0.9883333333333277 48
1780129480267 0.98555555555555 49
1780129480269 0.9838888888888834 50
1780129480280 0.9827777777777722 51
1780129480283 0.9833333333333277 52
1780129480285 0.986666666666661 53
1780129480288 0.9827777777777722 54
1780129480290 0.986666666666661 55
1780129480292 0.9894444444444389 56
1780129480295 0.98555555555555 57
1780129480297 0.99055555555555 58
1780129480299 0.9838888888888834 59
1780129480302 0.99055555555555 60
1780129480304 0.9888888888888833 61
1780129480306 0.9883333333333277 62
1780129480309 0.9872222222222167 63
1780129480311 0.9833333333333278 64
1780129480314 0.9844444444444388 65
1780129480316 0.9688888888888835 66
1780129480319 0.9688888888888835 67
1780129480321 0.9705555555555501 68
1780129480323 0.9866666666666613 69
1780129480326 0.9838888888888834 70
1780129480328 0.974444444444439 71
1780129480330 0.9888888888888834 72
1780129480333 0.9805555555555502 73
1780129480335 0.9833333333333278 74
1780129480337 0.9855555555555501 75
1780129480340 0.9872222222222167 76
1780129480342 0.9861111111111056 77
1780129480344 0.984444444444439 78
1780129480347 0.9794444444444391 79
1780129480349 0.9872222222222167 80
1780129480351 0.9888888888888834 81
1780129480354 0.9688888888888835 82
1780129480356 0.9688888888888835 83
1780129480358 0.9911111111111056 84
1780129480361 0.9794444444444389 85
1780129480363 0.9894444444444389 86
1780129480365 0.9872222222222167 87
1780129480368 0.9883333333333277 88
1780129480370 0.9738888888888834 89
1780129480372 0.9872222222222167 90
1780129480375 0.9833333333333277 91
1780129480377 0.9888888888888833 92
1780129480379 0.9877777777777721 93
1780129480382 0.959444444444439 94
1780129480384 0.9866666666666613 95
1780129480386 0.9894444444444389 96
1780129480389 0.9772222222222167 97
1780129480391 0.9722222222222168 98
1780129480393 0.9849999999999944 99
1780129480396 0.99055555555555 100
1780129480398 0.9827777777777722 101
1780129480400 0.9899999999999943 102
1780129480403 0.9805555555555502 103
1780129480405 0.9933333333333276 104
1780129480407 0.9877777777777721 105
1780129480410 0.9888888888888834 106
1780129480412 0.9883333333333277 107
1780129480414 0.9933333333333279 108
1780129480417 0.9883333333333277 109
1780129480419 0.9916666666666611 110
1780129480421 0.99055555555555 111
1780129480424 0.9911111111111056 112
1780129480426 0.9883333333333277 113
1780129480428 0.9888888888888833 114
1780129480431 0.9855555555555501 115
1780129480433 0.9861111111111056 116
1780129480436 0.9855555555555501 117
1780129480438 0.9927777777777722 118
1780129480440 0.9866666666666613 119
1780129480443 0.9488888888888836 120
1780129480445 0.9899999999999946 121
1780129480447 0.9911111111111056 122
1780129480450 0.9927777777777722 123
1780129480452 0.99055555555555 124
1780129480459 0.9916666666666611 125
1780129480462 0.9922222222222166 126
1780129480464 0.9794444444444391 127
1780129480467 0.9866666666666613 128
1780129480469 0.9894444444444389 129
1780129480471 0.9927777777777722 130
1780129480474 0.99055555555555 131
1780129480476 0.99055555555555 132
1780129480478 0.9844444444444388 133
1780129480481 0.9883333333333277 134
1780129480483 0.9911111111111056 135
1780129480485 0.9766666666666612 136
1780129480488 0.9899999999999946 137
1780129480490 0.9861111111111056 138
1780129480492 0.9861111111111056 139
1780129480495 0.9827777777777722 140
1780129480497 0.9877777777777721 141
1780129480499 0.9711111111111059 142
1780129480502 0.978333333333328 143
1780129480504 0.9911111111111055 144
1780129480506 0.9927777777777722 145
1780129480509 0.9822222222222168 146
1780129480511 0.9938888888888833 147
1780129480514 0.9883333333333277 148
1780129480516 0.9911111111111056 149
1780129480518 0.9944444444444388 150
1780129480521 0.9949999999999944 151
1780129480523 0.9944444444444388 152
1780129480525 0.9894444444444389 153
1780129480528 0.9805555555555501 154
1780129480530 0.9927777777777722 155
1780129480549 0.9938888888888833 156
1780129480551 0.9922222222222166 157
1780129480554 0.9911111111111056 158
1780129480562 0.984444444444439 159
1780129480564 0.9955555555555499 160
1780129480567 0.9938888888888833 161
1780129480569 0.9955555555555501 162
1780129480572 0.9922222222222168 163
1780129480580 0.9922222222222166 164
1780129480582 0.9911111111111055 165
1780129480584 0.9916666666666611 166
1780129480587 0.9955555555555499 167
1780129480589 0.9955555555555499 168
1780129480591 0.9955555555555501 169
1780129480594 0.996666666666661 170
1780129480596 0.9899999999999943 171
1780129480599 0.9877777777777721 172
1780129480601 0.9911111111111055 173
1780129480603 0.9933333333333276 174
1780129480606 0.9938888888888833 175
1780129480608 0.9872222222222167 176
1780129480610 0.9955555555555499 177
1780129480613 0.9938888888888833 178
1780129480615 0.9966666666666611 179
1780129480617 0.9983333333333277 180
1780129480620 0.9966666666666611 181
1780129480622 0.9922222222222166 182
1780129480624 0.9888888888888833 183
1780129480627 0.9927777777777722 184
1780129480629 0.9944444444444389 185
1780129480631 0.9961111111111055 186
1780129480635 0.9966666666666611 187
1780129480637 0.9955555555555499 188
1780129480639 0.9966666666666611 189
1780129480642 0.9933333333333276 190
1780129480644 0.9961111111111055 191
1780129480646 0.9949999999999944 192
1780129480649 0.9949999999999944 193
1780129480651 0.9938888888888833 194
1780129480653 0.9922222222222168 195
1780129480656 0.9894444444444389 196
1780129480658 0.98555555555555 197
1780129480660 0.9927777777777722 198
1780129480663 0.9933333333333276 199
1780129480665 0.9927777777777722 200
1780129480667 0.9933333333333276 201
1780129480670 0.9916666666666611 202
1780129480672 0.9955555555555499 203
1780129480675 0.9944444444444388 204
1780129480677 0.9955555555555499 205
1780129480679 0.9972222222222167 206
1780129480682 0.9988888888888832 207
1780129480684 0.9994444444444388 208
1780129480686 0.9961111111111055 209
1780129480689 0.9927777777777722 210
1780129480691 0.9933333333333276 211
1780129480693 0.9983333333333277 212
1780129480696 0.9944444444444388 213
1780129480698 0.9944444444444388 214
1780129480700 0.9955555555555501 215
1780129480703 0.957222222222217 216
1780129480705 0.996666666666661 217
1780129480707 0.9972222222222167 218
1780129480710 0.9955555555555499 219
1780129480712 0.9977777777777723 220
1780129480715 0.9949999999999944 221
1780129480717 0.9933333333333276 222
1780129480719 0.9927777777777722 223
1780129480722 0.9944444444444388 224
1780129480724 0.9972222222222167 225
1780129480726 0.9966666666666611 226
1780129480729 0.9949999999999944 227
1780129480731 0.9922222222222166 228
1780129480733 0.9966666666666611 229
1780129480736 0.9938888888888833 230
1780129480738 0.9933333333333279 231
1780129480740 0.9944444444444389 232
1780129480743 0.9972222222222167 233
1780129480745 0.9961111111111055 234
1780129480747 0.9944444444444388 235
1780129480750 0.9933333333333279 236
1780129480752 0.9961111111111055 237
1780129480754 0.9949999999999944 238
1780129480757 0.9938888888888833 239
1780129480759 0.9927777777777722 240
1780129480761 0.9883333333333277 241
1780129480764 0.996666666666661 242
1780129480766 0.9977777777777723 243
1780129480768 0.9972222222222167 244
1780129480771 0.9977777777777723 245
1780129480773 0.9866666666666613 246
1780129480775 0.9727777777777723 247
1780129480778 0.9822222222222168 248
1780129480780 0.9949999999999944 249
1780129480782 0.9883333333333277 250
1780129480785 0.9883333333333277 251
1780129480787 0.9933333333333279 252
1780129480789 0.996666666666661 253
1780129480792 0.9972222222222167 254
1780129480794 0.9972222222222167 255
1780129480796 0.9872222222222167 256
1780129480799 0.9933333333333276 257
1780129480801 0.9949999999999944 258
1780129480803 0.9972222222222167 259
1780129480806 0.9922222222222168 260
1780129480808 0.9966666666666611 261
1780129480811 0.9955555555555499 262
1780129480813 0.9949999999999944 263
1780129480815 0.9922222222222166 264
1780129480818 0.9955555555555501 265
1780129480820 0.9972222222222167 266
1780129480822 0.9972222222222167 267
1780129480825 0.9938888888888833 268
1780129480827 0.996666666666661 269
1780129480829 0.9861111111111056 270
1780129480832 0.9944444444444388 271
1780129480834 0.9922222222222168 272
1780129480836 0.9933333333333279 273
1780129480839 0.9894444444444389 274
1780129480841 0.9949999999999944 275
1780129480843 0.9949999999999944 276
1780129480846 0.9961111111111055 277
1780129480848 0.9899999999999946 278
1780129480850 0.9977777777777721 279
1780129480853 0.9966666666666611 280
1780129480855 0.9977777777777723 281
1780129480857 0.9944444444444389 282
1780129480860 0.9938888888888833 283
1780129480862 0.9911111111111056 284
1780129480864 0.9938888888888833 285
1780129480867 0.9961111111111055 286
1780129480869 0.9949999999999944 287
1780129480871 0.9972222222222167 288
1780129480874 0.9961111111111055 289
1780129480876 0.996666666666661 290
1780129480878 0.9983333333333277 291
1780129480881 0.9927777777777722 292
1780129480883 0.9966666666666611 293
1780129480886 0.9955555555555499 294
1780129480888 0.9955555555555499 295
1780129480890 0.996666666666661 296
1780129480893 0.9949999999999944 297
1780129480895 0.9916666666666611 298
1780129480897 0.9961111111111055 299
1780129480900 0.9966666666666611 300
1780129480902 0.9972222222222167 301
1780129480904 0.9966666666666611 302
1780129480907 0.9949999999999944 303
1780129480909 0.9961111111111055 304
1780129480911 0.9944444444444388 305
1780129480914 0.9883333333333277 306
1780129480916 0.9916666666666611 307
1780129480918 0.9933333333333279 308
1780129480921 0.9944444444444389 309
1780129480923 0.9922222222222166 310
1780129480925 0.9949999999999944 311
1780129480928 0.9961111111111055 312
1780129480930 0.9899999999999946 313
