1780120835116 0.0 0
1780120835119 0.115 1
1780120835120 0.13 2
1780120835122 0.115 3
1780120835124 0.135 4
1780120835126 0.165 5
1780120835127 0.155 6
1780120835129 0.15 7
1780120835131 0.13 8
1780120835133 0.135 9
1780120835134 0.15 10
1780120835136 0.205 11
1780120835138 0.17 12
1780120835140 0.155 13
1780120835141 0.195 14
1780120835143 0.18 15
1780120835145 0.155 16
1780120835146 0.195 17
1780120835148 0.175 18
1780120835150 0.19 19
1780120835152 0.165 20
1780120835154 0.135 21
1780120835155 0.2 22
1780120835159 0.225 23
1780120835161 0.185 24
1780120835163 0.15 25
1780120835164 0.2 26
1780120835166 0.175 27
1780120835168 0.24 28
1780120835170 0.205 29
1780120835171 0.21 30
1780120835173 0.175 31
1780120835175 0.23 32
1780120835177 0.235 33
1780120835178 0.205 34
1780120835180 0.195 35
1780120835182 0.25 36
1780120835183 0.235 37
1780120835185 0.23 38
1780120835187 0.21 39
1780120835189 0.31 40
1780120835190 0.235 41
1780120835192 0.26 42
1780120835194 0.23 43
1780120835196 0.235 44
1780120835197 0.33 45
1780120835199 0.28 46
1780120835201 0.24 47
1780120835203 0.195 48
1780120835205 0.305 49
1780120835206 0.27 50
1780120835208 0.28 51
1780120835210 0.315 52
1780120835212 0.36 53
1780120835213 0.28 54
1780120835215 0.285 55
1780120835217 0.335 56
1780120835219 0.38 57
1780120835220 0.38 58
1780120835222 0.355 59
1780120835224 0.3 60
1780120835225 0.32 61
1780120835227 0.36 62
1780120835229 0.305 63
1780120835231 0.34 64
1780120835232 0.38 65
1780120835234 0.36 66
1780120835236 0.38 67
1780120835238 0.345 68
1780120835239 0.34 69
1780120835241 0.37 70
1780120835243 0.33 71
1780120835245 0.365 72
1780120835246 0.375 73
1780120835248 0.31 74
1780120835250 0.41 75
1780120835252 0.435 76
1780120835253 0.39 77
1780120835255 0.4 78
1780120835257 0.46 79
1780120835259 0.38 80
1780120835260 0.36 81
1780120835262 0.385 82
1780120835264 0.39 83
1780120835265 0.355 84
1780120835267 0.48 85
1780120835269 0.375 86
1780120835271 0.41 87
1780120835272 0.425 88
1780120835274 0.45 89
1780120835276 0.44 90
1780120835277 0.4 91
1780120835279 0.47 92
1780120835281 0.385 93
1780120835283 0.405 94
1780120835285 0.42 95
1780120835286 0.4 96
1780120835288 0.39 97
1780120835290 0.43 98
1780120835292 0.42 99
1780120835293 0.47 100
1780120835295 0.505 101
1780120835297 0.46 102
1780120835299 0.415 103
1780120835300 0.41 104
1780120835302 0.45 105
1780120835304 0.435 106
1780120835306 0.42 107
1780120835307 0.455 108
1780120835309 0.385 109
1780120835311 0.415 110
1780120835313 0.48 111
1780120835314 0.495 112
1780120835316 0.48 113
1780120835318 0.44 114
1780120835320 0.5 115
1780120835321 0.49 116
1780120835323 0.45 117
1780120835325 0.51 118
1780120835327 0.495 119
1780120835328 0.45 120
1780120835330 0.47 121
1780120835332 0.465 122
1780120835333 0.485 123
1780120835335 0.455 124
1780120835337 0.505 125
1780120835338 0.49 126
1780120835340 0.465 127
1780120835342 0.51 128
1780120835344 0.46 129
1780120835346 0.485 130
1780120835347 0.435 131
1780120835349 0.44 132
1780120835351 0.465 133
1780120835353 0.465 134
1780120835355 0.49 135
1780120835356 0.515 136
1780120835358 0.49 137
1780120835360 0.49 138
1780120835361 0.455 139
1780120835363 0.485 140
1780120835365 0.5 141
1780120835367 0.505 142
1780120835368 0.48 143
1780120835370 0.5 144
1780120835372 0.55 145
1780120835374 0.48 146
1780120835375 0.47 147
1780120835377 0.51 148
1780120835379 0.515 149
1780120835381 0.54 150
1780120835382 0.445 151
1780120835384 0.555 152
1780120835386 0.57 153
1780120835388 0.53 154
1780120835389 0.54 155
1780120835391 0.525 156
1780120835393 0.62 157
1780120835395 0.64 158
1780120835397 0.545 159
1780120835398 0.565 160
1780120835400 0.545 161
1780120835402 0.625 162
1780120835404 0.635 163
1780120835405 0.62 164
1780120835407 0.58 165
1780120835409 0.665 166
1780120835411 0.635 167
1780120835413 0.64 168
1780120835414 0.59 169
1780120835416 0.65 170
1780120835418 0.615 171
1780120835419 0.58 172
1780120835421 0.645 173
1780120835423 0.675 174
1780120835425 0.595 175
1780120835426 0.625 176
1780120835428 0.675 177
1780120835430 0.7 178
1780120835432 0.67 179
1780120835433 0.69 180
1780120835435 0.64 181
1780120835437 0.66 182
1780120835438 0.655 183
1780120835440 0.645 184
1780120835442 0.61 185
1780120835444 0.67 186
1780120835446 0.65 187
1780120835447 0.655 188
1780120835449 0.705 189
1780120835451 0.675 190
1780120835453 0.685 191
1780120835454 0.69 192
1780120835456 0.655 193
1780120835458 0.65 194
1780120835460 0.71 195
1780120835461 0.68 196
1780120835463 0.695 197
1780120835465 0.69 198
1780120835467 0.7 199
1780120835468 0.695 200
1780120835470 0.695 201
1780120835472 0.68 202
1780120835473 0.745 203
1780120835475 0.67 204
1780120835477 0.685 205
1780120835479 0.685 206
1780120835480 0.765 207
1780120835482 0.7 208
1780120835484 0.68 209
1780120835486 0.735 210
1780120835487 0.695 211
1780120835489 0.665 212
1780120835491 0.735 213
1780120835493 0.74 214
1780120835494 0.7 215
1780120835496 0.755 216
1780120835498 0.695 217
1780120835501 0.7 218
1780120835503 0.73 219
1780120835504 0.715 220
1780120835506 0.725 221
1780120835508 0.715 222
1780120835510 0.75 223
1780120835511 0.685 224
1780120835513 0.73 225
1780120835515 0.715 226
1780120835516 0.69 227
1780120835518 0.69 228
1780120835520 0.715 229
1780120835521 0.675 230
1780120835523 0.74 231
1780120835525 0.665 232
1780120835527 0.755 233
1780120835528 0.745 234
1780120835530 0.76 235
1780120835532 0.77 236
1780120835533 0.75 237
1780120835535 0.745 238
1780120835537 0.765 239
1780120835539 0.765 240
1780120835541 0.71 241
1780120835542 0.75 242
1780120835544 0.73 243
1780120835546 0.765 244
1780120835547 0.78 245
1780120835549 0.76 246
1780120835551 0.77 247
1780120835552 0.74 248
1780120835554 0.8 249
1780120835556 0.72 250
1780120835563 0.745 251
1780120835565 0.7 252
1780120835567 0.76 253
1780120835569 0.77 254
1780120835570 0.735 255
1780120835572 0.735 256
1780120835574 0.695 257
1780120835576 0.76 258
1780120835577 0.75 259
1780120835579 0.745 260
1780120835581 0.75 261
1780120835583 0.83 262
1780120835585 0.705 263
1780120835586 0.775 264
1780120835588 0.77 265
1780120835590 0.785 266
1780120835592 0.785 267
1780120835593 0.745 268
1780120835595 0.795 269
1780120835597 0.765 270
1780120835599 0.81 271
1780120835600 0.775 272
1780120835602 0.785 273
1780120835604 0.815 274
1780120835605 0.775 275
1780120835607 0.78 276
1780120835609 0.825 277
1780120835611 0.815 278
1780120835612 0.805 279
1780120835614 0.755 280
1780120835616 0.74 281
1780120835617 0.765 282
1780120835619 0.815 283
1780120835621 0.72 284
1780120835622 0.775 285
1780120835624 0.805 286
1780120835626 0.775 287
1780120835627 0.835 288
1780120835629 0.795 289
1780120835631 0.795 290
1780120835633 0.84 291
1780120835634 0.815 292
1780120835636 0.805 293
1780120835638 0.79 294
1780120835640 0.805 295
1780120835641 0.83 296
1780120835643 0.775 297
1780120835645 0.81 298
1780120835647 0.835 299
1780120835648 0.76 300
1780120835650 0.78 301
1780120835652 0.815 302
1780120835653 0.86 303
1780120835655 0.755 304
1780120835657 0.825 305
1780120835659 0.83 306
1780120835660 0.855 307
1780120835662 0.78 308
1780120835664 0.795 309
1780120835665 0.76 310
1780120835667 0.82 311
1780120835669 0.835 312
1780120835671 0.785 313
