1780137372963 0.0 0
1780137372966 0.022436974789915968 1
1780137372968 0.2805868491184324 2
1780137372970 0.2988783800740322 3
1780137372973 0.3111321002230093 4
1780137372975 0.526759153156212 5
1780137372977 0.547182731570823 6
1780137372980 0.6332085561497326 7
1780137372982 0.7036302604687452 8
1780137372984 0.7490364453439902 9
1780137372986 0.7846616541353384 10
1780137372989 0.8146367276887873 11
1780137372992 0.8282233936049133 12
1780137372994 0.8268634727845253 13
1780137372996 0.8382155807155808 14
1780137372999 0.6951692678666362 15
1780137373001 0.8595973999785252 16
1780137373003 0.832778483593701 17
1780137373006 0.8546280996418696 18
1780137373008 0.8275034605916958 19
1780137373010 0.8478569767828079 20
1780137373013 0.860247175425194 21
1780137373015 0.8925799346851978 22
1780137373017 0.9078587773782282 23
1780137373020 0.9006114924993645 24
1780137373022 0.894590069946107 25
1780137373024 0.8853162430864678 26
1780137373027 0.8937955611639822 27
1780137373029 0.9151075614583488 28
1780137373031 0.8819579543263754 29
1780137373034 0.6950375939849625 30
1780137373036 0.8554581778730386 31
1780137373038 0.857607522934283 32
1780137373041 0.8873068701164677 33
1780137373043 0.8636012585812356 34
1780137373045 0.9097134139697068 35
1780137373048 0.8638888888888889 36
1780137373050 0.8915561339245551 37
1780137373052 0.8712601552092147 38
1780137373055 0.8789553140096619 39
1780137373057 0.8766353021501763 40
1780137373059 0.8915676974347052 41
1780137373062 0.9101890756302522 42
1780137373064 0.836899476607796 43
1780137373066 0.9047253013957819 44
1780137373068 0.9057535142203333 45
1780137373071 0.9026212590299278 46
1780137373073 0.878060310040388 47
1780137373075 0.9170833333333333 48
1780137373078 0.9240271132376396 49
1780137373080 0.8887565375800671 50
1780137373082 0.8840106516290728 51
1780137373084 0.8730436968544387 52
1780137373086 0.8797925849105523 53
1780137373089 0.8733021866259852 54
1780137373091 0.892778350558671 55
1780137373093 0.8931731437923387 56
1780137373096 0.8781346729179547 57
1780137373098 0.9252778800147221 58
1780137373100 0.9121801242236025 59
1780137373103 0.9001473164516642 60
1780137373105 0.8812693798449611 61
1780137373107 0.8978571428571429 62
1780137373109 0.8679760195944407 63
1780137373112 0.9316498316498316 64
1780137373114 0.917770757698786 65
1780137373116 0.9180543214095845 66
1780137373118 0.8705189255189255 67
1780137373121 0.906254923715551 68
1780137373123 0.9018521347933112 69
1780137373125 0.8927110595989316 70
1780137373127 0.9086006236625431 71
1780137373130 0.9254271708683474 72
1780137373132 0.9390269151138716 73
1780137373134 0.9206484425820811 74
1780137373137 0.9188782562466772 75
1780137373139 0.941082251082251 76
1780137373141 0.9381074603016077 77
1780137373143 0.9063059823471724 78
1780137373146 0.9346735823516008 79
1780137373148 0.9575108225108225 80
1780137373151 0.9118390053093754 81
1780137373153 0.9123298144350777 82
1780137373155 0.8395191409897291 83
1780137373158 0.8853635857141458 84
1780137373160 0.9476708074534163 85
1780137373162 0.8941021113389536 86
1780137373165 0.9193981165033798 87
1780137373167 0.8660185799465985 88
1780137373169 0.7928491576861142 89
1780137373172 0.8897532054716241 90
1780137373174 0.9136722067025271 91
1780137373176 0.9095573629269282 92
1780137373178 0.9548883572567783 93
1780137373181 0.9066596876598222 94
1780137373183 0.8788979110705866 95
1780137373185 0.9099932523616735 96
1780137373187 0.9392725390551477 97
1780137373189 0.9221031746031747 98
1780137373192 0.9138985507246378 99
1780137373194 0.9340980364664574 100
1780137373197 0.9445243791296422 101
1780137373199 0.9093673274572452 102
1780137373201 0.8798174982911824 103
1780137373203 0.9304925356870438 104
1780137373206 0.927149523182132 105
1780137373208 0.8930920060331825 106
1780137373210 0.9173198146882358 107
1780137373212 0.9071233155352149 108
1780137373215 0.936569140241909 109
1780137373217 0.8817700817700818 110
1780137373219 0.9135637668145409 111
1780137373221 0.9178535353535354 112
1780137373224 0.907273787918071 113
1780137373226 0.9460286090720873 114
1780137373228 0.9030763668063437 115
1780137373230 0.9258987389422172 116
1780137373233 0.9214038962787111 117
1780137373235 0.9092445278506659 118
1780137373237 0.9595238095238094 119
1780137373240 0.9176304397357029 120
1780137373242 0.8819736842105262 121
1780137373244 0.9383621933621933 122
1780137373247 0.919714519675147 123
1780137373249 0.9427684875510962 124
1780137373251 0.9274138904573688 125
1780137373253 0.8772340834260337 126
1780137373256 0.9220258980785296 127
1780137373258 0.9262380309748732 128
1780137373260 0.8888566112250322 129
1780137373262 0.9099449678861443 130
1780137373265 0.9427489177489177 131
1780137373267 0.9166523026934927 132
1780137373269 0.9056611302727873 133
1780137373272 0.9439783582804179 134
1780137373274 0.9177094250778461 135
1780137373276 0.9015573778767182 136
1780137373278 0.9099272371038423 137
1780137373281 0.8720393485457425 138
1780137373283 0.8942383512544803 139
1780137373285 0.9050834431269215 140
1780137373287 0.9349834479246244 141
1780137373290 0.944959219524437 142
1780137373292 0.937714477233928 143
1780137373294 0.9405613465481887 144
1780137373297 0.9019888736994 145
1780137373299 0.9175554522204138 146
1780137373301 0.9086578779513562 147
1780137373304 0.9323048357058654 148
1780137373306 0.9187098299017803 149
1780137373308 0.9224461795514426 150
1780137373310 0.9268654591023011 151
1780137373313 0.9350132275132275 152
1780137373315 0.9369565217391302 153
1780137373317 0.9094592541960964 154
1780137373320 0.9437012987012986 155
1780137373322 0.9367821067821069 156
1780137373324 0.9431503077619648 157
1780137373327 0.9674327122153208 158
1780137373329 0.9613602187286396 159
1780137373331 0.9367570441254651 160
1780137373334 0.9455175983436852 161
1780137373336 0.9327412152018425 162
1780137373338 0.9500529100529101 163
1780137373341 0.9508088402825245 164
1780137373343 0.9385983139667351 165
1780137373345 0.9528320802005013 166
1780137373348 0.9522909546593757 167
1780137373350 0.9378838400348698 168
1780137373352 0.924235968709653 169
1780137373354 0.9510678210678212 170
1780137373357 0.9249498746867169 171
1780137373359 0.9501352813852814 172
1780137373361 0.95 173
1780137373363 0.9575108225108225 174
1780137373366 0.9560970608339028 175
1780137373368 0.951742993848257 176
1780137373370 0.9410719981772614 177
1780137373372 0.9674327122153208 178
1780137373374 0.9466416040100251 179
1780137373377 0.9811471861471862 180
1780137373379 0.942550694919116 181
1780137373381 0.9538961038961038 182
1780137373384 0.9517439096850862 183
1780137373386 0.9480519480519479 184
1780137373388 0.9342036124794746 185
1780137373391 0.9628405499915796 186
1780137373393 0.9525773920968428 187
1780137373395 0.9293909092657241 188
1780137373397 0.9261732889536093 189
1780137373400 0.9681037078863166 190
1780137373402 0.9314574314574315 191
1780137373404 0.9538961038961039 192
1780137373407 0.9711471861471861 193
1780137373409 0.9605665679349891 194
1780137373411 0.9449749373433585 195
1780137373413 0.9264790764790766 196
1780137373416 0.9624076495586793 197
1780137373418 0.9620528594212805 198
1780137373420 0.9709273182957393 199
1780137373423 0.9530598234717228 200
1780137373425 0.9656641604010024 201
1780137373427 0.9330676328502415 202
1780137373429 0.9503614107733102 203
1780137373432 0.9376122999807212 204
1780137373434 0.9952380952380953 205
1780137373436 0.9568771566597652 206
1780137373439 0.9478138528138528 207
1780137373441 0.9805916305916306 208
1780137373443 0.9625773920968429 209
1780137373446 0.95995670995671 210
1780137373448 0.9624594501832353 211
1780137373450 0.9464035087719298 212
1780137373453 0.9411806309632395 213
1780137373455 0.951861471861472 214
1780137373457 0.9634199134199134 215
1780137373459 0.9766233766233766 216
1780137373462 0.9415201465201466 217
1780137373464 0.9410854231974921 218
1780137373466 0.9763852813852812 219
1780137373468 0.9620312143996352 220
1780137373470 0.9572909546593757 221
1780137373473 0.9904761904761905 222
1780137373475 0.9618614718614719 223
1780137373477 0.9401913875598085 224
1780137373480 0.9268546365914787 225
1780137373482 0.9558840282524492 226
1780137373484 0.9813852813852814 227
1780137373487 0.951335156071998 228
1780137373489 0.9761904761904763 229
1780137373491 0.9618181818181819 230
1780137373493 0.9759523809523809 231
1780137373496 0.9417897015265435 232
1780137373498 0.9510252904989747 233
1780137373500 0.9481784005468216 234
1780137373503 0.9385306480958654 235
1780137373505 0.96657666894509 236
1780137373507 0.9671695543205839 237
1780137373510 0.9210217942976564 238
1780137373512 0.9383987389422173 239
1780137373514 0.9572849944360243 240
1780137373516 0.9335438233264319 241
1780137373519 0.952796665576986 242
1780137373521 0.9757142857142856 243
1780137373523 0.9631037078863166 244
1780137373526 0.9808840282524492 245
1780137373528 0.9754511278195489 246
1780137373530 0.9761471861471861 247
1780137373533 0.9565550239234449 248
1780137373535 0.9854761904761904 249
1780137373537 0.9441990465674677 250
1780137373540 0.9628656126482212 251
1780137373542 0.9585582533408619 252
1780137373544 0.9525108225108226 253
1780137373547 0.9676708074534162 254
1780137373549 0.9681037078863166 255
1780137373551 0.9619769119769119 256
1780137373554 0.9429992801503099 257
1780137373556 0.9363762069751183 258
1780137373558 0.9574390521758943 259
1780137373561 0.9293374741200828 260
1780137373563 0.963078645229675 261
1780137373565 0.9763852813852815 262
1780137373567 0.9517977915804003 263
1780137373570 0.9757142857142856 264
1780137373572 0.9561904761904761 265
1780137373575 0.9109989648033127 266
1780137373577 0.9323126873126872 267
1780137373579 0.9818181818181818 268
1780137373581 0.9852380952380952 269
1780137373584 0.9532979187098178 270
1780137373586 0.9675324675324675 271
1780137373588 0.959151138716356 272
1780137373590 0.9692424242424241 273
1780137373593 0.9716233766233765 274
1780137373595 0.9616233766233766 275
1780137373597 0.9573533471359559 276
1780137373600 0.9488999012683224 277
1780137373602 0.9508122579175211 278
1780137373604 0.928482773265382 279
1780137373606 0.9328434723171565 280
1780137373609 0.9739130434782609 281
1780137373611 0.9529776351286647 282
1780137373613 0.9604260651629073 283
1780137373615 0.9625541125541124 284
1780137373618 0.9654511278195488 285
1780137373620 0.9530086580086581 286
1780137373622 0.9304413702239789 287
1780137373624 0.9529089026915113 288
1780137373627 0.9952380952380953 289
1780137373629 0.9668398268398268 290
1780137373631 0.9570322793148879 291
1780137373634 0.9754511278195489 292
1780137373636 0.9624327122153208 293
1780137373638 0.9581567555251764 294
1780137373640 0.9406880728391027 295
1780137373643 0.976190476190476 296
1780137373645 0.9666233766233766 297
1780137373647 0.9899999999999999 298
1780137373650 0.9473376623376624 299
1780137373652 0.9496798029556649 300
1780137373654 0.9854761904761904 301
1780137373657 0.9661904761904762 302
1780137373659 0.9574076495586793 303
1780137373661 0.9638095238095238 304
1780137373663 0.965689223057644 305
1780137373666 0.9757142857142856 306
1780137373668 0.966861471861472 307
1780137373670 0.9763852813852812 308
1780137373673 0.9352497885256505 309
1780137373675 0.9570995670995671 310
1780137373677 0.9563135110503531 311
1780137373680 0.9716233766233767 312
1780137373682 0.9759523809523808 313
