1780136686803 0.0 0
1780136686806 0.1 1
1780136686809 0.15500000000000003 2
1780136686812 0.22999999999999998 3
1780136686814 0.28500000000000003 4
1780136686817 0.285 5
1780136686820 0.295 6
1780136686822 0.305 7
1780136686825 0.385 8
1780136686827 0.39 9
1780136686830 0.4 10
1780136686833 0.38 11
1780136686835 0.375 12
1780136686838 0.41500000000000004 13
1780136686840 0.39499999999999996 14
1780136686843 0.43 15
1780136686846 0.42000000000000004 16
1780136686848 0.42000000000000004 17
1780136686851 0.4050000000000001 18
1780136686853 0.43 19
1780136686856 0.40499999999999997 20
1780136686859 0.43 21
1780136686861 0.45 22
1780136686864 0.41 23
1780136686866 0.3549999999999999 24
1780136686869 0.4549999999999999 25
1780136686872 0.47999999999999987 26
1780136686874 0.39500000000000013 27
1780136686877 0.4 28
1780136686879 0.52 29
1780136686882 0.45499999999999996 30
1780136686884 0.4600000000000001 31
1780136686887 0.4 32
1780136686890 0.465 33
1780136686892 0.4749999999999999 34
1780136686895 0.505 35
1780136686898 0.495 36
1780136686900 0.52 37
1780136686903 0.47000000000000003 38
1780136686905 0.48 39
1780136686908 0.545 40
1780136686911 0.535 41
1780136686913 0.45499999999999996 42
1780136686916 0.4750000000000001 43
1780136686918 0.5650000000000001 44
1780136686921 0.5250000000000001 45
1780136686923 0.445 46
1780136686926 0.52 47
1780136686929 0.5499999999999999 48
1780136686931 0.4999999999999999 49
1780136686934 0.535 50
1780136686936 0.51 51
1780136686939 0.545 52
1780136686942 0.4899999999999999 53
1780136686944 0.5549999999999999 54
1780136686947 0.61 55
1780136686949 0.595 56
1780136686952 0.595 57
1780136686955 0.575 58
1780136686957 0.645 59
1780136686960 0.6249999999999999 60
1780136686962 0.6100000000000001 61
1780136686965 0.615 62
1780136686968 0.5600000000000002 63
1780136686970 0.565 64
1780136686973 0.565 65
1780136686975 0.58 66
1780136686978 0.5800000000000001 67
1780136686980 0.5650000000000001 68
1780136686983 0.575 69
1780136686985 0.6 70
1780136686988 0.5850000000000001 71
1780136686990 0.63 72
1780136686993 0.63 73
1780136686996 0.625 74
1780136686998 0.6250000000000001 75
1780136687001 0.615 76
1780136687004 0.645 77
1780136687006 0.645 78
1780136687009 0.6050000000000001 79
1780136687012 0.5900000000000001 80
1780136687014 0.62 81
1780136687017 0.66 82
1780136687019 0.6600000000000001 83
1780136687022 0.6849999999999999 84
1780136687024 0.6849999999999999 85
1780136687027 0.655 86
1780136687030 0.6799999999999999 87
1780136687032 0.6599999999999999 88
1780136687035 0.6599999999999999 89
1780136687037 0.6399999999999999 90
1780136687040 0.6100000000000001 91
1780136687043 0.635 92
1780136687045 0.625 93
1780136687048 0.645 94
1780136687050 0.6699999999999999 95
1780136687053 0.6900000000000001 96
1780136687055 0.665 97
1780136687058 0.665 98
1780136687061 0.6849999999999999 99
1780136687063 0.7100000000000001 100
1780136687066 0.6699999999999999 101
1780136687069 0.7050000000000001 102
1780136687071 0.715 103
1780136687074 0.725 104
1780136687076 0.6849999999999999 105
1780136687079 0.725 106
1780136687082 0.615 107
1780136687084 0.68 108
1780136687087 0.675 109
1780136687090 0.655 110
1780136687092 0.69 111
1780136687095 0.6950000000000001 112
1780136687097 0.6599999999999999 113
1780136687100 0.6799999999999999 114
1780136687103 0.775 115
1780136687105 0.6749999999999999 116
1780136687108 0.7 117
1780136687110 0.7150000000000001 118
1780136687113 0.685 119
1780136687116 0.7799999999999999 120
1780136687119 0.73 121
1780136687121 0.74 122
1780136687124 0.7249999999999999 123
1780136687127 0.78 124
1780136687129 0.715 125
1780136687132 0.76 126
1780136687134 0.755 127
1780136687137 0.7100000000000001 128
1780136687140 0.76 129
1780136687142 0.76 130
1780136687145 0.73 131
1780136687147 0.8150000000000001 132
1780136687150 0.755 133
1780136687153 0.7550000000000001 134
1780136687155 0.785 135
1780136687158 0.745 136
1780136687160 0.7700000000000001 137
1780136687163 0.7450000000000001 138
1780136687166 0.7250000000000001 139
1780136687168 0.75 140
1780136687171 0.73 141
1780136687173 0.7899999999999999 142
1780136687176 0.78 143
1780136687179 0.76 144
1780136687181 0.8300000000000001 145
1780136687184 0.7849999999999999 146
1780136687186 0.7799999999999999 147
1780136687189 0.76 148
1780136687192 0.795 149
1780136687194 0.775 150
1780136687197 0.725 151
1780136687199 0.79 152
1780136687202 0.805 153
1780136687205 0.7499999999999999 154
1780136687207 0.77 155
1780136687210 0.8099999999999999 156
1780136687212 0.76 157
1780136687215 0.8 158
1780136687218 0.8699999999999999 159
1780136687220 0.835 160
1780136687223 0.825 161
1780136687226 0.825 162
1780136687228 0.7699999999999999 163
1780136687231 0.8550000000000001 164
1780136687233 0.8150000000000001 165
1780136687236 0.8150000000000001 166
1780136687239 0.82 167
1780136687241 0.8300000000000001 168
1780136687244 0.8150000000000001 169
1780136687246 0.86 170
1780136687249 0.8350000000000002 171
1780136687252 0.7949999999999999 172
1780136687254 0.835 173
1780136687257 0.9 174
1780136687259 0.8699999999999999 175
1780136687262 0.82 176
1780136687265 0.8600000000000001 177
1780136687267 0.865 178
1780136687270 0.8699999999999999 179
1780136687272 0.8949999999999999 180
1780136687275 0.8549999999999999 181
1780136687278 0.86 182
1780136687280 0.86 183
1780136687283 0.865 184
1780136687285 0.8850000000000001 185
1780136687288 0.8799999999999999 186
1780136687291 0.85 187
1780136687294 0.85 188
1780136687296 0.85 189
1780136687299 0.8800000000000001 190
1780136687301 0.85 191
1780136687304 0.8699999999999999 192
1780136687306 0.8899999999999999 193
1780136687309 0.8400000000000001 194
1780136687312 0.8600000000000001 195
1780136687314 0.8850000000000001 196
1780136687317 0.8400000000000001 197
1780136687319 0.8550000000000001 198
1780136687322 0.875 199
1780136687324 0.86 200
1780136687327 0.905 201
1780136687330 0.8699999999999999 202
1780136687332 0.905 203
1780136687335 0.885 204
1780136687338 0.8899999999999999 205
1780136687340 0.905 206
1780136687343 0.9299999999999999 207
1780136687345 0.8699999999999999 208
1780136687348 0.8799999999999999 209
1780136687351 0.9199999999999999 210
1780136687353 0.9 211
1780136687356 0.9099999999999999 212
1780136687358 0.8949999999999999 213
1780136687361 0.86 214
1780136687363 0.925 215
1780136687366 0.9 216
1780136687368 0.905 217
1780136687371 0.8700000000000001 218
1780136687374 0.885 219
1780136687376 0.8699999999999999 220
1780136687379 0.89 221
1780136687381 0.885 222
1780136687384 0.8699999999999999 223
1780136687386 0.8949999999999999 224
1780136687389 0.9000000000000001 225
1780136687392 0.8550000000000001 226
1780136687394 0.875 227
1780136687397 0.9 228
1780136687399 0.8950000000000001 229
1780136687402 0.9199999999999999 230
1780136687404 0.8949999999999999 231
1780136687407 0.8550000000000001 232
1780136687410 0.9 233
1780136687412 0.885 234
1780136687415 0.8949999999999999 235
1780136687417 0.86 236
1780136687420 0.885 237
1780136687422 0.925 238
1780136687425 0.9000000000000001 239
1780136687428 0.9049999999999999 240
1780136687430 0.9099999999999999 241
1780136687433 0.9099999999999999 242
1780136687435 0.9349999999999999 243
1780136687438 0.9199999999999999 244
1780136687441 0.89 245
1780136687443 0.8099999999999999 246
1780136687446 0.9149999999999998 247
1780136687449 0.9099999999999999 248
1780136687451 0.885 249
1780136687454 0.9049999999999999 250
1780136687456 0.915 251
1780136687459 0.9199999999999999 252
1780136687462 0.915 253
1780136687464 0.9099999999999999 254
1780136687467 0.915 255
1780136687469 0.9200000000000002 256
1780136687472 0.8950000000000001 257
1780136687475 0.8949999999999999 258
1780136687477 0.9199999999999999 259
1780136687480 0.8949999999999999 260
1780136687482 0.89 261
1780136687485 0.905 262
1780136687488 0.8949999999999999 263
1780136687490 0.8549999999999999 264
1780136687493 0.8700000000000001 265
1780136687495 0.9349999999999999 266
1780136687498 0.915 267
1780136687500 0.89 268
1780136687503 0.8949999999999999 269
1780136687506 0.885 270
1780136687508 0.9 271
1780136687511 0.9149999999999998 272
1780136687513 0.9199999999999999 273
1780136687516 0.93 274
1780136687519 0.9349999999999999 275
1780136687521 0.905 276
1780136687524 0.9199999999999999 277
1780136687526 0.8800000000000001 278
1780136687529 0.9400000000000001 279
1780136687531 0.9 280
1780136687534 0.925 281
1780136687537 0.9099999999999999 282
1780136687539 0.9199999999999999 283
1780136687542 0.9 284
1780136687544 0.9049999999999999 285
1780136687547 0.9099999999999999 286
1780136687550 0.9400000000000001 287
1780136687552 0.9100000000000001 288
1780136687555 0.9199999999999999 289
1780136687558 0.9299999999999999 290
1780136687560 0.875 291
1780136687563 0.9099999999999999 292
1780136687565 0.89 293
1780136687568 0.8699999999999999 294
1780136687570 0.915 295
1780136687573 0.9199999999999999 296
1780136687575 0.915 297
1780136687578 0.9 298
1780136687581 0.9499999999999998 299
1780136687583 0.9400000000000001 300
1780136687586 0.9 301
1780136687588 0.905 302
1780136687591 0.9200000000000002 303
1780136687594 0.9099999999999999 304
1780136687596 0.9099999999999999 305
1780136687599 0.925 306
1780136687602 0.905 307
1780136687604 0.915 308
1780136687607 0.905 309
1780136687609 0.8949999999999999 310
1780136687612 0.925 311
1780136687615 0.9199999999999999 312
1780136687617 0.915 313
