1780119842841 0.0 0
1780119842843 0.11000000000000001 1
1780119842845 0.16999999999999998 2
1780119842847 0.325 3
1780119842848 0.5650000000000001 4
1780119842850 0.55 5
1780119842852 0.36 6
1780119842853 0.175 7
1780119842855 0.6399999999999999 8
1780119842857 0.64 9
1780119842858 0.485 10
1780119842860 0.6799999999999999 11
1780119842861 0.705 12
1780119842863 0.465 13
1780119842865 0.68 14
1780119842866 0.52 15
1780119842868 0.635 16
1780119842870 0.65 17
1780119842871 0.745 18
1780119842873 0.22999999999999998 19
1780119842875 0.7750000000000001 20
1780119842876 0.6649999999999999 21
1780119842878 0.7050000000000001 22
1780119842879 0.7 23
1780119842881 0.7950000000000002 24
1780119842883 0.7900000000000001 25
1780119842884 0.8049999999999999 26
1780119842886 0.76 27
1780119842888 0.7350000000000001 28
1780119842889 0.74 29
1780119842891 0.7849999999999999 30
1780119842893 0.595 31
1780119842894 0.265 32
1780119842896 0.7250000000000001 33
1780119842897 0.825 34
1780119842899 0.82 35
1780119842901 0.72 36
1780119842902 0.7749999999999999 37
1780119842904 0.8400000000000001 38
1780119842906 0.72 39
1780119842908 0.8149999999999998 40
1780119842909 0.85 41
1780119842911 0.795 42
1780119842913 0.86 43
1780119842914 0.79 44
1780119842916 0.705 45
1780119842917 0.8099999999999999 46
1780119842919 0.835 47
1780119842921 0.6849999999999999 48
1780119842922 0.9299999999999999 49
1780119842924 0.805 50
1780119842926 0.8400000000000001 51
1780119842927 0.825 52
1780119842929 0.735 53
1780119842931 0.72 54
1780119842932 0.875 55
1780119842934 0.8300000000000001 56
1780119842936 0.8299999999999998 57
1780119842937 0.8099999999999999 58
1780119842939 0.76 59
1780119842941 0.76 60
1780119842942 0.915 61
1780119842944 0.8700000000000001 62
1780119842946 0.7899999999999999 63
1780119842947 0.77 64
1780119842949 0.9299999999999999 65
1780119842951 0.905 66
1780119842952 0.8949999999999999 67
1780119842954 0.7500000000000001 68
1780119842955 0.9199999999999999 69
1780119842957 0.865 70
1780119842959 0.74 71
1780119842961 0.915 72
1780119842962 0.86 73
1780119842964 0.68 74
1780119842966 0.8950000000000001 75
1780119842968 0.89 76
1780119842969 0.8800000000000001 77
1780119842971 0.865 78
1780119842973 0.86 79
1780119842974 0.9200000000000002 80
1780119842976 0.86 81
1780119842978 0.8850000000000001 82
1780119842979 0.765 83
1780119842981 0.865 84
1780119842983 0.925 85
1780119842984 0.8 86
1780119842986 0.86 87
1780119842988 0.8649999999999999 88
1780119842989 0.9099999999999999 89
1780119842991 0.9199999999999999 90
1780119842993 0.825 91
1780119842994 0.78 92
1780119842996 0.39999999999999997 93
1780119842998 0.9 94
1780119842999 0.885 95
1780119843001 0.885 96
1780119843003 0.785 97
1780119843005 0.8800000000000001 98
1780119843006 0.9099999999999999 99
1780119843008 0.8949999999999999 100
1780119843010 0.8400000000000001 101
1780119843011 0.8550000000000001 102
1780119843013 0.845 103
1780119843015 0.805 104
1780119843016 0.9299999999999999 105
1780119843018 0.9349999999999999 106
1780119843020 0.795 107
1780119843022 0.835 108
1780119843023 0.905 109
1780119843025 0.875 110
1780119843027 0.9 111
1780119843028 0.945 112
1780119843030 0.82 113
1780119843032 0.9350000000000002 114
1780119843033 0.89 115
1780119843035 0.745 116
1780119843037 0.885 117
1780119843038 0.9049999999999999 118
1780119843040 0.93 119
1780119843042 0.89 120
1780119843043 0.7499999999999999 121
1780119843045 0.9 122
1780119843047 0.8099999999999999 123
1780119843048 0.86 124
1780119843050 0.8550000000000001 125
1780119843052 0.9399999999999998 126
1780119843054 0.89 127
1780119843055 0.785 128
1780119843057 0.875 129
1780119843059 0.8949999999999999 130
1780119843060 0.8 131
1780119843062 0.9099999999999999 132
1780119843064 0.86 133
1780119843065 0.93 134
1780119843067 0.9199999999999999 135
1780119843069 0.9400000000000001 136
1780119843071 0.8150000000000001 137
1780119843072 0.875 138
1780119843074 0.9099999999999999 139
1780119843076 0.8699999999999999 140
1780119843077 0.785 141
1780119843079 0.925 142
1780119843081 0.8800000000000001 143
1780119843082 0.9349999999999999 144
1780119843084 0.8949999999999999 145
1780119843086 0.93 146
1780119843088 0.9299999999999999 147
1780119843089 0.925 148
1780119843091 0.9 149
1780119843093 0.945 150
1780119843094 0.8300000000000001 151
1780119843096 0.8649999999999999 152
1780119843098 0.925 153
1780119843099 0.9399999999999998 154
1780119843101 0.82 155
1780119843103 0.885 156
1780119843104 0.93 157
1780119843106 0.975 158
1780119843108 0.9399999999999998 159
1780119843109 0.9399999999999998 160
1780119843111 0.9649999999999999 161
1780119843113 0.945 162
1780119843115 0.95 163
1780119843116 0.9200000000000002 164
1780119843118 0.945 165
1780119843120 0.885 166
1780119843121 0.9649999999999999 167
1780119843123 0.9400000000000001 168
1780119843125 0.9149999999999998 169
1780119843126 0.95 170
1780119843128 0.9649999999999999 171
1780119843130 0.875 172
1780119843132 0.9299999999999999 173
1780119843134 0.95 174
1780119843135 0.9349999999999999 175
1780119843137 0.9450000000000001 176
1780119843139 0.925 177
1780119843141 0.9299999999999999 178
1780119843143 0.975 179
1780119843144 0.9800000000000001 180
1780119843146 0.96 181
1780119843148 0.79 182
1780119843149 0.9349999999999999 183
1780119843151 0.865 184
1780119843153 0.9649999999999999 185
1780119843154 0.9650000000000001 186
1780119843156 0.96 187
1780119843158 0.8949999999999999 188
1780119843159 0.845 189
1780119843161 0.89 190
1780119843163 0.9549999999999998 191
1780119843164 0.9700000000000001 192
1780119843166 0.9400000000000001 193
1780119843168 0.9399999999999998 194
1780119843169 0.9400000000000001 195
1780119843171 0.945 196
1780119843173 0.96 197
1780119843175 0.97 198
1780119843177 0.9549999999999998 199
1780119843178 0.9400000000000001 200
1780119843180 0.985 201
1780119843182 0.925 202
1780119843183 0.97 203
1780119843185 0.9550000000000001 204
1780119843187 0.97 205
1780119843188 0.97 206
1780119843190 0.96 207
1780119843192 0.8949999999999999 208
1780119843194 0.9499999999999998 209
1780119843195 0.9650000000000001 210
1780119843197 0.9349999999999999 211
1780119843199 0.925 212
1780119843200 0.96 213
1780119843202 0.915 214
1780119843204 0.9499999999999998 215
1780119843205 0.975 216
1780119843207 0.85 217
1780119843209 0.95 218
1780119843210 0.9949999999999999 219
1780119843212 0.9799999999999999 220
1780119843214 0.9049999999999999 221
1780119843215 0.9899999999999999 222
1780119843217 0.9549999999999998 223
1780119843219 0.93 224
1780119843220 0.9549999999999998 225
1780119843222 0.9650000000000001 226
1780119843224 0.9400000000000001 227
1780119843225 0.975 228
1780119843227 0.9549999999999998 229
1780119843229 0.79 230
1780119843230 0.96 231
1780119843232 0.95 232
1780119843234 0.9 233
1780119843236 0.9499999999999998 234
1780119843238 0.9349999999999999 235
1780119843239 0.9299999999999999 236
1780119843241 0.96 237
1780119843243 0.97 238
1780119843244 0.9 239
1780119843246 0.9400000000000001 240
1780119843248 0.96 241
1780119843249 0.9549999999999998 242
1780119843251 0.9649999999999999 243
1780119843253 0.95 244
1780119843254 0.97 245
1780119843256 0.97 246
1780119843258 0.9649999999999999 247
1780119843259 0.96 248
1780119843261 0.975 249
1780119843263 0.97 250
1780119843264 0.9800000000000001 251
1780119843266 0.9649999999999999 252
1780119843268 0.9799999999999999 253
1780119843269 0.9550000000000001 254
1780119843271 0.96 255
1780119843273 0.7899999999999998 256
1780119843275 0.95 257
1780119843276 0.865 258
1780119843278 0.9499999999999998 259
1780119843280 0.9749999999999999 260
1780119843281 0.945 261
1780119843283 0.9199999999999999 262
1780119843285 0.97 263
1780119843286 0.9649999999999999 264
1780119843288 0.9549999999999998 265
1780119843290 0.9549999999999998 266
1780119843291 0.97 267
1780119843293 0.975 268
1780119843295 0.99 269
1780119843296 0.96 270
1780119843298 0.975 271
1780119843300 0.975 272
1780119843301 0.925 273
1780119843303 0.96 274
1780119843305 0.9200000000000002 275
1780119843306 0.945 276
1780119843308 0.9049999999999999 277
1780119843310 0.95 278
1780119843312 0.99 279
1780119843313 0.8949999999999999 280
1780119843315 0.8799999999999999 281
1780119843317 0.825 282
1780119843318 0.97 283
1780119843320 0.9700000000000001 284
1780119843322 0.9700000000000001 285
1780119843323 0.96 286
1780119843325 0.96 287
1780119843327 0.9649999999999999 288
1780119843328 0.99 289
1780119843330 0.9549999999999998 290
1780119843332 0.9649999999999999 291
1780119843333 0.9599999999999997 292
1780119843335 0.9649999999999999 293
1780119843337 0.975 294
1780119843338 0.9450000000000001 295
1780119843340 0.9299999999999999 296
1780119843342 0.95 297
1780119843344 0.9799999999999999 298
1780119843345 0.95 299
1780119843347 0.96 300
1780119843349 0.975 301
1780119843351 0.945 302
1780119843352 0.9550000000000001 303
1780119843354 0.9800000000000001 304
1780119843356 0.9800000000000001 305
1780119843357 0.97 306
1780119843359 0.8600000000000001 307
1780119843361 0.9749999999999999 308
1780119843363 0.8400000000000001 309
1780119843364 0.9549999999999998 310
1780119843366 0.915 311
1780119843368 0.97 312
1780119843369 0.985 313
