1779421018106 0.0 0
1779421018111 0.125 1
1779421018113 0.185 2
1779421018116 0.13 3
1779421018118 0.11 4
1779421018120 0.105 5
1779421018122 0.17 6
1779421018125 0.185 7
1779421018127 0.175 8
1779421018129 0.185 9
1779421018131 0.2 10
1779421018134 0.18 11
1779421018136 0.195 12
1779421018138 0.1 13
1779421018140 0.18 14
1779421018143 0.1 15
1779421018145 0.115 16
1779421018147 0.125 17
1779421018149 0.17 18
1779421018152 0.165 19
1779421018154 0.165 20
1779421018156 0.115 21
1779421018158 0.135 22
1779421018160 0.13 23
1779421018163 0.1 24
1779421018165 0.085 25
1779421018167 0.155 26
1779421018169 0.19 27
1779421018171 0.15 28
1779421018174 0.1 29
1779421018176 0.06 30
1779421018178 0.19 31
1779421018180 0.1 32
1779421018182 0.05 33
1779421018184 0.2 34
1779421018187 0.135 35
1779421018189 0.14 36
1779421018191 0.135 37
1779421018193 0.095 38
1779421018195 0.2 39
1779421018198 0.11 40
1779421018200 0.11 41
1779421018202 0.09 42
1779421018204 0.165 43
1779421018206 0.095 44
1779421018209 0.105 45
1779421018211 0.175 46
1779421018213 0.1 47
1779421018215 0.085 48
1779421018217 0.13 49
1779421018220 0.11 50
1779421018222 0.105 51
1779421018224 0.195 52
1779421018226 0.095 53
1779421018228 0.1 54
1779421018231 0.13 55
1779421018233 0.125 56
1779421018235 0.165 57
1779421018237 0.105 58
1779421018239 0.13 59
1779421018242 0.115 60
1779421018244 0.115 61
1779421018246 0.1 62
1779421018248 0.235 63
1779421018250 0.095 64
1779421018253 0.105 65
1779421018255 0.115 66
1779421018257 0.07 67
1779421018259 0.145 68
1779421018261 0.17 69
1779421018263 0.12 70
1779421018266 0.14 71
1779421018268 0.155 72
1779421018270 0.145 73
1779421018272 0.18 74
1779421018274 0.085 75
1779421018277 0.1 76
1779421018279 0.155 77
1779421018281 0.12 78
1779421018283 0.155 79
1779421018285 0.105 80
1779421018288 0.14 81
1779421018290 0.125 82
1779421018292 0.145 83
1779421018294 0.185 84
1779421018296 0.09 85
1779421018299 0.09 86
1779421018301 0.15 87
1779421018303 0.105 88
1779421018305 0.17 89
1779421018308 0.135 90
1779421018310 0.105 91
1779421018312 0.125 92
1779421018314 0.145 93
1779421018316 0.09 94
1779421018318 0.085 95
1779421018321 0.115 96
1779421018323 0.135 97
1779421018325 0.155 98
1779421018327 0.105 99
1779421018329 0.12 100
1779421018332 0.095 101
1779421018334 0.115 102
1779421018336 0.11 103
1779421018338 0.095 104
1779421018341 0.13 105
1779421018343 0.14 106
1779421018345 0.115 107
1779421018347 0.095 108
1779421018349 0.16 109
1779421018351 0.095 110
1779421018354 0.145 111
1779421018356 0.11 112
1779421018358 0.175 113
1779421018360 0.12 114
1779421018362 0.185 115
1779421018365 0.11 116
1779421018367 0.105 117
1779421018369 0.095 118
1779421018371 0.105 119
1779421018373 0.11 120
1779421018376 0.13 121
1779421018378 0.145 122
1779421018380 0.1 123
1779421018382 0.135 124
1779421018384 0.09 125
1779421018386 0.12 126
1779421018389 0.135 127
1779421018391 0.105 128
1779421018393 0.19 129
1779421018395 0.11 130
1779421018397 0.135 131
1779421018399 0.12 132
1779421018402 0.14 133
1779421018404 0.105 134
1779421018406 0.135 135
1779421018408 0.105 136
1779421018410 0.105 137
1779421018412 0.11 138
1779421018415 0.115 139
1779421018417 0.185 140
1779421018419 0.17 141
1779421018421 0.11 142
1779421018423 0.16 143
1779421018426 0.12 144
1779421018428 0.105 145
1779421018430 0.115 146
1779421018432 0.175 147
1779421018434 0.16 148
1779421018437 0.155 149
1779421018439 0.18 150
1779421018441 0.165 151
1779421018443 0.1 152
1779421018446 0.11 153
1779421018448 0.13 154
1779421018450 0.145 155
1779421018452 0.16 156
1779421018455 0.08 157
1779421018457 0.1 158
1779421018459 0.1 159
1779421018461 0.105 160
1779421018463 0.175 161
1779421018466 0.105 162
1779421018468 0.14 163
1779421018470 0.09 164
1779421018472 0.1 165
1779421018474 0.065 166
1779421018477 0.09 167
1779421018479 0.165 168
1779421018481 0.08 169
1779421018483 0.16 170
1779421018485 0.11 171
1779421018488 0.215 172
1779421018490 0.21 173
1779421018492 0.09 174
1779421018494 0.11 175
1779421018496 0.175 176
1779421018499 0.1 177
1779421018501 0.125 178
1779421018503 0.165 179
1779421018505 0.12 180
1779421018507 0.21 181
1779421018510 0.12 182
1779421018512 0.105 183
1779421018514 0.15 184
1779421018516 0.225 185
1779421018518 0.115 186
1779421018521 0.17 187
1779421018523 0.15 188
1779421018525 0.1 189
1779421018527 0.105 190
1779421018530 0.105 191
1779421018532 0.15 192
1779421018534 0.2 193
1779421018536 0.11 194
1779421018538 0.17 195
1779421018541 0.09 196
1779421018543 0.17 197
1779421018545 0.095 198
1779421018547 0.11 199
1779421018549 0.185 200
1779421018552 0.115 201
1779421018554 0.155 202
1779421018556 0.1 203
1779421018558 0.115 204
1779421018560 0.1 205
1779421018563 0.105 206
1779421018565 0.155 207
1779421018567 0.13 208
1779421018569 0.105 209
1779421018571 0.105 210
1779421018573 0.14 211
1779421018576 0.155 212
1779421018578 0.095 213
1779421018580 0.115 214
1779421018582 0.19 215
1779421018584 0.1 216
1779421018587 0.1 217
1779421018589 0.085 218
1779421018591 0.095 219
1779421018593 0.09 220
1779421018596 0.15 221
1779421018598 0.08 222
1779421018600 0.33 223
1779421018602 0.05 224
1779421018604 0.225 225
1779421018606 0.145 226
1779421018609 0.15 227
1779421018611 0.1 228
1779421018613 0.175 229
1779421018615 0.09 230
1779421018617 0.135 231
1779421018620 0.22 232
1779421018622 0.105 233
1779421018624 0.1 234
1779421018626 0.105 235
1779421018628 0.21 236
1779421018631 0.1 237
1779421018633 0.1 238
1779421018635 0.125 239
1779421018637 0.14 240
1779421018640 0.175 241
1779421018642 0.135 242
1779421018644 0.115 243
1779421018646 0.145 244
1779421018648 0.085 245
1779421018651 0.14 246
1779421018653 0.26 247
1779421018655 0.1 248
1779421018657 0.11 249
1779421018660 0.115 250
1779421018662 0.11 251
1779421018664 0.11 252
1779421018666 0.155 253
1779421018668 0.115 254
1779421018670 0.155 255
1779421018673 0.115 256
1779421018675 0.2 257
1779421018677 0.13 258
1779421018679 0.15 259
1779421018682 0.17 260
1779421018684 0.125 261
1779421018686 0.145 262
1779421018688 0.115 263
1779421018690 0.09 264
1779421018692 0.185 265
1779421018695 0.12 266
1779421018697 0.08 267
1779421018699 0.115 268
1779421018701 0.11 269
1779421018704 0.085 270
1779421018706 0.11 271
1779421018708 0.08 272
1779421018710 0.1 273
1779421018713 0.1 274
1779421018715 0.18 275
1779421018717 0.055 276
1779421018719 0.12 277
1779421018722 0.195 278
1779421018724 0.18 279
1779421018726 0.065 280
1779421018728 0.1 281
1779421018730 0.095 282
1779421018733 0.1 283
1779421018735 0.115 284
1779421018737 0.11 285
1779421018739 0.13 286
1779421018741 0.115 287
1779421018744 0.08 288
1779421018746 0.105 289
1779421018748 0.17 290
1779421018750 0.11 291
1779421018752 0.105 292
1779421018755 0.165 293
1779421018757 0.125 294
1779421018759 0.1 295
1779421018761 0.1 296
1779421018763 0.12 297
1779421018765 0.12 298
1779421018768 0.175 299
1779421018770 0.13 300
1779421018772 0.1 301
1779421018774 0.1 302
1779421018776 0.095 303
1779421018779 0.13 304
1779421018781 0.175 305
1779421018783 0.12 306
1779421018785 0.13 307
1779421018788 0.095 308
1779421018790 0.155 309
1779421018792 0.1 310
1779421018794 0.11 311
1779421018797 0.135 312
1779421018799 0.14 313
