1780119315770 0.0 0
1780119315773 0.03017104714226116 1
1780119315775 0.01379106244451021 2
1780119315778 0.10108060425886511 3
1780119315780 0.17499277647615244 4
1780119315782 0.2617690652473261 5
1780119315784 0.29421014115500543 6
1780119315786 0.3200470907464637 7
1780119315788 0.4136693809253865 8
1780119315791 0.42398560891120535 9
1780119315793 0.3719703998049574 10
1780119315795 0.44747274528216413 11
1780119315798 0.42257092776149036 12
1780119315800 0.502565265584548 13
1780119315802 0.5964986494722921 14
1780119315804 0.5609146388116246 15
1780119315806 0.5359522631630221 16
1780119315809 0.6504934168660877 17
1780119315811 0.6069639356664362 18
1780119315813 0.5939143102782429 19
1780119315817 0.656779448315423 20
1780119315820 0.6557010696361981 21
1780119315822 0.6556468182730113 22
1780119315824 0.6520124607331603 23
1780119315826 0.7125485203211674 24
1780119315828 0.6977453793579215 25
1780119315831 0.6790994157995389 26
1780119315834 0.6953000428827669 27
1780119315837 0.6237235139209101 28
1780119315839 0.6706335748839879 29
1780119315841 0.6608434231773594 30
1780119315843 0.7576603216267299 31
1780119315845 0.6444107623597702 32
1780119315847 0.6994728928473665 33
1780119315849 0.6843917796243377 34
1780119315851 0.6856245471196016 35
1780119315853 0.6777676234001468 36
1780119315855 0.7603088480028953 37
1780119315857 0.7002763821555196 38
1780119315859 0.7072412752310886 39
1780119315860 0.7051909342995027 40
1780119315862 0.7017191335729059 41
1780119315864 0.6928003705327452 42
1780119315866 0.6813120621625469 43
1780119315868 0.7135003243214788 44
1780119315870 0.7200309643191736 45
1780119315872 0.7246625062078215 46
1780119315874 0.7225468388110812 47
1780119315876 0.7269824458534414 48
1780119315878 0.7132886194485775 49
1780119315880 0.7343781708784813 50
1780119315882 0.759223220689875 51
1780119315884 0.7427907942146136 52
1780119315886 0.7605996662859601 53
1780119315888 0.7711462148962148 54
1780119315890 0.6746353584723399 55
1780119315892 0.7695102794140022 56
1780119315894 0.7613872365753529 57
1780119315896 0.746355235854594 58
1780119315898 0.7998587641150572 59
1780119315900 0.7967852881584624 60
1780119315902 0.6681800761973199 61
1780119315904 0.7361059658792957 62
1780119315906 0.7771985303012161 63
1780119315908 0.7119332693554324 64
1780119315910 0.7600990632542002 65
1780119315912 0.7714971393480368 66
1780119315914 0.7761446847261995 67
1780119315916 0.7492524456495367 68
1780119315918 0.7310276410478636 69
1780119315920 0.7617315479810431 70
1780119315921 0.7681981560704966 71
1780119315924 0.7859024573957254 72
1780119315926 0.8009381355160178 73
1780119315928 0.7476517300152823 74
1780119315930 0.809297664045894 75
1780119315932 0.7850590538383475 76
1780119315934 0.7967315738099339 77
1780119315936 0.806331501979377 78
1780119315938 0.8416743466160741 79
1780119315940 0.761554221715512 80
1780119315942 0.7487633869548762 81
1780119315944 0.7531257148680244 82
1780119315946 0.7740031234760671 83
1780119315948 0.8170041168991823 84
1780119315950 0.7581958778919438 85
1780119315952 0.7844587716440983 86
1780119315954 0.828518756610862 87
1780119315956 0.8130653325505103 88
1780119315958 0.7608267271005152 89
1780119315960 0.7534686634004696 90
1780119315962 0.7866247646855384 91
1780119315964 0.7686211387294483 92
1780119315966 0.7983588740801327 93
1780119315968 0.7592316783317795 94
1780119315970 0.7661953294932019 95
1780119315972 0.785331695177341 96
1780119315974 0.7591332369530296 97
1780119315976 0.8062807298606401 98
1780119315978 0.8086852524144442 99
1780119315979 0.7855060870850344 100
1780119315981 0.8071226980277044 101
1780119315983 0.785766345151609 102
1780119315985 0.7836142616574009 103
1780119315987 0.8429441227484272 104
1780119315989 0.8343502189575771 105
1780119315991 0.8064333252010194 106
1780119315993 0.8126382865082554 107
1780119315995 0.8494218782713275 108
1780119315997 0.8074130322394476 109
1780119315999 0.8287235717581718 110
1780119316001 0.813439252487429 111
1780119316003 0.8081166121872136 112
1780119316005 0.8606224561401143 113
1780119316007 0.8350398941862357 114
1780119316009 0.8539658801125499 115
1780119316011 0.8058488179556857 116
1780119316013 0.855687795714586 117
1780119316015 0.7748937274877126 118
1780119316017 0.815905447645072 119
1780119316019 0.8231765703948039 120
1780119316021 0.8504699502366456 121
1780119316023 0.8361717822712966 122
1780119316025 0.8692027634858336 123
1780119316027 0.8052136481408574 124
1780119316029 0.8113178628080412 125
1780119316031 0.7926995627528072 126
1780119316033 0.7979979497787582 127
1780119316035 0.8388128196137868 128
1780119316037 0.8146717950312302 129
1780119316039 0.7793491060007115 130
1780119316041 0.8367679014946582 131
1780119316042 0.790294446049691 132
1780119316044 0.8217985085123936 133
1780119316046 0.8146837806609663 134
1780119316048 0.8210635538812688 135
1780119316050 0.843572897456081 136
1780119316052 0.830217731961709 137
1780119316054 0.8497505343999061 138
1780119316056 0.779346903422343 139
1780119316058 0.8245050488746941 140
1780119316060 0.8616495311021861 141
1780119316062 0.8441662417911664 142
1780119316064 0.819072642644676 143
1780119316066 0.8301078277088069 144
1780119316068 0.8406551676128056 145
1780119316070 0.7944867254793517 146
1780119316072 0.8392593464159575 147
1780119316074 0.8687871128050846 148
1780119316076 0.8395162510637733 149
1780119316078 0.830484001536633 150
1780119316080 0.8909570596284333 151
1780119316082 0.8572178495585783 152
1780119316084 0.8952473754912781 153
1780119316086 0.8508832054205862 154
1780119316088 0.8058730986851502 155
1780119316090 0.8334621631986276 156
1780119316092 0.7888532680468783 157
1780119316094 0.897907905103027 158
1780119316096 0.9154260403220011 159
1780119316098 0.8932383831452931 160
1780119316100 0.8738813533510073 161
1780119316102 0.8939860216689486 162
1780119316104 0.9393699380798225 163
1780119316106 0.8583932955527427 164
1780119316108 0.8949280330281615 165
1780119316110 0.8922306280183807 166
1780119316112 0.9032096501416141 167
1780119316114 0.861597161875328 168
1780119316115 0.910142137581162 169
1780119316117 0.8643566998883114 170
1780119316119 0.8990692097110582 171
1780119316121 0.8606655520680657 172
1780119316123 0.9043049140908652 173
1780119316125 0.859210251209684 174
1780119316127 0.9027243002376595 175
1780119316129 0.9100285113699748 176
1780119316131 0.8983583615387957 177
1780119316133 0.9194131588034027 178
1780119316135 0.9002457167869906 179
1780119316137 0.8988075740372962 180
1780119316139 0.9116303449066084 181
1780119316141 0.9045152117786982 182
1780119316143 0.8835673348189393 183
1780119316145 0.9153061752012406 184
1780119316147 0.9096441702012351 185
1780119316149 0.8852309566325747 186
1780119316151 0.8945261879555997 187
1780119316153 0.8845398126335224 188
1780119316155 0.8749840519018356 189
1780119316157 0.8805023923444978 190
1780119316159 0.904455275806345 191
1780119316161 0.9087195328466189 192
1780119316163 0.9158020773137052 193
1780119316165 0.9249330856625539 194
1780119316167 0.9248590519450597 195
1780119316168 0.8881347348577953 196
1780119316170 0.9240858853182345 197
1780119316172 0.9050343024540715 198
1780119316174 0.9042263833727249 199
1780119316176 0.9404989661600702 200
1780119316178 0.8994886053936119 201
1780119316180 0.9154552870384138 202
1780119316182 0.8747788733765092 203
1780119316184 0.8998019673950355 204
1780119316186 0.9346134788996837 205
1780119316188 0.9196447634422678 206
1780119316190 0.9292516398330353 207
1780119316192 0.9202375402375402 208
1780119316194 0.9299118892173495 209
1780119316196 0.8765718149062925 210
1780119316198 0.9243559496498566 211
1780119316200 0.9247051108710362 212
1780119316202 0.9101541986907842 213
1780119316204 0.9179600031925613 214
1780119316206 0.9192600949918022 215
1780119316208 0.9197300846251499 216
1780119316210 0.9348428056772089 217
1780119316212 0.9092385278392981 218
1780119316214 0.8983689660689093 219
1780119316216 0.8998237948045393 220
1780119316218 0.9338732466446888 221
1780119316220 0.9112257011125567 222
1780119316221 0.8897374851019955 223
1780119316223 0.9045419991504714 224
1780119316225 0.9146088533879977 225
1780119316227 0.9199779276664237 226
1780119316229 0.9300472829920243 227
1780119316231 0.9146766289605948 228
1780119316233 0.9252725085651916 229
1780119316235 0.9099749373433583 230
1780119316237 0.9046727836503567 231
1780119316239 0.9188470905296819 232
1780119316241 0.880216615174074 233
1780119316243 0.9349690637473126 234
1780119316245 0.8823162620133926 235
1780119316247 0.903950953328413 236
1780119316249 0.9300338404368617 237
1780119316251 0.924610163493347 238
1780119316253 0.8985285062352192 239
1780119316255 0.9449135820046648 240
1780119316257 0.9186052210420064 241
1780119316259 0.9150352428914689 242
1780119316261 0.92883805077509 243
1780119316262 0.9309561448393284 244
1780119316264 0.9249341705952745 245
1780119316266 0.9305492802688073 246
1780119316268 0.9199404689827713 247
1780119316270 0.9099801314159844 248
1780119316272 0.9092785453761063 249
1780119316274 0.9400781268367918 250
1780119316276 0.9255182771870833 251
1780119316278 0.9246867167919799 252
1780119316280 0.9498364109147165 253
1780119316282 0.8786567078306637 254
1780119316284 0.8685382118950796 255
1780119316286 0.9242455164191439 256
1780119316288 0.9199024296200162 257
1780119316290 0.9356822906822906 258
1780119316292 0.9202029743493159 259
1780119316294 0.9298440989904405 260
1780119316296 0.9197963139092197 261
1780119316298 0.9141788277218843 262
1780119316300 0.9300461442608501 263
1780119316302 0.9154473616958319 264
1780119316304 0.9440108320596126 265
1780119316306 0.8782589283272928 266
1780119316308 0.9499785580273384 267
1780119316310 0.9303812434791329 268
1780119316312 0.9246459500438962 269
1780119316314 0.940880440226592 270
1780119316316 0.9406380084043755 271
1780119316318 0.91519234295871 272
1780119316320 0.9351940570403418 273
1780119316322 0.914674924641489 274
1780119316323 0.9199422742426595 275
1780119316325 0.9649008683668503 276
1780119316327 0.9345871701634906 277
1780119316329 0.9700516617255429 278
1780119316331 0.9355902403812664 279
1780119316333 0.9248105128010208 280
1780119316335 0.949831097443421 281
1780119316337 0.9448325156669186 282
1780119316339 0.9091106379796411 283
1780119316341 0.890158230898745 284
1780119316343 0.9350749280196693 285
1780119316345 0.9555685966519774 286
1780119316347 0.9106815210763324 287
1780119316349 0.9449812382739212 288
1780119316351 0.914798840440689 289
1780119316353 0.92473923037884 290
1780119316355 0.905097553376056 291
1780119316357 0.9295666877695119 292
1780119316359 0.9501031894934332 293
1780119316360 0.926805910095452 294
1780119316362 0.9349225120961396 295
1780119316364 0.9601156973108192 296
1780119316366 0.9499203296429913 297
1780119316368 0.9347279549718575 298
1780119316370 0.9284821115308919 299
1780119316372 0.8899107246059212 300
1780119316374 0.8685397324963555 301
1780119316376 0.9297586208561818 302
1780119316378 0.9550422808625036 303
1780119316380 0.9503951854635497 304
1780119316382 0.9599525549332995 305
1780119316384 0.9254204481868153 306
1780119316386 0.9159598635721871 307
1780119316388 0.934981628428355 308
1780119316390 0.9355516370663997 309
1780119316392 0.9346952042394919 310
1780119316394 0.9445710665030307 311
1780119316396 0.9249539891003306 312
1780119316398 0.9645748187211602 313
