1773293024026 0.0 0
1773293024083 0.6349908747718693 1
1773293024119 0.36507936507936506 2
1773293024157 0.43259430492802353 3
1773293024205 0.5366000171629624 4
1773293024257 0.6857686264781279 5
1773293024300 0.7676767676767677 6
1773293024352 0.81998199819982 7
1773293024408 0.7149192271143491 8
1773293024444 0.7940479868190712 9
1773293024488 0.7815873015873016 10
1773293024536 0.8008120738527542 11
1773293024597 0.7013333333333334 12
1773293024631 0.8229166666666666 13
1773293024676 0.7994987468671679 14
1773293024711 0.8144386769979186 15
1773293024742 0.8191136569189026 16
1773293024766 0.784865540963102 17
1773293024807 0.8715016319292745 18
1773293024858 0.8197115384615384 19
1773293024899 0.7998198378540686 20
1773293024932 0.8541797611565054 21
1773293024966 0.8543847756772364 22
1773293025002 0.8133151694038698 23
1773293025060 0.8028261583963194 24
1773293025112 0.7837837837837838 25
1773293025143 0.7379626596790043 26
1773293025171 0.7785829307568438 27
1773293025195 0.7940479868190712 28
1773293025225 0.7355304648560675 29
1773293025289 0.8303821541466423 30
1773293025324 0.8541797611565054 31
1773293025377 0.8747463613817982 32
1773293025447 0.859873886497848 33
1773293025495 0.8046043237556051 34
1773293025521 0.6861618660070747 35
1773293025562 0.7988394584139265 36
1773293025599 0.8441231929604023 37
1773293025659 0.8590982286634461 38
1773293025704 0.7681217864704104 39
1773293025751 0.8230491165095175 40
1773293025791 0.8091553836234687 41
1773293025821 0.8637705290244456 42
1773293025852 0.7948717948717949 43
1773293025891 0.8048780487804879 44
1773293025932 0.792509596431165 45
1773293025983 0.7899159663865546 46
1773293026025 0.8142150586226808 47
1773293026061 0.8481627695110842 48
1773293026097 0.7803117480908045 49
1773293026126 0.797077922077922 50
1773293026181 0.7826032002831214 51
1773293026222 0.8282828282828283 52
1773293026299 0.7845637415766928 53
1773293026337 0.7840684660961159 54
1773293026380 0.757153415690001 55
1773293026413 0.8248905565978737 56
1773293026447 0.8173229990344215 57
1773293026500 0.8699869986998701 58
1773293026561 0.8541797611565054 59
1773293026618 0.84998499849985 60
1773293026648 0.8446854881134297 61
1773293026684 0.8748466871918099 62
1773293026722 0.7938403519798869 63
1773293026759 0.819471308833011 64
1773293026793 0.8348968105065666 65
1773293026828 0.8120634920634922 66
1773293026868 0.8342999171499585 67
1773293026903 0.894681411269089 68
1773293026950 0.8297872340425532 69
1773293026983 0.8035808717987459 70
1773293027029 0.7552019583843329 71
1773293027065 0.7340153452685422 72
1773293027092 0.7493734335839599 73
1773293027138 0.6724533245987554 74
1773293027202 0.8201022847009842 75
1773293027243 0.7949538646195394 76
1773293027274 0.7995425458096682 77
1773293027318 0.8624939522803086 78
1773293027375 0.8579545454545454 79
1773293027423 0.8146431881371641 80
1773293027459 0.8448098921178444 81
1773293027496 0.9048834822657756 82
1773293027544 0.8543847756772364 83
1773293027588 0.8779371376258773 84
1773293027614 0.8588567395906845 85
1773293027648 0.8148843026891808 86
1773293027692 0.7797074720151643 87
1773293027724 0.8303821541466423 88
1773293027755 0.8217514196226223 89
1773293027794 0.8849280800500312 90
1773293027836 0.813953488372093 91
1773293027885 0.7975503593481121 92
1773293027928 0.7877758913412564 93
1773293027959 0.8314563701830997 94
1773293028017 0.7960016319869441 95
1773293028058 0.806201550387597 96
1773293028097 0.8346651970239736 97
1773293028145 0.8642363293526085 98
1773293028178 0.8492613807657522 99
1773293028207 0.8490338164251208 100
1773293028248 0.8142150586226808 101
1773293028302 0.7936016511867905 102
1773293028331 0.8693598633303186 103
1773293028386 0.8380402874784898 104
1773293028421 0.8642363293526085 105
1773293028461 0.8337991992143234 106
1773293028497 0.8649696181640869 107
1773293028548 0.8594941790445605 108
1773293028579 0.891279024617535 109
1773293028608 0.8249606161386311 110
1773293028644 0.8392121394834691 111
1773293028670 0.854967367657723 112
1773293028709 0.8337991992143234 113
1773293028750 0.8435883851762154 114
1773293028787 0.8492613807657522 115
1773293028822 0.8084484323016433 116
1773293028868 0.8090644156366193 117
1773293028919 0.8289049919484701 118
1773293028963 0.806201550387597 119
1773293029008 0.8644272049408752 120
1773293029079 0.8849971249281232 121
1773293029117 0.8249407887962105 122
1773293029159 0.8197115384615384 123
1773293029218 0.8596491228070176 124
1773293029273 0.8246449059345173 125
1773293029302 0.8849741191768148 126
1773293029368 0.871050934880722 127
1773293029408 0.9099639855942376 128
1773293029462 0.8536794571003304 129
1773293029513 0.8899559823929573 130
1773293029567 0.8596491228070176 131
1773293029609 0.8799519807923168 132
1773293029641 0.8518859010699966 133
1773293029678 0.8947869435607105 134
1773293029739 0.8897243107769424 135
1773293029779 0.8590777421122681 136
1773293029820 0.8899889988998899 137
1773293029869 0.8894583458948849 138
1773293029918 0.8435883851762154 139
1773293029944 0.8116957840778325 140
1773293029997 0.8028261583963194 141
1773293030044 0.8266013871889024 142
1773293030094 0.8185300937594515 143
1773293030152 0.8248905565978737 144
1773293030193 0.7312939231087227 145
1773293030240 0.7195099362282025 146
1773293030280 0.8125 147
1773293030306 0.8198378540686617 148
1773293030347 0.8933333333333333 149
1773293030378 0.8270776116366596 150
1773293030412 0.843871975019516 151
1773293030484 0.853056674520534 152
1773293030520 0.83998399839984 153
1773293030558 0.8484848484848485 154
1773293030598 0.8398558702832549 155
1773293030644 0.8742928975487115 156
1773293030689 0.8892914653784219 157
1773293030731 0.8933333333333333 158
1773293030794 0.8726655348047538 159
1773293030854 0.8999599839935974 160
1773293030906 0.8490338164251208 161
1773293030963 0.7802197802197802 162
1773293031010 0.889823717948718 163
1773293031048 0.9096748293857888 164
1773293031102 0.8749718686704508 165
1773293031175 0.8899559823929573 166
1773293031202 0.8916827852998066 167
1773293031244 0.8494580489763148 168
1773293031285 0.8628571428571429 169
1773293031332 0.8523083191158871 170
1773293031390 0.8798919027124412 171
1773293031440 0.81998199819982 172
1773293031483 0.8046043237556051 173
1773293031531 0.8411844565690719 174
1773293031574 0.843871975019516 175
1773293031608 0.8602158887939737 176
1773293031647 0.8624939522803086 177
1773293031695 0.8348968105065666 178
1773293031782 0.797077922077922 179
1773293031812 0.8492613807657522 180
1773293031867 0.8896025692492975 181
1773293031912 0.8686868686868687 182
1773293031958 0.8749968749218731 183
1773293032002 0.8612217624836165 184
1773293032048 0.8499399759903962 185
1773293032081 0.8492684321318121 186
1773293032131 0.8695303091128062 187
1773293032181 0.8348968105065666 188
1773293032225 0.8474214220323466 189
1773293032259 0.8395071315782662 190
1773293032316 0.8526984126984127 191
1773293032358 0.8891017239641092 192
1773293032423 0.9194847020933977 193
1773293032466 0.853056674520534 194
1773293032497 0.8340666247642992 195
1773293032550 0.8478084415584416 196
1773293032585 0.839421918908069 197
1773293032624 0.81998199819982 198
