1780292870598 0.0 0
1780292870599 0.03183301311221222 1
1780292870601 0.0983990147783251 2
1780292870602 0.12748750132964576 3
1780292870604 0.3678938780546065 4
1780292870605 0.3973663003663004 5
1780292870607 0.3611931238001326 6
1780292870608 0.5088789682539683 7
1780292870617 0.4920035218705513 8
1780292870618 0.6098571706042081 9
1780292870620 0.6714108001873421 10
1780292870621 0.48727383362251786 11
1780292870623 0.6633451861951332 12
1780292870624 0.7161050986050985 13
1780292870626 0.5999481183304713 14
1780292870627 0.6894332592670189 15
1780292870629 0.7292488188140362 16
1780292870630 0.733307635453977 17
1780292870632 0.7238847458644377 18
1780292870633 0.7609745377937598 19
1780292870635 0.6634343603895656 20
1780292870636 0.7698492336217099 21
1780292870638 0.7700719894535093 22
1780292870639 0.8085995725407489 23
1780292870641 0.8473669403796447 24
1780292870642 0.7919268230257341 25
1780292870644 0.823319292670955 26
1780292870645 0.8756807770795184 27
1780292870647 0.8266743091859945 28
1780292870648 0.8747635392829901 29
1780292870650 0.8808690844758955 30
1780292870651 0.8267727113482632 31
1780292870653 0.8689302059496568 32
1780292870654 0.8237021475256769 33
1780292870656 0.8297817967766816 34
1780292870657 0.777669954744258 35
1780292870659 0.8410937411401808 36
1780292870660 0.776509761196462 37
1780292870662 0.8372226139873199 38
1780292870663 0.8467386759155504 39
1780292870665 0.7842243235967156 40
1780292870666 0.8485250661529433 41
1780292870668 0.8076808182071341 42
1780292870669 0.8630216640085061 43
1780292870670 0.8582872860676064 44
1780292870672 0.8604533071809961 45
1780292870673 0.8862280366692132 46
1780292870675 0.8813602187286398 47
1780292870676 0.8896540263702736 48
1780292870678 0.8992784992784995 49
1780292870679 0.8085997515294864 50
1780292870681 0.8023558965226755 51
1780292870682 0.7999195161563584 52
1780292870684 0.7766450350475118 53
1780292870685 0.8215181811577692 54
1780292870687 0.8057954806058522 55
1780292870688 0.8257176455631834 56
1780292870690 0.8124132873453105 57
1780292870691 0.8900299193784186 58
1780292870693 0.8434113843859435 59
1780292870694 0.8808034496650057 60
1780292870696 0.8511432603344368 61
1780292870697 0.8058940376303075 62
1780292870699 0.7707019245692015 63
1780292870700 0.7984664972708451 64
1780292870702 0.8361899624283525 65
1780292870703 0.8374799462999422 66
1780292870705 0.8540949293523663 67
1780292870706 0.8475272667835597 68
1780292870708 0.8330499287434272 69
1780292870709 0.8072322379128476 70
1780292870711 0.7898798658566124 71
1780292870712 0.85942485908447 72
1780292870714 0.8558739462292093 73
1780292870715 0.8469537407037407 74
1780292870717 0.8354012392835923 75
1780292870718 0.8844991266043898 76
1780292870719 0.8583472435717017 77
1780292870721 0.8032128724388785 78
1780292870722 0.8601929422001099 79
1780292870724 0.8922499988831258 80
1780292870725 0.8150346716593857 81
1780292870727 0.7742158385093167 82
1780292870728 0.8225774581380989 83
1780292870730 0.799228764628381 84
1780292870731 0.8597385674330754 85
1780292870733 0.8605453026505658 86
1780292870734 0.8631954547299816 87
1780292870736 0.8249252123865128 88
1780292870737 0.8431316753422017 89
1780292870739 0.8158206684657081 90
1780292870740 0.8753442643266307 91
1780292870742 0.8596380484952298 92
1780292870743 0.8704220779220779 93
1780292870745 0.8134061107974151 94
1780292870746 0.846032974593346 95
1780292870748 0.8101452131459872 96
1780292870749 0.8748123272608398 97
1780292870751 0.8228127116597974 98
1780292870752 0.8362100904434999 99
1780292870754 0.8366835941835943 100
1780292870755 0.8529326513213981 101
1780292870757 0.8471164274322168 102
1780292870758 0.8176451472504105 103
1780292870760 0.8336630112831486 104
1780292870761 0.8826604054700029 105
1780292870762 0.792170130239184 106
1780292870764 0.8257120504767563 107
1780292870765 0.8373733566653205 108
1780292870767 0.8518295320240401 109
1780292870768 0.8567004253056885 110
1780292870770 0.8210829725829726 111
1780292870771 0.8106141844873841 112
1780292870773 0.8241792624300365 113
1780292870774 0.8412314780984858 114
1780292870776 0.8231910212250769 115
1780292870777 0.8856920375805825 116
1780292870779 0.8311840924775706 117
1780292870780 0.8732838684326099 118
1780292870782 0.8683600928294023 119
1780292870783 0.8234020327498588 120
1780292870785 0.8321512113617378 121
1780292870787 0.8671356633076919 122
1780292870788 0.8421948274837291 123
1780292870790 0.8227561327561327 124
1780292870791 0.8455598878619475 125
1780292870793 0.816072815437804 126
1780292870794 0.8030752701404875 127
1780292870796 0.8257054731474236 128
1780292870797 0.8227051233155352 129
1780292870799 0.8213666325000286 130
1780292870800 0.8428000161995316 131
1780292870802 0.8122104493971503 132
1780292870803 0.8347735688131432 133
1780292870805 0.8673809523809524 134
1780292870806 0.8344023421725669 135
1780292870808 0.8104459979678719 136
1780292870809 0.8211302896213383 137
1780292870811 0.8205788105942904 138
1780292870812 0.8297605921919423 139
1780292870814 0.8118830311564865 140
1780292870815 0.8105433420507792 141
1780292870816 0.8200764633916806 142
1780292870818 0.8570676691729322 143
1780292870819 0.8409744965179747 144
1780292870821 0.9018824409127613 145
1780292870822 0.808890178878569 146
1780292870824 0.8642805543269938 147
1780292870825 0.83553829099663 148
1780292870827 0.8124527749176087 149
1780292870828 0.8641913578412433 150
1780292870830 0.8022163859532281 151
1780292870831 0.820383154856839 152
1780292870833 0.8362030075187971 153
1780292870834 0.8153059196079789 154
1780292870836 0.7989215669278599 155
1780292870837 0.7929221645825495 156
1780292870839 0.8950983519404572 157
1780292870840 0.8964766989938614 158
1780292870842 0.8529585326953748 159
1780292870843 0.8637156240694738 160
1780292870844 0.9088323767735533 161
1780292870846 0.8844979203802732 162
1780292870847 0.8572449394430818 163
1780292870849 0.8621892029539089 164
1780292870850 0.8781718537217257 165
1780292870852 0.9031389268626112 166
1780292870853 0.864587851089399 167
1780292870855 0.9056011198945981 168
1780292870856 0.8768304897716662 169
1780292870858 0.911716724967499 170
1780292870859 0.9187751240847215 171
1780292870861 0.8922343738133212 172
1780292870862 0.8808656022340233 173
1780292870864 0.9285444837389918 174
1780292870865 0.9021515813870101 175
1780292870867 0.8923745861981157 176
1780292870868 0.903276125095347 177
1780292870870 0.9138652708847216 178
1780292870871 0.9243579303991204 179
1780292870873 0.9572943722943721 180
1780292870874 0.9361587301587301 181
1780292870876 0.9090276493372469 182
1780292870877 0.9229710305174701 183
1780292870879 0.869380630138471 184
1780292870880 0.9415732513100934 185
1780292870882 0.9027114393361533 186
1780292870883 0.9089018072570703 187
1780292870884 0.8635959350247276 188
1780292870886 0.9024112554112553 189
1780292870887 0.9076122123490544 190
1780292870889 0.9245386192754614 191
1780292870890 0.9254694428378638 192
1780292870892 0.929563681932103 193
1780292870893 0.8786447664149912 194
1780292870895 0.9169923821411234 195
1780292870896 0.9046829194197616 196
1780292870898 0.9678405499915798 197
1780292870899 0.9257567448031845 198
1780292870901 0.9334199134199135 199
1780292870902 0.9127886663298563 200
1780292870904 0.9369924812030075 201
1780292870905 0.9169051416419839 202
1780292870907 0.96375588179936 203
1780292870908 0.9127032502204125 204
1780292870910 0.9163072371310358 205
1780292870911 0.9157517223656677 206
1780292870913 0.9272276949057134 207
1780292870914 0.9314654952890248 208
1780292870915 0.9308021569074201 209
1780292870917 0.9314918518014494 210
1780292870918 0.9324572795625429 211
1780292870920 0.8920810189944662 212
1780292870921 0.9134618877181808 213
1780292870923 0.9114221158958001 214
1780292870924 0.8941338854382332 215
1780292870926 0.9425293305728089 216
1780292870927 0.925173919647604 217
1780292870929 0.9013817151574589 218
1780292870930 0.9501378446115287 219
1780292870932 0.9183683264582443 220
1780292870933 0.9037559808612441 221
1780292870935 0.9615766689450899 222
1780292870936 0.9165707087217385 223
1780292870938 0.9091595337254242 224
1780292870939 0.9121538695222906 225
1780292870941 0.9011203811668208 226
1780292870942 0.9438744588744589 227
1780292870943 0.9056731997979138 228
1780292870945 0.9354166666666666 229
1780292870946 0.9223809523809525 230
1780292870948 0.9319810890863522 231
1780292870949 0.9151136363636363 232
1780292870951 0.9313135110503531 233
1780292870952 0.9280968726163235 234
1780292870954 0.8763824333561174 235
1780292870955 0.9342606516290728 236
1780292870957 0.9471444916639424 237
1780292870958 0.9389083710594008 238
1780292870960 0.9142277873634719 239
1780292870961 0.9101515151515152 240
1780292870963 0.9313283208020049 241
1780292870964 0.935689223057644 242
1780292870966 0.9183321899940893 243
1780292870967 0.9383189033189033 244
1780292870969 0.9376881675629825 245
1780292870970 0.9232494279176201 246
1780292870972 0.9047812713602186 247
1780292870973 0.8927288577174162 248
1780292870974 0.9520528594212804 249
1780292870976 0.9047283130712934 250
1780292870977 0.9216232688207382 251
1780292870979 0.9234848484848486 252
1780292870980 0.9158287021902582 253
1780292870982 0.9268898851406592 254
1780292870983 0.9211255411255411 255
1780292870985 0.9249065846434268 256
1780292870986 0.8968436242120452 257
1780292870988 0.9548836926074777 258
1780292870989 0.8985040577495822 259
1780292870991 0.9094272557507852 260
1780292870992 0.9213524955436722 261
1780292870994 0.9509744057112476 262
1780292870995 0.9097190852625635 263
1780292870997 0.9283454344222953 264
1780292870998 0.9077179356591121 265
1780292871000 0.9212543669780511 266
1780292871001 0.9154417499612008 267
1780292871003 0.9423125996810209 268
1780292871004 0.9291266704310182 269
1780292871005 0.9269047619047619 270
1780292871007 0.9326822403602589 271
1780292871008 0.905590606952163 272
1780292871010 0.9460719981772614 273
1780292871011 0.9237447786131996 274
1780292871013 0.9224572795625428 275
1780292871014 0.9233838383838384 276
1780292871016 0.9423187052598816 277
1780292871017 0.9470468991979291 278
1780292871019 0.9240939767719955 279
1780292871020 0.8947623505403826 280
1780292871022 0.8846897546897546 281
1780292871023 0.9034030068583844 282
1780292871024 0.9337678682873192 283
1780292871026 0.9205191214201512 284
1780292871027 0.9427238550922761 285
1780292871029 0.9111761122173021 286
1780292871030 0.9221805667000176 287
1780292871032 0.936671759612936 288
1780292871033 0.9372909546593757 289
1780292871035 0.9164552686062984 290
1780292871036 0.9110930065806228 291
1780292871038 0.9462422360248446 292
1780292871039 0.9189846399692947 293
1780292871041 0.9365766689450901 294
1780292871042 0.9232700327894836 295
1780292871043 0.9121110077759693 296
1780292871045 0.9422891715454644 297
1780292871046 0.9602830605926581 298
1780292871048 0.9064203121439964 299
1780292871049 0.9223647800427986 300
1780292871051 0.9467837413031921 301
1780292871052 0.9248498056736043 302
1780292871054 0.9162698412698413 303
1780292871055 0.9277938831034807 304
1780292871057 0.9191338854382332 305
1780292871058 0.9092898913951547 306
1780292871060 0.8976343264578558 307
1780292871061 0.9132170259408111 308
1780292871063 0.9315914786967419 309
1780292871065 0.9101127819548873 310
1780292871067 0.9080629604313815 311
1780292871069 0.958579898362507 312
1780292871070 0.9189472693591687 313
