1780551427078 0.0 0
1780551427081 0.5 1
1780551427084 0.5 2
1780551427086 0.4816439246263808 3
1780551427088 0.5 4
1780551427091 0.5 5
1780551427093 0.5 6
1780551427095 0.509714922758401 7
1780551427098 0.5531842818428184 8
1780551427100 0.5 9
1780551427102 0.5 10
1780551427105 0.5 11
1780551427107 0.5524450744153083 12
1780551427109 0.5116938341601701 13
1780551427112 0.5 14
1780551427114 0.5 15
1780551427116 0.5983253191842148 16
1780551427119 0.5 17
1780551427121 0.5 18
1780551427123 0.5 19
1780551427126 0.509714922758401 20
1780551427128 0.5 21
1780551427130 0.5 22
1780551427133 0.5329004329004329 23
1780551427135 0.5634408602150538 24
1780551427137 0.6517480409885473 25
1780551427140 0.5386904761904762 26
1780551427142 0.5 27
1780551427144 0.5 28
1780551427147 0.5 29
1780551427149 0.5 30
1780551427151 0.6414605243667605 31
1780551427154 0.5735930735930735 32
1780551427156 0.5 33
1780551427158 0.6151761517615176 34
1780551427161 0.5491039426523298 35
1780551427163 0.5555555555555556 36
1780551427166 0.5111111111111111 37
1780551427168 0.5 38
1780551427170 0.5 39
1780551427172 0.6023501599221249 40
1780551427175 0.5 41
1780551427177 0.5433269145311805 42
1780551427180 0.616017316017316 43
1780551427182 0.6151681232410013 44
1780551427184 0.5322503583373148 45
1780551427186 0.5233792074282873 46
1780551427189 0.524390243902439 47
1780551427191 0.5 48
1780551427193 0.671875 49
1780551427196 0.568089430894309 50
1780551427198 0.5 51
1780551427200 0.7896103896103897 52
1780551427203 0.5112554112554112 53
1780551427205 0.5151515151515151 54
1780551427207 0.7001205545509344 55
1780551427210 0.5 56
1780551427212 0.6468750000000001 57
1780551427214 0.5 58
1780551427217 0.5646888042097623 59
1780551427219 0.5741869918699187 60
1780551427221 0.5 61
1780551427224 0.603949381170908 62
1780551427226 0.5460704607046071 63
1780551427228 0.5 64
1780551427231 0.6198036508666973 65
1780551427233 0.6249319542732716 66
1780551427235 0.5 67
1780551427237 0.5 68
1780551427240 0.5 69
1780551427242 0.6897496667160421 70
1780551427245 0.5707118967988534 71
1780551427247 0.5 72
1780551427249 0.5981359649122807 73
1780551427252 0.5495451591942819 74
1780551427254 0.5 75
1780551427256 0.5113636363636364 76
1780551427259 0.590539894887721 77
1780551427261 0.5625 78
1780551427263 0.5474744482298919 79
1780551427266 0.5 80
1780551427268 0.5322503583373148 81
1780551427270 0.5119047619047619 82
1780551427272 0.6889349725966524 83
1780551427275 0.5 84
1780551427277 0.5512820512820513 85
1780551427279 0.5 86
1780551427282 0.5 87
1780551427284 0.5 88
1780551427286 0.5 89
1780551427289 0.5 90
1780551427291 0.603125 91
1780551427293 0.5483870967741935 92
1780551427296 0.7795698924731183 93
1780551427298 0.6443452380952381 94
1780551427300 0.6468531468531469 95
1780551427303 0.6266479040142201 96
1780551427305 0.6351254480286739 97
1780551427307 0.5 98
1780551427309 0.6868678494445366 99
1780551427312 0.5360172437769434 100
1780551427314 0.6617579383341003 101
1780551427317 0.5483870967741935 102
1780551427319 0.5 103
1780551427321 0.5 104
1780551427324 0.5106382978723404 105
1780551427326 0.6317088708393056 106
1780551427328 0.6911764705882353 107
1780551427331 0.5 108
1780551427333 0.5 109
1780551427335 0.5 110
1780551427337 0.5104166666666666 111
1780551427340 0.5 112
1780551427342 0.5540540540540541 113
1780551427344 0.7152273737224115 114
1780551427347 0.5 115
1780551427349 0.6025641025641025 116
1780551427351 0.5 117
1780551427354 0.5 118
1780551427356 0.5138888888888888 119
1780551427358 0.7001299545159194 120
1780551427361 0.509714922758401 121
1780551427363 0.5128205128205128 122
1780551427365 0.5518054799491925 123
1780551427368 0.6009485094850948 124
1780551427370 0.5993589743589743 125
1780551427372 0.5816326530612245 126
1780551427375 0.50625 127
1780551427377 0.7069783197831978 128
1780551427379 0.524390243902439 129
1780551427382 0.7176256010611839 130
1780551427393 0.5 131
1780551427396 0.5428571428571428 132
1780551427398 0.49696969696969695 133
1780551427400 0.5 134
1780551427403 0.5106382978723404 135
1780551427405 0.6457203134418324 136
1780551427407 0.5 137
1780551427410 0.5 138
1780551427412 0.6496257365822583 139
1780551427414 0.587915078933043 140
1780551427417 0.5 141
1780551427419 0.515625 142
1780551427421 0.553125 143
1780551427424 0.6731182795698925 144
1780551427426 0.5 145
1780551427428 0.55625 146
1780551427431 0.6356107660455487 147
1780551427433 0.5168863872018961 148
1780551427435 0.5125 149
1780551427438 0.4847560975609756 150
1780551427440 0.4902597402597403 151
1780551427443 0.4937888198757764 152
1780551427445 0.5 153
1780551427447 0.5106382978723404 154
1780551427450 0.6187459389213775 155
1780551427452 0.5 156
1780551427454 0.6225198412698413 157
1780551427457 0.557347670250896 158
1780551427459 0.5164502164502164 159
1780551427461 0.5 160
1780551427464 0.5 161
1780551427466 0.5 162
1780551427468 0.6207595621029869 163
1780551427471 0.6558521245589815 164
1780551427473 0.5578913839783405 165
1780551427475 0.5116279069767442 166
1780551427478 0.5087719298245614 167
1780551427480 0.5180652680652681 168
1780551427482 0.5104460288509368 169
1780551427485 0.6185340713876694 170
1780551427487 0.5 171
1780551427489 0.5166666666666667 172
1780551427492 0.5293851717902351 173
1780551427494 0.5 174
1780551427496 0.5 175
1780551427499 0.5306577480490524 176
1780551427501 0.5120431893687708 177
1780551427503 0.5 178
1780551427506 0.5 179
1780551427508 0.5 180
1780551427510 0.5754783841247342 181
1780551427513 0.4968944099378882 182
1780551427515 0.6290001658099817 183
1780551427518 0.5119047619047619 184
1780551427520 0.5609969740404523 185
1780551427522 0.5217391304347826 186
1780551427525 0.6550084368768216 187
1780551427527 0.6396172927002126 188
1780551427529 0.5416666666666666 189
1780551427532 0.6333333333333333 190
1780551427534 0.5 191
1780551427537 0.6337628470624329 192
1780551427539 0.5900431094423585 193
1780551427542 0.5 194
1780551427544 0.5238095238095238 195
1780551427546 0.5572696108086308 196
1780551427549 0.5480831708901884 197
1780551427551 0.5302960576775579 198
1780551427553 0.5 199
1780551427556 0.609375 200
1780551427558 0.7142857142857143 201
1780551427560 0.5195221445221445 202
1780551427563 0.5285087719298246 203
1780551427570 0.5116279069767442 204
1780551427572 0.5 205
1780551427574 0.5 206
1780551427577 0.5635152696556205 207
1780551427579 0.5398268398268398 208
1780551427581 0.5119047619047619 209
1780551427584 0.7027027027027027 210
1780551427586 0.653125 211
1780551427588 0.6959656389016721 212
1780551427591 0.5961422543701025 213
1780551427593 0.6775503573749189 214
1780551427595 0.607707509881423 215
1780551427598 0.5512820512820513 216
1780551427600 0.5535714285714286 217
1780551427602 0.5 218
1780551427604 0.5488001613228474 219
1780551427607 0.7415022384347538 220
1780551427609 0.6029622551361682 221
1780551427611 0.5663956639566395 222
1780551427614 0.5829878958713315 223
1780551427616 0.5104166666666666 224
1780551427618 0.5637254901960784 225
1780551427621 0.5108695652173914 226
1780551427623 0.690040650406504 227
1780551427625 0.5 228
1780551427628 0.5375 229
1780551427630 0.5571428571428572 230
1780551427632 0.5454545454545454 231
1780551427635 0.5789473684210527 232
1780551427637 0.6705685618729097 233
1780551427639 0.5222222222222223 234
1780551427642 0.6125 235
1780551427644 0.5 236
1780551427646 0.5967741935483871 237
1780551427649 0.5121951219512195 238
1780551427651 0.5 239
1780551427653 0.6853044945543795 240
1780551427656 0.5163572060123784 241
1780551427658 0.5125 242
1780551427660 0.6050406234455314 243
1780551427663 0.5707118967988534 244
1780551427665 0.6137254901960785 245
1780551427667 0.5 246
1780551427670 0.6254061078622482 247
1780551427672 0.5 248
1780551427675 0.5111111111111111 249
1780551427677 0.571875 250
1780551427679 0.5 251
1780551427682 0.5142857142857142 252
1780551427684 0.6977094635322484 253
1780551427686 0.63125 254
1780551427689 0.66875 255
1780551427691 0.5119047619047619 256
1780551427693 0.6301169590643274 257
1780551427696 0.5200711005776922 258
1780551427698 0.58125 259
1780551427700 0.6288377192982456 260
1780551427703 0.5826839826839827 261
1780551427705 0.5656249999999999 262
1780551427707 0.6986781334607421 263
1780551427710 0.55420054200542 264
1780551427712 0.6274735388863323 265
1780551427714 0.6158264630355453 266
1780551427716 0.5308857808857809 267
1780551427719 0.6555153707052441 268
1780551427721 0.5941734417344173 269
1780551427723 0.6222222222222222 270
1780551427726 0.6755575647980712 271
1780551427728 0.6545674531155474 272
1780551427731 0.5465116279069767 273
1780551427733 0.604020979020979 274
1780551427735 0.575 275
1780551427738 0.571875 276
1780551427741 0.5316990075544363 277
1780551427743 0.606604971874433 278
1780551427745 0.5645007166746296 279
1780551427748 0.5 280
1780551427750 0.5968161143599741 281
1780551427752 0.5108695652173914 282
1780551427755 0.5385579937304075 283
1780551427757 0.5263157894736842 284
1780551427759 0.5157706093189964 285
1780551427762 0.5616487455197132 286
1780551427764 0.7060041407867494 287
1780551427766 0.5256410256410257 288
1780551427769 0.5 289
1780551427771 0.6867383512544802 290
1780551427773 0.5434782608695652 291
1780551427776 0.6634615384615384 292
1780551427778 0.5131578947368421 293
1780551427780 0.5126488095238095 294
1780551427783 0.525 295
1780551427785 0.5192307692307693 296
1780551427787 0.6062500000000001 297
1780551427790 0.5614325982424142 298
