1780525544654 0.0 0
1780525544656 0.39896036387264455 1
1780525544658 0.631947000368053 2
1780525544659 0.7597838054248824 3
1780525544661 0.7224565317950532 4
1780525544662 0.7099709970997099 5
1780525544664 0.6578053576444751 6
1780525544666 0.780742800609642 7
1780525544667 0.5655080213903744 8
1780525544669 0.7883234646299951 9
1780525544670 0.7465574047478246 10
1780525544672 0.7829681686647375 11
1780525544673 0.40640124067488437 12
1780525544675 0.7816355497325036 13
1780525544676 0.7988394584139265 14
1780525544678 0.6481209079634276 15
1780525544680 0.5430694685044313 16
1780525544681 0.733404425486537 17
1780525544683 0.6945041927740889 18
1780525544684 0.8125205847330952 19
1780525544686 0.8236331569664903 20
1780525544688 0.8253084397860029 21
1780525544689 0.7795165497028851 22
1780525544691 0.7423629002576371 23
1780525544692 0.5337995337995338 24
1780525544694 0.7549019607843137 25
1780525544695 0.8457405782068672 26
1780525544697 0.7994652406417113 27
1780525544699 0.6011898924520284 28
1780525544700 0.740535440500059 29
1780525544702 0.794377993430126 30
1780525544703 0.7936016511867905 31
1780525544705 0.8340524394291404 32
1780525544706 0.34203430050695716 33
1780525544708 0.8248905565978737 34
1780525544710 0.7215557332859386 35
1780525544711 0.7219325686478971 36
1780525544713 0.8328877005347594 37
1780525544714 0.7614545454545455 38
1780525544716 0.8279259526518832 39
1780525544717 0.8518859010699966 40
1780525544719 0.8556111125965935 41
1780525544721 0.5551215277777778 42
1780525544722 0.7085964060223409 43
1780525544724 0.65625 44
1780525544725 0.7844827586206897 45
1780525544727 0.841621792841305 46
1780525544729 0.8628571428571429 47
1780525544730 0.8791208791208791 48
1780525544732 0.8930508517735734 49
1780525544733 0.8535411653938697 50
1780525544735 0.37571150526972935 51
1780525544736 0.7261904761904763 52
1780525544738 0.8303821541466423 53
1780525544740 0.8755057578586991 54
1780525544742 0.8425396825396825 55
1780525544743 0.9206160196872271 56
1780525544745 0.8521803399852181 57
1780525544747 0.8776563206468257 58
1780525544748 0.6874684948079444 59
1780525544750 0.8076873099612776 60
1780525544751 0.776 61
1780525544753 0.7173035902444038 62
1780525544754 0.8744638560518883 63
1780525544756 0.6747967479674797 64
1780525544758 0.5685958574807037 65
1780525544759 0.5805626598465473 66
1780525544761 0.8681006493506493 67
1780525544762 0.8310632456973921 68
1780525544764 0.8712998712998713 69
1780525544765 0.8607350096711799 70
1780525544767 0.8096955128205128 71
1780525544769 0.8691626409017714 72
1780525544770 0.8492684321318121 73
1780525544772 0.8966014530216865 74
1780525544773 0.8323191345503719 75
1780525544775 0.8933333333333333 76
1780525544776 0.8616767847537078 77
1780525544778 0.7714285714285715 78
1780525544779 0.8274188329198576 79
1780525544781 0.8870694522868436 80
1780525544783 0.7807017543859649 81
1780525544784 0.7750281214848144 82
1780525544786 0.8201022847009842 83
1780525544787 0.8948106591865358 84
1780525544789 0.862738887129131 85
1780525544790 0.8276654411764706 86
1780525544792 0.7244419950399559 87
1780525544793 0.8858802780371408 88
1780525544795 0.8155381944444444 89
1780525544797 0.6262626262626263 90
1780525544798 0.6830048745476839 91
1780525544800 0.8695303091128062 92
1780525544801 0.7898108297467721 93
1780525544803 0.8976982097186701 94
1780525544804 0.8684077335762729 95
1780525544806 0.8411785645828199 96
1780525544808 0.8582852515436785 97
1780525544809 0.8416711356265482 98
1780525544823 0.8826666666666667 99
1780525544825 0.8276654411764706 100
1780525544828 0.634167385677308 101
1780525544830 0.8374878771198658 102
1780525544832 0.9004314636574842 103
1780525544835 0.8616767847537078 104
1780525544837 0.8764287920914426 105
1780525544839 0.864002510722879 106
1780525544841 0.8695164278817298 107
1780525544843 0.8431372549019608 108
1780525544844 0.7448405253283302 109
1780525544846 0.8539447508247086 110
1780525544848 0.808 111
1780525544849 0.8096955128205128 112
1780525544851 0.873015873015873 113
1780525544853 0.8813668600902643 114
1780525544854 0.84375 115
1780525544856 0.8270776116366596 116
1780525544857 0.8484848484848485 117
1780525544859 0.883276740237691 118
1780525544861 0.8449030644152595 119
1780525544863 0.8388731515891785 120
1780525544864 0.6697027324592133 121
1780525544866 0.847001223990208 122
1780525544868 0.8571088354370088 123
1780525544870 0.8136536476039384 124
1780525544871 0.8440285204991087 125
1780525544873 0.8736065117925125 126
1780525544875 0.8656469615543613 127
1780525544876 0.9104674127715602 128
1780525544878 0.7816355497325036 129
1780525544880 0.6904761904761905 130
1780525544882 0.8684077335762729 131
1780525544883 0.7738579828132067 132
1780525544885 0.7471554993678887 133
1780525544887 0.8782778968537482 134
1780525544888 0.9058478920389161 135
1780525544890 0.8631906969673937 136
1780525544891 0.6783898744683059 137
1780525544893 0.9146666666666667 138
1780525544894 0.8738965952080706 139
1780525544896 0.8648344221671547 140
1780525544898 0.8813668600902643 141
1780525544899 0.8839526728726759 142
1780525544901 0.8378756114605171 143
1780525544902 0.6363752352397053 144
1780525544904 0.8193496587715776 145
1780525544906 0.8770020588785796 146
1780525544907 0.9333999333999334 147
1780525544909 0.8665845648604269 148
1780525544911 0.8763141620284478 149
1780525544912 0.3656784881130246 150
1780525544914 0.48415622697126015 151
1780525544916 0.44598337950138506 152
1780525544918 0.5800176834659593 153
1780525544921 0.4350282485875706 154
1780525544923 0.5439175906267202 155
1780525544925 0.3283208020050125 156
1780525544927 0.45054945054945056 157
1780525544930 0.4969574036511156 158
1780525544932 0.441340782122905 159
1780525544934 0.4301994301994302 160
1780525544935 0.4594594594594595 161
1780525544937 0.441340782122905 162
1780525544938 0.5463618218109236 163
1780525544940 0.4444444444444444 164
1780525544941 0.43977591036414565 165
1780525544943 0.4594594594594595 166
1780525544945 0.44751381215469616 167
1780525544946 0.4490358126721763 168
1780525544948 0.5365542810798285 169
1780525544949 0.4594594594594595 170
1780525544951 0.48806869787796214 171
1780525544953 0.4490358126721763 172
1780525544954 0.4428969359331476 173
1780525544956 0.45054945054945056 174
1780525544957 0.6489262371615313 175
1780525544959 0.43820224719101125 176
1780525544961 0.5290087775636908 177
1780525544963 0.5085995085995085 178
1780525544965 0.453551912568306 179
1780525544966 0.43342776203966005 180
1780525544968 0.6324682891847071 181
1780525544970 0.5541297373715405 182
1780525544972 0.5016611295681063 183
1780525544973 0.4318181818181818 184
1780525544975 0.5056702529805176 185
1780525544977 0.43342776203966005 186
1780525544978 0.5819239101516476 187
1780525544980 0.5213895835013848 188
1780525544982 0.546485260770975 189
1780525544983 0.44751381215469616 190
1780525544985 0.441340782122905 191
1780525544986 0.4428969359331476 192
1780525544988 0.45054945054945056 193
1780525544990 0.4350282485875706 194
1780525544991 0.43977591036414565 195
1780525544998 0.43342776203966005 196
1780525545000 0.6021939605810379 197
1780525545001 0.5889328063241106 198
1780525545003 0.6106243916006119 199
1780525545004 0.2809553739786298 200
1780525545006 0.44598337950138506 201
1780525545008 0.46583284476581327 202
1780525545009 0.4444444444444444 203
1780525545011 0.6633593196314671 204
1780525545012 0.45054945054945056 205
1780525545014 0.4350282485875706 206
1780525545016 0.5056702529805176 207
1780525545017 0.49296267156219953 208
1780525545019 0.7003296373988612 209
1780525545021 0.5609849207864096 210
1780525545022 0.46583284476581327 211
1780525545024 0.647887323943662 212
1780525545025 0.47881766063584247 213
1780525545028 0.43820224719101125 214
1780525545030 0.43977591036414565 215
1780525545031 0.4444444444444444 216
1780525545034 0.4490358126721763 217
1780525545036 0.42363112391930835 218
1780525545038 0.5912970308931362 219
1780525545040 0.45799457994579945 220
1780525545042 0.5224252491694352 221
1780525545045 0.6810772501771793 222
1780525545046 0.6273712737127372 223
1780525545048 0.453551912568306 224
1780525545049 0.6342857142857143 225
1780525545051 0.45753721897414257 226
1780525545053 0.563826693806339 227
1780525545054 0.6067194786223945 228
1780525545056 0.45652173913043476 229
1780525545057 0.48927477017364657 230
1780525545059 0.453551912568306 231
1780525545061 0.5279307631785995 232
1780525545062 0.4490358126721763 233
1780525545064 0.4444444444444444 234
1780525545065 0.4520547945205479 235
1780525545067 0.6011898924520284 236
1780525545069 0.5244242136014675 237
1780525545071 0.5555555555555556 238
1780525545073 0.47659203256760685 239
1780525545074 0.616256759113902 240
1780525545076 0.46236559139784944 241
1780525545078 0.5747696669029058 242
1780525545079 0.6011396011396011 243
1780525545081 0.43977591036414565 244
1780525545082 0.5383813565631748 245
1780525545084 0.5780845036465554 246
1780525545086 0.4637385086823289 247
1780525545087 0.43342776203966005 248
1780525545089 0.511737089201878 249
1780525545091 0.6114285714285714 250
1780525545092 0.43661971830985913 251
1780525545094 0.6794871794871795 252
1780525545095 0.4637385086823289 253
1780525545097 0.5323799684628351 254
1780525545099 0.4490358126721763 255
1780525545100 0.59242507082857 256
1780525545102 0.5617731333220968 257
1780525545104 0.43820224719101125 258
1780525545105 0.42028985507246375 259
1780525545107 0.5176518883415435 260
1780525545108 0.31747516367956724 261
1780525545110 0.4810744810744811 262
1780525545112 0.597126677055224 263
1780525545113 0.4554924242424242 264
1780525545115 0.5312167057319412 265
1780525545117 0.44751381215469616 266
1780525545119 0.49296267156219953 267
1780525545120 0.5211492418196328 268
1780525545122 0.6370235934664247 269
1780525545125 0.49997092854235714 270
1780525545127 0.5076000856347678 271
1780525545129 0.5115995115995116 272
1780525545130 0.4444444444444444 273
1780525545132 0.5358090185676393 274
1780525545134 0.5085995085995085 275
1780525545135 0.6229734824682669 276
1780525545137 0.44751381215469616 277
1780525545138 0.6146435452793835 278
1780525545140 0.4444444444444444 279
1780525545141 0.4791666666666667 280
1780525545143 0.48927477017364657 281
1780525545145 0.4301994301994302 282
1780525545146 0.6370894574487389 283
1780525545148 0.5889328063241106 284
1780525545149 0.5298655897775902 285
1780525545151 0.47222222222222227 286
1780525545152 0.5290087775636908 287
1780525545154 0.4943536153716501 288
1780525545156 0.4616588419405321 289
1780525545157 0.5800176834659593 290
1780525545159 0.5618153364632238 291
1780525545160 0.5724509712798588 292
1780525545162 0.4444444444444444 293
1780525545164 0.4318181818181818 294
1780525545165 0.5718261614215371 295
1780525545167 0.43820224719101125 296
1780525545169 0.5392999606719479 297
1780525545171 0.47671376242804814 298
