1780282517854 0.0 0
1780282517857 0.19735258724428398 1
1780282517859 0.7457023700539112 2
1780282517860 0.7439180537772088 3
1780282517862 0.7241086587436333 4
1780282517864 0.692058769800882 5
1780282517866 0.7565922920892495 6
1780282517868 0.7224955220868337 7
1780282517871 0.75 8
1780282517873 0.7613860358958398 9
1780282517875 0.7419354838709677 10
1780282517877 0.8327886296268147 11
1780282517879 0.7504519874716712 12
1780282517881 0.838693416675068 13
1780282517883 0.7409523809523809 14
1780282517886 0.7545028683083244 15
1780282517888 0.7927146793397204 16
1780282517891 0.7303419264372775 17
1780282517894 0.8048780487804879 18
1780282517896 0.8487750781328763 19
1780282517898 0.7070237207987459 20
1780282517900 0.7995425458096682 21
1780282517902 0.8136536476039384 22
1780282517904 0.8240100565681961 23
1780282517907 0.849624060150376 24
1780282517909 0.8067338012409724 25
1780282517911 0.8327886296268147 26
1780282517913 0.7512437810945274 27
1780282517915 0.7749360613810742 28
1780282517917 0.6537926728908312 29
1780282517919 0.8749218261413383 30
1780282517921 0.849624060150376 31
1780282517923 0.8891017239641092 32
1780282517924 0.7446872418712923 33
1780282517926 0.859775641025641 34
1780282517928 0.6853298611111112 35
1780282517930 0.835238389455257 36
1780282517932 0.8348968105065666 37
1780282517934 0.864726070292342 38
1780282517935 0.8620543293718166 39
1780282517937 0.8441231929604023 40
1780282517939 0.8899009108197378 41
1780282517941 0.8776009791921664 42
1780282517943 0.8785302156088672 43
1780282517945 0.8490338164251208 44
1780282517948 0.854967367657723 45
1780282517951 0.8487750781328763 46
1780282517954 0.8899559823929573 47
1780282517957 0.8132586367880486 48
1780282517959 0.6579785352046232 49
1780282517961 0.8346424142207525 50
1780282517963 0.8034719947592532 51
1780282517965 0.8376623376623377 52
1780282517967 0.8090644156366193 53
1780282517969 0.8772378516624041 54
1780282517971 0.8947869435607105 55
1780282517973 0.8217514196226223 56
1780282517975 0.8448098921178444 57
1780282517977 0.8572011423908609 58
1780282517979 0.8333333333333334 59
1780282517980 0.8449961249031226 60
1780282517982 0.8642363293526085 61
1780282517984 0.7829681686647375 62
1780282517986 0.8020833333333333 63
1780282517988 0.8947869435607105 64
1780282517990 0.8845120634681529 65
1780282517992 0.8421226859514654 66
1780282517994 0.7953964194373402 67
1780282517996 0.8348968105065666 68
1780282517998 0.7442246469483824 69
1780282518000 0.7497382466355116 70
1780282518002 0.8319370527870439 71
1780282518004 0.64349376114082 72
1780282518006 0.84 73
1780282518008 0.8443423464135975 74
1780282518010 0.7519225998511536 75
1780282518011 0.808 76
1780282518013 0.8640175266299011 77
1780282518015 0.8270776116366596 78
1780282518017 0.7972920294186439 79
1780282518019 0.864726070292342 80
1780282518021 0.8596491228070176 81
1780282518023 0.7687029374726941 82
1780282518024 0.8221571294068417 83
1780282518026 0.8834587418611133 84
1780282518028 0.8429226520736743 85
1780282518030 0.8744696342045141 86
1780282518032 0.8446854881134297 87
1780282518034 0.7717605560742815 88
1780282518036 0.8372495168345031 89
1780282518038 0.8740903024350936 90
1780282518040 0.9049976249406235 91
1780282518042 0.8240100565681961 92
1780282518043 0.8579545454545454 93
1780282518045 0.8744696342045141 94
1780282518047 0.8449030644152595 95
1780282518049 0.8180825905039113 96
1780282518051 0.8056265984654731 97
1780282518053 0.8796992481203008 98
1780282518055 0.7993876042656531 99
1780282518057 0.7453156267054757 100
1780282518059 0.8533835536793144 101
1780282518061 0.8518859010699966 102
1780282518063 0.782118517392516 103
1780282518064 0.8380402874784898 104
1780282518066 0.8837179908491115 105
1780282518068 0.8244690187818149 106
1780282518070 0.8645903859174001 107
1780282518072 0.873015873015873 108
1780282518074 0.8749218261413383 109
1780282518076 0.8705641246898932 110
1780282518078 0.8588567395906845 111
1780282518080 0.816905706438816 112
1780282518082 0.7002893757751136 113
1780282518083 0.8346651970239736 114
1780282518085 0.853056674520534 115
1780282518087 0.8158567774936061 116
1780282518089 0.7907730934198138 117
1780282518091 0.8798076923076923 118
1780282518093 0.9149808706959066 119
1780282518095 0.8596491228070176 120
1780282518097 0.8891017239641092 121
1780282518099 0.8411844565690719 122
1780282518101 0.8222222222222222 123
1780282518103 0.8779371376258773 124
1780282518105 0.797077922077922 125
1780282518106 0.8206921283844362 126
1780282518108 0.8236331569664903 127
1780282518110 0.822654607179955 128
1780282518112 0.7606319317003112 129
1780282518114 0.6877563441030934 130
1780282518116 0.8165185709417839 131
1780282518118 0.87 132
1780282518120 0.7882851093860268 133
1780282518122 0.8499399759903962 134
1780282518124 0.818840579710145 135
1780282518125 0.8023865622862355 136
1780282518127 0.8048780487804879 137
1780282518129 0.7198950879784065 138
1780282518131 0.8817815013749326 139
1780282518133 0.8177953234133009 140
1780282518135 0.865558871770052 141
1780282518137 0.8886526976414617 142
1780282518139 0.8896025692492975 143
1780282518141 0.8697916666666667 144
1780282518143 0.898989898989899 145
1780282518145 0.8649696181640869 146
1780282518147 0.7762180856474418 147
1780282518150 0.8416711356265482 148
1780282518153 0.8518859010699966 149
1780282518156 0.8973727422003284 150
1780282518159 0.8607350096711799 151
1780282518161 0.8899889988998899 152
1780282518163 0.8949343339587242 153
1780282518166 0.8748466871918099 154
1780282518168 0.8599859985998599 155
1780282518170 0.8125 156
1780282518172 0.9039409489623094 157
1780282518174 0.8098288459613652 158
1780282518176 0.8644272049408752 159
1780282518178 0.8899889988998899 160
1780282518180 0.8536794571003304 161
1780282518182 0.8738965952080706 162
1780282518184 0.8526984126984127 163
1780282518186 0.8478084415584416 164
1780282518188 0.8847666524712543 165
1780282518190 0.879020062506301 166
1780282518192 0.8460591133004927 167
1780282518194 0.898989898989899 168
1780282518196 0.8448098921178444 169
1780282518198 0.8406620235923004 170
1780282518200 0.915531622848696 171
1780282518202 0.8878008975928193 172
1780282518204 0.7606319317003112 173
1780282518205 0.8536794571003304 174
1780282518207 0.21498037450936275 175
1780282518209 0.5008680555555556 176
1780282518211 0.538410814375206 177
1780282518213 0.4684620836286322 178
1780282518215 0.6846709388668497 179
1780282518217 0.6759928193003196 180
1780282518219 0.609375 181
1780282518221 0.8571428571428572 182
1780282518223 0.7765093171453595 183
1780282518225 0.8331408034912078 184
1780282518227 0.8037050668629616 185
1780282518229 0.8159735001840265 186
1780282518231 0.8552441110672457 187
1780282518232 0.8690732254746096 188
1780282518234 0.8756218905472637 189
1780282518236 0.8391544117647058 190
1780282518238 0.909043659043659 191
1780282518241 0.8108647683093412 192
1780282518243 0.8834498834498834 193
1780282518245 0.6951219512195121 194
1780282518247 0.9035159908056415 195
1780282518249 0.8529354851193931 196
1780282518251 0.7947454844006567 197
1780282518253 0.8915505087557016 198
1780282518255 0.8604769152714358 199
1780282518257 0.8214285714285714 200
1780282518259 0.9324233004460063 201
1780282518261 0.8581604020844253 202
1780282518263 0.8590777421122681 203
1780282518265 0.8168244012100692 204
1780282518268 0.84472049689441 205
1780282518271 0.8096391797179199 206
1780282518274 0.9080882352941176 207
1780282518277 0.9002083883654721 208
1780282518280 0.840811025931046 209
1780282518283 0.8555737144160238 210
1780282518285 0.8983223182511438 211
1780282518287 0.8908177748662518 212
1780282518290 0.8180270611370373 213
1780282518294 0.9255952380952381 214
1780282518296 0.8748435544430537 215
1780282518298 0.901633403225389 216
1780282518300 0.8459761262995764 217
1780282518302 0.9261720191952749 218
1780282518304 0.929236938318198 219
1780282518306 0.9181860682561944 220
1780282518308 0.8193576357527368 221
1780282518310 0.8596491228070176 222
1780282518312 0.8985286656519533 223
1780282518314 0.9310661764705883 224
1780282518316 0.9002083883654721 225
1780282518318 0.899286116294914 226
1780282518320 0.9102843984568916 227
1780282518322 0.9031476997578692 228
1780282518324 0.8741680188085699 229
1780282518326 0.8621323529411764 230
1780282518328 0.8666666666666667 231
1780282518330 0.9256271632483767 232
1780282518332 0.9131944444444444 233
1780282518334 0.9181860682561944 234
1780282518336 0.9188969991889699 235
1780282518338 0.8858447488584476 236
1780282518340 0.8962623951182304 237
1780282518342 0.8799999999999999 238
1780282518344 0.9492643328259767 239
1780282518346 0.8697916666666667 240
1780282518348 0.7163120567375887 241
1780282518351 0.9102843984568916 242
1780282518353 0.9189500919604725 243
1780282518355 0.8700623700623701 244
1780282518357 0.9018525334314809 245
1780282518359 0.9150072850898494 246
1780282518361 0.9102843984568916 247
1780282518376 0.8244514106583072 248
1780282518379 0.9220142602495545 249
1780282518381 0.9166666666666666 250
1780282518383 0.8757804583047302 251
1780282518385 0.804496578690127 252
1780282518387 0.9150072850898494 253
1780282518389 0.7902718399612809 254
1780282518391 0.906498363721365 255
1780282518393 0.8364095451474092 256
1780282518395 0.9101527403414196 257
1780282518396 0.9358233859581568 258
1780282518398 0.9166666666666666 259
1780282518400 0.8902340597255851 260
1780282518402 0.8541128941757379 261
1780282518404 0.8893682929527602 262
1780282518406 0.8815633636004737 263
1780282518408 0.9141851883635115 264
1780282518410 0.9492643328259767 265
1780282518412 0.8757804583047302 266
1780282518414 0.9378774805867127 267
1780282518416 0.9333333333333333 268
1780282518418 0.8788676761026991 269
1780282518420 0.9068977792382048 270
1780282518422 0.8748333378683573 271
1780282518424 0.9180302027176142 272
1780282518426 0.9080882352941176 273
1780282518428 0.9134723544172363 274
1780282518430 0.915855271066234 275
1780282518432 0.9256271632483767 276
1780282518434 0.9210422424003157 277
1780282518436 0.9658119658119658 278
1780282518438 0.9273235499650594 279
1780282518440 0.8506348020911128 280
1780282518442 0.8858447488584476 281
1780282518444 0.8084439957547047 282
1780282518446 0.9451754385964912 283
1780282518448 0.9304831421619744 284
1780282518449 0.9150072850898494 285
1780282518451 0.8620689655172413 286
1780282518453 0.664320248503219 287
1780282518455 0.9028654686741135 288
1780282518457 0.9002083883654721 289
1780282518459 0.9359999999999999 290
1780282518461 0.8757804583047302 291
1780282518463 0.8957247132429613 292
1780282518465 0.929236938318198 293
1780282518467 0.949685534591195 294
1780282518470 0.9298737727910238 295
1780282518471 0.9314193085819383 296
1780282518473 0.9148670507108602 297
1780282518475 0.9229449056075094 298
1780282518477 0.9229835006961107 299
1780282518479 0.9002083883654721 300
1780282518481 0.8613333333333333 301
1780282518483 0.9766245909303413 302
1780282518485 0.9532491818606825 303
1780282518487 0.9188969991889699 304
1780282518489 0.8773204196933011 305
1780282518491 0.9119485779695342 306
1780282518493 0.8964624676445211 307
1780282518495 0.8858447488584476 308
1780282518497 0.9316239316239316 309
1780282518499 0.8704942801640406 310
1780282518501 0.9418886198547216 311
1780282518503 0.9348958333333333 312
1780282518505 0.9435347261434217 313
1780282518507 0.935986343753334 314
1780282518509 0.8351648351648351 315
1780282518511 0.8440285204991087 316
1780282518513 0.9321636705621165 317
1780282518515 0.8566308243727598 318
1780282518517 0.9173075332837178 319
1780282518519 0.9442959001782532 320
1780282518521 0.9393588577413932 321
1780282518523 0.929236938318198 322
1780282518525 0.9296822177146721 323
1780282518527 0.9220142602495545 324
1780282518529 0.887413490512931 325
1780282518531 0.9333333333333333 326
1780282518533 0.9035159908056415 327
1780282518535 0.9271561771561772 328
1780282518537 0.8700623700623701 329
1780282518539 0.9457465277777778 330
1780282518541 0.9150076819979732 331
1780282518543 0.9450800915331807 332
1780282518545 0.8725524272969528 333
1780282518553 0.9174430947045642 334
1780282518555 0.9278399156282091 335
1780282518557 0.9411748977245381 336
1780282518559 0.8605128205128205 337
1780282518561 0.9386578333946755 338
1780282518563 0.9278399156282091 339
1780282518565 0.8759920634920635 340
1780282518567 0.9668104878858281 341
1780282518569 0.8929909042268593 342
1780282518570 0.9379909053327822 343
1780282518572 0.8844820947246823 344
1780282518574 0.8973150916613815 345
1780282518576 0.9031476997578692 346
1780282518578 0.9466808850973074 347
1780282518580 0.8663101604278074 348
