1780241478618 0.0 0
1780241478620 0.8977777777777728 1
1780241478622 0.9194444444444393 2
1780241478624 0.9255555555555504 3
1780241478625 0.9244444444444392 4
1780241478627 0.9588888888888836 5
1780241478629 0.9499999999999946 6
1780241478631 0.9655555555555502 7
1780241478632 0.9616666666666612 8
1780241478634 0.9649999999999948 9
1780241478636 0.9661111111111058 10
1780241478637 0.9766666666666612 11
1780241478639 0.9627777777777725 12
1780241478641 0.9833333333333277 13
1780241478642 0.9849999999999944 14
1780241478644 0.9877777777777721 15
1780241478646 0.9894444444444389 16
1780241478648 0.9811111111111057 17
1780241478649 0.9849999999999944 18
1780241478651 0.9794444444444389 19
1780241478653 0.9761111111111056 20
1780241478655 0.9916666666666611 21
1780241478656 0.9872222222222167 22
1780241478658 0.9872222222222167 23
1780241478660 0.9877777777777723 24
1780241478661 0.9872222222222167 25
1780241478663 0.9922222222222168 26
1780241478665 0.9888888888888833 27
1780241478667 0.9827777777777722 28
1780241478668 0.9877777777777721 29
1780241478670 0.9899999999999946 30
1780241478672 0.9838888888888834 31
1780241478673 0.9916666666666611 32
1780241478675 0.9872222222222169 33
1780241478677 0.9644444444444391 34
1780241478679 0.9861111111111056 35
1780241478680 0.9877777777777723 36
1780241478682 0.9799999999999944 37
1780241478684 0.9805555555555501 38
1780241478685 0.9738888888888836 39
1780241478687 0.9933333333333276 40
1780241478689 0.9888888888888834 41
1780241478691 0.9899999999999946 42
1780241478692 0.9811111111111057 43
1780241478694 0.9922222222222168 44
1780241478696 0.9894444444444389 45
1780241478698 0.9611111111111057 46
1780241478700 0.9894444444444389 47
1780241478701 0.9944444444444389 48
1780241478703 0.9883333333333277 49
1780241478705 0.9861111111111056 50
1780241478707 0.9777777777777723 51
1780241478709 0.9911111111111056 52
1780241478710 0.9788888888888833 53
1780241478712 0.9877777777777723 54
1780241478714 0.9938888888888833 55
1780241478715 0.9888888888888833 56
1780241478717 0.984444444444439 57
1780241478719 0.99055555555555 58
1780241478721 0.9899999999999946 59
1780241478722 0.9966666666666611 60
1780241478724 0.9838888888888834 61
1780241478726 0.99055555555555 62
1780241478727 0.9827777777777722 63
1780241478729 0.9922222222222168 64
1780241478731 0.9933333333333279 65
1780241478733 0.9644444444444391 66
1780241478734 0.9861111111111056 67
1780241478864 0.99055555555555 68
1780241478866 0.9911111111111055 69
1780241478867 0.9777777777777723 70
1780241478869 0.9861111111111056 71
1780241478871 0.9888888888888834 72
1780241478872 0.9922222222222168 73
1780241478874 0.984444444444439 74
1780241478876 0.9933333333333279 75
1780241478877 0.9944444444444389 76
1780241478879 0.9966666666666611 77
1780241478881 0.9911111111111055 78
1780241478882 0.9938888888888833 79
1780241478884 0.9788888888888835 80
1780241478886 0.9899999999999946 81
1780241478887 0.9922222222222168 82
1780241478889 0.9944444444444388 83
1780241478891 0.9927777777777722 84
1780241478893 0.9949999999999944 85
1780241478894 0.9677777777777724 86
1780241478896 0.9938888888888833 87
1780241478898 0.986666666666661 88
1780241478899 0.9944444444444389 89
1780241478901 0.9822222222222168 90
1780241478903 0.9861111111111056 91
1780241478904 0.9922222222222166 92
1780241478906 0.9861111111111056 93
1780241478908 0.9844444444444388 94
1780241478909 0.9888888888888834 95
1780241478911 0.9911111111111056 96
1780241478913 0.9899999999999943 97
1780241478925 0.9916666666666611 98
1780241478927 0.9933333333333276 99
1780241478928 0.9894444444444389 100
1780241478930 0.9927777777777722 101
1780241478932 0.9899999999999946 102
1780241478934 0.99055555555555 103
1780241478935 0.9944444444444389 104
1780241478937 0.9927777777777722 105
1780241478939 0.9944444444444389 106
1780241478940 0.99055555555555 107
1780241478942 0.9949999999999944 108
1780241478944 0.9949999999999944 109
1780241478946 0.9938888888888833 110
1780241478947 0.9916666666666611 111
1780241478949 0.99055555555555 112
1780241478951 0.9922222222222168 113
1780241478953 0.9894444444444389 114
1780241478954 0.9944444444444388 115
1780241478956 0.9955555555555501 116
1780241478958 0.9727777777777723 117
1780241478960 0.9916666666666611 118
1780241478961 0.9805555555555501 119
1780241478963 0.9927777777777722 120
1780241478965 0.9933333333333279 121
1780241478967 0.9927777777777722 122
1780241478968 0.9977777777777723 123
1780241478970 0.9938888888888833 124
1780241478972 0.9938888888888833 125
1780241478974 0.9849999999999944 126
1780241478975 0.9922222222222166 127
1780241478977 0.9938888888888833 128
1780241478979 0.9894444444444389 129
1780241478980 0.9944444444444389 130
1780241478982 0.9888888888888833 131
1780241478984 0.9933333333333276 132
1780241478985 0.9916666666666611 133
1780241478987 0.9955555555555501 134
1780241478989 0.9933333333333276 135
1780241478990 0.9916666666666611 136
1780241478992 0.9872222222222167 137
1780241478994 0.9927777777777722 138
1780241478995 0.9922222222222168 139
1780241478997 0.9949999999999944 140
1780241478999 0.9911111111111055 141
1780241479000 0.9899999999999943 142
1780241479002 0.9922222222222168 143
1780241479004 0.9872222222222167 144
1780241479005 0.9911111111111056 145
1780241479007 0.99055555555555 146
1780241479009 0.9961111111111055 147
1780241479011 0.9944444444444388 148
1780241479012 0.9916666666666611 149
1780241479014 0.9949999999999944 150
1780241479016 0.9866666666666613 151
1780241479018 0.9977777777777723 152
1780241479019 0.9944444444444389 153
1780241479022 0.9877777777777723 154
1780241479023 0.9772222222222167 155
1780241479025 0.9933333333333279 156
1780241479027 0.9944444444444388 157
1780241479029 0.9933333333333279 158
1780241479030 0.9961111111111055 159
1780241479032 0.9961111111111055 160
1780241479034 0.9938888888888833 161
1780241479036 0.9955555555555501 162
1780241479038 0.9938888888888833 163
1780241479039 0.9922222222222168 164
1780241479041 0.9966666666666611 165
1780241479043 0.9933333333333276 166
1780241479045 0.9822222222222166 167
1780241479046 0.9977777777777721 168
1780241479048 0.9955555555555499 169
1780241479050 0.9983333333333277 170
1780241479052 0.9933333333333276 171
1780241479054 0.9938888888888833 172
1780241479055 0.9872222222222167 173
1780241479057 0.9961111111111055 174
1780241479059 0.9961111111111055 175
1780241479060 0.9933333333333276 176
1780241479062 0.9949999999999944 177
1780241479064 0.9966666666666611 178
1780241479065 0.9966666666666611 179
1780241479067 0.9955555555555501 180
1780241479069 0.9977777777777723 181
1780241479070 0.9894444444444389 182
1780241479072 0.9966666666666611 183
1780241479074 0.9961111111111055 184
1780241479075 0.9888888888888834 185
1780241479077 0.9944444444444389 186
1780241479079 0.9966666666666611 187
1780241479080 0.99055555555555 188
1780241479082 0.9977777777777721 189
1780241479084 0.9944444444444388 190
1780241479085 0.9955555555555499 191
1780241479087 0.9899999999999946 192
1780241479089 0.9972222222222167 193
1780241479090 0.9955555555555501 194
1780241479092 0.9922222222222166 195
1780241479094 0.9955555555555501 196
1780241479096 0.9944444444444388 197
1780241479097 0.9949999999999944 198
1780241479099 0.9977777777777723 199
1780241479101 0.9938888888888833 200
1780241479102 0.9949999999999944 201
1780241479104 0.9872222222222167 202
1780241479106 0.9966666666666611 203
1780241479108 0.9977777777777721 204
1780241479110 0.9955555555555501 205
1780241479111 0.9961111111111055 206
1780241479113 0.9994444444444388 207
1780241479115 0.9988888888888832 208
1780241479117 0.9972222222222167 209
1780241479118 0.9977777777777721 210
1780241479120 0.9988888888888832 211
1780241479122 0.9994444444444388 212
1780241479124 0.9961111111111055 213
1780241479126 0.9944444444444389 214
1780241479127 0.9888888888888833 215
1780241479129 0.9961111111111055 216
1780241479131 0.9955555555555501 217
1780241479133 0.9983333333333277 218
1780241479135 0.9972222222222167 219
1780241479137 0.9988888888888834 220
1780241479138 0.9972222222222167 221
1780241479140 0.9961111111111055 222
1780241479142 0.9977777777777723 223
1780241479143 0.9977777777777721 224
1780241479145 0.9811111111111055 225
1780241479147 0.9933333333333279 226
1780241479149 0.9855555555555501 227
1780241479150 0.9799999999999948 228
1780241479152 0.9955555555555501 229
1780241479154 0.9972222222222167 230
1780241479155 0.9972222222222167 231
1780241479157 0.9949999999999944 232
1780241479159 0.9861111111111056 233
1780241479160 0.9955555555555499 234
1780241479162 0.9955555555555501 235
1780241479164 0.9949999999999944 236
1780241479166 0.9916666666666611 237
1780241479168 0.9955555555555501 238
1780241479169 0.9949999999999944 239
1780241479171 0.9972222222222167 240
1780241479173 0.9933333333333276 241
1780241479175 0.9955555555555499 242
1780241479177 0.9977777777777723 243
1780241479179 0.9983333333333277 244
1780241479180 0.9988888888888834 245
1780241479182 0.9966666666666611 246
1780241479184 0.9944444444444388 247
1780241479186 0.9777777777777723 248
1780241479187 0.9899999999999946 249
1780241479189 0.9899999999999943 250
1780241479191 0.9927777777777722 251
1780241479193 0.9944444444444389 252
1780241479194 0.9944444444444389 253
1780241479196 0.9927777777777722 254
1780241479198 0.9977777777777723 255
1780241479200 0.9955555555555501 256
1780241479201 0.9955555555555501 257
1780241479203 0.9977777777777721 258
1780241479205 0.9988888888888834 259
1780241479206 0.9927777777777722 260
1780241479208 0.9961111111111055 261
1780241479210 0.9966666666666611 262
1780241479212 0.9961111111111055 263
1780241479213 0.9922222222222166 264
1780241479215 0.9961111111111055 265
1780241479217 0.9983333333333277 266
1780241479219 0.9949999999999944 267
1780241479220 0.9927777777777722 268
1780241479222 0.9961111111111055 269
1780241479224 0.9961111111111055 270
1780241479225 0.9949999999999944 271
1780241479227 0.9961111111111055 272
1780241479229 0.9949999999999944 273
1780241479231 0.9988888888888834 274
1780241479232 0.9983333333333277 275
1780241479234 0.9961111111111055 276
1780241479236 0.9872222222222167 277
1780241479238 0.9955555555555501 278
1780241479239 0.9977777777777721 279
1780241479241 0.9972222222222167 280
1780241479243 0.9983333333333277 281
1780241479245 0.9955555555555499 282
1780241479247 0.9899999999999946 283
1780241479249 0.9972222222222167 284
1780241479250 0.9972222222222167 285
1780241479252 0.9972222222222167 286
1780241479254 0.9838888888888834 287
1780241479256 0.9949999999999944 288
1780241479258 0.9961111111111055 289
1780241479260 0.9933333333333279 290
1780241479262 0.9983333333333277 291
1780241479263 0.9927777777777722 292
1780241479265 0.9966666666666611 293
1780241479267 0.9961111111111055 294
1780241479268 0.9916666666666611 295
1780241479270 0.9977777777777723 296
1780241479272 0.9988888888888834 297
1780241479274 0.9944444444444389 298
1780241479276 0.996666666666661 299
1780241479278 0.996666666666661 300
1780241479279 0.9977777777777723 301
1780241479281 0.9955555555555501 302
1780241479283 0.9972222222222167 303
1780241479285 0.9955555555555501 304
1780241479286 0.9955555555555499 305
1780241479288 0.9833333333333277 306
1780241479290 0.9961111111111055 307
1780241479291 0.9977777777777723 308
1780241479293 0.9972222222222167 309
1780241479295 0.9961111111111055 310
1780241479297 0.9883333333333277 311
1780241479298 0.9977777777777721 312
1780241479300 0.996666666666661 313
