1780119125353 0.0 0
1780119125355 0.021612903225806453 1
1780119125357 0.24122174122174123 2
1780119125358 0.2505770590314599 3
1780119125360 0.3790302407076124 4
1780119125362 0.4284900284900285 5
1780119125363 0.5266984126984127 6
1780119125365 0.6187244905392865 7
1780119125367 0.6405293129778256 8
1780119125369 0.6158262837862337 9
1780119125370 0.6245939239093725 10
1780119125372 0.6866042129913098 11
1780119125373 0.6371720871720872 12
1780119125375 0.7284119923721979 13
1780119125377 0.7140443380149263 14
1780119125378 0.7808900344166704 15
1780119125380 0.7700331541218638 16
1780119125382 0.7401551745897721 17
1780119125383 0.7978436056696927 18
1780119125385 0.7980543853261907 19
1780119125387 0.7710153919867542 20
1780119125388 0.7783211233211234 21
1780119125390 0.8464761904761904 22
1780119125392 0.8613484938656564 23
1780119125393 0.8269007699698235 24
1780119125395 0.8322539087981611 25
1780119125396 0.8274066800633296 26
1780119125398 0.8168176018828192 27
1780119125400 0.8394590403211094 28
1780119125401 0.8296090564025347 29
1780119125403 0.8288508573806057 30
1780119125406 0.8119610523635291 31
1780119125408 0.8531412421427902 32
1780119125409 0.8090127471278367 33
1780119125411 0.8780624728915214 34
1780119125413 0.8552412155193485 35
1780119125414 0.7602310890863523 36
1780119125416 0.7979415192650486 37
1780119125418 0.8050603587943741 38
1780119125419 0.8360846058559307 39
1780119125421 0.7763446969696969 40
1780119125422 0.7873816358126999 41
1780119125424 0.8346291208791209 42
1780119125426 0.843995433437653 43
1780119125427 0.8588048921808513 44
1780119125429 0.8664905171554788 45
1780119125431 0.8785701994850699 46
1780119125432 0.8326070226070226 47
1780119125434 0.8086369350908157 48
1780119125435 0.8805945813059826 49
1780119125437 0.8413118580765641 50
1780119125439 0.8200125305065404 51
1780119125440 0.8101746210445901 52
1780119125442 0.8711851598693704 53
1780119125443 0.8718960444589735 54
1780119125445 0.789461155674391 55
1780119125447 0.8564640190727146 56
1780119125448 0.829328249846051 57
1780119125450 0.8571519550137972 58
1780119125452 0.8258109945609945 59
1780119125453 0.8659827457506821 60
1780119125455 0.8704434092477571 61
1780119125457 0.8231243140531067 62
1780119125458 0.8146057206911802 63
1780119125460 0.8292712394185651 64
1780119125461 0.8469601598976346 65
1780119125463 0.8531263050674817 66
1780119125465 0.8327851475038177 67
1780119125466 0.8460325055061897 68
1780119125468 0.9029816869539576 69
1780119125470 0.8718656930631624 70
1780119125471 0.9125218646735676 71
1780119125473 0.8697608604845447 72
1780119125475 0.895546830786644 73
1780119125476 0.8962472211684759 74
1780119125478 0.9157133556980103 75
1780119125480 0.8608949028338326 76
1780119125481 0.8600742630419898 77
1780119125483 0.8588922188922188 78
1780119125484 0.8701450836744954 79
1780119125486 0.9060029905682079 80
1780119125488 0.9063636363636365 81
1780119125489 0.8188530348205937 82
1780119125491 0.8753557422969187 83
1780119125493 0.8716444542243774 84
1780119125495 0.9223701298701297 85
1780119125497 0.8617179951690822 86
1780119125499 0.8804689754689754 87
1780119125500 0.8417459618947033 88
1780119125502 0.8792331545266328 89
1780119125504 0.9009182211127292 90
1780119125506 0.8633838383838384 91
1780119125507 0.8970996193822283 92
1780119125509 0.9152173913043479 93
1780119125511 0.8997553723104941 94
1780119125512 0.8792122062402383 95
1780119125514 0.8691163330320686 96
1780119125516 0.883294804511843 97
1780119125517 0.8830808080808081 98
1780119125519 0.8962662337662339 99
1780119125521 0.8410932887774993 100
1780119125522 0.8599189763624748 101
1780119125524 0.9006157851810025 102
1780119125525 0.8278622358034122 103
1780119125527 0.8608984582668795 104
1780119125529 0.9116776790461001 105
1780119125530 0.8449885316445419 106
1780119125532 0.8580133906914093 107
1780119125534 0.8061936182097472 108
1780119125535 0.8612769847323622 109
1780119125537 0.841801967038809 110
1780119125538 0.8842624415413486 111
1780119125540 0.9004743083003953 112
1780119125542 0.8576415508266688 113
1780119125543 0.8950223054342047 114
1780119125545 0.8830472426124599 115
1780119125547 0.8898934398934399 116
1780119125548 0.8882713478879019 117
1780119125550 0.8775108359133126 118
1780119125552 0.8675092086276297 119
1780119125553 0.8330945954630165 120
1780119125555 0.9096337099433075 121
1780119125557 0.8967027417027417 122
1780119125558 0.8787605606758833 123
1780119125560 0.8842514619883042 124
1780119125562 0.8814053363180097 125
1780119125563 0.9058020578455359 126
1780119125565 0.8910678871090771 127
1780119125567 0.8930165467432021 128
1780119125568 0.8493631270690095 129
1780119125570 0.8251183206060115 130
1780119125572 0.8931464035583028 131
1780119125573 0.8287934837966807 132
1780119125575 0.8880889599060119 133
1780119125577 0.8959798669645217 134
1780119125578 0.922725530403549 135
1780119125580 0.9019336879748779 136
1780119125582 0.8602426520847575 137
1780119125583 0.8929163689767405 138
1780119125585 0.9128509679997094 139
1780119125587 0.8819486090288189 140
1780119125588 0.8693368797487789 141
1780119125590 0.9174280866192632 142
1780119125592 0.9052401960784314 143
1780119125593 0.890091954828797 144
1780119125595 0.8980200501253133 145
1780119125597 0.8981396673501937 146
1780119125598 0.895978354978355 147
1780119125600 0.8979883230804283 148
1780119125770 0.8722321306144837 149
1780119125851 0.8853968253968254 150
1780119125853 0.8427737047898338 151
1780119125855 0.87989299347995 152
1780119125856 0.8979258241758243 153
1780119125858 0.9293802688539532 154
1780119125860 0.8608687717511246 155
1780119125862 0.8675746518703175 156
1780119125863 0.9118009945813149 157
1780119125865 0.9268226600985221 158
1780119125867 0.926439270112039 159
1780119125869 0.9021470342522976 160
1780119125870 0.9124207188160678 161
1780119125872 0.9067223614592036 162
1780119125873 0.91934169978927 163
1780119125875 0.9025896123999839 164
1780119125877 0.9300559163059162 165
1780119125879 0.9378374538221086 166
1780119125880 0.929286283891547 167
1780119125882 0.9614285714285714 168
1780119125883 0.9331327330183166 169
1780119125885 0.9373304473304473 170
1780119125887 0.9702380952380952 171
1780119125889 0.9215484363081616 172
1780119125890 0.9234608507434594 173
1780119125892 0.9221534696140969 174
1780119125894 0.9218009945813149 175
1780119125895 0.9235527544351072 176
1780119125897 0.9184660927681524 177
1780119125898 0.9421695543205841 178
1780119125900 0.9597200070884281 179
1780119125902 0.9668614718614718 180
1780119125903 0.9513135110503532 181
1780119125905 0.9331798859894835 182
1780119125907 0.9336944634313055 183
1780119125908 0.9335611756664388 184
1780119125910 0.9530243428069515 185
1780119125912 0.9180199510634294 186
1780119125913 0.938008658008658 187
1780119125915 0.8735846560846563 188
1780119125916 0.9004835953520164 189
1780119125918 0.9424343875265938 190
1780119125920 0.9188866737550947 191
1780119125921 0.9246654135338346 192
1780119125923 0.9077538446208523 193
1780119125925 0.9188800191896167 194
1780119125927 0.9350329403425379 195
1780119125928 0.9168681379007466 196
1780119125930 0.9283679467210225 197
1780119125932 0.9528935976304398 198
1780119125933 0.9570745044429255 199
1780119125935 0.9369424714619223 200
1780119125937 0.9569047619047618 201
1780119125938 0.9147596263385737 202
1780119125940 0.9598809523809525 203
1780119125941 0.9457545378598009 204
1780119125943 0.917085516822359 205
1780119125945 0.9335913781108289 206
1780119125946 0.9505268853953064 207
1780119125948 0.9761221234905445 208
1780119125950 0.9231830729656817 209
1780119125951 0.9412592086276297 210
1780119125953 0.9443796992481202 211
1780119125955 0.9258702791461413 212
1780119125956 0.9248553407376937 213
1780119125958 0.9413800806363735 214
1780119125959 0.91809561783246 215
1780119125961 0.9081286549707602 216
1780119125963 0.9428827751196172 217
1780119125964 0.9670995670995671 218
1780119125966 0.9807142857142856 219
1780119125968 0.9502212602212602 220
1780119125969 0.9549723947550035 221
1780119125971 0.9480357142857143 222
1780119125973 0.9555958077010708 223
1780119125974 0.945703653072074 224
1780119125979 0.9514289511657934 225
1780119125981 0.946241740715425 226
1780119125994 0.9520995670995671 227
1780119125996 0.9420528594212805 228
1780119125998 0.9649248120300753 229
1780119125999 0.924325323799008 230
1780119126001 0.9430970010381776 231
1780119126003 0.9316216342996528 232
1780119126004 0.9570745044429255 233
1780119126006 0.9318124114634413 234
1780119126007 0.9381788288437904 235
1780119126009 0.9609523809523809 236
1780119126011 0.9463873626373627 237
1780119126012 0.9374861881511498 238
1780119126014 0.9426479076479076 239
1780119126016 0.9591176939003025 240
1780119126017 0.9524606971975393 241
1780119126019 0.9479183465911154 242
1780119126021 0.9215820802005013 243
1780119126022 0.9540476190476189 244
1780119126024 0.93737856346552 245
1780119126026 0.9344036639688813 246
1780119126028 0.945050505050505 247
1780119126029 0.945592885375494 248
1780119126031 0.9487963485789572 249
1780119126032 0.9396001367054 250
1780119126034 0.9392041863552161 251
1780119126036 0.9167912613073902 252
1780119126038 0.9570779220779221 253
1780119126039 0.9521971595655806 254
1780119126041 0.8894463314463315 255
1780119126043 0.9590344438170526 256
1780119126044 0.9308349678544185 257
1780119126046 0.9672943722943723 258
1780119126048 0.9351383399209487 259
1780119126049 0.9578838400348697 260
1780119126051 0.9572727272727273 261
1780119126053 0.9461403508771928 262
1780119126054 0.953078645229675 263
1780119126056 0.9520745044429255 264
1780119126058 0.9426190476190477 265
1780119126059 0.9471589602024384 266
1780119126061 0.9271177944862157 267
1780119126063 0.9678405499915798 268
1780119126064 0.9722943722943722 269
1780119126066 0.9513653116749092 270
1780119126067 0.9713385737069947 271
1780119126069 0.9564336643748408 272
1780119126071 0.9540560888386975 273
1780119126073 0.9397818074598261 274
1780119126074 0.9140921638747725 275
1780119126076 0.9435661695508243 276
1780119126078 0.9672943722943723 277
1780119126079 0.9511111111111111 278
1780119126081 0.9346228874324849 279
1780119126083 0.9184744965179746 280
1780119126084 0.9544805194805195 281
1780119126086 0.9391958041958042 282
1780119126087 0.9674076495586792 283
1780119126089 0.9505916305916307 284
1780119126091 0.9663602187286398 285
1780119126092 0.9716233766233765 286
1780119126094 0.967077922077922 287
1780119126095 0.9378189457601221 288
1780119126097 0.9754511278195489 289
1780119126099 0.9466056166056166 290
1780119126100 0.9484397753276472 291
1780119126102 0.9726708074534163 292
1780119126104 0.9412965384475681 293
1780119126105 0.9525324675324676 294
1780119126107 0.9528154873349381 295
1780119126108 0.9580786452296749 296
1780119126110 0.953121935272965 297
1780119126112 0.9758840282524492 298
1780119126113 0.9415516062884484 299
1780119126115 0.945546218487395 300
1780119126117 0.985909090909091 301
1780119126118 0.961335156071998 302
1780119126120 0.9342725390551477 303
1780119126122 0.960689223057644 304
1780119126123 0.9572693096377307 305
1780119126125 0.9428467908902689 306
1780119126127 0.9437496409006705 307
1780119126128 0.9427966655769859 308
1780119126130 0.9616933638443935 309
1780119126131 0.9288179936006022 310
1780119126133 0.9230568650224317 311
1780119126135 0.9857142857142858 312
1780119126136 0.9616233766233766 313
