1780239019539 0.0 0
1780239019541 0.11000000000000001 1
1780239019543 0.19 2
1780239019544 0.425 3
1780239019546 0.255 4
1780239019547 0.5700000000000001 5
1780239019549 0.5650000000000001 6
1780239019550 0.71 7
1780239019552 0.45999999999999996 8
1780239019554 0.7299999999999999 9
1780239019555 0.6900000000000001 10
1780239019557 0.8 11
1780239019558 0.78 12
1780239019560 0.89 13
1780239019562 0.8099999999999999 14
1780239019563 0.82 15
1780239019565 0.865 16
1780239019566 0.725 17
1780239019568 0.9 18
1780239019569 0.86 19
1780239019571 0.85 20
1780239019573 0.865 21
1780239019574 0.9149999999999998 22
1780239019576 0.915 23
1780239019578 0.925 24
1780239019579 0.8800000000000001 25
1780239019581 0.9 26
1780239019582 0.9199999999999999 27
1780239019584 0.9399999999999998 28
1780239019585 0.93 29
1780239019587 0.9099999999999999 30
1780239019589 0.925 31
1780239019590 0.9399999999999998 32
1780239019592 0.905 33
1780239019593 0.79 34
1780239019595 0.9099999999999999 35
1780239019596 0.79 36
1780239019598 0.8 37
1780239019600 0.82 38
1780239019601 0.925 39
1780239019603 0.7799999999999999 40
1780239019604 0.745 41
1780239019606 0.9049999999999999 42
1780239019607 0.905 43
1780239019609 0.845 44
1780239019611 0.8699999999999999 45
1780239019612 0.9499999999999998 46
1780239019614 0.8099999999999999 47
1780239019615 0.8699999999999999 48
1780239019617 0.7 49
1780239019619 0.915 50
1780239019620 0.78 51
1780239019622 0.885 52
1780239019623 0.925 53
1780239019625 0.9 54
1780239019626 0.9099999999999999 55
1780239019628 0.905 56
1780239019630 0.95 57
1780239019631 0.9549999999999998 58
1780239019633 0.945 59
1780239019634 0.9049999999999999 60
1780239019636 0.9200000000000002 61
1780239019637 0.8600000000000001 62
1780239019639 0.5050000000000001 63
1780239019641 0.9099999999999999 64
1780239019642 0.8 65
1780239019644 0.9299999999999999 66
1780239019645 0.9149999999999998 67
1780239019647 0.9349999999999999 68
1780239019648 0.945 69
1780239019650 0.93 70
1780239019652 0.9299999999999999 71
1780239019653 0.95 72
1780239019655 0.93 73
1780239019656 0.905 74
1780239019658 0.85 75
1780239019659 0.9349999999999999 76
1780239019661 0.9350000000000002 77
1780239019662 0.93 78
1780239019664 0.9099999999999999 79
1780239019666 0.9549999999999998 80
1780239019667 0.93 81
1780239019669 0.93 82
1780239019670 0.845 83
1780239019672 0.915 84
1780239019673 0.775 85
1780239019675 0.865 86
1780239019676 0.915 87
1780239019678 0.78 88
1780239019680 0.825 89
1780239019681 0.8450000000000001 90
1780239019683 0.8150000000000001 91
1780239019685 0.9349999999999999 92
1780239019686 0.9399999999999998 93
1780239019688 0.925 94
1780239019689 0.9 95
1780239019691 0.93 96
1780239019692 0.8800000000000001 97
1780239019694 0.86 98
1780239019696 0.8600000000000001 99
1780239019697 0.9299999999999999 100
1780239019699 0.9349999999999999 101
1780239019700 0.835 102
1780239019702 0.9200000000000002 103
1780239019703 0.9 104
1780239019705 0.9549999999999998 105
1780239019706 0.925 106
1780239019708 0.885 107
1780239019710 0.9349999999999999 108
1780239019711 0.8700000000000001 109
1780239019713 0.95 110
1780239019714 0.925 111
1780239019716 0.89 112
1780239019717 0.805 113
1780239019719 0.8150000000000001 114
1780239019720 0.945 115
1780239019722 0.9700000000000001 116
1780239019724 0.95 117
1780239019725 0.85 118
1780239019727 0.95 119
1780239019728 0.915 120
1780239019730 0.8600000000000001 121
1780239019731 0.9599999999999997 122
1780239019733 0.925 123
1780239019735 0.9349999999999999 124
1780239019736 0.9049999999999999 125
1780239019738 0.945 126
1780239019739 0.9399999999999998 127
1780239019741 0.9 128
1780239019742 0.9349999999999999 129
1780239019744 0.9099999999999999 130
1780239019746 0.845 131
1780239019747 0.9199999999999999 132
1780239019749 0.885 133
1780239019750 0.8699999999999999 134
1780239019752 0.96 135
1780239019753 0.9549999999999998 136
1780239019755 0.8949999999999999 137
1780239019757 0.85 138
1780239019758 0.9099999999999999 139
1780239019760 0.9099999999999999 140
1780239019761 0.945 141
1780239019763 0.8800000000000001 142
1780239019764 0.95 143
1780239019766 0.9399999999999998 144
1780239019767 0.97 145
1780239019769 0.9349999999999999 146
1780239019771 0.82 147
1780239019772 0.9400000000000001 148
1780239019774 0.89 149
1780239019775 0.9299999999999999 150
1780239019777 0.9349999999999999 151
1780239019779 0.9 152
1780239019780 0.9550000000000001 153
1780239019782 0.8649999999999999 154
1780239019783 0.97 155
1780239019785 0.9199999999999999 156
1780239019786 0.9499999999999998 157
1780239019788 0.97 158
1780239019790 0.9650000000000001 159
1780239019791 0.96 160
1780239019793 0.9799999999999999 161
1780239019794 0.9350000000000002 162
1780239019796 0.96 163
1780239019797 0.9349999999999999 164
1780239019799 0.975 165
1780239019800 0.9599999999999997 166
1780239019802 0.9349999999999999 167
1780239019804 0.8649999999999999 168
1780239019805 0.97 169
1780239019807 0.97 170
1780239019808 0.975 171
1780239019810 0.9350000000000002 172
1780239019811 0.95 173
1780239019813 0.975 174
1780239019815 0.9399999999999998 175
1780239019817 0.9600000000000002 176
1780239019819 0.9650000000000001 177
1780239019821 0.975 178
1780239019822 0.985 179
1780239019824 0.975 180
1780239019825 0.9649999999999999 181
1780239019827 0.9650000000000001 182
1780239019829 0.9650000000000001 183
1780239019830 0.95 184
1780239019832 0.97 185
1780239019833 0.9550000000000001 186
1780239019835 0.9550000000000001 187
1780239019836 0.945 188
1780239019838 0.97 189
1780239019840 0.9349999999999998 190
1780239019841 0.9649999999999999 191
1780239019843 0.9250000000000002 192
1780239019844 0.97 193
1780239019846 0.9549999999999998 194
1780239019847 0.95 195
1780239019849 0.8200000000000001 196
1780239019851 0.9650000000000001 197
1780239019852 0.9549999999999998 198
1780239019854 0.9649999999999999 199
1780239019855 0.96 200
1780239019857 0.95 201
1780239019859 0.95 202
1780239019860 0.96 203
1780239019862 0.9550000000000001 204
1780239019863 0.9400000000000001 205
1780239019865 0.975 206
1780239019867 0.96 207
1780239019868 0.9650000000000001 208
1780239019870 0.96 209
1780239019871 0.96 210
1780239019873 0.95 211
1780239019874 0.915 212
1780239019876 0.9549999999999998 213
1780239019878 0.925 214
1780239019879 0.9549999999999998 215
1780239019881 0.97 216
1780239019882 0.9749999999999999 217
1780239019884 0.975 218
1780239019885 0.985 219
1780239019887 0.975 220
1780239019889 0.97 221
1780239019890 0.9949999999999999 222
1780239019899 0.9649999999999999 223
1780239019901 0.9800000000000001 224
1780239019903 0.9650000000000001 225
1780239019904 0.985 226
1780239019906 0.9200000000000002 227
1780239019907 0.9199999999999999 228
1780239019909 0.9800000000000001 229
1780239019911 0.9650000000000001 230
1780239019912 0.97 231
1780239019914 0.97 232
1780239019915 0.9650000000000001 233
1780239019917 0.96 234
1780239019918 0.9549999999999998 235
1780239019920 0.9749999999999999 236
1780239019922 0.9549999999999998 237
1780239019923 0.9650000000000001 238
1780239019925 0.9549999999999998 239
1780239019926 0.9749999999999999 240
1780239019928 0.945 241
1780239019930 0.97 242
1780239019931 0.96 243
1780239019933 0.9200000000000002 244
1780239019934 0.99 245
1780239019936 0.9800000000000001 246
1780239019937 0.9649999999999999 247
1780239019939 0.8700000000000001 248
1780239019941 0.985 249
1780239019942 0.9800000000000001 250
1780239019944 0.975 251
1780239019945 0.975 252
1780239019947 0.97 253
1780239019948 0.9799999999999999 254
1780239019950 0.9550000000000001 255
1780239019951 0.915 256
1780239019953 0.96 257
1780239019955 0.9800000000000001 258
1780239019956 0.9550000000000001 259
1780239019958 0.9799999999999999 260
1780239019959 0.9650000000000001 261
1780239019961 0.975 262
1780239019963 0.975 263
1780239019964 0.97 264
1780239019966 0.95 265
1780239019967 0.97 266
1780239019969 0.915 267
1780239019970 0.975 268
1780239019972 0.975 269
1780239019973 0.9650000000000001 270
1780239019975 0.975 271
1780239019977 0.9600000000000002 272
1780239019978 0.9649999999999999 273
1780239019980 0.975 274
1780239019981 0.975 275
1780239019983 0.945 276
1780239019984 0.99 277
1780239019986 0.9499999999999998 278
1780239019988 0.9749999999999999 279
1780239019989 0.945 280
1780239019991 0.95 281
1780239019992 0.95 282
1780239019994 0.9650000000000001 283
1780239019995 0.9550000000000001 284
1780239019997 0.9700000000000001 285
1780239019999 0.985 286
1780239020000 0.97 287
1780239020002 0.9649999999999999 288
1780239020003 0.9949999999999999 289
1780239020005 0.9650000000000001 290
1780239020007 0.985 291
1780239020008 0.9800000000000001 292
1780239020010 0.975 293
1780239020011 0.9650000000000001 294
1780239020013 0.9649999999999999 295
1780239020014 0.9649999999999999 296
1780239020016 0.985 297
1780239020018 0.9949999999999999 298
1780239020019 0.9549999999999998 299
1780239020021 0.9199999999999999 300
1780239020022 0.985 301
1780239020024 0.9649999999999999 302
1780239020025 0.9550000000000001 303
1780239020027 0.9799999999999999 304
1780239020029 0.975 305
1780239020030 0.975 306
1780239020032 0.975 307
1780239020033 0.9649999999999999 308
1780239020035 0.9799999999999999 309
1780239020036 0.9549999999999998 310
1780239020038 0.96 311
1780239020040 0.9650000000000001 312
1780239020041 0.985 313
