1773287886783 0.0 0
1773287886816 0.7528044330314907 1
1773287886833 0.2425 2
1773287886850 0.245 3
1773287886867 0.7302934596657455 4
1773287886884 0.6939467557445085 5
1773287886903 0.7298729872987298 6
1773287886921 0.8013935510121045 7
1773287886939 0.7940705128205128 8
1773287886957 0.6904761904761905 9
1773287886974 0.7860780984719864 10
1773287886992 0.8014705882352942 11
1773287887010 0.7954295429542955 12
1773287887028 0.8592733460114104 13
1773287887045 0.8359023120808728 14
1773287887063 0.7959079283887468 15
1773287887094 0.8348074641354762 16
1773287887113 0.8151515151515152 17
1773287887133 0.8132992327365729 18
1773287887147 0.8033470594446204 19
1773287887166 0.8224548440065682 20
1773287887184 0.8523540679503983 21
1773287887202 0.8560842826897873 22
1773287887223 0.8532430213464697 23
1773287887243 0.860654880217596 24
1773287887263 0.8664835164835165 25
1773287887280 0.8433159722222222 26
1773287887300 0.7987333951189373 27
1773287887319 0.7905844155844155 28
1773287887339 0.8449696220780558 29
1773287887358 0.790717683976111 30
1773287887393 0.828045240716645 31
1773287887413 0.836812732534105 32
1773287887431 0.8269946258784622 33
1773287887452 0.7754309910273214 34
1773287887471 0.8454475052550061 35
1773287887490 0.8166240409207162 36
1773287887509 0.8015037593984963 37
1773287887525 0.7919966212649139 38
1773287887541 0.84825818600272 39
1773287887556 0.8208970649028524 40
1773287887574 0.88 41
1773287887592 0.8640422077922079 42
1773287887612 0.8414322250639386 43
1773287887631 0.845034503450345 44
1773287887648 0.8293665103978844 45
1773287887676 0.8210851300738942 46
1773287887693 0.8283011272141707 47
1773287887712 0.8498376623376623 48
1773287887730 0.8429951690821256 49
1773287887747 0.8633912199331248 50
1773287887760 0.8292872704637411 51
1773287887774 0.8236263736263736 52
1773287887800 0.8295739348370927 53
1773287887828 0.8936781609195402 54
1773287887845 0.8604166666666666 55
1773287887863 0.8403361344537814 56
1773287887881 0.8291666666666666 57
1773287887898 0.8469166967183556 58
1773287887915 0.8125 59
1773287887933 0.7984962406015037 60
1773287887958 0.8602531102531104 61
1773287887976 0.8560424169667867 62
1773287887993 0.8088317809448995 63
1773287888010 0.8545454545454545 64
1773287888028 0.8538587848932677 65
1773287888046 0.8333835795397447 66
1773287888064 0.847147581645308 67
1773287888082 0.8 68
1773287888100 0.8796422219897478 69
1773287888117 0.8675007536930961 70
1773287888135 0.8683270281630937 71
1773287888153 0.8349231287173157 72
1773287888172 0.8511284722222222 73
1773287888189 0.8140256102440977 74
1773287888208 0.8850574712643677 75
1773287888231 0.8173720523118113 76
1773287888249 0.8348779734321903 77
1773287888265 0.8120404411764706 78
1773287888284 0.8573333333333333 79
1773287888303 0.8412165598616621 80
1773287888321 0.8406593406593407 81
1773287888340 0.8133414932680538 82
1773287888358 0.8807692307692307 83
1773287888376 0.7833199518265757 84
1773287888395 0.859295415959253 85
1773287888415 0.8504654188769893 86
1773287888434 0.8346153846153846 87
1773287888455 0.8725713104588673 88
1773287888474 0.8402672335256605 89
1773287888493 0.8718999579655318 90
1773287888519 0.8248299319727892 91
1773287888537 0.8312588710557922 92
1773287888555 0.8539786284884324 93
1773287888574 0.8919425043020548 94
1773287888594 0.8721264367816092 95
1773287888613 0.8562424969987995 96
1773287888631 0.8261217948717949 97
1773287888650 0.85650623885918 98
1773287888669 0.8024691358024691 99
1773287888688 0.8402777777777778 100
1773287888708 0.8256616800920599 101
1773287888727 0.8600713012477719 102
1773287888747 0.8177944862155389 103
1773287888765 0.8933984335265995 104
1773287888782 0.8640967341876808 105
1773287888806 0.8733333333333333 106
1773287888822 0.8483540746688077 107
1773287888837 0.874376970806632 108
1773287888855 0.8669839941416466 109
1773287888873 0.8462589323245061 110
1773287888892 0.7826354679802956 111
1773287888911 0.245 112
1773287888930 0.2425 113
1773287888950 0.2725 114
1773287888969 0.23 115
1773287888987 0.733502538071066 116
1773287889007 0.7604166666666667 117
1773287889026 0.7604395604395604 118
1773287889045 0.7702043780475153 119
1773287889064 0.8195375838254428 120
1773287889095 0.765 121
1773287889126 0.7938948306595366 122
1773287889143 0.8338997013695808 123
1773287889161 0.8501400560224089 124
1773287889178 0.8435960591133005 125
1773287889195 0.7871068234348306 126
1773287889213 0.8304803402842618 127
1773287889229 0.7736378205128205 128
1773287889247 0.8667224605084214 129
1773287889266 0.8569656883009508 130
1773287889284 0.8850540216086434 131
1773287889302 0.8424521393451198 132
1773287889320 0.7893668831168831 133
1773287889338 0.8074866310160428 134
1773287889369 0.7998795664391811 135
1773287889390 0.8391341256366723 136
1773287889408 0.8500602167804094 137
1773287889426 0.851010101010101 138
1773287889444 0.8434035194791984 139
1773287889463 0.8595859585958596 140
1773287889480 0.8611528822055138 141
1773287889497 0.8496515101228012 142
1773287889511 0.8590909090909091 143
1773287889524 0.8661155358403065 144
1773287889541 0.8167919799498746 145
1773287889572 0.8370118845500849 146
1773287889589 0.823974190946668 147
1773287889607 0.8600000000000001 148
1773287889625 0.875938344510059 149
1773287889642 0.8766988276792198 150
1773287889662 0.8566778557623843 151
1773287889680 0.8112824675324675 152
1773287889703 0.8616762830245976 153
1773287889721 0.8496462886706789 154
1773287889739 0.8511278195488723 155
1773287889756 0.8372564935064934 156
1773287889774 0.8479797979797981 157
1773287889794 0.8272727272727273 158
1773287889812 0.845 159
1773287889829 0.8293210854186464 160
1773287889846 0.8133333333333332 161
1773287889862 0.8495297805642633 162
1773287889876 0.7975491710431469 163
1773287889890 0.8946666666666667 164
1773287889920 0.9186868686868688 165
1773287889936 0.83734335839599 166
1773287889951 0.860174156741067 167
1773287889965 0.855 168
1773287889979 0.8814464449191333 169
1773287889997 0.8714810281517749 170
1773287890013 0.85 171
1773287890030 0.8792838874680307 172
1773287890046 0.8343358395989975 173
1773287890062 0.8465843707500784 174
1773287890077 0.8212521423530599 175
1773287890096 0.8475199663724253 176
1773287890113 0.8743177839563381 177
1773287890131 0.8389423076923077 178
1773287890150 0.8390109890109889 179
1773287890181 0.9250700280112045 180
1773287890199 0.8585069444444444 181
1773287890217 0.84688013136289 182
1773287890234 0.8615283798770037 183
1773287890251 0.8890248878008976 184
1773287890267 0.8420811718034789 185
1773287890286 0.9005649126477665 186
1773287890304 0.8469480716671728 187
1773287890322 0.854777197912485 188
1773287890340 0.8742118537200505 189
1773287890358 0.8554355435543555 190
1773287890376 0.867095063239494 191
1773287890393 0.8451836028888211 192
1773287890411 0.8485708280790247 193
1773287890429 0.8442455242966752 194
1773287890462 0.83125 195
1773287890490 0.8381410256410255 196
1773287890509 0.8312588710557922 197
1773287890527 0.8301129764544399 198
