1780109339446 0.0 0
1780109339448 0.027639355561299216 1
1780109339450 0.16057836293685349 2
1780109339452 0.35054587688734035 3
1780109339453 0.4161503490053766 4
1780109339455 0.3479578308076697 5
1780109339457 0.39645811983329915 6
1780109339458 0.2857755602240896 7
1780109339460 0.41666112956810625 8
1780109339461 0.4204936525892409 9
1780109339463 0.406704677124235 10
1780109339465 0.5365576465576465 11
1780109339466 0.4464643930948279 12
1780109339468 0.46240723070033407 13
1780109339469 0.5499093848065542 14
1780109339471 0.5051520344980097 15
1780109339473 0.5700351935646053 16
1780109339474 0.48229942279942284 17
1780109339476 0.4565538406842754 18
1780109339478 0.5327123363965469 19
1780109339479 0.46305508394642525 20
1780109339481 0.5414886741512127 21
1780109339482 0.5478847794717361 22
1780109339484 0.5495394905273937 23
1780109339486 0.5390399979389748 24
1780109339487 0.6037571261043235 25
1780109339489 0.5755259246220346 26
1780109339491 0.6345368880003855 27
1780109339492 0.6392762530970078 28
1780109339494 0.62463429816371 29
1780109339496 0.6134826093446784 30
1780109339497 0.6186170571307367 31
1780109339499 0.5816565283375629 32
1780109339500 0.6287397082602664 33
1780109339502 0.6034885987839952 34
1780109339504 0.6552139665889667 35
1780109339505 0.673284218237708 36
1780109339507 0.7200945165945167 37
1780109339509 0.706129422468253 38
1780109339510 0.5759542945765943 39
1780109339512 0.7933026287438052 40
1780109339513 0.7036669387058403 41
1780109339515 0.6846134374240422 42
1780109339517 0.6458456543456543 43
1780109339518 0.6920365934135034 44
1780109339520 0.5785556563823351 45
1780109339522 0.7147225055776845 46
1780109339523 0.6916346028178271 47
1780109339525 0.6898201181717736 48
1780109339526 0.7320965575025642 49
1780109339528 0.7261398184623336 50
1780109339530 0.7250337769993438 51
1780109339531 0.6522911658801067 52
1780109339533 0.6567642922537766 53
1780109339535 0.6517164643635232 54
1780109339536 0.7530532893726297 55
1780109339538 0.71457018249985 56
1780109339539 0.7510424116945856 57
1780109339541 0.7389095381742441 58
1780109339543 0.7390864811516985 59
1780109339544 0.7660717352822617 60
1780109339546 0.6575122311251343 61
1780109339547 0.7096390927912667 62
1780109339549 0.7439432419432419 63
1780109339551 0.7108002181109598 64
1780109339552 0.7456751044654271 65
1780109339554 0.7351936508486852 66
1780109339555 0.6824146024366444 67
1780109339557 0.6765008156095113 68
1780109339559 0.7568014826567457 69
1780109339560 0.7744974721570634 70
1780109339562 0.7738567352267043 71
1780109339564 0.7777349661832421 72
1780109339565 0.7782141099746934 73
1780109339567 0.7078033423367587 74
1780109339568 0.8139786059351277 75
1780109339570 0.7547446490557945 76
1780109339572 0.8003494924615614 77
1780109339573 0.7729693552061973 78
1780109339575 0.7969106385475107 79
1780109339577 0.794484653284064 80
1780109339578 0.7711599430426161 81
1780109339580 0.7565264445699229 82
1780109339581 0.8052403860441618 83
1780109339583 0.7711299081035923 84
1780109339585 0.8187675263333158 85
1780109339587 0.7711805957200694 86
1780109339589 0.739960600802706 87
1780109339590 0.7801642602921376 88
1780109339592 0.7987929779796787 89
1780109339593 0.818575225943647 90
1780109339595 0.7531152738873328 91
1780109339597 0.7765726853462417 92
1780109339598 0.7585748876092125 93
1780109339600 0.7976677670155932 94
1780109339602 0.8015193753614807 95
1780109339603 0.805340832257668 96
1780109339605 0.7829785349829089 97
1780109339606 0.8142154347350201 98
1780109339608 0.7784828641991114 99
1780109339610 0.8215657605806346 100
1780109339611 0.8052723665223664 101
1780109339613 0.838751905988748 102
1780109339614 0.8272982842675937 103
1780109339616 0.7853832860993987 104
1780109339618 0.7943939557174852 105
1780109339620 0.8186967716379481 106
1780109339621 0.7794631093544137 107
1780109339623 0.8457647859506778 108
1780109339624 0.8298497446919606 109
1780109339626 0.8080385182686973 110
1780109339628 0.8188593557472276 111
1780109339629 0.8546205513724695 112
1780109339631 0.8389712986643932 113
1780109339633 0.8289606306091126 114
1780109339634 0.8413523512091624 115
1780109339636 0.8486839861802846 116
1780109339637 0.8581601061477222 117
1780109339639 0.8327100840336135 118
1780109339641 0.7700845838749065 119
1780109339642 0.8298766803372066 120
1780109339644 0.8436379151202816 121
1780109339646 0.8493067979566835 122
1780109339647 0.8630224867724866 123
1780109339649 0.8480421642341147 124
1780109339651 0.8177708016845182 125
1780109339652 0.8795584026168732 126
1780109339654 0.8248302623302622 127
1780109339656 0.8548944674488153 128
1780109339657 0.8066317941317941 129
1780109339659 0.8464985994397759 130
1780109339661 0.8320134575569359 131
1780109339662 0.8771176046176047 132
1780109339664 0.8065403598510343 133
1780109339666 0.8521255644939855 134
1780109339667 0.8646909240084634 135
1780109339669 0.8426334776334776 136
1780109339670 0.8778168567198046 137
1780109339672 0.8485332837570688 138
1780109339674 0.8143438346998717 139
1780109339675 0.8724807768957386 140
1780109339677 0.8274047783947246 141
1780109339679 0.858733904507646 142
1780109339680 0.8556624649859943 143
1780109339682 0.8711352188590039 144
1780109339683 0.8786637996506418 145
1780109339685 0.8474347864767307 146
1780109339687 0.8839478598456927 147
1780109339688 0.8741119510004959 148
1780109339690 0.8475019059887481 149
1780109339692 0.8356979327151961 150
1780109339693 0.8558853976373157 151
1780109339695 0.8927753420208664 152
1780109339697 0.8459858869769008 153
1780109339698 0.7788695497361704 154
1780109339700 0.8574063355319244 155
1780109339701 0.880934003519463 156
1780109339703 0.8610826341215357 157
1780109339705 0.9087732011187389 158
1780109339706 0.8957782081466291 159
1780109339708 0.8972488038277511 160
1780109339710 0.8751816051987676 161
1780109339711 0.9126479076479077 162
1780109339713 0.8662352108862406 163
1780109339714 0.8855506967677353 164
1780109339716 0.9171602580426109 165
1780109339718 0.8888542568542569 166
1780109339720 0.9039254097034419 167
1780109339721 0.8975127784974333 168
1780109339723 0.8856157429526995 169
1780109339724 0.9324606971975393 170
1780109339726 0.8551938883867811 171
1780109339728 0.8413406462818228 172
1780109339729 0.9180425701936 173
1780109339731 0.9329835953520165 174
1780109339733 0.9282849944360241 175
1780109339734 0.8755005885926938 176
1780109339736 0.9053689616197357 177
1780109339738 0.9151683011877519 178
1780109339739 0.9463880216118067 179
1780109339741 0.9415205834084552 180
1780109339742 0.9329619503303714 181
1780109339744 0.911771754815233 182
1780109339746 0.9190597201365811 183
1780109339747 0.9072445201856965 184
1780109339749 0.9388754990242404 185
1780109339751 0.9452104899930986 186
1780109339752 0.9311086753541996 187
1780109339754 0.9314722412090835 188
1780109339756 0.9334632034632036 189
1780109339757 0.905847485847486 190
1780109339759 0.9403034100402522 191
1780109339760 0.9380557454241665 192
1780109339762 0.9185120130314639 193
1780109339764 0.9136538728243533 194
1780109339765 0.8863661665692557 195
1780109339767 0.9071508201942985 196
1780109339769 0.90362601166949 197
1780109339770 0.9203247867692947 198
1780109339772 0.9169365928189457 199
1780109339774 0.9170452637056487 200
1780109339775 0.8948245440676791 201
1780109339777 0.9092607392607391 202
1780109339779 0.9481037078863167 203
1780109339780 0.9310218728639782 204
1780109339782 0.931747666267117 205
1780109339783 0.935938330675173 206
1780109339785 0.9561904761904761 207
1780109339787 0.9145097592466014 208
1780109339788 0.8921146092656389 209
1780109339790 0.9196130642812564 210
1780109339792 0.9613059163059164 211
1780109339793 0.9322873503308285 212
1780109339795 0.8991554677206851 213
1780109339797 0.9018626110731374 214
1780109339798 0.9197929533394028 215
1780109339800 0.9199490074096348 216
1780109339801 0.9266712235133288 217
1780109339803 0.9329538680460743 218
1780109339805 0.9241124664808874 219
1780109339806 0.9227649900539927 220
1780109339808 0.9277674258109041 221
1780109339810 0.9209814308498518 222
1780109339811 0.9219697410619473 223
1780109339813 0.9311255411255411 224
1780109339815 0.9335642796054696 225
1780109339816 0.8974007620060253 226
1780109339818 0.9349764227860202 227
1780109339820 0.9545238095238096 228
1780109339821 0.917541317060768 229
1780109339823 0.9259223102319076 230
1780109339824 0.9256060606060605 231
1780109339826 0.9129311581091766 232
1780109339828 0.9252754250580338 233
1780109339829 0.9308857035637221 234
1780109339831 0.9215752765752766 235
1780109339833 0.8817323612060454 236
1780109339834 0.9186076604554865 237
1780109339836 0.9347622844991266 238
1780109339838 0.9276009316770187 239
1780109339839 0.9277163263890953 240
1780109339841 0.9407871952608795 241
1780109339842 0.921296841895753 242
1780109339844 0.9511654135338345 243
1780109339846 0.9577272727272728 244
1780109339847 0.9457142857142857 245
1780109339849 0.8921566505390036 246
1780109339851 0.9266101137611434 247
1780109339852 0.94379917184265 248
1780109339854 0.92765873015873 249
1780109339856 0.9242766955266954 250
1780109339857 0.9565550239234449 251
1780109339859 0.921686569364588 252
1780109339861 0.9388795518207284 253
1780109339862 0.9323005053904232 254
1780109339864 0.9327888777888779 255
1780109339866 0.9204502968651574 256
1780109339867 0.9329118250170882 257
1780109339869 0.9481746031746031 258
1780109339870 0.9614756588440798 259
1780109339872 0.898936735778841 260
1780109339874 0.9217285308131989 261
1780109339875 0.9086842105263159 262
1780109339877 0.9115314909993035 263
1780109339879 0.9147512721196932 264
1780109339880 0.9303215383650165 265
1780109339882 0.9500135219471604 266
1780109339884 0.9164671560323734 267
1780109339885 0.9202221127685524 268
1780109339887 0.9301782123292421 269
1780109339888 0.9038515406162466 270
1780109339890 0.9124417924024197 271
1780109339892 0.9098412698412698 272
1780109339893 0.9507410236822003 273
1780109339895 0.9406641604010024 274
1780109339897 0.9560503531556164 275
1780109339898 0.9345082975982155 276
1780109339900 0.9592857142857142 277
1780109339902 0.9211937860228343 278
1780109339903 0.9411009067658682 279
1780109339905 0.9481240981240979 280
1780109339906 0.9389682539682539 281
1780109339908 0.924185364597264 282
1780109339910 0.9692424242424243 283
1780109339911 0.9255504864035622 284
1780109339913 0.9287108494323464 285
1780109339915 0.9460427584111795 286
1780109339916 0.9463385737069947 287
1780109339918 0.9292107442519342 288
1780109339919 0.9313086913086913 289
1780109339921 0.939642857142857 290
1780109339923 0.9408771929824562 291
1780109339924 0.9234295632128449 292
1780109339926 0.946827031346482 293
1780109339928 0.9115231259968104 294
1780109339929 0.9486231884057972 295
1780109339931 0.942735334840598 296
1780109339932 0.9373575242453962 297
1780109339934 0.9328685349737981 298
1780109339936 0.9335414183240269 299
1780109339937 0.9428838400348697 300
1780109339939 0.9388493962178173 301
1780109339941 0.9458297258297259 302
1780109339942 0.9117149010634001 303
1780109339944 0.9523282844793142 304
1780109339946 0.9397054394880481 305
1780109339947 0.9230639097744362 306
1780109339949 0.9254511278195489 307
1780109339950 0.9370505067015363 308
1780109339952 0.9445589764926149 309
1780109339954 0.9358564637976402 310
1780109339956 0.9452240449608871 311
1780109339957 0.9383516483516484 312
1780109339959 0.940997346306944 313
