1780142656831 0.0 0
1780142656834 0.9027777777777727 1
1780142656836 0.9038888888888839 2
1780142656839 0.9072222222222172 3
1780142656842 0.9038888888888839 4
1780142656845 0.9099999999999948 5
1780142656847 0.9077777777777726 6
1780142656850 0.9122222222222172 7
1780142656853 0.9116666666666615 8
1780142656856 0.9149999999999949 9
1780142656858 0.9199999999999949 10
1780142656861 0.9138888888888838 11
1780142656864 0.9177777777777727 12
1780142656867 0.9177777777777727 13
1780142656869 0.9211111111111062 14
1780142656872 0.9166666666666614 15
1780142656875 0.9188888888888839 16
1780142656878 0.9238888888888838 17
1780142656880 0.9199999999999949 18
1780142656883 0.9238888888888838 19
1780142656886 0.9216666666666615 20
1780142656889 0.926111111111106 21
1780142656891 0.9188888888888839 22
1780142656894 0.9244444444444394 23
1780142656897 0.9199999999999949 24
1780142656900 0.9233333333333282 25
1780142656902 0.9211111111111059 26
1780142656905 0.9283333333333283 27
1780142656908 0.9272222222222173 28
1780142656911 0.9211111111111061 29
1780142656913 0.9305555555555504 30
1780142656916 0.9283333333333283 31
1780142656919 0.9255555555555504 32
1780142656922 0.931111111111106 33
1780142656925 0.9249999999999948 34
1780142656928 0.9244444444444392 35
1780142656930 0.931111111111106 36
1780142656933 0.9316666666666615 37
1780142656936 0.9333333333333282 38
1780142656939 0.9244444444444394 39
1780142656941 0.9338888888888837 40
1780142656944 0.9299999999999949 41
1780142656947 0.9255555555555504 42
1780142656950 0.9333333333333282 43
1780142656953 0.9327777777777726 44
1780142656955 0.9349999999999948 45
1780142656958 0.9338888888888837 46
1780142656961 0.9338888888888837 47
1780142656963 0.9405555555555504 48
1780142656966 0.9383333333333281 49
1780142656969 0.9299999999999949 50
1780142656972 0.9322222222222172 51
1780142656974 0.9372222222222171 52
1780142656977 0.9349999999999948 53
1780142656980 0.9377777777777727 54
1780142656983 0.9383333333333281 55
1780142656985 0.9422222222222171 56
1780142656988 0.9338888888888837 57
1780142656991 0.9388888888888836 58
1780142656994 0.9333333333333282 59
1780142656996 0.9388888888888836 60
1780142656999 0.9388888888888836 61
1780142657002 0.9383333333333281 62
1780142657005 0.9377777777777727 63
1780142657008 0.9344444444444393 64
1780142657010 0.9355555555555505 65
1780142657013 0.9377777777777727 66
1780142657016 0.9333333333333282 67
1780142657019 0.9383333333333284 68
1780142657021 0.9349999999999948 69
1780142657024 0.9361111111111059 70
1780142657027 0.9433333333333282 71
1780142657030 0.9405555555555505 72
1780142657032 0.9394444444444392 73
1780142657035 0.9366666666666614 74
1780142657038 0.9377777777777725 75
1780142657041 0.9455555555555503 76
1780142657043 0.9427777777777726 77
1780142657046 0.9438888888888837 78
1780142657049 0.9477777777777725 79
1780142657052 0.9388888888888836 80
1780142657054 0.9416666666666614 81
1780142657057 0.9383333333333281 82
1780142657060 0.9466666666666613 83
1780142657063 0.9477777777777725 84
1780142657066 0.9438888888888837 85
1780142657068 0.9444444444444393 86
1780142657071 0.9488888888888836 87
1780142657074 0.9433333333333282 88
1780142657077 0.9427777777777726 89
1780142657079 0.9466666666666613 90
1780142657082 0.9372222222222171 91
1780142657085 0.9394444444444392 92
1780142657087 0.943333333333328 93
1780142657090 0.9444444444444393 94
1780142657093 0.9444444444444393 95
1780142657096 0.9449999999999947 96
1780142657099 0.9466666666666613 97
1780142657101 0.9455555555555503 98
1780142657104 0.9483333333333281 99
1780142657107 0.9466666666666615 100
1780142657110 0.9377777777777727 101
1780142657112 0.9461111111111059 102
1780142657115 0.9427777777777726 103
1780142657118 0.9405555555555505 104
1780142657121 0.947222222222217 105
1780142657123 0.9466666666666615 106
1780142657126 0.9427777777777726 107
1780142657129 0.9477777777777725 108
1780142657131 0.9522222222222169 109
1780142657134 0.9516666666666614 110
1780142657137 0.9511111111111058 111
1780142657140 0.9499999999999946 112
1780142657142 0.9455555555555503 113
1780142657145 0.9488888888888838 114
1780142657148 0.9511111111111058 115
1780142657151 0.9449999999999947 116
1780142657153 0.9516666666666614 117
1780142657156 0.9505555555555503 118
1780142657159 0.9461111111111059 119
1780142657161 0.9483333333333281 120
1780142657164 0.9483333333333281 121
1780142657167 0.9516666666666614 122
1780142657170 0.9538888888888835 123
1780142657172 0.9533333333333281 124
1780142657175 0.9444444444444393 125
1780142657178 0.9533333333333278 126
1780142657181 0.9527777777777724 127
1780142657183 0.9566666666666613 128
1780142657186 0.953333333333328 129
1780142657189 0.9533333333333278 130
1780142657192 0.9522222222222169 131
1780142657204 0.953333333333328 132
1780142657207 0.9499999999999948 133
1780142657210 0.9538888888888835 134
1780142657213 0.949444444444439 135
1780142657216 0.9477777777777725 136
1780142657218 0.9549999999999947 137
1780142657221 0.9511111111111059 138
1780142657224 0.9499999999999946 139
1780142657226 0.9555555555555502 140
1780142657229 0.9488888888888838 141
1780142657232 0.9505555555555503 142
1780142657235 0.9511111111111058 143
1780142657237 0.9527777777777724 144
1780142657240 0.9549999999999947 145
1780142657243 0.9477777777777725 146
1780142657246 0.9527777777777725 147
1780142657248 0.9577777777777724 148
1780142657251 0.9505555555555502 149
1780142657254 0.9483333333333281 150
1780142657257 0.957222222222217 151
1780142657260 0.9561111111111057 152
1780142657263 0.9511111111111058 153
1780142657265 0.9527777777777724 154
1780142657268 0.9522222222222169 155
1780142657271 0.9594444444444392 156
1780142657273 0.9522222222222171 157
1780142657276 0.9544444444444391 158
1780142657279 0.9533333333333278 159
1780142657282 0.9605555555555501 160
1780142657284 0.9566666666666613 161
1780142657287 0.9583333333333279 162
1780142657290 0.9566666666666613 163
1780142657293 0.9627777777777723 164
1780142657295 0.9599999999999946 165
1780142657298 0.9622222222222169 166
1780142657301 0.9649999999999945 167
1780142657304 0.9599999999999946 168
1780142657307 0.9616666666666612 169
1780142657309 0.9688888888888835 170
1780142657312 0.9638888888888835 171
1780142657315 0.9622222222222169 172
1780142657318 0.9738888888888834 173
1780142657320 0.9794444444444389 174
1780142657323 0.969444444444439 175
1780142657326 0.9655555555555502 176
1780142657329 0.9705555555555501 177
1780142657331 0.9633333333333279 178
1780142657334 0.9738888888888834 179
1780142657337 0.9738888888888834 180
1780142657340 0.9705555555555501 181
1780142657343 0.9666666666666612 182
1780142657346 0.9672222222222169 183
1780142657348 0.9611111111111059 184
1780142657351 0.974444444444439 185
1780142657354 0.9705555555555501 186
1780142657357 0.9666666666666612 187
1780142657359 0.9677777777777724 188
1780142657362 0.9672222222222168 189
1780142657365 0.9666666666666612 190
1780142657368 0.9716666666666611 191
1780142657370 0.9727777777777724 192
1780142657373 0.9716666666666611 193
1780142657376 0.969444444444439 194
1780142657379 0.9705555555555503 195
1780142657382 0.9699999999999946 196
1780142657384 0.9688888888888835 197
1780142657387 0.9705555555555501 198
1780142657390 0.9683333333333278 199
1780142657392 0.9688888888888835 200
1780142657395 0.9755555555555502 201
1780142657398 0.9738888888888834 202
1780142657401 0.9705555555555503 203
1780142657404 0.9705555555555501 204
1780142657406 0.9711111111111057 205
1780142657409 0.9749999999999945 206
1780142657412 0.9788888888888835 207
1780142657415 0.9733333333333279 208
1780142657417 0.9722222222222167 209
1780142657420 0.9722222222222167 210
1780142657423 0.9722222222222167 211
1780142657426 0.9738888888888834 212
1780142657428 0.9699999999999944 213
1780142657431 0.9722222222222168 214
1780142657434 0.9788888888888833 215
1780142657437 0.9722222222222168 216
1780142657440 0.9777777777777723 217
1780142657443 0.974444444444439 218
1780142657445 0.9716666666666613 219
1780142657448 0.9727777777777723 220
1780142657451 0.9766666666666612 221
1780142657454 0.9711111111111055 222
1780142657456 0.9711111111111055 223
1780142657459 0.9749999999999945 224
1780142657462 0.9705555555555501 225
1780142657465 0.9711111111111057 226
1780142657467 0.9683333333333278 227
1780142657470 0.9755555555555502 228
1780142657473 0.968333333333328 229
1780142657476 0.97555555555555 230
1780142657479 0.9711111111111055 231
1780142657481 0.9727777777777724 232
1780142657484 0.9777777777777722 233
1780142657487 0.968333333333328 234
1780142657490 0.9749999999999945 235
1780142657492 0.9749999999999945 236
1780142657495 0.9755555555555502 237
1780142657498 0.978333333333328 238
1780142657501 0.974444444444439 239
1780142657504 0.9711111111111057 240
1780142657506 0.9727777777777723 241
1780142657509 0.9794444444444389 242
1780142657512 0.9805555555555501 243
1780142657515 0.9777777777777723 244
1780142657518 0.9761111111111058 245
1780142657520 0.9722222222222168 246
1780142657523 0.9761111111111056 247
1780142657526 0.9805555555555501 248
1780142657529 0.9777777777777722 249
1780142657531 0.9738888888888836 250
1780142657534 0.9783333333333278 251
1780142657537 0.9733333333333279 252
1780142657540 0.9727777777777723 253
1780142657542 0.9805555555555501 254
1780142657545 0.9788888888888833 255
1780142657548 0.9783333333333278 256
1780142657551 0.9794444444444389 257
1780142657553 0.9733333333333279 258
1780142657556 0.9849999999999944 259
1780142657559 0.9716666666666611 260
1780142657562 0.9738888888888834 261
1780142657565 0.9811111111111057 262
1780142657567 0.9766666666666612 263
1780142657570 0.9799999999999944 264
1780142657573 0.9811111111111055 265
1780142657576 0.9761111111111056 266
1780142657579 0.9777777777777723 267
1780142657581 0.9783333333333278 268
1780142657584 0.9794444444444389 269
1780142657587 0.9799999999999945 270
1780142657590 0.9772222222222167 271
1780142657592 0.9805555555555501 272
1780142657595 0.9777777777777722 273
1780142657598 0.9838888888888834 274
1780142657601 0.9816666666666611 275
1780142657604 0.9788888888888835 276
1780142657607 0.9733333333333279 277
1780142657609 0.9766666666666612 278
1780142657612 0.9811111111111057 279
1780142657615 0.9805555555555501 280
1780142657618 0.9833333333333277 281
1780142657620 0.9805555555555501 282
1780142657623 0.9805555555555501 283
1780142657626 0.9794444444444389 284
1780142657629 0.9799999999999944 285
1780142657631 0.9816666666666611 286
1780142657634 0.9827777777777722 287
1780142657637 0.9816666666666611 288
1780142657640 0.9794444444444389 289
1780142657642 0.9822222222222166 290
1780142657645 0.9788888888888835 291
1780142657648 0.9749999999999945 292
1780142657651 0.9799999999999945 293
1780142657654 0.9749999999999945 294
1780142657656 0.9727777777777724 295
1780142657659 0.9794444444444389 296
1780142657662 0.97555555555555 297
1780142657665 0.9816666666666611 298
1780142657667 0.9766666666666612 299
1780142657670 0.9827777777777722 300
1780142657673 0.9816666666666611 301
1780142657676 0.9761111111111056 302
1780142657679 0.9816666666666611 303
1780142657681 0.9805555555555502 304
1780142657684 0.9816666666666611 305
1780142657687 0.9766666666666612 306
1780142657690 0.9788888888888833 307
1780142657692 0.9844444444444388 308
1780142657695 0.9811111111111055 309
1780142657698 0.9766666666666612 310
1780142657701 0.9816666666666611 311
1780142657703 0.9816666666666611 312
1780142657706 0.9833333333333277 313
