1780269689454 0.0 0
1780269689460 0.35 1
1780269689463 0.755 2
1780269689465 0.7 3
1780269689467 0.715 4
1780269689469 0.69 5
1780269689471 0.64 6
1780269689473 0.705 7
1780269689475 0.795 8
1780269689477 0.82 9
1780269689479 0.8 10
1780269689481 0.805 11
1780269689483 0.79 12
1780269689485 0.875 13
1780269689487 0.81 14
1780269689489 0.81 15
1780269689491 0.9 16
1780269689492 0.82 17
1780269689494 0.885 18
1780269689496 0.835 19
1780269689498 0.87 20
1780269689500 0.815 21
1780269689502 0.835 22
1780269689503 0.845 23
1780269689505 0.835 24
1780269689507 0.87 25
1780269689509 0.845 26
1780269689510 0.815 27
1780269689512 0.9 28
1780269689514 0.875 29
1780269689516 0.84 30
1780269689518 0.895 31
1780269689519 0.89 32
1780269689521 0.785 33
1780269689523 0.9 34
1780269689525 0.905 35
1780269689526 0.89 36
1780269689528 0.865 37
1780269689530 0.865 38
1780269689532 0.9 39
1780269689534 0.885 40
1780269689536 0.89 41
1780269689537 0.925 42
1780269689539 0.9 43
1780269689541 0.9 44
1780269689542 0.905 45
1780269689544 0.85 46
1780269689546 0.83 47
1780269689550 0.925 48
1780269689553 0.855 49
1780269689556 0.895 50
1780269689559 0.895 51
1780269689562 0.91 52
1780269689564 0.9 53
1780269689567 0.89 54
1780269689568 0.89 55
1780269689570 0.945 56
1780269689572 0.875 57
1780269689574 0.89 58
1780269689576 0.875 59
1780269689578 0.865 60
1780269689580 0.855 61
1780269689582 0.84 62
1780269689584 0.905 63
1780269689586 0.915 64
1780269689588 0.895 65
1780269689590 0.935 66
1780269689592 0.875 67
1780269689594 0.92 68
1780269689596 0.9 69
1780269689598 0.88 70
1780269689600 0.915 71
1780269689602 0.89 72
1780269689603 0.9 73
1780269689606 0.9 74
1780269689608 0.865 75
1780269689610 0.955 76
1780269689612 0.9 77
1780269689614 0.92 78
1780269689616 0.88 79
1780269689617 0.895 80
1780269689619 0.88 81
1780269689621 0.9 82
1780269689623 0.895 83
1780269689625 0.905 84
1780269689627 0.935 85
1780269689628 0.905 86
1780269689630 0.9 87
1780269689632 0.895 88
1780269689634 0.89 89
1780269689635 0.885 90
1780269689637 0.905 91
1780269689639 0.88 92
1780269689640 0.905 93
1780269689642 0.91 94
1780269689644 0.9 95
1780269689646 0.925 96
1780269689648 0.865 97
1780269689649 0.895 98
1780269689651 0.895 99
1780269689653 0.86 100
1780269689654 0.93 101
1780269689656 0.945 102
1780269689658 0.88 103
1780269689660 0.91 104
1780269689661 0.945 105
1780269689663 0.905 106
1780269689665 0.905 107
1780269689668 0.935 108
1780269689671 0.935 109
1780269689674 0.875 110
1780269689678 0.9 111
1780269689682 0.92 112
1780269689686 0.96 113
1780269689689 0.865 114
1780269689692 0.91 115
1780269689695 0.89 116
1780269689697 0.93 117
1780269689699 0.89 118
1780269689701 0.905 119
1780269689703 0.91 120
1780269689705 0.895 121
1780269689708 0.915 122
1780269689710 0.94 123
1780269689712 0.87 124
1780269689714 0.89 125
1780269689716 0.885 126
1780269689718 0.88 127
1780269689721 0.93 128
1780269689723 0.885 129
1780269689725 0.935 130
1780269689727 0.92 131
1780269689730 0.93 132
1780269689732 0.905 133
1780269689734 0.91 134
1780269689737 0.915 135
1780269689739 0.905 136
1780269689742 0.905 137
1780269689744 0.92 138
1780269689747 0.895 139
1780269689749 0.89 140
1780269689751 0.9 141
1780269689753 0.92 142
1780269689755 0.9 143
1780269689756 0.93 144
1780269689758 0.955 145
1780269689760 0.91 146
1780269689761 0.915 147
1780269689763 0.915 148
1780269689765 0.93 149
1780269689767 0.945 150
1780269689768 0.89 151
1780269689770 0.875 152
1780269689772 0.94 153
1780269689774 0.915 154
1780269689775 0.895 155
1780269689777 0.92 156
1780269689779 0.935 157
1780269689780 0.925 158
1780269689782 0.93 159
1780269689784 0.93 160
1780269689786 0.885 161
1780269689787 0.895 162
1780269689789 0.895 163
1780269689791 0.9 164
1780269689793 0.93 165
1780269689796 0.94 166
1780269689799 0.945 167
1780269689801 0.895 168
1780269689804 0.91 169
1780269689806 0.93 170
1780269689808 0.925 171
1780269689811 0.935 172
1780269689813 0.925 173
1780269689816 0.93 174
1780269689818 0.28 175
1780269689820 0.31 176
1780269689823 0.365 177
1780269689825 0.325 178
1780269689827 0.39 179
1780269689829 0.37 180
1780269689830 0.385 181
1780269689832 0.345 182
1780269689834 0.23 183
1780269689836 0.24 184
1780269689837 0.39 185
1780269689839 0.265 186
1780269689841 0.435 187
1780269689843 0.385 188
1780269689845 0.32 189
1780269689847 0.335 190
1780269689849 0.355 191
1780269689851 0.405 192
1780269689853 0.485 193
1780269689855 0.51 194
1780269689857 0.42 195
1780269689859 0.43 196
1780269689861 0.46 197
1780269689863 0.485 198
1780269689865 0.425 199
1780269689867 0.415 200
1780269689869 0.525 201
1780269689871 0.425 202
1780269689872 0.39 203
1780269689874 0.465 204
1780269689876 0.52 205
1780269689878 0.455 206
1780269689880 0.57 207
1780269689882 0.525 208
1780269689884 0.555 209
1780269689885 0.575 210
1780269689887 0.53 211
1780269689889 0.53 212
1780269689891 0.61 213
1780269689893 0.68 214
1780269689894 0.62 215
1780269689896 0.59 216
1780269689898 0.6 217
1780269689900 0.62 218
1780269689902 0.595 219
1780269689904 0.605 220
1780269689905 0.615 221
1780269689907 0.72 222
1780269689910 0.66 223
1780269689913 0.635 224
1780269689916 0.62 225
1780269689918 0.675 226
1780269689921 0.63 227
1780269689923 0.715 228
1780269689925 0.66 229
1780269689926 0.655 230
1780269689928 0.67 231
1780269689930 0.73 232
1780269689931 0.68 233
1780269689933 0.665 234
1780269689935 0.73 235
1780269689936 0.625 236
1780269689938 0.62 237
1780269689940 0.71 238
1780269689942 0.71 239
1780269689943 0.67 240
1780269689945 0.73 241
1780269689947 0.71 242
1780269689948 0.735 243
1780269689950 0.69 244
1780269689952 0.61 245
1780269689953 0.685 246
1780269689955 0.705 247
1780269689957 0.68 248
1780269689959 0.735 249
1780269689960 0.73 250
1780269689962 0.69 251
1780269689964 0.715 252
1780269689965 0.715 253
1780269689967 0.715 254
1780269689969 0.695 255
1780269689970 0.635 256
1780269689972 0.665 257
1780269689974 0.71 258
1780269689975 0.685 259
1780269689977 0.665 260
1780269689979 0.7 261
1780269689980 0.7 262
1780269689982 0.705 263
1780269689984 0.765 264
1780269689985 0.685 265
1780269689987 0.66 266
1780269689989 0.71 267
1780269689990 0.69 268
1780269689992 0.715 269
1780269689993 0.665 270
1780269689995 0.715 271
1780269689997 0.66 272
1780269689998 0.715 273
1780269690000 0.665 274
1780269690002 0.715 275
1780269690003 0.735 276
1780269690005 0.725 277
1780269690007 0.775 278
1780269690008 0.71 279
1780269690010 0.745 280
1780269690012 0.695 281
1780269690013 0.715 282
1780269690015 0.67 283
1780269690017 0.73 284
1780269690018 0.72 285
1780269690020 0.715 286
1780269690022 0.765 287
1780269690023 0.73 288
1780269690025 0.725 289
1780269690027 0.715 290
1780269690028 0.725 291
1780269690030 0.78 292
1780269690032 0.74 293
1780269690034 0.75 294
1780269690035 0.74 295
1780269690037 0.715 296
1780269690039 0.765 297
1780269690041 0.755 298
1780269690042 0.705 299
1780269690044 0.71 300
1780269690046 0.76 301
1780269690048 0.795 302
1780269690049 0.77 303
1780269690051 0.71 304
1780269690053 0.695 305
1780269690055 0.735 306
1780269690056 0.745 307
1780269690058 0.755 308
1780269690060 0.685 309
1780269690061 0.705 310
1780269690063 0.77 311
1780269690065 0.715 312
1780269690067 0.785 313
1780269690068 0.74 314
1780269690070 0.74 315
1780269690072 0.765 316
1780269690073 0.76 317
1780269690075 0.74 318
1780269690077 0.745 319
1780269690078 0.72 320
1780269690080 0.73 321
1780269690082 0.73 322
1780269690084 0.735 323
1780269690085 0.735 324
1780269690087 0.8 325
1780269690089 0.78 326
1780269690090 0.76 327
1780269690092 0.755 328
1780269690094 0.745 329
1780269690095 0.8 330
1780269690097 0.75 331
1780269690099 0.74 332
1780269690100 0.775 333
1780269690102 0.77 334
1780269690104 0.75 335
1780269690106 0.74 336
1780269690107 0.735 337
1780269690109 0.71 338
1780269690111 0.715 339
1780269690112 0.82 340
1780269690114 0.795 341
1780269690116 0.785 342
1780269690118 0.855 343
1780269690119 0.785 344
1780269690121 0.695 345
1780269690123 0.74 346
1780269690124 0.735 347
1780269690126 0.755 348
