1780120638690 0.0 0
1780120638693 0.9038888888888839 1
1780120638694 0.9211111111111059 2
1780120638696 0.926111111111106 3
1780120638698 0.9338888888888837 4
1780120638700 0.9461111111111059 5
1780120638701 0.9299999999999949 6
1780120638703 0.9472222222222169 7
1780120638705 0.9516666666666614 8
1780120638706 0.9549999999999947 9
1780120638708 0.9116666666666615 10
1780120638710 0.9238888888888838 11
1780120638712 0.957222222222217 12
1780120638714 0.9661111111111056 13
1780120638715 0.962222222222217 14
1780120638717 0.9449999999999946 15
1780120638719 0.9672222222222169 16
1780120638720 0.9644444444444391 17
1780120638722 0.9483333333333281 18
1780120638724 0.9655555555555502 19
1780120638725 0.9683333333333278 20
1780120638727 0.9566666666666613 21
1780120638729 0.9727777777777723 22
1780120638731 0.9755555555555502 23
1780120638732 0.9716666666666611 24
1780120638734 0.9655555555555502 25
1780120638736 0.968333333333328 26
1780120638737 0.9622222222222169 27
1780120638739 0.9672222222222169 28
1780120638741 0.9661111111111056 29
1780120638743 0.9788888888888833 30
1780120638745 0.958333333333328 31
1780120638747 0.9427777777777726 32
1780120638748 0.9755555555555502 33
1780120638750 0.9699999999999946 34
1780120638752 0.9599999999999946 35
1780120638753 0.9816666666666614 36
1780120638755 0.9716666666666611 37
1780120638757 0.9111111111111061 38
1780120638759 0.974444444444439 39
1780120638760 0.9777777777777723 40
1780120638762 0.9749999999999946 41
1780120638764 0.9761111111111056 42
1780120638765 0.9655555555555502 43
1780120638767 0.9788888888888835 44
1780120638769 0.9849999999999944 45
1780120638771 0.9872222222222167 46
1780120638773 0.9861111111111056 47
1780120638774 0.9833333333333277 48
1780120638776 0.9899999999999943 49
1780120638778 0.9399999999999948 50
1780120638779 0.9783333333333278 51
1780120638781 0.9605555555555503 52
1780120638783 0.9777777777777722 53
1780120638785 0.9794444444444389 54
1780120638786 0.9711111111111057 55
1780120638788 0.9766666666666612 56
1780120638790 0.9811111111111057 57
1780120638791 0.9833333333333278 58
1780120638793 0.9794444444444389 59
1780120638795 0.99055555555555 60
1780120638797 0.9872222222222167 61
1780120638798 0.9816666666666611 62
1780120638800 0.9749999999999945 63
1780120638802 0.9333333333333282 64
1780120638803 0.9827777777777722 65
1780120638805 0.9772222222222169 66
1780120638807 0.9849999999999944 67
1780120638808 0.9827777777777724 68
1780120638810 0.9877777777777721 69
1780120638812 0.9872222222222167 70
1780120638814 0.9605555555555501 71
1780120638815 0.9688888888888835 72
1780120638817 0.9805555555555501 73
1780120638819 0.9888888888888833 74
1780120638820 0.9894444444444389 75
1780120638822 0.9877777777777723 76
1780120638824 0.9855555555555501 77
1780120638825 0.9883333333333277 78
1780120638827 0.9849999999999944 79
1780120638829 0.9849999999999944 80
1780120638831 0.9899999999999946 81
1780120638832 0.9377777777777725 82
1780120638834 0.9888888888888834 83
1780120638836 0.9877777777777723 84
1780120638837 0.9938888888888833 85
1780120638839 0.984444444444439 86
1780120638841 0.9916666666666611 87
1780120638842 0.9872222222222167 88
1780120638844 0.9738888888888834 89
1780120638846 0.99055555555555 90
1780120638848 0.9922222222222168 91
1780120638850 0.986666666666661 92
1780120638851 0.9783333333333278 93
1780120638853 0.9883333333333277 94
1780120638855 0.9849999999999944 95
1780120638857 0.9888888888888834 96
1780120638858 0.984444444444439 97
1780120638860 0.9894444444444389 98
1780120638862 0.9777777777777723 99
1780120638863 0.9922222222222166 100
1780120638865 0.9916666666666611 101
1780120638867 0.9705555555555503 102
1780120638869 0.974444444444439 103
1780120638871 0.9899999999999943 104
1780120638872 0.9944444444444388 105
1780120638874 0.9916666666666611 106
1780120638876 0.9794444444444389 107
1780120638878 0.978333333333328 108
1780120638879 0.9916666666666611 109
1780120638881 0.9811111111111057 110
1780120638883 0.9916666666666611 111
1780120638885 0.9755555555555502 112
1780120638886 0.9872222222222167 113
1780120638888 0.9922222222222166 114
1780120638890 0.9844444444444388 115
1780120638892 0.9888888888888833 116
1780120638893 0.9944444444444389 117
1780120638895 0.9883333333333277 118
1780120638897 0.9783333333333278 119
1780120638899 0.9894444444444389 120
1780120638900 0.9944444444444389 121
1780120638902 0.9838888888888834 122
1780120638904 0.9788888888888835 123
1780120638905 0.9805555555555501 124
1780120638907 0.9922222222222168 125
1780120638909 0.9938888888888833 126
1780120638910 0.9899999999999946 127
1780120638912 0.9849999999999944 128
1780120638914 0.9888888888888833 129
1780120638916 0.986666666666661 130
1780120638917 0.9911111111111056 131
1780120638919 0.9888888888888834 132
1780120638921 0.9772222222222169 133
1780120638922 0.9927777777777722 134
1780120638924 0.9883333333333277 135
1780120638926 0.9899999999999943 136
1780120638927 0.9883333333333277 137
1780120638929 0.9805555555555502 138
1780120638931 0.9911111111111055 139
1780120638932 0.9699999999999946 140
1780120638934 0.9922222222222168 141
1780120638936 0.9916666666666611 142
1780120638938 0.9849999999999947 143
1780120638939 0.9949999999999944 144
1780120638941 0.9833333333333278 145
1780120638943 0.9894444444444389 146
1780120638944 0.9899999999999943 147
1780120638946 0.9933333333333279 148
1780120638948 0.9933333333333276 149
1780120638950 0.9922222222222166 150
1780120638952 0.9911111111111055 151
1780120638953 0.9933333333333276 152
1780120638955 0.9922222222222166 153
1780120638957 0.9944444444444389 154
1780120638959 0.9933333333333279 155
1780120638960 0.99055555555555 156
1780120638962 0.9844444444444388 157
1780120638964 0.9961111111111055 158
1780120638966 0.9949999999999944 159
1780120638967 0.9899999999999943 160
1780120638969 0.9699999999999946 161
1780120638971 0.9922222222222168 162
1780120638972 0.9955555555555499 163
1780120638974 0.9922222222222168 164
1780120638976 0.9961111111111055 165
1780120638977 0.9883333333333277 166
1780120638979 0.9949999999999944 167
1780120638981 0.9944444444444389 168
1780120638983 0.9944444444444389 169
1780120638984 0.9938888888888833 170
1780120638986 0.9977777777777723 171
1780120638988 0.9944444444444388 172
1780120638989 0.9916666666666611 173
1780120638991 0.9888888888888834 174
1780120638993 0.9899999999999946 175
1780120638994 0.9949999999999944 176
1780120638996 0.9966666666666611 177
1780120638998 0.9961111111111055 178
1780120639000 0.9972222222222167 179
1780120639001 0.9955555555555499 180
1780120639003 0.996666666666661 181
1780120639005 0.9938888888888833 182
1780120639007 0.9961111111111055 183
1780120639008 0.9894444444444389 184
1780120639010 0.9966666666666611 185
1780120639012 0.9933333333333276 186
1780120639013 0.9977777777777723 187
1780120639015 0.9911111111111055 188
1780120639017 0.9911111111111055 189
1780120639019 0.9927777777777722 190
1780120639020 0.9938888888888833 191
1780120639022 0.9961111111111055 192
1780120639024 0.9916666666666611 193
1780120639025 0.9927777777777722 194
1780120639027 0.9944444444444389 195
1780120639029 0.9955555555555499 196
1780120639030 0.9916666666666611 197
1780120639032 0.9983333333333277 198
1780120639034 0.9944444444444388 199
1780120639036 0.9949999999999944 200
1780120639038 0.9727777777777723 201
1780120639039 0.9911111111111056 202
1780120639041 0.9972222222222167 203
1780120639043 0.9949999999999944 204
1780120639044 0.9961111111111055 205
1780120639046 0.9961111111111055 206
1780120639048 0.9972222222222167 207
1780120639050 0.9966666666666611 208
1780120639051 0.9949999999999944 209
1780120639053 0.9961111111111055 210
1780120639055 0.9944444444444389 211
1780120639057 0.9949999999999944 212
1780120639058 0.9966666666666611 213
1780120639060 0.974444444444439 214
1780120639062 0.9938888888888833 215
1780120639063 0.9961111111111055 216
1780120639065 0.9927777777777722 217
1780120639067 0.9966666666666611 218
1780120639069 0.9994444444444388 219
1780120639070 0.9966666666666611 220
1780120639072 0.9966666666666611 221
1780120639074 0.9994444444444388 222
1780120639076 0.9977777777777723 223
1780120639078 0.9972222222222167 224
1780120639080 0.9911111111111055 225
1780120639081 0.9966666666666611 226
1780120639083 0.9972222222222167 227
1780120639085 0.9955555555555501 228
1780120639086 0.996666666666661 229
1780120639088 0.9966666666666611 230
1780120639090 0.9722222222222168 231
1780120639092 0.9955555555555501 232
1780120639093 0.9944444444444389 233
1780120639095 0.99055555555555 234
1780120639097 0.9916666666666611 235
1780120639099 0.9966666666666611 236
1780120639100 0.9961111111111055 237
1780120639102 0.9922222222222168 238
1780120639104 0.9966666666666611 239
1780120639106 0.9961111111111055 240
1780120639107 0.9933333333333279 241
1780120639109 0.9949999999999944 242
1780120639111 0.9961111111111055 243
1780120639112 0.9949999999999944 244
1780120639114 0.9972222222222167 245
1780120639116 0.9977777777777721 246
1780120639117 0.9972222222222167 247
1780120639119 0.9949999999999944 248
1780120639121 0.9911111111111056 249
1780120639123 0.9961111111111055 250
1780120639124 0.9911111111111056 251
1780120639126 0.9961111111111055 252
1780120639128 0.9944444444444389 253
1780120639130 0.9977777777777723 254
1780120639131 0.9938888888888833 255
1780120639133 0.9972222222222167 256
1780120639135 0.9855555555555501 257
1780120639136 0.9983333333333277 258
1780120639138 0.9955555555555499 259
1780120639140 0.9899999999999943 260
1780120639142 0.9883333333333277 261
1780120639143 0.9977777777777721 262
1780120639145 0.9894444444444389 263
1780120639147 0.9955555555555499 264
1780120639149 0.988333333333328 265
1780120639150 0.9949999999999944 266
1780120639152 0.9911111111111055 267
1780120639154 0.9972222222222167 268
1780120639155 0.9977777777777721 269
1780120639157 0.9966666666666611 270
1780120639159 0.9927777777777722 271
1780120639160 0.9949999999999944 272
1780120639162 0.9955555555555499 273
1780120639164 0.9949999999999944 274
1780120639165 0.9927777777777722 275
1780120639167 0.9949999999999944 276
1780120639169 0.9972222222222167 277
1780120639170 0.9961111111111055 278
1780120639172 0.9977777777777721 279
1780120639174 0.9933333333333276 280
1780120639175 0.9949999999999944 281
1780120639177 0.996666666666661 282
1780120639179 0.9983333333333277 283
1780120639181 0.9966666666666611 284
1780120639183 0.9955555555555501 285
1780120639185 0.9972222222222167 286
1780120639186 0.9949999999999944 287
1780120639188 0.996666666666661 288
1780120639190 0.9988888888888834 289
1780120639191 0.9949999999999944 290
1780120639193 0.9977777777777723 291
1780120639195 0.9972222222222167 292
1780120639196 0.9966666666666611 293
1780120639198 0.996666666666661 294
1780120639200 0.9949999999999944 295
1780120639202 0.9949999999999944 296
1780120639204 0.9933333333333279 297
1780120639205 0.9972222222222167 298
1780120639207 0.9949999999999944 299
1780120639209 0.9966666666666611 300
1780120639210 0.9966666666666611 301
1780120639212 0.9966666666666611 302
1780120639214 0.9888888888888834 303
1780120639216 0.9983333333333277 304
1780120639218 0.9972222222222167 305
1780120639219 0.9977777777777723 306
1780120639221 0.9966666666666611 307
1780120639223 0.9966666666666611 308
1780120639224 0.996666666666661 309
1780120639226 0.9966666666666611 310
1780120639228 0.9961111111111055 311
1780120639230 0.9961111111111055 312
1780120639231 0.9944444444444388 313
