1780119905422 0.0 0
1780119905424 0.01659090909090909 1
1780119905426 0.18385836509609926 2
1780119905427 0.19749554367201427 3
1780119905429 0.3926272812155165 4
1780119905430 0.4316239415982676 5
1780119905432 0.40062597125097127 6
1780119905434 0.4100956090690796 7
1780119905435 0.5288674727303759 8
1780119905437 0.5513540796435533 9
1780119905438 0.6357168458781363 10
1780119905440 0.6018956647217518 11
1780119905442 0.6339653316106804 12
1780119905443 0.6675424582378151 13
1780119905445 0.5457863532348658 14
1780119905446 0.6839244813867577 15
1780119905448 0.7049297369297369 16
1780119905449 0.7170395060698265 17
1780119905451 0.7201664427708071 18
1780119905453 0.7550068747042431 19
1780119905454 0.7750995860864283 20
1780119905456 0.710802747976661 21
1780119905458 0.6968336348221259 22
1780119905459 0.7988578397866324 23
1780119905461 0.7881013431013432 24
1780119905462 0.7778659885006635 25
1780119905464 0.8255183993785746 26
1780119905466 0.7635180846578306 27
1780119905468 0.7814625481979769 28
1780119905469 0.7642369813422445 29
1780119905471 0.7913179101600154 30
1780119905472 0.7484962406015037 31
1780119905474 0.832283062729287 32
1780119905476 0.7766831390069376 33
1780119905477 0.815025554155989 34
1780119905479 0.782989820851663 35
1780119905481 0.7622534579241897 36
1780119905482 0.781026011026011 37
1780119905484 0.7837694366808485 38
1780119905485 0.7968669115243351 39
1780119905487 0.791335552319534 40
1780119905489 0.8405722458319713 41
1780119905490 0.8208984582668792 42
1780119905492 0.7783254909341866 43
1780119905494 0.8413779373647795 44
1780119905496 0.837740013254719 45
1780119905497 0.8370816133470932 46
1780119905499 0.8094539843827769 47
1780119905501 0.8165209659621425 48
1780119905502 0.7887002261504445 49
1780119905504 0.8378243845327236 50
1780119905506 0.8445312992820734 51
1780119905507 0.8235881041379762 52
1780119905509 0.8097247317899491 53
1780119905510 0.8194355034744051 54
1780119905512 0.7957132708155726 55
1780119905514 0.8005707265917253 56
1780119905515 0.8166956409603469 57
1780119905517 0.8427739030835006 58
1780119905518 0.830887445887446 59
1780119905520 0.8491357841243424 60
1780119905522 0.8340749315744604 61
1780119905523 0.8343459561880614 62
1780119905525 0.8085317806834835 63
1780119905526 0.8014017631984384 64
1780119905528 0.8413903604920229 65
1780119905530 0.8961918685602897 66
1780119905531 0.8084379688701938 67
1780119905533 0.8317732065835781 68
1780119905534 0.850500109793588 69
1780119905536 0.7875867269984917 70
1780119905537 0.8609572872725775 71
1780119905539 0.8302842608277391 72
1780119905541 0.8480941170934777 73
1780119905542 0.8399640570464368 74
1780119905544 0.847524297597827 75
1780119905545 0.8491839543226002 76
1780119905547 0.8694870194641361 77
1780119905549 0.8357188577638841 78
1780119905550 0.8550803094693255 79
1780119905552 0.8457528848860119 80
1780119905554 0.8904524440128156 81
1780119905555 0.8094308632543925 82
1780119905557 0.8492789475094374 83
1780119905558 0.8362199021022552 84
1780119905560 0.8823778677462888 85
1780119905562 0.8704165034173522 86
1780119905563 0.8706619769119769 87
1780119905565 0.7778088212956634 88
1780119905566 0.8779211127037213 89
1780119905568 0.8295646725509427 90
1780119905570 0.8477434394810555 91
1780119905571 0.8660798095666516 92
1780119905573 0.9052902348096856 93
1780119905574 0.8624983877491618 94
1780119905576 0.8381375661375661 95
1780119905578 0.830193511198946 96
1780119905580 0.8676684185379837 97
1780119905582 0.8405254341424419 98
1780119905584 0.8486259809149835 99
1780119905585 0.8621288729069049 100
1780119905587 0.8337056400920986 101
1780119905589 0.8306497653544103 102
1780119905590 0.8234926778475709 103
1780119905592 0.875908967081736 104
1780119905594 0.888581359039698 105
1780119905595 0.8369146316733473 106
1780119905597 0.8527327865371344 107
1780119905599 0.8685449735449737 108
1780119905600 0.8691565638645926 109
1780119905602 0.8505666339762449 110
1780119905603 0.8537817061965669 111
1780119905605 0.8772367371190901 112
1780119905607 0.8577346727346727 113
1780119905609 0.8988146167557932 114
1780119905610 0.8526561602648559 115
1780119905612 0.8961665110488639 116
1780119905613 0.8543750094934305 117
1780119905615 0.8535893422621111 118
1780119905617 0.8844020586583516 119
1780119905618 0.8563154908061227 120
1780119905620 0.8556088257287946 121
1780119905621 0.8907260495793012 122
1780119905623 0.8784219500157043 123
1780119905625 0.8668095811941312 124
1780119905626 0.8518248230919856 125
1780119905628 0.8724823422191843 126
1780119905629 0.8325170218423684 127
1780119905631 0.8569389096169282 128
1780119905633 0.8451707712577278 129
1780119905634 0.8854403053087264 130
1780119905636 0.8847069318100076 131
1780119905638 0.8667641578694211 132
1780119905639 0.8496152668019675 133
1780119905641 0.8899141829906835 134
1780119905643 0.8958907149296167 135
1780119905644 0.8795565815258909 136
1780119905646 0.8393717948717949 137
1780119905647 0.7810264429572875 138
1780119905649 0.875110028860029 139
1780119905651 0.8471915859959338 140
1780119905652 0.8228023049075681 141
1780119905654 0.9290084070518851 142
1780119905655 0.8927285059020488 143
1780119905657 0.855469310101663 144
1780119905659 0.8498046319977266 145
1780119905660 0.8550175438596492 146
1780119905662 0.8829764901383894 147
1780119905663 0.9093680094602157 148
1780119905665 0.8962897439677626 149
1780119905667 0.8880189191688048 150
1780119905668 0.8436702741702742 151
1780119905670 0.8733640585420772 152
1780119905672 0.8919523139399301 153
1780119905673 0.8745584251776203 154
1780119905675 0.8788942052099948 155
1780119905676 0.8824496848181058 156
1780119905678 0.8990876014437396 157
1780119905680 0.9239431913116125 158
1780119905681 0.9162172879692061 159
1780119905683 0.8903663514847727 160
1780119905685 0.9086801242236024 161
1780119905686 0.928455781591466 162
1780119905688 0.9207018699581629 163
1780119905689 0.901852642971064 164
1780119905691 0.9255279503105589 165
1780119905693 0.906713015245624 166
1780119905694 0.9077831890331891 167
1780119905696 0.9345223665223663 168
1780119905697 0.9122242364805295 169
1780119905699 0.9258458311554285 170
1780119905701 0.9065452156962455 171
1780119905702 0.9276194273562695 172
1780119905704 0.906265976885172 173
1780119905705 0.9247720906544435 174
1780119905707 0.9246195198140278 175
1780119905709 0.9064604023427553 176
1780119905710 0.9177356755059003 177
1780119905712 0.9374798404210167 178
1780119905713 0.9435645933014353 179
1780119905715 0.9541630591630591 180
1780119905717 0.9602130325814535 181
1780119905718 0.9274394804728632 182
1780119905720 0.925645933014354 183
1780119905722 0.9182699529086997 184
1780119905724 0.9173855092276144 185
1780119905725 0.9223809523809525 186
1780119905727 0.9224043603455367 187
1780119905728 0.8974124649859944 188
1780119905730 0.9056230130378738 189
1780119905732 0.9253984599179109 190
1780119905733 0.9296468443836865 191
1780119905735 0.9341135942623356 192
1780119905737 0.8941666666666667 193
1780119905738 0.900233306425257 194
1780119905740 0.9248467017345735 195
1780119905741 0.9200937280813442 196
1780119905743 0.9054331641123268 197
1780119905745 0.942251552795031 198
1780119905746 0.9318113465481886 199
1780119905748 0.927337554535024 200
1780119905749 0.9460503531556164 201
1780119905751 0.9017112775350761 202
1780119905753 0.9616017316017315 203
1780119905754 0.9418364092048304 204
1780119905756 0.9188971440458854 205
1780119905758 0.9210480004358722 206
1780119905760 0.9015212438210151 207
1780119905761 0.9481219352729651 208
1780119905763 0.9305559352927772 209
1780119905764 0.9393255866940077 210
1780119905766 0.9436935347261434 211
1780119905768 0.911299081035923 212
1780119905769 0.9142104272539054 213
1780119905771 0.8849253436621858 214
1780119905773 0.9185662686127081 215
1780119905775 0.9309166856535278 216
1780119905776 0.9480026977853064 217
1780119905778 0.933676516719995 218
1780119905779 0.9630451127819549 219
1780119905781 0.932673350041771 220
1780119905783 0.9376457447967745 221
1780119905784 0.9613385737069947 222
1780119905786 0.943611300979722 223
1780119905788 0.9273520923520924 224
1780119905789 0.9247835497835499 225
1780119905791 0.9625541125541126 226
1780119905792 0.9603717627401839 227
1780119905794 0.9199730959577506 228
1780119905796 0.9320390898194102 229
1780119905797 0.9270078270542668 230
1780119905799 0.9611654135338344 231
1780119905800 0.9127646025472114 232
1780119905802 0.9379233327059413 233
1780119905804 0.9420277967646389 234
1780119905805 0.9108407382091593 235
1780119905807 0.9422382867577376 236
1780119905808 0.9430165788317962 237
1780119905810 0.9348068701164676 238
1780119905812 0.9352394876079086 239
1780119905813 0.9538999012683222 240
1780119905815 0.931828645229675 241
1780119905817 0.9386329460013669 242
1780119905818 0.9383796910577097 243
1780119905820 0.9253110047846891 244
1780119905822 0.9586480569239189 245
1780119905823 0.9482581453634087 246
1780119905825 0.9473392968587475 247
1780119905827 0.9322658920027342 248
1780119905828 0.9518364092048301 249
1780119905830 0.9413351560719982 250
1780119905832 0.921341395532572 251
1780119905833 0.9417586786465504 252
1780119905835 0.9397365284092973 253
1780119905836 0.935867943545962 254
1780119905838 0.9573533471359559 255
1780119905840 0.939251314560912 256
1780119905841 0.9026921090605301 257
1780119905843 0.9524844720496894 258
1780119905845 0.9219727555053641 259
1780119905846 0.9437558817993599 260
1780119905848 0.9380535825730334 261
1780119905850 0.9681037078863165 262
1780119905851 0.9385878145724693 263
1780119905853 0.944488989271598 264
1780119905855 0.9560970608339028 265
1780119905856 0.9336248229268824 266
1780119905858 0.9331295093795093 267
1780119905859 0.9588095238095239 268
1780119905861 0.9677489177489178 269
1780119905863 0.9358840282524493 270
1780119905864 0.9488612836438923 271
1780119905866 0.9411038961038962 272
1780119905868 0.9582034632034631 273
1780119905869 0.9282436162870944 274
1780119905871 0.9074946970141479 275
1780119905872 0.9303867623604466 276
1780119905874 0.9585463659147869 277
1780119905876 0.9234321805832103 278
1780119905877 0.9738095238095239 279
1780119905879 0.919084073820916 280
1780119905880 0.9152073491486602 281
1780119905882 0.9238362209872507 282
1780119905884 0.9302165949992037 283
1780119905885 0.9502491076175286 284
1780119905887 0.9423282844793143 285
1780119905889 0.9290624287992708 286
1780119905890 0.9152448858331212 287
1780119905892 0.9580451127819547 288
1780119905893 0.9811471861471862 289
1780119905895 0.9427922077922076 290
1780119905897 0.9306277056277057 291
1780119905898 0.9477022100706309 292
1780119905900 0.9429657477025899 293
1780119905901 0.9565983139667349 294
1780119905903 0.9318295739348372 295
1780119905905 0.9487963485789572 296
1780119905906 0.9481219352729651 297
1780119905908 0.9654260651629073 298
1780119905910 0.9520779220779222 299
1780119905911 0.940487012987013 300
1780119905913 0.9711221234905445 301
1780119905915 0.9414035087719299 302
1780119905916 0.9497117794486215 303
1780119905918 0.9530598234717227 304
1780119905919 0.9440560888386976 305
1780119905921 0.942781954887218 306
1780119905923 0.9393290043290042 307
1780119905924 0.9485213032581454 308
1780119905926 0.9530086580086579 309
1780119905927 0.9529089026915113 310
1780119905929 0.9397714554929524 311
1780119905931 0.9618364092048302 312
1780119905932 0.9488493962178172 313
