1780567532143 0.0 0
1780567532145 0.9038888888888839 1
1780567532147 0.9049999999999949 2
1780567532149 0.9094444444444394 3
1780567532151 0.9027777777777729 4
1780567532153 0.9066666666666616 5
1780567532155 0.9072222222222172 6
1780567532157 0.9033333333333283 7
1780567532158 0.9122222222222172 8
1780567532160 0.9122222222222172 9
1780567532162 0.9127777777777727 10
1780567532164 0.9122222222222172 11
1780567532166 0.8983333333333284 12
1780567532168 0.912222222222217 13
1780567532169 0.9111111111111061 14
1780567532171 0.9072222222222172 15
1780567532173 0.9105555555555505 16
1780567532175 0.9199999999999949 17
1780567532177 0.9133333333333281 18
1780567532179 0.9183333333333282 19
1780567532180 0.913888888888884 20
1780567532182 0.9122222222222172 21
1780567532184 0.9166666666666616 22
1780567532186 0.9222222222222172 23
1780567532188 0.9116666666666615 24
1780567532190 0.9177777777777727 25
1780567532191 0.9227777777777726 26
1780567532193 0.916111111111106 27
1780567532195 0.9133333333333283 28
1780567532197 0.9183333333333283 29
1780567532199 0.9161111111111062 30
1780567532201 0.9166666666666614 31
1780567532202 0.9094444444444394 32
1780567532204 0.9183333333333282 33
1780567532206 0.912222222222217 34
1780567532208 0.9199999999999949 35
1780567532210 0.9188888888888839 36
1780567532212 0.9238888888888838 37
1780567532214 0.9227777777777726 38
1780567532215 0.9155555555555506 39
1780567532217 0.9188888888888836 40
1780567532219 0.9066666666666615 41
1780567532221 0.9216666666666615 42
1780567532223 0.9188888888888839 43
1780567532225 0.9227777777777726 44
1780567532227 0.914999999999995 45
1780567532228 0.9127777777777727 46
1780567532230 0.924999999999995 47
1780567532232 0.9266666666666614 48
1780567532234 0.9249999999999948 49
1780567532236 0.9233333333333282 50
1780567532238 0.9222222222222172 51
1780567532240 0.9277777777777727 52
1780567532241 0.9183333333333282 53
1780567532243 0.9327777777777726 54
1780567532245 0.9255555555555504 55
1780567532247 0.9161111111111062 56
1780567532249 0.9222222222222172 57
1780567532251 0.9272222222222168 58
1780567532252 0.9183333333333282 59
1780567532254 0.9111111111111061 60
1780567532256 0.9222222222222172 61
1780567532258 0.9299999999999947 62
1780567532260 0.9227777777777726 63
1780567532262 0.9227777777777726 64
1780567532263 0.9227777777777728 65
1780567532265 0.9127777777777727 66
1780567532267 0.9166666666666614 67
1780567532269 0.9233333333333281 68
1780567532271 0.9255555555555505 69
1780567532273 0.9211111111111059 70
1780567532274 0.9294444444444391 71
1780567532276 0.9227777777777728 72
1780567532278 0.9227777777777726 73
1780567532280 0.9216666666666617 74
1780567532282 0.9249999999999948 75
1780567532284 0.9266666666666616 76
1780567532285 0.9216666666666615 77
1780567532287 0.9255555555555505 78
1780567532289 0.9133333333333283 79
1780567532291 0.9244444444444394 80
1780567532293 0.9155555555555506 81
1780567532295 0.9249999999999948 82
1780567532296 0.9288888888888838 83
1780567532298 0.9188888888888839 84
1780567532300 0.9111111111111061 85
1780567532302 0.9244444444444392 86
1780567532304 0.9094444444444394 87
1780567532306 0.9216666666666615 88
1780567532307 0.9277777777777727 89
1780567532309 0.9227777777777726 90
1780567532311 0.9294444444444393 91
1780567532313 0.9261111111111061 92
1780567532315 0.9233333333333281 93
1780567532317 0.9266666666666614 94
1780567532318 0.9194444444444393 95
1780567532320 0.9211111111111059 96
1780567532322 0.9244444444444394 97
1780567532324 0.926111111111106 98
1780567532326 0.9249999999999948 99
1780567532328 0.9222222222222172 100
1780567532330 0.9155555555555503 101
1780567532331 0.9272222222222171 102
1780567532333 0.9244444444444392 103
1780567532335 0.9216666666666615 104
1780567532337 0.9166666666666614 105
1780567532339 0.924999999999995 106
1780567532340 0.917222222222217 107
1780567532342 0.9216666666666615 108
1780567532344 0.9227777777777726 109
1780567532346 0.9266666666666614 110
1780567532348 0.9277777777777725 111
1780567532350 0.9183333333333283 112
1780567532351 0.9249999999999948 113
1780567532353 0.9333333333333282 114
1780567532355 0.9249999999999948 115
1780567532357 0.917222222222217 116
1780567532359 0.9227777777777726 117
1780567532361 0.9205555555555506 118
1780567532363 0.924999999999995 119
1780567532364 0.9216666666666615 120
1780567532366 0.9233333333333281 121
1780567532368 0.926111111111106 122
1780567532370 0.9238888888888838 123
1780567532372 0.9316666666666615 124
1780567532374 0.916111111111106 125
1780567532375 0.9305555555555504 126
1780567532377 0.9272222222222173 127
1780567532379 0.9266666666666616 128
1780567532381 0.9294444444444393 129
1780567532383 0.9211111111111061 130
1780567532385 0.9288888888888838 131
1780567532386 0.9233333333333281 132
1780567532388 0.9355555555555505 133
1780567532391 0.9227777777777728 134
1780567532392 0.9255555555555504 135
1780567532394 0.9216666666666615 136
1780567532396 0.9166666666666614 137
1780567532398 0.9294444444444393 138
1780567532400 0.9244444444444392 139
1780567532402 0.9188888888888836 140
1780567532403 0.932222222222217 141
1780567532405 0.924999999999995 142
1780567532407 0.9194444444444393 143
1780567532409 0.926111111111106 144
1780567532411 0.9183333333333282 145
1780567532413 0.9199999999999949 146
1780567532415 0.9255555555555504 147
1780567532416 0.9194444444444393 148
1780567532419 0.9272222222222171 149
1780567532421 0.926111111111106 150
1780567532423 0.9288888888888837 151
1780567532425 0.9305555555555504 152
1780567532427 0.9238888888888838 153
1780567532428 0.9272222222222171 154
1780567532430 0.9277777777777725 155
1780567532432 0.9277777777777727 156
1780567532434 0.9361111111111058 157
1780567532436 0.9227777777777726 158
1780567532438 0.9238888888888838 159
1780567532440 0.931111111111106 160
1780567532441 0.9305555555555504 161
1780567532443 0.9316666666666615 162
1780567532445 0.9227777777777726 163
1780567532447 0.926111111111106 164
1780567532449 0.9333333333333282 165
1780567532451 0.9205555555555505 166
1780567532452 0.932222222222217 167
1780567532454 0.9361111111111059 168
1780567532456 0.9322222222222172 169
1780567532458 0.9238888888888839 170
1780567532460 0.9266666666666616 171
1780567532462 0.9249999999999948 172
1780567532464 0.9238888888888838 173
1780567532465 0.9349999999999948 174
1780567532467 0.931111111111106 175
1780567532469 0.9277777777777727 176
1780567532471 0.9188888888888839 177
1780567532473 0.9311111111111059 178
1780567532475 0.9233333333333281 179
1780567532477 0.9277777777777727 180
1780567532478 0.9299999999999949 181
1780567532480 0.9322222222222172 182
1780567532482 0.9272222222222173 183
1780567532484 0.9355555555555505 184
1780567532486 0.9272222222222173 185
1780567532488 0.9222222222222172 186
1780567532489 0.9388888888888836 187
1780567532491 0.9344444444444392 188
1780567532493 0.9272222222222171 189
1780567532495 0.9199999999999949 190
1780567532497 0.9183333333333283 191
1780567532499 0.9294444444444393 192
1780567532500 0.9266666666666614 193
1780567532502 0.9266666666666614 194
1780567532504 0.9249999999999948 195
1780567532506 0.9322222222222172 196
1780567532508 0.9349999999999948 197
1780567532510 0.9194444444444393 198
1780567532512 0.9194444444444392 199
1780567532513 0.9361111111111059 200
1780567532515 0.931111111111106 201
1780567532517 0.9272222222222173 202
1780567532519 0.9305555555555504 203
1780567532521 0.9188888888888839 204
1780567532523 0.9288888888888838 205
1780567532525 0.9349999999999948 206
1780567532526 0.9338888888888837 207
1780567532528 0.9211111111111059 208
1780567532530 0.9277777777777729 209
1780567532532 0.9299999999999947 210
1780567532534 0.9355555555555503 211
1780567532536 0.926111111111106 212
1780567532537 0.9416666666666614 213
1780567532539 0.9299999999999947 214
1780567532541 0.9338888888888836 215
1780567532543 0.9338888888888837 216
1780567532545 0.9366666666666614 217
1780567532547 0.9311111111111059 218
1780567532548 0.9233333333333281 219
1780567532550 0.9144444444444393 220
1780567532552 0.9272222222222171 221
1780567532554 0.931111111111106 222
1780567532556 0.9266666666666616 223
1780567532558 0.9344444444444392 224
1780567532559 0.9216666666666615 225
1780567532561 0.9305555555555503 226
1780567532563 0.9349999999999948 227
1780567532565 0.9305555555555504 228
1780567532567 0.9377777777777725 229
1780567532569 0.9194444444444393 230
1780567532571 0.9349999999999948 231
1780567532572 0.9338888888888837 232
1780567532574 0.9333333333333282 233
1780567532576 0.9311111111111059 234
1780567532578 0.9299999999999949 235
1780567532580 0.9305555555555504 236
1780567532582 0.922222222222217 237
1780567532583 0.9322222222222172 238
1780567532585 0.9266666666666616 239
1780567532587 0.9138888888888838 240
1780567532589 0.9377777777777727 241
1780567532591 0.932222222222217 242
1780567532593 0.9338888888888837 243
1780567532595 0.933333333333328 244
1780567532596 0.9194444444444393 245
1780567532598 0.9288888888888838 246
1780567532600 0.9327777777777726 247
1780567532602 0.9299999999999949 248
1780567532604 0.9333333333333282 249
1780567532606 0.9394444444444392 250
1780567532607 0.932222222222217 251
1780567532609 0.9294444444444393 252
1780567532611 0.9299999999999947 253
1780567532613 0.9283333333333281 254
1780567532615 0.9249999999999948 255
1780567532617 0.926111111111106 256
1780567532618 0.9299999999999947 257
1780567532620 0.9338888888888836 258
1780567532622 0.9322222222222172 259
1780567532624 0.9233333333333282 260
1780567532626 0.9299999999999949 261
1780567532628 0.941111111111106 262
1780567532630 0.9338888888888837 263
1780567532631 0.9316666666666616 264
1780567532633 0.9227777777777726 265
1780567532635 0.9272222222222171 266
1780567532637 0.9316666666666615 267
1780567532639 0.9255555555555504 268
1780567532641 0.9405555555555505 269
1780567532643 0.9327777777777726 270
1780567532644 0.9372222222222171 271
1780567532646 0.9338888888888837 272
1780567532648 0.9405555555555504 273
1780567532650 0.9416666666666614 274
1780567532652 0.9349999999999948 275
1780567532654 0.9333333333333282 276
1780567532656 0.9316666666666615 277
1780567532657 0.9377777777777727 278
1780567532659 0.9216666666666615 279
1780567532661 0.926111111111106 280
1780567532663 0.9344444444444392 281
1780567532665 0.9133333333333283 282
1780567532667 0.9316666666666615 283
1780567532668 0.9388888888888836 284
1780567532670 0.9355555555555503 285
1780567532672 0.9283333333333281 286
1780567532674 0.9333333333333282 287
1780567532676 0.9372222222222171 288
1780567532678 0.9388888888888836 289
1780567532680 0.9294444444444393 290
1780567532681 0.9372222222222172 291
1780567532683 0.9277777777777727 292
1780567532685 0.9388888888888836 293
1780567532687 0.9361111111111059 294
1780567532689 0.9205555555555506 295
1780567532691 0.9355555555555505 296
1780567532693 0.9344444444444395 297
1780567532694 0.9399999999999947 298
