1780538138443 0.0 0
1780538138448 0.805 1
1780538138450 0.795 2
1780538138452 0.76 3
1780538138454 0.42 4
1780538138456 0.805 5
1780538138459 0.86 6
1780538138461 0.77 7
1780538138463 0.835 8
1780538138465 0.85 9
1780538138467 0.84 10
1780538138469 0.825 11
1780538138471 0.76 12
1780538138473 0.755 13
1780538138475 0.785 14
1780538138477 0.835 15
1780538138479 0.87 16
1780538138481 0.805 17
1780538138483 0.78 18
1780538138485 0.82 19
1780538138487 0.82 20
1780538138489 0.84 21
1780538138491 0.76 22
1780538138493 0.5 23
1780538138495 0.83 24
1780538138497 0.83 25
1780538138499 0.86 26
1780538138501 0.86 27
1780538138503 0.815 28
1780538138505 0.85 29
1780538138507 0.83 30
1780538138509 0.805 31
1780538138511 0.765 32
1780538138513 0.805 33
1780538138515 0.79 34
1780538138517 0.805 35
1780538138519 0.81 36
1780538138521 0.815 37
1780538138523 0.81 38
1780538138525 0.8 39
1780538138527 0.785 40
1780538138529 0.805 41
1780538138531 0.85 42
1780538138533 0.85 43
1780538138535 0.83 44
1780538138537 0.815 45
1780538138539 0.585 46
1780538138541 0.8 47
1780538138543 0.32 48
1780538138545 0.85 49
1780538138547 0.83 50
1780538138549 0.8 51
1780538138551 0.82 52
1780538138553 0.795 53
1780538138555 0.805 54
1780538138557 0.425 55
1780538138559 0.79 56
1780538138561 0.81 57
1780538138563 0.82 58
1780538138565 0.78 59
1780538138568 0.795 60
1780538138570 0.755 61
1780538138572 0.76 62
1780538138574 0.645 63
1780538138576 0.83 64
1780538138578 0.775 65
1780538138580 0.76 66
1780538138582 0.66 67
1780538138584 0.84 68
1780538138586 0.845 69
1780538138588 0.815 70
1780538138590 0.75 71
1780538138592 0.835 72
1780538138594 0.785 73
1780538138596 0.84 74
1780538138598 0.79 75
1780538138600 0.785 76
1780538138602 0.8 77
1780538138604 0.795 78
1780538138606 0.795 79
1780538138608 0.815 80
1780538138610 0.83 81
1780538138612 0.84 82
1780538138613 0.745 83
1780538138616 0.83 84
1780538138618 0.805 85
1780538138620 0.77 86
1780538138622 0.795 87
1780538138624 0.795 88
1780538138625 0.85 89
1780538138627 0.78 90
1780538138629 0.775 91
1780538138631 0.695 92
1780538138633 0.825 93
1780538138635 0.835 94
1780538138637 0.87 95
1780538138639 0.825 96
1780538138641 0.85 97
1780538138643 0.78 98
1780538138645 0.825 99
1780538138647 0.81 100
1780538138649 0.85 101
1780538138651 0.795 102
1780538138653 0.78 103
1780538138655 0.87 104
1780538138657 0.8 105
1780538138659 0.835 106
1780538138661 0.835 107
1780538138663 0.775 108
1780538138665 0.83 109
1780538138667 0.59 110
1780538138669 0.89 111
1780538138671 0.82 112
1780538138673 0.825 113
1780538138675 0.835 114
1780538138677 0.775 115
1780538138679 0.845 116
1780538138681 0.83 117
1780538138683 0.795 118
1780538138685 0.845 119
1780538138687 0.83 120
1780538138689 0.67 121
1780538138691 0.805 122
1780538138693 0.715 123
1780538138695 0.885 124
1780538138697 0.81 125
1780538138699 0.85 126
1780538138701 0.86 127
1780538138703 0.775 128
1780538138705 0.73 129
1780538138707 0.84 130
1780538138709 0.855 131
1780538138711 0.8 132
1780538138713 0.85 133
1780538138715 0.81 134
1780538138717 0.54 135
1780538138719 0.82 136
1780538138721 0.79 137
1780538138723 0.83 138
1780538138725 0.805 139
1780538138727 0.75 140
1780538138729 0.815 141
1780538138731 0.85 142
1780538138733 0.845 143
1780538138735 0.78 144
1780538138737 0.805 145
1780538138739 0.78 146
1780538138741 0.84 147
1780538138743 0.82 148
1780538138745 0.88 149
1780538138747 0.79 150
1780538138749 0.82 151
1780538138751 0.805 152
1780538138753 0.815 153
1780538138755 0.775 154
1780538138756 0.715 155
1780538138758 0.78 156
1780538138760 0.82 157
1780538138762 0.81 158
1780538138764 0.79 159
1780538138766 0.755 160
1780538138768 0.85 161
1780538138770 0.79 162
1780538138772 0.74 163
1780538138774 0.8 164
1780538138776 0.795 165
1780538138778 0.835 166
1780538138780 0.79 167
1780538138782 0.82 168
1780538138784 0.425 169
1780538138786 0.85 170
1780538138788 0.86 171
1780538138790 0.815 172
1780538138792 0.795 173
1780538138794 0.82 174
1780538138796 0.795 175
1780538138798 0.78 176
1780538138800 0.775 177
1780538138802 0.84 178
1780538138804 0.39 179
1780538138806 0.765 180
1780538138808 0.775 181
1780538138810 0.795 182
1780538138812 0.795 183
1780538138814 0.7 184
1780538138816 0.84 185
1780538138818 0.765 186
1780538138820 0.775 187
1780538138822 0.545 188
1780538138824 0.8 189
1780538138826 0.8 190
1780538138828 0.79 191
1780538138830 0.795 192
1780538138832 0.83 193
1780538138834 0.77 194
1780538138836 0.805 195
1780538138838 0.755 196
1780538138840 0.81 197
1780538138842 0.76 198
1780538138844 0.775 199
1780538138846 0.82 200
1780538138848 0.81 201
1780538138850 0.795 202
1780538138852 0.8 203
1780538138854 0.835 204
1780538138856 0.815 205
1780538138858 0.775 206
1780538138860 0.82 207
1780538138862 0.86 208
1780538138864 0.835 209
1780538138866 0.745 210
1780538138868 0.705 211
1780538138870 0.775 212
1780538138872 0.825 213
1780538138874 0.78 214
1780538138875 0.775 215
1780538138877 0.805 216
1780538138879 0.81 217
1780538138881 0.735 218
1780538138883 0.805 219
1780538138885 0.865 220
1780538138887 0.76 221
1780538138889 0.8 222
1780538138891 0.805 223
1780538138893 0.83 224
1780538138895 0.82 225
1780538138897 0.775 226
1780538138899 0.84 227
1780538138901 0.82 228
1780538138903 0.85 229
1780538138905 0.8 230
1780538138907 0.83 231
1780538138909 0.855 232
1780538138911 0.825 233
1780538138913 0.8 234
1780538138915 0.82 235
1780538138917 0.77 236
1780538138919 0.81 237
1780538138921 0.825 238
1780538138923 0.815 239
1780538138925 0.805 240
1780538138927 0.86 241
1780538138929 0.815 242
1780538138931 0.795 243
1780538138933 0.795 244
1780538138935 0.765 245
1780538138937 0.865 246
1780538138939 0.79 247
1780538138941 0.765 248
1780538138943 0.8 249
1780538138945 0.875 250
1780538138947 0.775 251
1780538138949 0.765 252
1780538138951 0.785 253
1780538138953 0.78 254
1780538138955 0.77 255
1780538138957 0.805 256
1780538138959 0.85 257
1780538138961 0.78 258
1780538138963 0.725 259
1780538138965 0.77 260
1780538138967 0.785 261
1780538138969 0.635 262
1780538138971 0.78 263
1780538138973 0.77 264
1780538138975 0.825 265
1780538138977 0.81 266
1780538138979 0.85 267
1780538138981 0.865 268
1780538138983 0.775 269
1780538138985 0.77 270
1780538138987 0.77 271
1780538138989 0.835 272
1780538138991 0.795 273
1780538138993 0.74 274
1780538138995 0.84 275
1780538138997 0.785 276
1780538138999 0.81 277
1780538139001 0.795 278
1780538139003 0.81 279
1780538139005 0.77 280
1780538139007 0.8 281
1780538139009 0.755 282
1780538139011 0.79 283
1780538139013 0.805 284
1780538139015 0.785 285
1780538139017 0.805 286
1780538139019 0.76 287
1780538139021 0.805 288
1780538139023 0.79 289
1780538139025 0.79 290
1780538139027 0.805 291
1780538139029 0.87 292
1780538139031 0.725 293
1780538139033 0.76 294
1780538139035 0.795 295
1780538139037 0.785 296
1780538139039 0.775 297
1780538139041 0.785 298
