1779358951278 0.0 0
1779358951282 0.1 1
1779358951284 0.17 2
1779358951286 0.225 3
1779358951288 0.2 4
1779358951289 0.155 5
1779358951291 0.19 6
1779358951293 0.275 7
1779358951294 0.195 8
1779358951296 0.13 9
1779358951298 0.205 10
1779358951299 0.21 11
1779358951301 0.17 12
1779358951303 0.235 13
1779358951305 0.21 14
1779358951307 0.12 15
1779358951308 0.145 16
1779358951310 0.27 17
1779358951312 0.19 18
1779358951313 0.235 19
1779358951315 0.21 20
1779358951317 0.13 21
1779358951318 0.145 22
1779358951320 0.175 23
1779358951322 0.165 24
1779358951323 0.25 25
1779358951325 0.28 26
1779358951327 0.205 27
1779358951328 0.205 28
1779358951330 0.175 29
1779358951331 0.135 30
1779358951333 0.165 31
1779358951335 0.135 32
1779358951336 0.24 33
1779358951338 0.135 34
1779358951340 0.145 35
1779358951341 0.17 36
1779358951343 0.17 37
1779358951344 0.105 38
1779358951346 0.2 39
1779358951348 0.215 40
1779358951349 0.235 41
1779358951351 0.145 42
1779358951353 0.19 43
1779358951354 0.13 44
1779358951356 0.16 45
1779358951358 0.14 46
1779358951359 0.22 47
1779358951361 0.22 48
1779358951362 0.21 49
1779358951364 0.19 50
1779358951365 0.255 51
1779358951367 0.23 52
1779358951369 0.19 53
1779358951370 0.175 54
1779358951372 0.225 55
1779358951374 0.25 56
1779358951375 0.235 57
1779358951377 0.11 58
1779358951378 0.25 59
1779358951380 0.265 60
1779358951382 0.215 61
1779358951384 0.215 62
1779358951385 0.155 63
1779358951387 0.255 64
1779358951389 0.16 65
1779358951390 0.205 66
1779358951392 0.175 67
1779358951394 0.125 68
1779358951395 0.185 69
1779358951397 0.25 70
1779358951399 0.225 71
1779358951400 0.2 72
1779358951402 0.17 73
1779358951404 0.23 74
1779358951405 0.115 75
1779358951407 0.145 76
1779358951408 0.275 77
1779358951410 0.15 78
1779358951412 0.16 79
1779358951413 0.21 80
1779358951415 0.195 81
1779358951416 0.215 82
1779358951418 0.14 83
1779358951420 0.18 84
1779358951421 0.145 85
1779358951423 0.2 86
1779358951425 0.185 87
1779358951426 0.195 88
1779358951428 0.145 89
1779358951430 0.17 90
1779358951431 0.21 91
1779358951433 0.135 92
1779358951434 0.155 93
1779358951436 0.275 94
1779358951438 0.195 95
1779358951439 0.105 96
1779358951441 0.23 97
1779358951442 0.195 98
1779358951444 0.22 99
1779358951446 0.11 100
1779358951447 0.165 101
1779358951449 0.195 102
1779358951450 0.28 103
1779358951452 0.2 104
1779358951454 0.15 105
1779358951456 0.215 106
1779358951457 0.29 107
1779358951459 0.175 108
1779358951460 0.15 109
1779358951462 0.2 110
1779358951464 0.23 111
1779358951465 0.135 112
1779358951467 0.24 113
1779358951469 0.14 114
1779358951470 0.125 115
1779358951472 0.275 116
1779358951473 0.235 117
1779358951475 0.23 118
1779358951477 0.17 119
1779358951478 0.14 120
1779358951480 0.11 121
1779358951482 0.135 122
1779358951483 0.22 123
1779358951485 0.165 124
1779358951486 0.165 125
1779358951488 0.19 126
1779358951490 0.115 127
1779358951492 0.24 128
1779358951494 0.15 129
1779358951495 0.2 130
1779358951497 0.105 131
1779358951498 0.23 132
1779358951500 0.195 133
1779358951502 0.135 134
1779358951503 0.21 135
1779358951505 0.195 136
1779358951507 0.23 137
1779358951508 0.29 138
1779358951510 0.1 139
1779358951511 0.34 140
1779358951513 0.185 141
1779358951515 0.185 142
1779358951516 0.245 143
1779358951518 0.145 144
1779358951519 0.16 145
1779358951521 0.165 146
1779358951523 0.145 147
1779358951524 0.245 148
1779358951526 0.135 149
1779358951528 0.215 150
1779358951529 0.165 151
1779358951531 0.195 152
1779358951533 0.27 153
1779358951534 0.245 154
1779358951536 0.13 155
1779358951537 0.195 156
1779358951539 0.14 157
1779358951541 0.24 158
1779358951542 0.085 159
1779358951544 0.205 160
1779358951546 0.215 161
1779358951547 0.24 162
1779358951549 0.17 163
1779358951550 0.225 164
1779358951552 0.14 165
1779358951553 0.17 166
1779358951555 0.12 167
1779358951557 0.185 168
1779358951558 0.13 169
1779358951560 0.155 170
1779358951562 0.18 171
1779358951563 0.115 172
1779358951565 0.29 173
1779358951567 0.235 174
1779358951568 0.19 175
1779358951570 0.21 176
1779358951571 0.185 177
1779358951573 0.25 178
1779358951575 0.215 179
1779358951576 0.2 180
1779358951578 0.23 181
1779358951580 0.155 182
1779358951581 0.08 183
1779358951583 0.205 184
1779358951584 0.11 185
1779358951586 0.16 186
1779358951588 0.15 187
1779358951589 0.105 188
1779358951591 0.175 189
1779358951593 0.22 190
1779358951594 0.235 191
1779358951596 0.18 192
1779358951598 0.275 193
1779358951599 0.165 194
1779358951601 0.205 195
1779358951603 0.215 196
1779358951604 0.23 197
1779358951606 0.19 198
1779358951607 0.185 199
1779358951609 0.135 200
1779358951611 0.11 201
1779358951612 0.14 202
1779358951614 0.21 203
1779358951616 0.22 204
1779358951617 0.25 205
1779358951619 0.145 206
1779358951620 0.185 207
1779358951622 0.265 208
1779358951624 0.14 209
1779358951625 0.195 210
1779358951627 0.175 211
1779358951628 0.13 212
1779358951630 0.215 213
1779358951632 0.12 214
1779358951633 0.23 215
1779358951635 0.175 216
1779358951636 0.18 217
1779358951638 0.235 218
1779358951640 0.135 219
1779358951641 0.17 220
1779358951643 0.22 221
1779358951645 0.16 222
1779358951646 0.265 223
1779358951648 0.275 224
1779358951650 0.095 225
1779358951651 0.17 226
1779358951653 0.14 227
1779358951654 0.215 228
1779358951656 0.14 229
1779358951658 0.22 230
1779358951659 0.255 231
1779358951661 0.15 232
1779358951662 0.215 233
1779358951664 0.175 234
1779358951666 0.175 235
1779358951667 0.15 236
1779358951669 0.155 237
1779358951671 0.13 238
1779358951672 0.185 239
1779358951674 0.29 240
1779358951676 0.235 241
1779358951677 0.195 242
1779358951679 0.215 243
1779358951681 0.145 244
1779358951682 0.17 245
1779358951684 0.15 246
1779358951685 0.145 247
1779358951687 0.135 248
1779358951689 0.2 249
1779358951690 0.22 250
1779358951692 0.21 251
1779358951694 0.13 252
1779358951695 0.165 253
1779358951697 0.17 254
1779358951699 0.215 255
1779358951700 0.185 256
1779358951702 0.2 257
1779358951704 0.23 258
1779358951706 0.215 259
1779358951707 0.24 260
1779358951709 0.175 261
1779358951710 0.18 262
1779358951712 0.185 263
1779358951714 0.23 264
1779358951716 0.215 265
1779358951717 0.235 266
1779358951719 0.205 267
1779358951720 0.15 268
1779358951722 0.14 269
1779358951724 0.175 270
1779358951725 0.135 271
1779358951727 0.15 272
1779358951729 0.17 273
1779358951730 0.185 274
1779358951732 0.155 275
1779358951733 0.17 276
1779358951735 0.17 277
1779358951737 0.125 278
1779358951738 0.15 279
1779358951740 0.205 280
1779358951741 0.26 281
1779358951743 0.19 282
1779358951745 0.105 283
1779358951746 0.155 284
1779358951748 0.165 285
1779358951750 0.195 286
1779358951751 0.235 287
1779358951753 0.11 288
1779358951754 0.3 289
1779358951756 0.12 290
1779358951758 0.2 291
1779358951759 0.255 292
1779358951761 0.175 293
1779358951762 0.255 294
1779358951764 0.215 295
1779358951766 0.145 296
1779358951767 0.065 297
1779358951769 0.115 298
1779358951771 0.17 299
1779358951772 0.13 300
1779358951774 0.28 301
1779358951775 0.125 302
1779358951777 0.155 303
1779358951778 0.205 304
1779358951780 0.255 305
1779358951782 0.23 306
1779358951783 0.24 307
1779358951785 0.125 308
1779358951787 0.17 309
1779358951788 0.17 310
1779358951790 0.18 311
1779358951792 0.17 312
1779358951793 0.25 313
