1780558514823 0.0 0
1780558514827 0.625 1
1780558514830 0.745 2
1780558514833 0.555 3
1780558514836 0.705 4
1780558514838 0.585 5
1780558514841 0.645 6
1780558514844 0.82 7
1780558514846 0.825 8
1780558514849 0.83 9
1780558514852 0.75 10
1780558514854 0.73 11
1780558514857 0.64 12
1780558514860 0.79 13
1780558514862 0.695 14
1780558514865 0.735 15
1780558514868 0.815 16
1780558514870 0.685 17
1780558514873 0.79 18
1780558514875 0.805 19
1780558514878 0.795 20
1780558514881 0.845 21
1780558514883 0.735 22
1780558514886 0.775 23
1780558514888 0.84 24
1780558514891 0.805 25
1780558514894 0.75 26
1780558514896 0.84 27
1780558514899 0.695 28
1780558514901 0.685 29
1780558514904 0.83 30
1780558514906 0.755 31
1780558514909 0.51 32
1780558514912 0.84 33
1780558514914 0.87 34
1780558514917 0.835 35
1780558514919 0.705 36
1780558514922 0.845 37
1780558514925 0.835 38
1780558514927 0.83 39
1780558514930 0.75 40
1780558514932 0.69 41
1780558514935 0.855 42
1780558514938 0.85 43
1780558514940 0.64 44
1780558514943 0.73 45
1780558514945 0.875 46
1780558514948 0.795 47
1780558514951 0.835 48
1780558514953 0.85 49
1780558514956 0.715 50
1780558514958 0.8 51
1780558514961 0.84 52
1780558514963 0.825 53
1780558514966 0.825 54
1780558514969 0.6 55
1780558514971 0.895 56
1780558514974 0.78 57
1780558514976 0.775 58
1780558514979 0.7 59
1780558514982 0.835 60
1780558514984 0.76 61
1780558514987 0.85 62
1780558514989 0.835 63
1780558514992 0.76 64
1780558514995 0.78 65
1780558514997 0.83 66
1780558515000 0.86 67
1780558515002 0.88 68
1780558515005 0.775 69
1780558515007 0.84 70
1780558515010 0.745 71
1780558515013 0.875 72
1780558515015 0.895 73
1780558515018 0.895 74
1780558515020 0.825 75
1780558515023 0.675 76
1780558515025 0.72 77
1780558515028 0.845 78
1780558515031 0.74 79
1780558515033 0.86 80
1780558515036 0.895 81
1780558515038 0.68 82
1780558515041 0.84 83
1780558515043 0.525 84
1780558515046 0.875 85
1780558515048 0.85 86
1780558515051 0.855 87
1780558515054 0.83 88
1780558515056 0.89 89
1780558515059 0.73 90
1780558515061 0.86 91
1780558515064 0.77 92
1780558515067 0.87 93
1780558515069 0.9 94
1780558515072 0.845 95
1780558515074 0.715 96
1780558515077 0.67 97
1780558515079 0.83 98
1780558515082 0.665 99
1780558515084 0.88 100
1780558515087 0.785 101
1780558515090 0.8 102
1780558515092 0.885 103
1780558515095 0.75 104
1780558515097 0.835 105
1780558515100 0.86 106
1780558515102 0.71 107
1780558515105 0.8 108
1780558515108 0.785 109
1780558515110 0.88 110
1780558515113 0.825 111
1780558515115 0.795 112
1780558515118 0.87 113
1780558515120 0.87 114
1780558515123 0.8 115
1780558515126 0.89 116
1780558515128 0.785 117
1780558515131 0.89 118
1780558515133 0.855 119
1780558515136 0.565 120
1780558515139 0.78 121
1780558515141 0.83 122
1780558515144 0.85 123
1780558515146 0.78 124
1780558515149 0.78 125
1780558515151 0.885 126
1780558515154 0.87 127
1780558515156 0.825 128
1780558515159 0.7 129
1780558515162 0.885 130
1780558515164 0.89 131
1780558515167 0.71 132
1780558515169 0.81 133
1780558515172 0.85 134
1780558515174 0.89 135
1780558515177 0.79 136
1780558515179 0.86 137
1780558515182 0.915 138
1780558515185 0.835 139
1780558515187 0.835 140
1780558515190 0.81 141
1780558515192 0.865 142
1780558515195 0.89 143
1780558515197 0.84 144
1780558515200 0.825 145
1780558515202 0.81 146
1780558515205 0.775 147
1780558515207 0.88 148
1780558515210 0.865 149
1780558515213 0.355 150
1780558515215 0.435 151
1780558515218 0.76 152
1780558515220 0.795 153
1780558515223 0.725 154
1780558515225 0.83 155
1780558515228 0.455 156
1780558515230 0.775 157
1780558515233 0.735 158
1780558515235 0.77 159
1780558515238 0.78 160
1780558515241 0.8 161
1780558515243 0.815 162
1780558515246 0.81 163
1780558515248 0.825 164
1780558515251 0.81 165
1780558515253 0.775 166
1780558515256 0.8 167
1780558515258 0.78 168
1780558515261 0.715 169
1780558515264 0.76 170
1780558515266 0.81 171
1780558515269 0.855 172
1780558515271 0.835 173
1780558515274 0.77 174
1780558515276 0.815 175
1780558515279 0.79 176
1780558515282 0.455 177
1780558515284 0.74 178
1780558515287 0.72 179
1780558515289 0.82 180
1780558515292 0.775 181
1780558515294 0.82 182
1780558515297 0.775 183
1780558515299 0.345 184
1780558515302 0.78 185
1780558515305 0.775 186
1780558515307 0.78 187
1780558515310 0.835 188
1780558515312 0.79 189
1780558515315 0.785 190
1780558515317 0.77 191
1780558515320 0.825 192
1780558515323 0.82 193
1780558515325 0.815 194
1780558515328 0.835 195
1780558515330 0.785 196
1780558515333 0.82 197
1780558515335 0.705 198
1780558515338 0.805 199
1780558515340 0.795 200
1780558515343 0.845 201
1780558515346 0.85 202
1780558515348 0.87 203
1780558515351 0.79 204
1780558515353 0.79 205
1780558515356 0.82 206
1780558515358 0.775 207
1780558515361 0.83 208
1780558515363 0.76 209
1780558515366 0.87 210
1780558515369 0.78 211
1780558515371 0.755 212
1780558515374 0.835 213
1780558515376 0.835 214
1780558515379 0.855 215
1780558515381 0.755 216
1780558515384 0.785 217
1780558515386 0.845 218
1780558515389 0.725 219
1780558515392 0.795 220
1780558515394 0.825 221
1780558515397 0.805 222
1780558515399 0.775 223
1780558515402 0.785 224
1780558515404 0.81 225
1780558515407 0.785 226
1780558515410 0.775 227
1780558515412 0.79 228
1780558515415 0.845 229
1780558515417 0.8 230
1780558515420 0.83 231
1780558515423 0.625 232
1780558515425 0.825 233
1780558515428 0.805 234
1780558515430 0.85 235
1780558515433 0.8 236
1780558515435 0.83 237
1780558515438 0.815 238
1780558515440 0.795 239
1780558515443 0.73 240
1780558515446 0.85 241
1780558515448 0.8 242
1780558515451 0.82 243
1780558515453 0.82 244
1780558515456 0.83 245
1780558515458 0.76 246
1780558515461 0.845 247
1780558515463 0.785 248
1780558515466 0.83 249
1780558515469 0.86 250
1780558515471 0.8 251
1780558515474 0.785 252
1780558515476 0.81 253
1780558515479 0.86 254
1780558515482 0.825 255
1780558515484 0.81 256
1780558515487 0.79 257
1780558515489 0.73 258
1780558515492 0.725 259
1780558515494 0.83 260
1780558515497 0.845 261
1780558515499 0.82 262
1780558515502 0.86 263
1780558515505 0.8 264
1780558515507 0.785 265
1780558515510 0.76 266
1780558515512 0.79 267
1780558515515 0.82 268
1780558515518 0.835 269
1780558515520 0.825 270
1780558515523 0.86 271
1780558515525 0.81 272
1780558515528 0.805 273
1780558515530 0.845 274
1780558515533 0.805 275
1780558515535 0.81 276
1780558515538 0.79 277
1780558515541 0.815 278
1780558515543 0.835 279
1780558515546 0.82 280
1780558515548 0.84 281
1780558515551 0.755 282
1780558515553 0.85 283
1780558515556 0.83 284
1780558515558 0.8 285
1780558515561 0.855 286
1780558515563 0.835 287
1780558515566 0.85 288
1780558515569 0.695 289
1780558515571 0.83 290
1780558515574 0.825 291
1780558515576 0.815 292
1780558515579 0.83 293
1780558515581 0.81 294
1780558515584 0.815 295
1780558515586 0.84 296
1780558515589 0.835 297
1780558515592 0.83 298
