1773266787625 0.0 0
1773266787643 0.58 1
1773266787658 0.515 2
1773266787671 0.49 3
1773266787684 0.5 4
1773266787697 0.56 5
1773266787714 0.485 6
1773266787730 0.49 7
1773266787744 0.41 8
1773266787760 0.6 9
1773266787774 0.54 10
1773266787806 0.465 11
1773266787825 0.46 12
1773266787838 0.465 13
1773266787854 0.52 14
1773266787869 0.505 15
1773266787883 0.52 16
1773266787897 0.52 17
1773266787914 0.475 18
1773266787928 0.51 19
1773266787942 0.495 20
1773266787955 0.55 21
1773266787967 0.52 22
1773266787981 0.495 23
1773266788000 0.475 24
1773266788015 0.495 25
1773266788029 0.38 26
1773266788058 0.53 27
1773266788074 0.47 28
1773266788090 0.5 29
1773266788104 0.52 30
1773266788119 0.575 31
1773266788132 0.505 32
1773266788145 0.48 33
1773266788157 0.48 34
1773266788171 0.475 35
1773266788184 0.53 36
1773266788197 0.515 37
1773266788213 0.485 38
1773266788227 0.49 39
1773266788244 0.475 40
1773266788260 0.445 41
1773266788285 0.49 42
1773266788297 0.525 43
1773266788308 0.5 44
1773266788320 0.4 45
1773266788332 0.52 46
1773266788344 0.515 47
1773266788356 0.54 48
1773266788367 0.51 49
1773266788379 0.47 50
1773266788390 0.46 51
1773266788402 0.465 52
1773266788414 0.475 53
1773266788425 0.46 54
1773266788438 0.505 55
1773266788449 0.51 56
1773266788472 0.555 57
1773266788485 0.54 58
1773266788497 0.525 59
1773266788507 0.545 60
1773266788517 0.465 61
1773266788528 0.545 62
1773266788542 0.44 63
1773266788553 0.51 64
1773266788563 0.53 65
1773266788574 0.525 66
1773266788584 0.505 67
1773266788594 0.56 68
1773266788605 0.49 69
1773266788617 0.51 70
1773266788629 0.525 71
1773266788656 0.535 72
1773266788668 0.495 73
1773266788680 0.555 74
1773266788690 0.47 75
1773266788701 0.46 76
1773266788713 0.56 77
1773266788728 0.565 78
1773266788741 0.54 79
1773266788755 0.535 80
1773266788769 0.5 81
1773266788782 0.52 82
1773266788793 0.505 83
1773266788810 0.455 84
1773266788823 0.515 85
1773266788834 0.505 86
1773266788859 0.465 87
1773266788871 0.475 88
1773266788885 0.535 89
1773266788899 0.495 90
1773266788910 0.515 91
1773266788923 0.46 92
1773266788939 0.48 93
1773266788952 0.52 94
1773266788966 0.485 95
1773266788979 0.555 96
1773266788991 0.485 97
1773266789004 0.5 98
1773266789016 0.49 99
1773266789029 0.51 100
1773266789041 0.47 101
1773266789063 0.51 102
1773266789074 0.54 103
1773266789086 0.475 104
1773266789100 0.485 105
1773266789113 0.48 106
1773266789128 0.535 107
1773266789144 0.485 108
1773266789157 0.48 109
1773266789171 0.475 110
1773266789183 0.435 111
1773266789196 0.51 112
1773266789208 0.485 113
1773266789220 0.455 114
1773266789232 0.46 115
1773266789243 0.54 116
1773266789269 0.5 117
1773266789284 0.49 118
1773266789296 0.555 119
1773266789307 0.525 120
1773266789319 0.475 121
1773266789331 0.465 122
1773266789343 0.525 123
1773266789355 0.5 124
1773266789367 0.53 125
1773266789380 0.49 126
1773266789392 0.545 127
1773266789405 0.545 128
1773266789416 0.455 129
1773266789428 0.53 130
1773266789443 0.505 131
1773266789468 0.535 132
1773266789482 0.54 133
1773266789496 0.55 134
1773266789508 0.52 135
1773266789519 0.54 136
1773266789533 0.52 137
1773266789543 0.525 138
1773266789555 0.52 139
1773266789565 0.545 140
1773266789578 0.505 141
1773266789588 0.455 142
1773266789600 0.505 143
1773266789611 0.535 144
1773266789622 0.48 145
1773266789634 0.49 146
1773266789657 0.515 147
1773266789668 0.47 148
1773266789680 0.52 149
1773266789691 0.49 150
1773266789703 0.505 151
1773266789714 0.515 152
1773266789730 0.43 153
1773266789742 0.505 154
1773266789754 0.505 155
1773266789766 0.52 156
1773266789778 0.495 157
1773266789790 0.54 158
1773266789802 0.485 159
1773266789813 0.53 160
1773266789825 0.49 161
1773266789853 0.475 162
1773266789865 0.565 163
1773266789876 0.48 164
1773266789888 0.495 165
1773266789900 0.53 166
1773266789912 0.495 167
1773266789924 0.535 168
1773266789936 0.5 169
1773266789971 0.53 170
1773266789995 0.5 171
1773266790008 0.505 172
1773266790020 0.47 173
1773266790032 0.53 174
1773266790045 0.485 175
1773266790056 0.435 176
1773266790080 0.55 177
1773266790095 0.54 178
1773266790106 0.445 179
1773266790119 0.495 180
1773266790131 0.43 181
1773266790144 0.55 182
1773266790157 0.46 183
1773266790169 0.51 184
1773266790181 0.51 185
1773266790193 0.49 186
1773266790204 0.525 187
1773266790216 0.475 188
1773266790228 0.505 189
1773266790239 0.46 190
1773266790251 0.535 191
1773266790274 0.495 192
1773266790286 0.485 193
1773266790298 0.51 194
1773266790309 0.465 195
1773266790323 0.565 196
1773266790335 0.54 197
1773266790347 0.555 198
