1780138253769 0.0 0
1780138253772 0.9011111111111061 1
1780138253774 0.9166666666666616 2
1780138253777 0.9244444444444394 3
1780138253779 0.9249999999999948 4
1780138253781 0.9444444444444393 5
1780138253783 0.9461111111111059 6
1780138253785 0.962222222222217 7
1780138253788 0.957222222222217 8
1780138253790 0.9627777777777723 9
1780138253792 0.9733333333333279 10
1780138253794 0.9694444444444391 11
1780138253796 0.9599999999999946 12
1780138253799 0.9727777777777724 13
1780138253801 0.9699999999999946 14
1780138253803 0.9738888888888834 15
1780138253805 0.9783333333333278 16
1780138253807 0.9761111111111056 17
1780138253810 0.9772222222222167 18
1780138253812 0.9705555555555503 19
1780138253814 0.9811111111111055 20
1780138253816 0.9822222222222166 21
1780138253819 0.9838888888888834 22
1780138253821 0.9827777777777722 23
1780138253823 0.9883333333333277 24
1780138253825 0.9811111111111057 25
1780138253827 0.9888888888888833 26
1780138253830 0.9855555555555501 27
1780138253832 0.98555555555555 28
1780138253834 0.9872222222222167 29
1780138253836 0.9633333333333279 30
1780138253839 0.9661111111111058 31
1780138253841 0.9811111111111055 32
1780138253843 0.984444444444439 33
1780138253845 0.9849999999999944 34
1780138253848 0.9544444444444391 35
1780138253850 0.9805555555555501 36
1780138253852 0.9761111111111056 37
1780138253854 0.9583333333333279 38
1780138253857 0.9805555555555501 39
1780138253859 0.9866666666666613 40
1780138253870 0.9594444444444392 41
1780138253873 0.9811111111111057 42
1780138253875 0.9788888888888835 43
1780138253877 0.9822222222222166 44
1780138253879 0.9894444444444389 45
1780138253882 0.9894444444444389 46
1780138253884 0.98555555555555 47
1780138253886 0.9916666666666611 48
1780138253888 0.9933333333333276 49
1780138253891 0.984444444444439 50
1780138253893 0.9855555555555501 51
1780138253895 0.9849999999999944 52
1780138253897 0.9866666666666613 53
1780138253899 0.9827777777777722 54
1780138253902 0.98555555555555 55
1780138253904 0.9838888888888834 56
1780138253906 0.9866666666666613 57
1780138253908 0.9838888888888834 58
1780138253911 0.9911111111111055 59
1780138253913 0.9888888888888834 60
1780138253915 0.9838888888888834 61
1780138253917 0.9838888888888834 62
1780138253919 0.98555555555555 63
1780138253922 0.9716666666666611 64
1780138253924 0.9899999999999946 65
1780138253926 0.9911111111111055 66
1780138253928 0.9838888888888834 67
1780138253931 0.9738888888888836 68
1780138253933 0.9711111111111055 69
1780138253935 0.9888888888888834 70
1780138253937 0.9811111111111057 71
1780138253939 0.9872222222222167 72
1780138253942 0.9838888888888834 73
1780138253944 0.9866666666666613 74
1780138253946 0.9894444444444389 75
1780138253949 0.9611111111111057 76
1780138253951 0.9911111111111055 77
1780138253953 0.9872222222222167 78
1780138253956 0.9811111111111057 79
1780138253958 0.9916666666666611 80
1780138253960 0.9816666666666611 81
1780138253962 0.9761111111111058 82
1780138253964 0.9816666666666611 83
1780138253967 0.9861111111111056 84
1780138253969 0.9938888888888833 85
1780138253971 0.9822222222222168 86
1780138253973 0.9899999999999946 87
1780138253975 0.9799999999999944 88
1780138253978 0.9816666666666614 89
1780138253980 0.9861111111111056 90
1780138253982 0.986666666666661 91
1780138253984 0.9883333333333277 92
1780138253987 0.9894444444444389 93
1780138253989 0.9911111111111056 94
1780138253991 0.9899999999999943 95
1780138253993 0.9855555555555501 96
1780138253995 0.9611111111111057 97
1780138253998 0.9866666666666613 98
1780138254000 0.9883333333333277 99
1780138254002 0.984444444444439 100
1780138254004 0.986666666666661 101
1780138254007 0.9794444444444389 102
1780138254009 0.9877777777777721 103
1780138254011 0.9916666666666611 104
1780138254013 0.9922222222222168 105
1780138254015 0.986666666666661 106
1780138254018 0.9772222222222169 107
1780138254020 0.9916666666666611 108
1780138254022 0.9911111111111055 109
1780138254024 0.9899999999999943 110
1780138254026 0.9883333333333277 111
1780138254029 0.9861111111111056 112
1780138254031 0.9888888888888833 113
1780138254033 0.99055555555555 114
1780138254035 0.9861111111111056 115
1780138254038 0.9911111111111055 116
1780138254045 0.9894444444444389 117
1780138254047 0.9916666666666611 118
1780138254049 0.9888888888888834 119
1780138254052 0.9899999999999943 120
1780138254054 0.9872222222222167 121
1780138254056 0.9888888888888834 122
1780138254058 0.9827777777777724 123
1780138254061 0.99055555555555 124
1780138254063 0.9855555555555501 125
1780138254065 0.9916666666666611 126
1780138254067 0.9888888888888833 127
1780138254069 0.9883333333333277 128
1780138254072 0.9866666666666613 129
1780138254074 0.9911111111111056 130
1780138254076 0.9916666666666611 131
1780138254079 0.9777777777777723 132
1780138254081 0.9883333333333277 133
1780138254083 0.9916666666666611 134
1780138254085 0.9794444444444389 135
1780138254087 0.9849999999999947 136
1780138254090 0.9833333333333277 137
1780138254092 0.984444444444439 138
1780138254094 0.9899999999999946 139
1780138254096 0.9861111111111056 140
1780138254098 0.9894444444444389 141
1780138254101 0.9816666666666614 142
1780138254103 0.9872222222222167 143
1780138254105 0.9827777777777722 144
1780138254107 0.9883333333333277 145
1780138254109 0.9877777777777721 146
1780138254112 0.9922222222222166 147
1780138254114 0.9844444444444388 148
1780138254116 0.99055555555555 149
1780138254118 0.99055555555555 150
1780138254120 0.9894444444444389 151
1780138254123 0.9811111111111057 152
1780138254125 0.9933333333333276 153
1780138254127 0.9899999999999946 154
1780138254129 0.9911111111111055 155
1780138254132 0.9861111111111056 156
1780138254134 0.9911111111111055 157
1780138254136 0.9949999999999944 158
1780138254138 0.9938888888888833 159
1780138254140 0.9916666666666611 160
1780138254143 0.9972222222222167 161
1780138254145 0.9916666666666611 162
1780138254147 0.9938888888888833 163
1780138254149 0.9922222222222168 164
1780138254151 0.9755555555555502 165
1780138254154 0.9916666666666611 166
1780138254156 0.9955555555555501 167
1780138254158 0.9966666666666611 168
1780138254160 0.9916666666666611 169
1780138254162 0.9944444444444389 170
1780138254165 0.9949999999999944 171
1780138254167 0.9938888888888833 172
1780138254169 0.9949999999999944 173
1780138254171 0.9961111111111055 174
1780138254173 0.9916666666666611 175
1780138254176 0.9872222222222167 176
1780138254178 0.9938888888888833 177
1780138254180 0.9938888888888833 178
1780138254183 0.9911111111111056 179
1780138254185 0.9966666666666611 180
1780138254187 0.9966666666666611 181
1780138254189 0.9955555555555499 182
1780138254191 0.9955555555555501 183
1780138254194 0.99055555555555 184
1780138254196 0.9911111111111056 185
1780138254198 0.9977777777777723 186
1780138254200 0.99055555555555 187
1780138254203 0.99055555555555 188
1780138254205 0.9944444444444389 189
1780138254207 0.9888888888888833 190
1780138254209 0.99055555555555 191
1780138254212 0.9927777777777722 192
1780138254214 0.9899999999999946 193
1780138254217 0.9933333333333276 194
1780138254219 0.9822222222222168 195
1780138254221 0.9927777777777722 196
1780138254224 0.9972222222222167 197
1780138254226 0.9944444444444389 198
1780138254228 0.9949999999999944 199
1780138254230 0.9966666666666611 200
1780138254232 0.986666666666661 201
1780138254235 0.9872222222222167 202
1780138254237 0.9961111111111055 203
1780138254239 0.9899999999999943 204
1780138254241 0.9938888888888833 205
1780138254244 0.9916666666666611 206
1780138254246 0.996666666666661 207
1780138254248 0.9955555555555501 208
1780138254250 0.9927777777777722 209
1780138254252 0.9949999999999944 210
1780138254255 0.9938888888888833 211
1780138254257 0.9944444444444389 212
1780138254259 0.9955555555555501 213
1780138254261 0.9949999999999944 214
1780138254263 0.9922222222222166 215
1780138254266 0.9944444444444388 216
1780138254268 0.9955555555555501 217
1780138254270 0.9966666666666611 218
1780138254272 0.9977777777777721 219
1780138254275 0.996666666666661 220
1780138254277 0.9916666666666611 221
1780138254279 0.9927777777777722 222
1780138254281 0.9961111111111055 223
1780138254284 0.9977777777777721 224
1780138254286 0.9949999999999944 225
1780138254288 0.9949999999999944 226
1780138254290 0.99055555555555 227
1780138254292 0.9933333333333276 228
1780138254295 0.9972222222222167 229
1780138254297 0.9961111111111055 230
1780138254299 0.9955555555555501 231
1780138254302 0.9899999999999946 232
1780138254304 0.9922222222222166 233
1780138254306 0.9944444444444388 234
1780138254308 0.9927777777777722 235
1780138254311 0.9949999999999944 236
1780138254313 0.9961111111111055 237
1780138254315 0.9961111111111055 238
1780138254317 0.9949999999999944 239
1780138254320 0.996666666666661 240
1780138254322 0.9938888888888833 241
1780138254324 0.9949999999999944 242
1780138254326 0.9972222222222167 243
1780138254329 0.9927777777777722 244
1780138254331 0.9977777777777723 245
1780138254333 0.9955555555555499 246
1780138254335 0.9961111111111055 247
1780138254337 0.9938888888888833 248
1780138254340 0.996666666666661 249
1780138254342 0.9961111111111055 250
1780138254344 0.9899999999999943 251
1780138254346 0.9972222222222167 252
1780138254348 0.9938888888888833 253
1780138254351 0.9955555555555499 254
1780138254353 0.9916666666666611 255
1780138254355 0.9938888888888833 256
1780138254357 0.9927777777777722 257
1780138254360 0.9961111111111055 258
1780138254362 0.9938888888888833 259
1780138254364 0.9983333333333277 260
1780138254366 0.9938888888888833 261
1780138254368 0.9955555555555499 262
1780138254371 0.9938888888888833 263
1780138254373 0.9938888888888833 264
1780138254375 0.9966666666666611 265
1780138254377 0.9944444444444389 266
1780138254379 0.9961111111111055 267
1780138254382 0.9972222222222167 268
1780138254384 0.9972222222222167 269
1780138254386 0.9949999999999944 270
1780138254389 0.9961111111111055 271
1780138254391 0.9938888888888833 272
1780138254393 0.9972222222222167 273
1780138254395 0.9944444444444389 274
1780138254397 0.996666666666661 275
1780138254400 0.9927777777777722 276
1780138254402 0.9811111111111057 277
1780138254404 0.9933333333333279 278
1780138254406 0.9955555555555499 279
1780138254408 0.9933333333333279 280
1780138254411 0.9955555555555501 281
1780138254413 0.9949999999999944 282
1780138254415 0.9944444444444388 283
1780138254417 0.9927777777777722 284
1780138254419 0.9922222222222166 285
1780138254422 0.9955555555555501 286
1780138254424 0.9949999999999944 287
1780138254426 0.9922222222222166 288
1780138254428 0.9994444444444388 289
1780138254431 0.9961111111111055 290
1780138254433 0.996666666666661 291
1780138254435 0.9961111111111055 292
1780138254437 0.9961111111111055 293
1780138254439 0.9938888888888833 294
1780138254442 0.9938888888888833 295
1780138254444 0.9933333333333276 296
1780138254446 0.9949999999999944 297
1780138254448 0.9977777777777723 298
1780138254450 0.9949999999999944 299
1780138254453 0.99055555555555 300
1780138254455 0.9977777777777721 301
1780138254457 0.9977777777777723 302
1780138254459 0.996666666666661 303
1780138254461 0.9961111111111055 304
1780138254464 0.9955555555555499 305
1780138254466 0.9944444444444388 306
1780138254468 0.9894444444444389 307
1780138254470 0.9972222222222167 308
1780138254472 0.9972222222222167 309
1780138254475 0.9949999999999944 310
1780138254477 0.9955555555555499 311
1780138254479 0.996666666666661 312
1780138254481 0.9922222222222166 313
