1780328277372 0.0 0
1780328277375 0.06290780141843973 1
1780328277378 0.12953255766482955 2
1780328277381 0.3340596729920039 3
1780328277383 0.467243720993721 4
1780328277385 0.5655728076954493 5
1780328277386 0.4673513328776487 6
1780328277388 0.6973992089095062 7
1780328277391 0.7001447594946046 8
1780328277393 0.7385351685351685 9
1780328277396 0.7240029535358824 10
1780328277398 0.7969634542780323 11
1780328277400 0.7960916179337232 12
1780328277401 0.7994706861765686 13
1780328277403 0.7778421075499742 14
1780328277404 0.8275406863667734 15
1780328277406 0.8394147931905369 16
1780328277408 0.8235976278623338 17
1780328277409 0.8776746456158222 18
1780328277411 0.858135111019012 19
1780328277413 0.8515749926626223 20
1780328277415 0.8274958173061888 21
1780328277416 0.932875457875458 22
1780328277418 0.8848405093956313 23
1780328277420 0.9014881804604512 24
1780328277421 0.8911374037861453 25
1780328277423 0.89149476127737 26
1780328277425 0.8769181476418317 27
1780328277427 0.9003143233578017 28
1780328277428 0.9202565124933546 29
1780328277430 0.9056140350877193 30
1780328277432 0.8959426847662142 31
1780328277434 0.9096632303847272 32
1780328277435 0.859746822590072 33
1780328277437 0.9214080656185919 34
1780328277439 0.8592211667275607 35
1780328277440 0.8578952558034707 36
1780328277442 0.7855733264805819 37
1780328277444 0.9038851575579263 38
1780328277445 0.8346020188811952 39
1780328277447 0.8421366121165892 40
1780328277449 0.8566025804261098 41
1780328277451 0.8454370775423407 42
1780328277453 0.8272155931443856 43
1780328277455 0.9063016062884485 44
1780328277457 0.8822607320440138 45
1780328277458 0.8860099524172751 46
1780328277460 0.8410531721460514 47
1780328277461 0.8724923382431122 48
1780328277463 0.8924754253501395 49
1780328277464 0.8737633857370699 50
1780328277466 0.8752553397754635 51
1780328277467 0.8271051305897853 52
1780328277469 0.8909271284271284 53
1780328277507 0.8709294976571863 54
1780328277509 0.8439540128512399 55
1780328277510 0.8689822595704948 56
1780328277512 0.8380130740320537 57
1780328277514 0.8624051069703244 58
1780328277515 0.8646452528379772 59
1780328277517 0.8909868610921242 60
1780328277518 0.8586158552489822 61
1780328277520 0.8654070685898656 62
1780328277522 0.8302053635406038 63
1780328277523 0.874039359763044 64
1780328277525 0.8548353492426719 65
1780328277526 0.9100909470646312 66
1780328277528 0.886407328481632 67
1780328277529 0.8719788195980147 68
1780328277531 0.853999019985862 69
1780328277533 0.8421616541353384 70
1780328277535 0.8886313559124505 71
1780328277537 0.869307762857534 72
1780328277539 0.8451371473354232 73
1780328277540 0.8710649009274329 74
1780328277542 0.8730416281345074 75
1780328277543 0.8809559884559885 76
1780328277545 0.8317083287929969 77
1780328277547 0.8606628271931476 78
1780328277548 0.9036937245947543 79
1780328277550 0.8460982938629998 80
1780328277551 0.8522191843244474 81
1780328277553 0.8420926913382157 82
1780328277555 0.8740737218540422 83
1780328277556 0.8542115650087785 84
1780328277558 0.9037011748739436 85
1780328277559 0.8562805151878379 86
1780328277561 0.8810674941636041 87
1780328277562 0.8539988334006372 88
1780328277564 0.8801808457243239 89
1780328277566 0.8574763851522164 90
1780328277567 0.8883808665273196 91
1780328277569 0.9225853083068051 92
1780328277571 0.8998177426438294 93
1780328277572 0.8618854902407534 94
1780328277574 0.8896894101770261 95
1780328277575 0.8477843199896975 96
1780328277577 0.8805729770745252 97
1780328277578 0.835466629547596 98
1780328277580 0.8614154079457282 99
1780328277582 0.8260134695026335 100
1780328277583 0.9067862665557174 101
1780328277585 0.8507492288413341 102
1780328277586 0.8290273942118066 103
1780328277588 0.8336999584522804 104
1780328277590 0.8668927666760485 105
1780328277591 0.84325225943647 106
1780328277593 0.8389590897727928 107
1780328277594 0.855109780570307 108
1780328277596 0.8275728715728714 109
1780328277598 0.8980746538425904 110
1780328277599 0.8005006612455462 111
1780328277601 0.8603790046980583 112
1780328277603 0.8781184098353298 113
1780328277604 0.834205684666211 114
1780328277606 0.8457316458238522 115
1780328277607 0.8953549800060099 116
1780328277609 0.8822776917784658 117
1780328277611 0.8632067570111049 118
1780328277612 0.8434789245841877 119
1780328277620 0.8463564213564215 120
1780328277626 0.8689575543135915 121
1780328277628 0.8785555373942101 122
1780328277629 0.8640469545074808 123
1780328277631 0.8792185901473827 124
1780328277632 0.775296574770259 125
1780328277634 0.8771638231049994 126
1780328277635 0.8934388012191217 127
1780328277637 0.8410864281916913 128
1780328277639 0.8244310367421823 129
1780328277640 0.8130754137403754 130
1780328277642 0.8928001822738667 131
1780328277643 0.8608841354723709 132
1780328277645 0.8439023938401379 133
1780328277646 0.9145241892610313 134
1780328277648 0.8963541300647574 135
1780328277649 0.8377021728414917 136
1780328277651 0.8279208139118625 137
1780328277653 0.8083130706582718 138
1780328277654 0.8647906161979388 139
1780328277656 0.804977252914896 140
1780328277658 0.840378218272955 141
1780328277659 0.8780096981584394 142
1780328277661 0.868244970132842 143
1780328277662 0.873830905936169 144
1780328277664 0.8910299298972069 145
1780328277665 0.8554686617730096 146
1780328277667 0.8951792685037402 147
1780328277668 0.8702143932255657 148
1780328277670 0.8640808290586188 149
1780328277671 0.8880947913455653 150
1780328277673 0.866053770790613 151
1780328277674 0.8323557411314848 152
1780328277676 0.8822677081372733 153
1780328277677 0.8143133010780069 154
1780328277679 0.8490092733577725 155
1780328277681 0.8641579038175149 156
1780328277682 0.4802228327228327 157
1780328277684 0.6281116896164057 158
1780328277685 0.6229165206396328 159
1780328277687 0.6113858363858363 160
1780328277688 0.6138798687540106 161
1780328277690 0.6857219874115654 162
1780328277692 0.6269308472073497 163
1780328277693 0.6232832313413808 164
1780328277695 0.6402149758454106 165
1780328277697 0.6762070823912929 166
1780328277698 0.6741193418438 167
1780328277700 0.7049064801652632 168
1780328277702 0.5892606540944136 169
1780328277703 0.674678160004247 170
1780328277705 0.6362215689965051 171
1780328277707 0.6382460930881984 172
1780328277708 0.7119049641449023 173
1780328277710 0.6197272727272727 174
1780328277711 0.612711161387632 175
1780328277713 0.6734932216905902 176
1780328277715 0.636670091362362 177
1780328277716 0.6457087507939436 178
1780328277718 0.6622417640838693 179
1780328277720 0.6743300033300035 180
1780328277721 0.6474629983543028 181
1780328277723 0.6195641114849273 182
1780328277724 0.7171899858341506 183
1780328277726 0.6407753943682736 184
1780328277728 0.6727020738605407 185
1780328277730 0.6437919434423436 186
1780328277731 0.6603689785733129 187
1780328277733 0.5554804088614157 188
1780328277734 0.6169353402445509 189
1780328277736 0.6416371093646636 190
1780328277737 0.6546079250413616 191
1780328277739 0.6275575500014859 192
1780328277741 0.6561471861471861 193
1780328277742 0.6076007766743061 194
1780328277744 0.6622456518083453 195
1780328277745 0.5652719094997954 196
1780328277747 0.6866052949577411 197
1780328277748 0.5704844668002562 198
1780328277750 0.6318004069770469 199
1780328277752 0.6980723252782076 200
1780328277753 0.6082885710780448 201
1780328277755 0.6764479435303233 202
1780328277756 0.6731465193732996 203
1780328277758 0.6500474673452948 204
1780328277760 0.6808012502633245 205
1780328277761 0.6267107194864632 206
1780328277763 0.5853606914415905 207
1780328277764 0.699828583607356 208
1780328277766 0.5587661512146639 209
1780328277768 0.6051527361527362 210
1780328277769 0.6636612529347083 211
1780328277771 0.6352006940427993 212
1780328277773 0.6148440545808966 213
1780328277774 0.6795886172650878 214
1780328277776 0.6579876263370845 215
1780328277778 0.5880555555555556 216
1780328277779 0.6628747241899753 217
1780328277781 0.6032517808988398 218
1780328277783 0.6771081660595727 219
1780328277784 0.681289248762933 220
1780328277786 0.6272158657513348 221
1780328277788 0.6627330447330448 222
1780328277789 0.6042907169108542 223
1780328277791 0.5313943264754044 224
1780328277792 0.5803860671062683 225
1780328277794 0.6256297623944682 226
1780328277796 0.5334293763482404 227
1780328277797 0.5962411584516847 228
1780328277799 0.6783138172326922 229
1780328277801 0.6618337166733751 230
1780328277802 0.58017039590956 231
1780328277804 0.657909843779409 232
1780328277806 0.6477627893262569 233
1780328277807 0.6604848127448747 234
1780328277809 0.6422026150912946 235
1780328277811 0.6311369805505962 236
1780328277851 0.5669744651483781 237
1780328277854 0.6456833980171576 238
1780328277856 0.6583075867686852 239
1780328277858 0.631725817279593 240
1780328277860 0.5938685407735751 241
1780328277862 0.6145236819891691 242
1780328277864 0.6797471551154983 243
1780328277866 0.6286222782274021 244
1780328277868 0.6733350924101698 245
1780328277870 0.5675005588106274 246
1780328277872 0.6145620321707279 247
1780328277874 0.6947681981051209 248
1780328277876 0.7787785198672296 249
1780328277879 0.6106432417771428 250
1780328277880 0.6047190002651022 251
1780328277882 0.6346687875995319 252
1780328277884 0.611421568627451 253
1780328277885 0.6301049606775558 254
1780328277887 0.6479532285764619 255
1780328277888 0.5811940779042677 256
1780328277890 0.6743944419873212 257
1780328277891 0.6703086749851456 258
1780328277893 0.6551322643916945 259
1780328277895 0.6699004224115276 260
1780328277896 0.6148716357888184 261
1780328277898 0.6528011169894721 262
1780328277899 0.6153365150407989 263
1780328277901 0.6371269751919908 264
1780328277903 0.6244618746140044 265
1780328277904 0.637399717728665 266
1780328277906 0.6755264783525654 267
1780328277907 0.5855513019862818 268
1780328277909 0.633752519961445 269
1780328277910 0.6476148011513472 270
1780328277912 0.6909747978312051 271
1780328277913 0.6580183033340927 272
1780328277915 0.7044124462494028 273
1780328277917 0.6725538430475164 274
1780328277918 0.6886161133846115 275
1780328277920 0.6704800392843872 276
1780328277921 0.6474165571577392 277
1780328277923 0.6535051167304239 278
1780328277924 0.7656692488797752 279
1780328277926 0.6118373585478849 280
1780328277928 0.6606640294571329 281
1780328277929 0.6157341233788972 282
1780328277931 0.5491812139138147 283
1780328277932 0.5658151969962105 284
1780328277934 0.6277090512972866 285
1780328277935 0.677075873827792 286
1780328277937 0.6327612630610342 287
1780328277939 0.6602475842840954 288
1780328277940 0.6608337668772452 289
1780328277942 0.6764111012826184 290
1780328277943 0.6898394504046678 291
1780328277945 0.6594245705275117 292
1780328277947 0.6713195869206099 293
1780328277948 0.6725080296094228 294
1780328277950 0.5472848788638263 295
1780328277951 0.657627647550248 296
1780328277953 0.6261563379287838 297
1780328277954 0.5436475794736665 298
1780328277956 0.6768738021524399 299
1780328277957 0.6170439212212075 300
1780328277959 0.6346182472498262 301
1780328277961 0.6698668808308396 302
1780328277962 0.5852268021366318 303
1780328277964 0.6379813087153902 304
1780328277965 0.6035429149957547 305
1780328277967 0.6522094572094572 306
1780328277968 0.6650891294732997 307
1780328277970 0.6247915622389307 308
1780328277972 0.5843860224742577 309
1780328277973 0.667385368792826 310
1780328277975 0.6318380643638082 311
1780328277976 0.6157968584805166 312
1780328277978 0.6877329084743945 313
