1780109270722 0.0 0
1780109270724 0.9011111111111061 1
1780109270726 0.9299999999999949 2
1780109270727 0.9338888888888837 3
1780109270729 0.959444444444439 4
1780109270730 0.957222222222217 5
1780109270732 0.9716666666666611 6
1780109270733 0.9616666666666613 7
1780109270735 0.9611111111111057 8
1780109270737 0.9799999999999944 9
1780109270738 0.9777777777777723 10
1780109270740 0.9788888888888835 11
1780109270741 0.9794444444444389 12
1780109270743 0.9799999999999945 13
1780109270745 0.9833333333333278 14
1780109270747 0.9866666666666613 15
1780109270748 0.9888888888888834 16
1780109270750 0.9794444444444389 17
1780109270751 0.9805555555555501 18
1780109270753 0.9811111111111057 19
1780109270754 0.9899999999999943 20
1780109270756 0.9927777777777722 21
1780109270758 0.9877777777777723 22
1780109270759 0.9833333333333277 23
1780109270761 0.978333333333328 24
1780109270762 0.9861111111111056 25
1780109270764 0.98555555555555 26
1780109270765 0.9833333333333278 27
1780109270767 0.9872222222222167 28
1780109270768 0.9822222222222166 29
1780109270770 0.9766666666666612 30
1780109270772 0.9788888888888835 31
1780109270773 0.9899999999999946 32
1780109270775 0.9927777777777722 33
1780109270776 0.9922222222222166 34
1780109270778 0.9844444444444388 35
1780109270779 0.9749999999999946 36
1780109270781 0.9872222222222167 37
1780109270783 0.9827777777777722 38
1780109270784 0.974444444444439 39
1780109270786 0.9883333333333277 40
1780109270787 0.9861111111111056 41
1780109270789 0.9911111111111056 42
1780109270791 0.9888888888888834 43
1780109270792 0.9866666666666613 44
1780109270794 0.9888888888888834 45
1780109270795 0.984444444444439 46
1780109270797 0.9838888888888834 47
1780109270798 0.99055555555555 48
1780109270800 0.9933333333333279 49
1780109270802 0.9877777777777723 50
1780109270803 0.9799999999999944 51
1780109270805 0.9816666666666611 52
1780109270806 0.9849999999999944 53
1780109270808 0.9622222222222169 54
1780109270809 0.9799999999999944 55
1780109270811 0.9894444444444389 56
1780109270813 0.9927777777777722 57
1780109270814 0.9911111111111056 58
1780109270816 0.9861111111111056 59
1780109270818 0.9955555555555499 60
1780109270819 0.99055555555555 61
1780109270821 0.9872222222222167 62
1780109270823 0.9899999999999946 63
1780109270824 0.9916666666666611 64
1780109270826 0.9766666666666612 65
1780109270827 0.9899999999999946 66
1780109270829 0.9883333333333277 67
1780109270830 0.9899999999999943 68
1780109270832 0.99055555555555 69
1780109270834 0.9838888888888834 70
1780109270835 0.9861111111111056 71
1780109270837 0.9866666666666613 72
1780109270838 0.9883333333333277 73
1780109270840 0.9883333333333277 74
1780109270841 0.9705555555555503 75
1780109270843 0.9955555555555499 76
1780109270845 0.9938888888888833 77
1780109270846 0.9672222222222169 78
1780109270848 0.9916666666666611 79
1780109270849 0.99055555555555 80
1780109270851 0.9899999999999946 81
1780109270853 0.9872222222222167 82
1780109270854 0.9966666666666611 83
1780109270856 0.9922222222222166 84
1780109270857 0.9894444444444389 85
1780109270859 0.9911111111111055 86
1780109270860 0.9933333333333276 87
1780109270862 0.99055555555555 88
1780109270864 0.9933333333333276 89
1780109270865 0.9927777777777722 90
1780109270867 0.9916666666666611 91
1780109270868 0.9916666666666611 92
1780109270870 0.9855555555555501 93
1780109270872 0.9894444444444389 94
1780109270873 0.9883333333333277 95
1780109270875 0.9816666666666614 96
1780109270877 0.9888888888888833 97
1780109270878 0.986666666666661 98
1780109270880 0.9866666666666613 99
1780109270881 0.9938888888888833 100
1780109270883 0.9938888888888833 101
1780109270884 0.9933333333333276 102
1780109270886 0.9933333333333276 103
1780109270888 0.968333333333328 104
1780109270889 0.9911111111111056 105
1780109270891 0.9927777777777722 106
1780109270892 0.99055555555555 107
1780109270894 0.9949999999999944 108
1780109270895 0.9933333333333276 109
1780109270897 0.99055555555555 110
1780109270898 0.9872222222222167 111
1780109270900 0.9922222222222168 112
1780109270902 0.9927777777777722 113
1780109270903 0.9916666666666611 114
1780109270905 0.9966666666666611 115
1780109270906 0.9927777777777722 116
1780109270908 0.9872222222222167 117
1780109270909 0.9927777777777722 118
1780109270911 0.9894444444444389 119
1780109270912 0.9861111111111056 120
1780109270914 0.99055555555555 121
1780109270916 0.9955555555555499 122
1780109270917 0.99055555555555 123
1780109270919 0.9927777777777722 124
1780109270920 0.9916666666666611 125
1780109270922 0.9966666666666611 126
1780109270923 0.9911111111111056 127
1780109270925 0.9927777777777722 128
1780109270927 0.9872222222222167 129
1780109270928 0.9888888888888834 130
1780109270930 0.99055555555555 131
1780109270931 0.9849999999999944 132
1780109270933 0.9638888888888836 133
1780109270934 0.9916666666666611 134
1780109270936 0.9916666666666611 135
1780109270938 0.9899999999999943 136
1780109270939 0.9783333333333278 137
1780109270941 0.9916666666666611 138
1780109270942 0.9883333333333277 139
1780109270944 0.9961111111111055 140
1780109270945 0.9894444444444389 141
1780109270947 0.9938888888888833 142
1780109270948 0.9844444444444388 143
1780109270950 0.9894444444444389 144
1780109270952 0.9938888888888833 145
1780109270953 0.9844444444444388 146
1780109270955 0.9883333333333277 147
1780109270956 0.9922222222222168 148
1780109270958 0.9949999999999944 149
1780109270959 0.9899999999999943 150
1780109270961 0.9961111111111055 151
1780109270963 0.9955555555555501 152
1780109270964 0.9833333333333278 153
1780109270966 0.9872222222222167 154
1780109270967 0.9922222222222166 155
1780109270969 0.9933333333333279 156
1780109270970 0.9933333333333279 157
1780109270972 0.9927777777777722 158
1780109270973 0.9894444444444389 159
1780109270975 0.9972222222222167 160
1780109270977 0.9949999999999944 161
1780109270978 0.9961111111111055 162
1780109270980 0.9961111111111055 163
1780109270981 0.9944444444444388 164
1780109270983 0.9933333333333276 165
1780109270984 0.9944444444444389 166
1780109270986 0.99055555555555 167
1780109270987 0.9977777777777723 168
1780109270989 0.9977777777777721 169
1780109270991 0.9977777777777721 170
1780109270992 0.9922222222222166 171
1780109270994 0.9916666666666611 172
1780109270995 0.9955555555555499 173
1780109270997 0.9949999999999944 174
1780109270998 0.9949999999999944 175
1780109271000 0.9944444444444389 176
1780109271001 0.9772222222222167 177
1780109271003 0.9933333333333276 178
1780109271005 0.9988888888888834 179
1780109271006 0.9955555555555501 180
1780109271008 0.9972222222222167 181
1780109271009 0.9949999999999944 182
1780109271011 0.9955555555555501 183
1780109271012 0.9966666666666611 184
1780109271014 0.9977777777777721 185
1780109271015 0.9972222222222167 186
1780109271017 0.9949999999999944 187
1780109271019 0.9916666666666611 188
1780109271020 0.9927777777777722 189
1780109271022 0.9949999999999944 190
1780109271023 0.9883333333333277 191
1780109271025 0.9944444444444389 192
1780109271027 0.9949999999999944 193
1780109271028 0.9961111111111055 194
1780109271030 0.9911111111111056 195
1780109271031 0.9961111111111055 196
1780109271033 0.9944444444444388 197
1780109271034 0.9944444444444388 198
1780109271036 0.9938888888888833 199
1780109271038 0.9949999999999944 200
1780109271039 0.9961111111111055 201
1780109271041 0.9949999999999944 202
1780109271042 0.9977777777777721 203
1780109271044 0.9972222222222167 204
1780109271045 0.9949999999999944 205
1780109271047 0.9972222222222167 206
1780109271049 0.9988888888888834 207
1780109271050 0.9983333333333277 208
1780109271052 0.9949999999999944 209
1780109271053 0.9972222222222167 210
1780109271055 0.9983333333333277 211
1780109271056 0.9983333333333277 212
1780109271058 0.9938888888888833 213
1780109271059 0.9827777777777722 214
1780109271061 0.9966666666666611 215
1780109271063 0.9916666666666611 216
1780109271064 0.9927777777777722 217
1780109271066 0.9966666666666611 218
1780109271067 0.9955555555555499 219
1780109271069 0.9977777777777723 220
1780109271070 0.996666666666661 221
1780109271072 0.9961111111111055 222
1780109271073 0.9933333333333276 223
1780109271075 0.9955555555555501 224
1780109271077 0.9966666666666611 225
1780109271078 0.9949999999999944 226
1780109271080 0.9972222222222167 227
1780109271081 0.9977777777777723 228
1780109271083 0.9955555555555501 229
1780109271085 0.9977777777777721 230
1780109271086 0.996666666666661 231
1780109271088 0.9933333333333276 232
1780109271089 0.9972222222222167 233
1780109271091 0.9961111111111055 234
1780109271092 0.9911111111111056 235
1780109271094 0.9944444444444388 236
1780109271096 0.9961111111111055 237
1780109271097 0.996666666666661 238
1780109271099 0.9955555555555501 239
1780109271100 0.9983333333333277 240
1780109271102 0.9977777777777721 241
1780109271103 0.996666666666661 242
1780109271105 0.9877777777777723 243
1780109271106 0.996666666666661 244
1780109271108 0.9972222222222167 245
1780109271110 0.9944444444444389 246
1780109271111 0.9977777777777721 247
1780109271113 0.9983333333333277 248
1780109271114 0.9961111111111055 249
1780109271116 0.9933333333333279 250
1780109271117 0.9961111111111055 251
1780109271119 0.9927777777777722 252
1780109271121 0.9961111111111055 253
1780109271122 0.9899999999999946 254
1780109271124 0.9977777777777723 255
1780109271125 0.9949999999999944 256
1780109271127 0.9944444444444389 257
1780109271129 0.9961111111111055 258
1780109271130 0.9961111111111055 259
1780109271132 0.9938888888888833 260
1780109271133 0.9961111111111055 261
1780109271135 0.9883333333333277 262
1780109271136 0.9933333333333279 263
1780109271138 0.9944444444444389 264
1780109271140 0.996666666666661 265
1780109271141 0.9972222222222167 266
1780109271143 0.9966666666666611 267
1780109271144 0.9938888888888833 268
1780109271146 0.9972222222222167 269
1780109271148 0.9922222222222166 270
1780109271149 0.9949999999999944 271
1780109271151 0.9944444444444388 272
1780109271152 0.9961111111111055 273
1780109271154 0.9911111111111056 274
1780109271156 0.9955555555555499 275
1780109271157 0.9938888888888833 276
1780109271159 0.9955555555555501 277
1780109271160 0.9944444444444389 278
1780109271162 0.9938888888888833 279
1780109271164 0.9938888888888833 280
1780109271165 0.9988888888888832 281
1780109271167 0.9944444444444388 282
1780109271170 0.9977777777777721 283
1780109271172 0.9977777777777723 284
1780109271173 0.9955555555555501 285
1780109271175 0.996666666666661 286
1780109271177 0.9922222222222168 287
1780109271179 0.9916666666666611 288
1780109271181 0.9955555555555499 289
1780109271182 0.984444444444439 290
1780109271184 0.9977777777777723 291
1780109271185 0.9938888888888833 292
1780109271187 0.9961111111111055 293
1780109271189 0.9966666666666611 294
1780109271190 0.9972222222222167 295
1780109271192 0.9983333333333277 296
1780109271193 0.9983333333333277 297
1780109271195 0.9972222222222167 298
1780109271197 0.9949999999999944 299
1780109271198 0.9983333333333277 300
1780109271200 0.9949999999999944 301
1780109271202 0.9955555555555501 302
1780109271203 0.9961111111111055 303
1780109271205 0.9894444444444389 304
1780109271207 0.9927777777777722 305
1780109271208 0.9955555555555499 306
1780109271210 0.996666666666661 307
1780109271211 0.9961111111111055 308
1780109271213 0.9961111111111055 309
1780109271214 0.9944444444444389 310
1780109271216 0.9949999999999944 311
1780109271217 0.9961111111111055 312
1780109271219 0.9961111111111055 313
