1780127616463 0.0 0
1780127616467 0.085 1
1780127616470 0.14 2
1780127616472 0.32 3
1780127616475 0.375 4
1780127616477 0.47 5
1780127616479 0.545 6
1780127616482 0.625 7
1780127616484 0.635 8
1780127616486 0.525 9
1780127616489 0.63 10
1780127616491 0.58 11
1780127616493 0.66 12
1780127616496 0.705 13
1780127616498 0.635 14
1780127616500 0.74 15
1780127616503 0.735 16
1780127616505 0.695 17
1780127616507 0.705 18
1780127616510 0.705 19
1780127616512 0.655 20
1780127616514 0.68 21
1780127616517 0.745 22
1780127616519 0.665 23
1780127616521 0.67 24
1780127616524 0.71 25
1780127616526 0.78 26
1780127616528 0.735 27
1780127616530 0.675 28
1780127616533 0.765 29
1780127616535 0.785 30
1780127616537 0.745 31
1780127616540 0.75 32
1780127616542 0.74 33
1780127616544 0.785 34
1780127616547 0.775 35
1780127616549 0.77 36
1780127616551 0.825 37
1780127616554 0.825 38
1780127616556 0.77 39
1780127616558 0.87 40
1780127616561 0.845 41
1780127616563 0.795 42
1780127616565 0.85 43
1780127616568 0.84 44
1780127616570 0.765 45
1780127616572 0.825 46
1780127616574 0.83 47
1780127616577 0.81 48
1780127616579 0.82 49
1780127616581 0.805 50
1780127616584 0.82 51
1780127616586 0.79 52
1780127616588 0.78 53
1780127616591 0.65 54
1780127616593 0.845 55
1780127616595 0.865 56
1780127616598 0.85 57
1780127616600 0.885 58
1780127616602 0.805 59
1780127616604 0.885 60
1780127616607 0.845 61
1780127616609 0.855 62
1780127616611 0.825 63
1780127616614 0.855 64
1780127616616 0.84 65
1780127616618 0.855 66
1780127616621 0.765 67
1780127616623 0.795 68
1780127616625 0.815 69
1780127616627 0.785 70
1780127616630 0.795 71
1780127616632 0.87 72
1780127616634 0.825 73
1780127616636 0.71 74
1780127616639 0.855 75
1780127616641 0.865 76
1780127616643 0.82 77
1780127616645 0.905 78
1780127616648 0.795 79
1780127616650 0.845 80
1780127616653 0.81 81
1780127616655 0.81 82
1780127616657 0.845 83
1780127616659 0.87 84
1780127616662 0.905 85
1780127616664 0.815 86
1780127616666 0.77 87
1780127616669 0.805 88
1780127616671 0.89 89
1780127616673 0.89 90
1780127616675 0.82 91
1780127616678 0.81 92
1780127616680 0.83 93
1780127616682 0.86 94
1780127616685 0.79 95
1780127616687 0.885 96
1780127616689 0.87 97
1780127616691 0.755 98
1780127616694 0.87 99
1780127616696 0.905 100
1780127616698 0.875 101
1780127616700 0.88 102
1780127616703 0.87 103
1780127616705 0.805 104
1780127616708 0.825 105
1780127616710 0.79 106
1780127616712 0.865 107
1780127616714 0.895 108
1780127616717 0.87 109
1780127616719 0.84 110
1780127616721 0.795 111
1780127616724 0.88 112
1780127616726 0.85 113
1780127616728 0.81 114
1780127616730 0.895 115
1780127616733 0.92 116
1780127616735 0.915 117
1780127616737 0.82 118
1780127616740 0.855 119
1780127616742 0.93 120
1780127616744 0.89 121
1780127616746 0.905 122
1780127616749 0.945 123
1780127616751 0.895 124
1780127616753 0.865 125
1780127616756 0.895 126
1780127616758 0.855 127
1780127616760 0.9 128
1780127616763 0.9 129
1780127616765 0.92 130
1780127616767 0.89 131
1780127616769 0.875 132
1780127616772 0.84 133
1780127616774 0.91 134
1780127616776 0.915 135
1780127616778 0.91 136
1780127616781 0.895 137
1780127616783 0.875 138
1780127616785 0.815 139
1780127616788 0.92 140
1780127616790 0.89 141
1780127616792 0.905 142
1780127616794 0.885 143
1780127616797 0.92 144
1780127616799 0.885 145
1780127616801 0.815 146
1780127616804 0.945 147
1780127616806 0.905 148
1780127616808 0.9 149
1780127616810 0.935 150
1780127616813 0.905 151
1780127616815 0.93 152
1780127616817 0.85 153
1780127616819 0.905 154
1780127616822 0.935 155
1780127616824 0.91 156
1780127616826 0.91 157
1780127616829 0.93 158
1780127616831 0.905 159
1780127616833 0.945 160
1780127616836 0.935 161
1780127616838 0.935 162
1780127616840 0.91 163
1780127616842 0.91 164
1780127616845 0.925 165
1780127616847 0.925 166
1780127616849 0.935 167
1780127616852 0.955 168
1780127616854 0.95 169
1780127616856 0.95 170
1780127616859 0.91 171
1780127616861 0.91 172
1780127616863 0.94 173
1780127616866 0.87 174
1780127616868 0.96 175
1780127616870 0.915 176
1780127616872 0.935 177
1780127616875 0.905 178
1780127616877 0.965 179
1780127616879 0.96 180
1780127616882 0.945 181
1780127616884 0.9 182
1780127616886 0.945 183
1780127616888 0.935 184
1780127616891 0.955 185
1780127616893 0.95 186
1780127616895 0.955 187
1780127616898 0.945 188
1780127616900 0.96 189
1780127616902 0.94 190
1780127616904 0.94 191
1780127616907 0.96 192
1780127616909 0.94 193
1780127616911 0.945 194
1780127616914 0.925 195
1780127616916 0.9 196
1780127616918 0.93 197
1780127616920 0.91 198
1780127616923 0.935 199
1780127616925 0.93 200
1780127616927 0.955 201
1780127616930 0.92 202
1780127616932 0.965 203
1780127616934 0.97 204
1780127616937 0.95 205
1780127616939 0.965 206
1780127616941 0.975 207
1780127616944 0.99 208
1780127616946 0.96 209
1780127616948 0.96 210
1780127616950 0.98 211
1780127616953 0.925 212
1780127616955 0.95 213
1780127616958 0.955 214
1780127616960 0.9 215
1780127616962 0.935 216
1780127616965 0.975 217
1780127616967 0.98 218
1780127616969 0.95 219
1780127616972 0.925 220
1780127616974 0.97 221
1780127616976 0.955 222
1780127616978 0.945 223
1780127616981 0.95 224
1780127616983 0.945 225
1780127616985 0.96 226
1780127616987 0.955 227
1780127616990 0.97 228
1780127616992 0.95 229
1780127616994 0.955 230
1780127616997 0.955 231
1780127616999 0.93 232
1780127617001 0.97 233
1780127617004 0.92 234
1780127617006 0.96 235
1780127617008 0.9 236
1780127617011 0.955 237
1780127617013 0.93 238
1780127617015 0.945 239
1780127617018 0.955 240
1780127617020 0.955 241
1780127617022 0.965 242
1780127617025 0.96 243
1780127617027 0.975 244
1780127617029 0.98 245
1780127617031 0.95 246
1780127617034 0.97 247
1780127617036 0.955 248
1780127617038 0.945 249
1780127617041 0.88 250
1780127617043 0.955 251
1780127617045 0.955 252
1780127617048 0.96 253
1780127617050 0.96 254
1780127617052 0.97 255
1780127617054 0.965 256
1780127617057 0.955 257
1780127617059 0.97 258
1780127617061 0.93 259
1780127617064 0.955 260
1780127617066 0.955 261
1780127617068 0.975 262
1780127617071 0.96 263
1780127617073 0.915 264
1780127617075 0.955 265
1780127617078 0.975 266
1780127617080 0.965 267
1780127617082 0.935 268
1780127617084 0.96 269
1780127617087 0.945 270
1780127617089 0.95 271
1780127617091 0.95 272
1780127617094 0.95 273
1780127617096 0.96 274
1780127617098 0.935 275
1780127617100 0.96 276
1780127617103 0.92 277
1780127617105 0.95 278
1780127617107 0.98 279
1780127617110 0.96 280
1780127617112 0.98 281
1780127617114 0.96 282
1780127617116 0.98 283
1780127617119 0.97 284
1780127617121 0.95 285
1780127617123 0.97 286
1780127617126 0.935 287
1780127617128 0.9 288
1780127617130 0.96 289
1780127617133 0.955 290
1780127617135 0.965 291
1780127617137 0.96 292
1780127617139 0.935 293
1780127617142 0.935 294
1780127617144 0.95 295
1780127617146 0.97 296
1780127617149 0.975 297
1780127617152 0.945 298
1780127617154 0.945 299
1780127617156 0.955 300
1780127617158 0.98 301
1780127617161 0.96 302
1780127617163 0.95 303
1780127617165 0.96 304
1780127617167 0.875 305
1780127617169 0.95 306
1780127617172 0.915 307
1780127617174 0.97 308
1780127617176 0.835 309
1780127617179 0.95 310
1780127617181 0.945 311
1780127617183 0.965 312
1780127617185 0.95 313
