1780120988956 0.0 0
1780120988958 0.1 1
1780120988960 0.095 2
1780120988962 0.12 3
1780120988964 0.14 4
1780120988966 0.26 5
1780120988969 0.21500000000000002 6
1780120988971 0.205 7
1780120988973 0.29499999999999993 8
1780120988975 0.295 9
1780120988977 0.38500000000000006 10
1780120988979 0.39 11
1780120988981 0.33999999999999997 12
1780120988983 0.4600000000000001 13
1780120988985 0.45000000000000007 14
1780120988987 0.43 15
1780120988989 0.46499999999999997 16
1780120988991 0.4999999999999999 17
1780120988993 0.465 18
1780120988995 0.505 19
1780120988997 0.545 20
1780120988999 0.525 21
1780120989001 0.57 22
1780120989003 0.595 23
1780120989005 0.6300000000000001 24
1780120989007 0.6399999999999999 25
1780120989009 0.605 26
1780120989012 0.59 27
1780120989014 0.5200000000000001 28
1780120989016 0.565 29
1780120989018 0.625 30
1780120989020 0.6100000000000001 31
1780120989022 0.5900000000000001 32
1780120989024 0.61 33
1780120989026 0.57 34
1780120989028 0.6 35
1780120989030 0.5700000000000001 36
1780120989032 0.6 37
1780120989034 0.6100000000000001 38
1780120989036 0.645 39
1780120989038 0.635 40
1780120989040 0.545 41
1780120989042 0.615 42
1780120989044 0.6199999999999999 43
1780120989046 0.64 44
1780120989049 0.6950000000000001 45
1780120989051 0.525 46
1780120989053 0.615 47
1780120989055 0.58 48
1780120989057 0.615 49
1780120989059 0.635 50
1780120989061 0.6250000000000001 51
1780120989063 0.635 52
1780120989065 0.63 53
1780120989067 0.635 54
1780120989069 0.59 55
1780120989071 0.6799999999999999 56
1780120989073 0.6749999999999999 57
1780120989075 0.685 58
1780120989077 0.675 59
1780120989079 0.63 60
1780120989081 0.625 61
1780120989083 0.65 62
1780120989085 0.66 63
1780120989087 0.69 64
1780120989089 0.71 65
1780120989091 0.6399999999999999 66
1780120989093 0.67 67
1780120989095 0.6950000000000001 68
1780120989098 0.69 69
1780120989100 0.67 70
1780120989102 0.7 71
1780120989104 0.7100000000000001 72
1780120989106 0.6799999999999999 73
1780120989108 0.6900000000000001 74
1780120989110 0.72 75
1780120989113 0.6399999999999999 76
1780120989115 0.655 77
1780120989117 0.7150000000000001 78
1780120989119 0.72 79
1780120989121 0.7150000000000001 80
1780120989123 0.6849999999999999 81
1780120989125 0.635 82
1780120989127 0.6950000000000001 83
1780120989129 0.6900000000000001 84
1780120989131 0.635 85
1780120989133 0.685 86
1780120989135 0.67 87
1780120989137 0.6900000000000001 88
1780120989139 0.6900000000000001 89
1780120989141 0.6950000000000001 90
1780120989143 0.74 91
1780120989145 0.735 92
1780120989147 0.64 93
1780120989149 0.685 94
1780120989151 0.7150000000000001 95
1780120989153 0.6900000000000001 96
1780120989155 0.65 97
1780120989157 0.74 98
1780120989159 0.76 99
1780120989161 0.68 100
1780120989163 0.7300000000000001 101
1780120989165 0.7 102
1780120989167 0.7050000000000001 103
1780120989169 0.78 104
1780120989171 0.715 105
1780120989173 0.72 106
1780120989175 0.7100000000000001 107
1780120989177 0.735 108
1780120989179 0.715 109
1780120989181 0.72 110
1780120989183 0.75 111
1780120989185 0.72 112
1780120989188 0.73 113
1780120989190 0.7099999999999999 114
1780120989192 0.7449999999999999 115
1780120989194 0.7849999999999999 116
1780120989196 0.82 117
1780120989198 0.7749999999999999 118
1780120989200 0.7150000000000001 119
1780120989202 0.77 120
1780120989204 0.75 121
1780120989206 0.7900000000000001 122
1780120989208 0.7550000000000001 123
1780120989210 0.75 124
1780120989212 0.75 125
1780120989214 0.74 126
1780120989216 0.75 127
1780120989218 0.75 128
1780120989220 0.7449999999999999 129
1780120989222 0.7100000000000001 130
1780120989224 0.78 131
1780120989226 0.74 132
1780120989228 0.735 133
1780120989230 0.72 134
1780120989232 0.7300000000000001 135
1780120989234 0.825 136
1780120989236 0.8200000000000001 137
1780120989238 0.775 138
1780120989240 0.745 139
1780120989242 0.74 140
1780120989245 0.755 141
1780120989247 0.725 142
1780120989249 0.78 143
1780120989251 0.7949999999999999 144
1780120989253 0.78 145
1780120989255 0.8 146
1780120989257 0.7499999999999999 147
1780120989259 0.775 148
1780120989261 0.8200000000000001 149
1780120989263 0.8099999999999999 150
1780120989265 0.7949999999999999 151
1780120989267 0.8150000000000001 152
1780120989269 0.8299999999999998 153
1780120989271 0.825 154
1780120989274 0.7549999999999999 155
1780120989276 0.795 156
1780120989278 0.72 157
1780120989280 0.8150000000000001 158
1780120989282 0.8699999999999999 159
1780120989284 0.865 160
1780120989286 0.825 161
1780120989288 0.8300000000000001 162
1780120989290 0.8099999999999999 163
1780120989292 0.8099999999999999 164
1780120989294 0.8300000000000001 165
1780120989296 0.8150000000000001 166
1780120989298 0.85 167
1780120989300 0.8099999999999999 168
1780120989302 0.845 169
1780120989304 0.8550000000000001 170
1780120989306 0.8200000000000001 171
1780120989308 0.8150000000000001 172
1780120989310 0.8699999999999999 173
1780120989312 0.82 174
1780120989314 0.86 175
1780120989316 0.8699999999999999 176
1780120989318 0.865 177
1780120989320 0.885 178
1780120989322 0.8800000000000001 179
1780120989324 0.8950000000000001 180
1780120989327 0.8549999999999999 181
1780120989329 0.8350000000000002 182
1780120989331 0.8350000000000002 183
1780120989333 0.8799999999999999 184
1780120989335 0.8549999999999999 185
1780120989337 0.845 186
1780120989339 0.865 187
1780120989341 0.8800000000000001 188
1780120989343 0.845 189
1780120989345 0.8799999999999999 190
1780120989347 0.8550000000000001 191
1780120989349 0.8549999999999999 192
1780120989351 0.89 193
1780120989353 0.89 194
1780120989355 0.875 195
1780120989357 0.8899999999999999 196
1780120989359 0.885 197
1780120989361 0.8300000000000001 198
1780120989363 0.85 199
1780120989365 0.8899999999999999 200
1780120989367 0.89 201
1780120989369 0.8800000000000001 202
1780120989371 0.86 203
1780120989373 0.8999999999999998 204
1780120989375 0.8700000000000001 205
1780120989377 0.8400000000000001 206
1780120989379 0.8899999999999999 207
1780120989381 0.865 208
1780120989383 0.86 209
1780120989385 0.8300000000000001 210
1780120989388 0.885 211
1780120989390 0.89 212
1780120989392 0.86 213
1780120989394 0.8400000000000001 214
1780120989396 0.86 215
1780120989398 0.8949999999999999 216
1780120989400 0.9 217
1780120989402 0.8800000000000001 218
1780120989404 0.85 219
1780120989406 0.86 220
1780120989408 0.8750000000000002 221
1780120989410 0.8699999999999999 222
1780120989412 0.85 223
1780120989414 0.865 224
1780120989416 0.885 225
1780120989418 0.8999999999999998 226
1780120989420 0.9049999999999999 227
1780120989422 0.86 228
1780120989424 0.8799999999999999 229
1780120989426 0.85 230
1780120989428 0.8799999999999999 231
1780120989430 0.8850000000000001 232
1780120989432 0.845 233
1780120989434 0.9 234
1780120989436 0.82 235
1780120989438 0.8700000000000001 236
1780120989440 0.925 237
1780120989442 0.9099999999999999 238
1780120989444 0.875 239
1780120989446 0.8850000000000001 240
1780120989448 0.885 241
1780120989450 0.905 242
1780120989452 0.8949999999999999 243
1780120989454 0.8799999999999999 244
1780120989456 0.9000000000000001 245
1780120989458 0.8699999999999999 246
1780120989460 0.9049999999999999 247
1780120989462 0.89 248
1780120989464 0.9099999999999999 249
1780120989466 0.905 250
1780120989468 0.9049999999999999 251
1780120989470 0.9 252
1780120989472 0.885 253
1780120989474 0.8800000000000001 254
1780120989476 0.865 255
1780120989478 0.905 256
1780120989480 0.8699999999999999 257
1780120989482 0.9149999999999998 258
1780120989484 0.9 259
1780120989486 0.8700000000000001 260
1780120989488 0.905 261
1780120989490 0.8600000000000001 262
1780120989492 0.9049999999999999 263
1780120989494 0.85 264
1780120989496 0.9199999999999999 265
1780120989498 0.8699999999999999 266
1780120989500 0.9049999999999999 267
1780120989502 0.8949999999999999 268
1780120989504 0.9149999999999998 269
1780120989506 0.9400000000000001 270
1780120989508 0.8899999999999999 271
1780120989510 0.9 272
1780120989512 0.9099999999999999 273
1780120989514 0.915 274
1780120989516 0.9 275
1780120989518 0.9349999999999999 276
1780120989520 0.9149999999999998 277
1780120989522 0.9299999999999999 278
1780120989524 0.9099999999999999 279
1780120989527 0.93 280
1780120989529 0.9 281
1780120989531 0.9200000000000002 282
1780120989533 0.8949999999999999 283
1780120989535 0.8800000000000001 284
1780120989537 0.885 285
1780120989539 0.915 286
1780120989541 0.885 287
1780120989543 0.8800000000000001 288
1780120989545 0.875 289
1780120989547 0.875 290
1780120989549 0.8949999999999999 291
1780120989551 0.9099999999999999 292
1780120989553 0.9 293
1780120989555 0.9099999999999999 294
1780120989557 0.9 295
1780120989559 0.9349999999999999 296
1780120989561 0.925 297
1780120989563 0.8949999999999999 298
1780120989565 0.925 299
1780120989567 0.885 300
1780120989569 0.885 301
1780120989571 0.925 302
1780120989573 0.9200000000000002 303
1780120989575 0.8949999999999999 304
1780120989577 0.925 305
1780120989579 0.905 306
1780120989581 0.9 307
1780120989583 0.9199999999999999 308
1780120989585 0.915 309
1780120989587 0.9 310
1780120989589 0.905 311
1780120989591 0.925 312
1780120989593 0.9099999999999998 313
