1780140870214 0.0 0
1780140870217 0.9027777777777727 1
1780140870220 0.9199999999999948 2
1780140870222 0.931111111111106 3
1780140870225 0.9661111111111058 4
1780140870228 0.9588888888888836 5
1780140870231 0.9688888888888834 6
1780140870233 0.9527777777777724 7
1780140870236 0.9727777777777723 8
1780140870239 0.9761111111111058 9
1780140870241 0.9755555555555502 10
1780140870244 0.9738888888888834 11
1780140870247 0.9794444444444391 12
1780140870249 0.9488888888888836 13
1780140870252 0.9766666666666612 14
1780140870255 0.9811111111111057 15
1780140870258 0.9849999999999944 16
1780140870260 0.9677777777777724 17
1780140870263 0.9733333333333277 18
1780140870266 0.9683333333333278 19
1780140870269 0.9761111111111056 20
1780140870271 0.98555555555555 21
1780140870274 0.9833333333333278 22
1780140870277 0.9622222222222169 23
1780140870279 0.9538888888888837 24
1780140870282 0.9749999999999946 25
1780140870285 0.953333333333328 26
1780140870288 0.984444444444439 27
1780140870290 0.9799999999999945 28
1780140870293 0.9805555555555501 29
1780140870296 0.9655555555555502 30
1780140870299 0.9788888888888835 31
1780140870301 0.9861111111111056 32
1780140870304 0.9577777777777724 33
1780140870307 0.98555555555555 34
1780140870310 0.9705555555555503 35
1780140870312 0.9811111111111057 36
1780140870315 0.9811111111111057 37
1780140870318 0.9611111111111057 38
1780140870321 0.9772222222222169 39
1780140870323 0.9938888888888833 40
1780140870326 0.9894444444444389 41
1780140870329 0.9799999999999945 42
1780140870331 0.9888888888888833 43
1780140870334 0.9888888888888833 44
1780140870337 0.9849999999999944 45
1780140870340 0.9827777777777722 46
1780140870342 0.9838888888888834 47
1780140870345 0.9922222222222166 48
1780140870348 0.9899999999999943 49
1780140870350 0.9838888888888834 50
1780140870353 0.9866666666666613 51
1780140870356 0.9849999999999944 52
1780140870359 0.9844444444444388 53
1780140870361 0.97555555555555 54
1780140870364 0.9911111111111055 55
1780140870369 0.9783333333333278 56
1780140870371 0.9772222222222169 57
1780140870374 0.9888888888888834 58
1780140870377 0.9788888888888833 59
1780140870380 0.9872222222222167 60
1780140870382 0.99055555555555 61
1780140870385 0.9849999999999944 62
1780140870388 0.9594444444444392 63
1780140870391 0.9849999999999944 64
1780140870393 0.9922222222222166 65
1780140870396 0.9838888888888834 66
1780140870399 0.9872222222222167 67
1780140870401 0.974444444444439 68
1780140870404 0.9849999999999944 69
1780140870407 0.9872222222222167 70
1780140870410 0.9861111111111056 71
1780140870412 0.9877777777777723 72
1780140870415 0.9899999999999943 73
1780140870418 0.9877777777777723 74
1780140870421 0.976666666666661 75
1780140870423 0.9938888888888833 76
1780140870434 0.9922222222222168 77
1780140870437 0.9705555555555503 78
1780140870440 0.9916666666666611 79
1780140870442 0.9861111111111056 80
1780140870445 0.9788888888888835 81
1780140870448 0.9872222222222167 82
1780140870450 0.9838888888888834 83
1780140870453 0.99055555555555 84
1780140870456 0.9933333333333279 85
1780140870459 0.99055555555555 86
1780140870461 0.9911111111111055 87
1780140870464 0.9888888888888834 88
1780140870467 0.9894444444444389 89
1780140870470 0.9811111111111057 90
1780140870472 0.9899999999999943 91
1780140870475 0.9872222222222167 92
1780140870478 0.9816666666666611 93
1780140870481 0.9894444444444389 94
1780140870483 0.9761111111111058 95
1780140870486 0.9883333333333277 96
1780140870489 0.9833333333333277 97
1780140870492 0.9861111111111056 98
1780140870494 0.99055555555555 99
1780140870497 0.9922222222222166 100
1780140870500 0.9922222222222166 101
1780140870502 0.9916666666666611 102
1780140870505 0.9944444444444389 103
1780140870508 0.99055555555555 104
1780140870510 0.99055555555555 105
1780140870513 0.9911111111111056 106
1780140870516 0.9899999999999946 107
1780140870518 0.9872222222222167 108
1780140870521 0.9916666666666611 109
1780140870524 0.9933333333333276 110
1780140870526 0.9844444444444388 111
1780140870529 0.9933333333333279 112
1780140870532 0.9899999999999946 113
1780140870535 0.9883333333333277 114
1780140870537 0.9711111111111057 115
1780140870540 0.9949999999999944 116
1780140870543 0.9855555555555501 117
1780140870546 0.9933333333333279 118
1780140870548 0.99055555555555 119
1780140870551 0.9811111111111057 120
1780140870554 0.9888888888888834 121
1780140870556 0.9927777777777722 122
1780140870559 0.9911111111111055 123
1780140870562 0.9927777777777722 124
1780140870565 0.9883333333333277 125
1780140870567 0.9911111111111056 126
1780140870570 0.9849999999999947 127
1780140870573 0.9922222222222166 128
1780140870576 0.9899999999999943 129
1780140870578 0.9933333333333276 130
1780140870581 0.9911111111111056 131
1780140870584 0.9722222222222168 132
1780140870586 0.9783333333333278 133
1780140870589 0.986666666666661 134
1780140870592 0.9922222222222166 135
1780140870595 0.9894444444444389 136
1780140870597 0.9727777777777723 137
1780140870600 0.9911111111111055 138
1780140870603 0.9927777777777722 139
1780140870610 0.9894444444444389 140
1780140870613 0.9899999999999943 141
1780140870616 0.9933333333333276 142
1780140870618 0.984444444444439 143
1780140870621 0.9927777777777722 144
1780140870624 0.9911111111111055 145
1780140870626 0.9849999999999944 146
1780140870629 0.9866666666666613 147
1780140870632 0.99055555555555 148
1780140870635 0.9916666666666611 149
1780140870637 0.99055555555555 150
1780140870640 0.9972222222222167 151
1780140870643 0.9883333333333277 152
1780140870646 0.9922222222222168 153
1780140870648 0.9877777777777723 154
1780140870651 0.996666666666661 155
1780140870654 0.9944444444444388 156
1780140870656 0.9938888888888833 157
1780140870659 0.9938888888888833 158
1780140870662 0.99055555555555 159
1780140870665 0.9916666666666611 160
1780140870667 0.9955555555555501 161
1780140870670 0.9983333333333277 162
1780140870673 0.9966666666666611 163
1780140870676 0.9916666666666611 164
1780140870678 0.9927777777777722 165
1780140870681 0.9944444444444389 166
1780140870684 0.9955555555555501 167
1780140870686 0.9972222222222167 168
1780140870689 0.9944444444444388 169
1780140870692 0.9933333333333279 170
1780140870694 0.9927777777777722 171
1780140870697 0.9916666666666611 172
1780140870700 0.9911111111111056 173
1780140870702 0.9961111111111055 174
1780140870705 0.9961111111111055 175
1780140870708 0.9938888888888833 176
1780140870711 0.9961111111111055 177
1780140870713 0.9944444444444389 178
1780140870716 0.9983333333333277 179
1780140870719 0.9972222222222167 180
1780140870721 0.9927777777777722 181
1780140870724 0.9955555555555499 182
1780140870727 0.9944444444444388 183
1780140870729 0.9949999999999944 184
1780140870732 0.9961111111111055 185
1780140870735 0.996666666666661 186
1780140870738 0.9955555555555501 187
1780140870740 0.9972222222222167 188
1780140870743 0.996666666666661 189
1780140870745 0.9955555555555501 190
1780140870748 0.9955555555555499 191
1780140870751 0.9955555555555501 192
1780140870754 0.9855555555555501 193
1780140870756 0.9933333333333276 194
1780140870759 0.9938888888888833 195
1780140870762 0.9933333333333279 196
1780140870765 0.9922222222222168 197
1780140870767 0.9944444444444388 198
1780140870770 0.9938888888888833 199
1780140870773 0.9911111111111056 200
1780140870776 0.9938888888888833 201
1780140870778 0.9955555555555501 202
1780140870782 0.9888888888888834 203
1780140870784 0.9961111111111055 204
1780140870787 0.9938888888888833 205
1780140870790 0.9733333333333279 206
1780140870793 0.9988888888888832 207
1780140870795 0.9972222222222167 208
1780140870798 0.9966666666666611 209
1780140870801 0.9966666666666611 210
1780140870803 0.9977777777777723 211
1780140870806 0.9972222222222167 212
1780140870809 0.9938888888888833 213
1780140870812 0.9944444444444388 214
1780140870814 0.9855555555555501 215
1780140870817 0.9883333333333277 216
1780140870820 0.9961111111111055 217
1780140870822 0.9883333333333277 218
1780140870825 0.9972222222222167 219
1780140870828 0.9961111111111055 220
1780140870831 0.9983333333333277 221
1780140870833 0.9961111111111055 222
1780140870836 0.9933333333333276 223
1780140870839 0.9949999999999944 224
1780140870842 0.9827777777777724 225
1780140870844 0.9961111111111055 226
1780140870847 0.9972222222222167 227
1780140870850 0.9961111111111055 228
1780140870853 0.9972222222222167 229
1780140870855 0.9938888888888833 230
1780140870858 0.9961111111111055 231
1780140870861 0.9949999999999944 232
1780140870864 0.9933333333333276 233
1780140870867 0.9983333333333277 234
1780140870869 0.9961111111111055 235
1780140870872 0.9949999999999944 236
1780140870875 0.9972222222222167 237
1780140870878 0.9922222222222168 238
1780140870880 0.9938888888888833 239
1780140870883 0.9927777777777722 240
1780140870886 0.9955555555555501 241
1780140870889 0.996666666666661 242
1780140870891 0.9811111111111055 243
1780140870894 0.9977777777777721 244
1780140870897 0.9972222222222167 245
1780140870899 0.9944444444444388 246
1780140870902 0.9938888888888833 247
1780140870905 0.9944444444444388 248
1780140870908 0.9949999999999944 249
1780140870910 0.9933333333333276 250
1780140870913 0.9977777777777721 251
1780140870916 0.9955555555555501 252
1780140870918 0.99055555555555 253
1780140870921 0.9955555555555501 254
1780140870924 0.9961111111111055 255
1780140870926 0.9966666666666611 256
1780140870929 0.9961111111111055 257
1780140870932 0.9916666666666611 258
1780140870935 0.9988888888888834 259
1780140870937 0.9938888888888833 260
1780140870940 0.9861111111111056 261
1780140870943 0.9888888888888833 262
1780140870946 0.9949999999999944 263
1780140870948 0.9883333333333277 264
1780140870951 0.9938888888888833 265
1780140870954 0.9955555555555499 266
1780140870957 0.9966666666666611 267
1780140870959 0.9933333333333276 268
1780140870962 0.9955555555555499 269
1780140870965 0.9944444444444388 270
1780140870967 0.9961111111111055 271
1780140870970 0.996666666666661 272
1780140870973 0.9949999999999944 273
1780140870976 0.9972222222222167 274
1780140870978 0.9977777777777721 275
1780140870981 0.9972222222222167 276
1780140870984 0.9949999999999944 277
1780140870987 0.9961111111111055 278
1780140870990 0.9911111111111055 279
1780140870992 0.9972222222222167 280
1780140870995 0.9972222222222167 281
1780140870998 0.9955555555555501 282
1780140871001 0.9944444444444389 283
1780140871003 0.9972222222222167 284
1780140871006 0.9972222222222167 285
1780140871009 0.9977777777777723 286
1780140871012 0.9972222222222167 287
1780140871014 0.9961111111111055 288
1780140871017 0.9911111111111056 289
1780140871020 0.9933333333333276 290
1780140871022 0.9977777777777723 291
1780140871025 0.9972222222222167 292
1780140871028 0.9955555555555501 293
1780140871031 0.9922222222222166 294
1780140871033 0.9961111111111055 295
1780140871036 0.9983333333333277 296
1780140871039 0.9966666666666611 297
1780140871041 0.9972222222222167 298
1780140871044 0.9927777777777722 299
1780140871047 0.9961111111111055 300
1780140871049 0.9694444444444391 301
1780140871052 0.9955555555555501 302
1780140871055 0.9899999999999943 303
1780140871058 0.9961111111111055 304
1780140871060 0.9833333333333278 305
1780140871063 0.9944444444444388 306
1780140871066 0.996666666666661 307
1780140871068 0.9972222222222167 308
1780140871071 0.9927777777777722 309
1780140871074 0.996666666666661 310
1780140871076 0.9955555555555501 311
1780140871079 0.9911111111111056 312
1780140871082 0.9827777777777724 313
