1773282894161 0.0 0
1773282894211 0.575763685855429 1
1773282894257 0.5242718446601942 2
1773282894311 0.6481592637054823 3
1773282894371 0.64 4
1773282894414 0.65625 5
1773282894462 0.7483234911420278 6
1773282894519 0.822829131652661 7
1773282894582 0.8385696568830094 8
1773282894639 0.74375 9
1773282894688 0.7950885668276972 10
1773282894744 0.7823836800321575 11
1773282894781 0.7814009661835748 12
1773282894824 0.8791578735805446 13
1773282894878 0.8565705128205128 14
1773282894916 0.8753375337533753 15
1773282894954 0.8333333333333333 16
1773282894996 0.7992788461538461 17
1773282895044 0.8213032581453634 18
1773282895084 0.8266306522609044 19
1773282895139 0.8598859885988599 20
1773282895176 0.8606060606060606 21
1773282895230 0.8313301282051282 22
1773282895278 0.8133313331333134 23
1773282895318 0.7791979949874687 24
1773282895349 0.7829282928292829 25
1773282895397 0.7820458404074703 26
1773282895440 0.7493978321959053 27
1773282895474 0.7634484142914493 28
1773282895541 0.815 29
1773282895596 0.8008814102564102 30
1773282895649 0.8352941176470589 31
1773282895685 0.8558355835583559 32
1773282895715 0.8794070512820513 33
1773282895787 0.8405448717948718 34
1773282895835 0.8481203007518796 35
1773282895882 0.8294861501405059 36
1773282895922 0.8195375838254428 37
1773282895968 0.7974176759083176 38
1773282896014 0.8642456982793117 39
1773282896068 0.8350877192982455 40
1773282896098 0.8380402874784898 41
1773282896138 0.8632452981192477 42
1773282896175 0.8521303258145363 43
1773282896209 0.885 44
1773282896272 0.8229166666666667 45
1773282896337 0.8177083333333333 46
1773282896382 0.8835451906716045 47
1773282896443 0.8309178743961352 48
1773282896482 0.8324329731892757 49
1773282896513 0.8197511039743075 50
1773282896555 0.8369565217391304 51
1773282896588 0.7533916189327705 52
1773282896633 0.7964912280701755 53
1773282896682 0.8502415458937198 54
1773282896739 0.8357335733573357 55
1773282896791 0.8558423369347739 56
1773282896832 0.8345986435874077 57
1773282896872 0.8514492753623188 58
1773282896916 0.8458646616541354 59
1773282896948 0.798316362536546 60
1773282896983 0.8392121394834691 61
1773282897022 0.867930234902712 62
1773282897049 0.8120941558441559 63
1773282897081 0.8525410164065625 64
1773282897121 0.8210558008831794 65
1773282897165 0.8498746867167919 66
1773282897204 0.8493849384938494 67
1773282897240 0.823051948051948 68
1773282897273 0.8319327731092437 69
1773282897313 0.8623449379751901 70
1773282897349 0.8543859649122807 71
1773282897394 0.8588584061903326 72
1773282897425 0.8650365036503651 73
1773282897462 0.8209839052535681 74
1773282897496 0.8289843436370935 75
1773282897534 0.8083735909822867 76
1773282897570 0.8453733766233766 77
1773282897615 0.8637473298748856 78
1773282897653 0.8607085346215781 79
1773282897694 0.8675007536930961 80
1773282897724 0.85 81
1773282897763 0.8621794871794872 82
1773282897802 0.8656365636563657 83
1773282897848 0.8268474644621434 84
1773282897885 0.871684516064458 85
1773282897918 0.8755375537553756 86
1773282897957 0.8296151140588885 87
1773282897995 0.8761904761904762 88
1773282898032 0.8450406994271933 89
1773282898074 0.8386838683868387 90
1773282898127 0.8265438895005506 91
1773282898177 0.7950885668276972 92
1773282898227 0.7876602564102564 93
1773282898274 0.8605769230769231 94
1773282898323 0.8659293364027625 95
1773282898352 0.8536289098086851 96
1773282898398 0.7891602442197978 97
1773282898438 0.815 98
1773282898519 0.788015206082433 99
1773282898558 0.8137254901960784 100
1773282898580 0.7888398233641107 101
1773282898608 0.8133253301320529 102
1773282898642 0.8403784219001611 103
1773282898677 0.887719298245614 104
1773282898700 0.852617355620058 105
1773282898730 0.8778044871794872 106
1773282898771 0.8462466083810671 107
1773282898831 0.8607746972275048 108
1773282898872 0.8249198717948718 109
1773282898905 0.874937343358396 110
1773282898937 0.8377072525684061 111
1773282898970 0.8366346538615446 112
1773282898999 0.8710839755780202 113
1773282899053 0.8497832442786571 114
1773282899081 0.8150161030595813 115
1773282899108 0.8409822866344605 116
1773282899147 0.81 117
1773282899180 0.7910164065626251 118
1773282899218 0.8426460168033202 119
1773282899274 0.8403508771929824 120
1773282899303 0.8097744360902256 121
1773282899336 0.780976786252638 122
1773282899371 0.8681704260651629 123
1773282899406 0.88 124
1773282899444 0.8944199116820555 125
1773282899497 0.8415366146458583 126
1773282899533 0.8486742615182983 127
1773282899568 0.8066337332392379 128
1773282899622 0.8836072184696038 129
1773282899676 0.8318948213568848 130
1773282899734 0.8892889288928894 131
1773282899769 0.8483569490503466 132
1773282899804 0.7906602254428341 133
1773282899831 0.8494949494949495 134
1773282899869 0.8153044871794872 135
1773282899904 0.8085748792270531 136
1773282899946 0.7836538461538461 137
1773282899984 0.8609022556390977 138
1773282900013 0.8509615384615384 139
1773282900058 0.8624357294082065 140
1773282900120 0.8543354335433544 141
1773282900153 0.8387942332896461 142
1773282900235 0.84998499849985 143
1773282900286 0.8469500552708271 144
1773282900326 0.8353365384615384 145
1773282900370 0.8371348539415766 146
1773282900410 0.8335001501351216 147
1773282900449 0.820955439582497 148
1773282900484 0.8778044871794872 149
1773282900518 0.867547018807523 150
1773282900570 0.87988798879888 151
1773282900621 0.813432088879992 152
1773282900665 0.852611179110567 153
1773282900695 0.8216821682168217 154
1773282900722 0.858985898589859 155
1773282900766 0.8545673076923077 156
1773282900808 0.8454345434543454 157
1773282900860 0.8423913043478262 158
1773282900904 0.8559203282954659 159
1773282900933 0.8165395423524688 160
1773282900964 0.8623449379751901 161
1773282901001 0.8215538847117795 162
1773282901050 0.8434543790051876 163
1773282901089 0.8930288461538461 164
1773282901128 0.8994899489948995 165
1773282901161 0.854777197912485 166
1773282901188 0.8993899389938993 167
1773282901219 0.8747362074163401 168
1773282901272 0.8899999999999999 169
1773282901318 0.8666198313930149 170
1773282901355 0.885 171
1773282901391 0.8806880688068808 172
1773282901426 0.8565837013247692 173
1773282901465 0.800080289040546 174
1773282901516 0.7858072265038534 175
1773282901542 0.830230902247991 176
1773282901573 0.902020202020202 177
1773282901607 0.8498389694041868 178
1773282901642 0.8493268549448325 179
1773282901686 0.9297929792979298 180
1773282901715 0.8121175030599755 181
1773282901757 0.8606060606060606 182
1773282901792 0.8401771336553945 183
1773282901823 0.8527410964385754 184
1773282901869 0.8581432573029211 185
1773282901899 0.8775510204081632 186
1773282901930 0.9055137844611529 187
1773282901972 0.8548872180451128 188
1773282902018 0.8810881088108811 189
1773282902050 0.8655394524959743 190
1773282902089 0.8390111546578234 191
1773282902111 0.7967296729672968 192
1773282902170 0.7683415073566209 193
1773282902197 0.7248899559823929 194
1773282902242 0.8279569892473118 195
1773282902284 0.8518462007934087 196
1773282902327 0.8490338164251208 197
1773282902369 0.8457839862334244 198
