1780562263173 0.0 0
1780562263175 0.027523501309909076 1
1780562263177 0.13235151821936444 2
1780562263179 0.1208861351414543 3
1780562263180 0.13866965489915142 4
1780562263182 0.17761086149321442 5
1780562263184 0.1415429616395874 6
1780562263186 0.21518360513999685 7
1780562263187 0.11414266892527762 8
1780562263189 0.061278950934123354 9
1780562263191 0.19961765770461426 10
1780562263192 0.23970585476611245 11
1780562263194 0.1893962704795501 12
1780562263197 0.061285954189179995 13
1780562263198 0.2005177035701231 14
1780562263200 0.2180657986541445 15
1780562263202 0.16775340771760208 16
1780562263204 0.1731435662960264 17
1780562263205 0.19036332974082804 18
1780562263207 0.21503483184697295 19
1780562263209 0.18019058021086418 20
1780562263210 0.295415574376911 21
1780562263212 0.3130715545753343 22
1780562263224 0.2659931742396893 23
1780562263226 0.3015681979327258 24
1780562263227 0.19090434941259532 25
1780562263229 0.25858373037294174 26
1780562263231 0.1342927062403995 27
1780562263233 0.10912343818824466 28
1780562263234 0.19831836156685165 29
1780562263236 0.19900450829890898 30
1780562263238 0.15739168877099913 31
1780562263239 0.17458060605362857 32
1780562263241 0.3342114581424903 33
1780562263243 0.28858839320931623 34
1780562263245 0.2945431986031101 35
1780562263246 0.3816007978154687 36
1780562263248 0.30653968672836596 37
1780562263250 0.3062095599057426 38
1780562263252 0.34472120865890216 39
1780562263253 0.25775326174067315 40
1780562263255 0.25560497088437084 41
1780562263257 0.21357225863210233 42
1780562263258 0.3863915786152289 43
1780562263260 0.30021891550710716 44
1780562263262 0.16877996640471454 45
1780562263264 0.28500754648378845 46
1780562263265 0.3115777381352447 47
1780562263267 0.3063030303030303 48
1780562263269 0.238571042400268 49
1780562263270 0.38669108311662787 50
1780562263272 0.3182622761208897 51
1780562263274 0.3994958308648785 52
1780562263275 0.2830815709019562 53
1780562263277 0.3737875687099717 54
1780562263279 0.3285755063901944 55
1780562263280 0.303096342210719 56
1780562263282 0.2806693343928267 57
1780562263284 0.33379631271242294 58
1780562263286 0.3813780780817407 59
1780562263287 0.34812088496299026 60
1780562263289 0.30691817578356817 61
1780562263291 0.3758402297663167 62
1780562263292 0.24302596772576637 63
1780562263294 0.31920081723466087 64
1780562263296 0.2651250431429394 65
1780562263298 0.23591236485570702 66
1780562263299 0.33823531167856885 67
1780562263301 0.3628024520063401 68
1780562263303 0.310770227629792 69
1780562263304 0.41269746299245086 70
1780562263306 0.3014534724702361 71
1780562263308 0.2739835271664277 72
1780562263309 0.3187808614161431 73
1780562263311 0.40194116662175083 74
1780562263313 0.29386410957053904 75
1780562263315 0.39563786490984115 76
1780562263316 0.3268853070445711 77
1780562263318 0.3346561003229854 78
1780562263320 0.3163296547290846 79
1780562263321 0.25275584380274896 80
1780562263323 0.2920984906370963 81
1780562263325 0.3393054788020634 82
1780562263327 0.3761649854632988 83
1780562263328 0.3619711647171601 84
1780562263330 0.27150950683303626 85
1780562263332 0.2267613671177302 86
1780562263333 0.3346287198359374 87
1780562263335 0.39659070069853125 88
1780562263337 0.290084535331643 89
1780562263338 0.34870840553331706 90
1780562263340 0.3183608288541875 91
1780562263342 0.3592708752721826 92
1780562263344 0.3118920042773222 93
1780562263345 0.35587487777419125 94
1780562263347 0.389452393262521 95
1780562263349 0.29221663280163584 96
1780562263350 0.34318951201251424 97
1780562263352 0.28639641688474676 98
1780562263354 0.23030544892661192 99
1780562263356 0.2573812071605433 100
1780562263357 0.3388114578643796 101
1780562263359 0.4206129359787467 102
1780562263361 0.31786506189380304 103
1780562263362 0.33946546207415773 104
1780562263364 0.3149091662833174 105
1780562263366 0.3574445441469615 106
1780562263367 0.35174228928872897 107
1780562263369 0.34537793198878614 108
1780562263371 0.3424111442337324 109
1780562263373 0.3875491595125623 110
1780562263374 0.29039014264699603 111
1780562263376 0.32496363357547625 112
1780562263378 0.35268201982222663 113
1780562263379 0.28955208876594796 114
1780562263381 0.3936009606404343 115
1780562263383 0.32065882602813167 116
1780562263384 0.39063385411342855 117
1780562263386 0.3400387006899141 118
1780562263388 0.2819432792538209 119
1780562263390 0.20616270870225128 120
1780562263391 0.3623304546643281 121
1780562263393 0.31662966547557675 122
1780562263395 0.4026108194379979 123
1780562263396 0.3807470492062799 124
1780562263398 0.2768371384778966 125
1780562263400 0.3793977116499195 126
1780562263402 0.3356001022108845 127
1780562263403 0.3974958712552534 128
1780562263405 0.44451592157255276 129
1780562263407 0.3269954344056463 130
1780562263408 0.3909261203843247 131
1780562263410 0.3436530926800204 132
1780562263412 0.41655186757379514 133
1780562263413 0.3416218057945669 134
1780562263415 0.34350758672516296 135
1780562263417 0.32604843548264595 136
1780562263423 0.23352675052803423 137
1780562263425 0.29253298973305053 138
1780562263427 0.35088028634188173 139
1780562263428 0.26070621280490247 140
1780562263430 0.36051061687068026 141
1780562263432 0.25290893190203817 142
1780562263434 0.37415254638510453 143
1780562263435 0.34940649329167095 144
1780562263437 0.36922647629276606 145
1780562263439 0.3002664093633875 146
1780562263440 0.4143950378968455 147
1780562263442 0.3517579762432551 148
1780562263444 0.32156557374814343 149
1780562263446 0.3694827806487755 150
1780562263447 0.304852001923731 151
1780562263449 0.36842197712302593 152
1780562263451 0.29311699884632214 153
1780562263452 0.2585752321845874 154
1780562263454 0.29207273319147886 155
1780562263456 0.28284666866513136 156
1780562263457 0.28176876926596706 157
1780562263459 0.2754410700299915 158
1780562263461 0.3027713254280274 159
1780562263463 0.2387343787343787 160
1780562263464 0.2880976528427803 161
1780562263466 0.4162948997461193 162
1780562263468 0.30266322106993115 163
1780562263469 0.23233950117717922 164
1780562263471 0.29426457652264104 165
1780562263473 0.29040098381561796 166
1780562263475 0.17071386467938193 167
1780562263476 0.28674855349148687 168
1780562263478 0.38371279518031726 169
1780562263480 0.30610590133745946 170
1780562263481 0.2839590161748845 171
1780562263483 0.32958756066769873 172
1780562263485 0.273813391954237 173
1780562263486 0.3320457154517219 174
1780562263488 0.3565431275849471 175
1780562263490 0.30770205240793475 176
1780562263492 0.2977111673697669 177
1780562263493 0.2589189626214481 178
1780562263495 0.28648976428423734 179
1780562263497 0.2489086874814883 180
1780562263498 0.30790424987199183 181
1780562263500 0.21961360635623334 182
1780562263502 0.1648480045718808 183
1780562263504 0.24983236839944153 184
1780562263505 0.3525756671589371 185
1780562263507 0.3236268884114955 186
1780562263509 0.3164419375305026 187
1780562263510 0.31872705261383294 188
1780562263512 0.2971532606608973 189
1780562263514 0.243602418022431 190
1780562263516 0.21525414273130794 191
1780562263517 0.3134603620167001 192
1780562263519 0.2728967187466701 193
1780562263521 0.2841194188120725 194
1780562263522 0.33025747467822064 195
1780562263524 0.3114607085922172 196
1780562263526 0.3434853243514264 197
1780562263527 0.36890848391445685 198
1780562263529 0.3038172490789066 199
1780562263531 0.3698069166470436 200
1780562263533 0.33266146603688135 201
1780562263534 0.36813120400104304 202
1780562263536 0.40359570972706615 203
1780562263538 0.29370107805397605 204
1780562263539 0.21922553373850712 205
1780562263541 0.47690054751947814 206
1780562263543 0.18794653591700883 207
1780562263545 0.24114655300990706 208
1780562263546 0.2470143896305815 209
1780562263548 0.31705434894256007 210
1780562263550 0.18984178180311823 211
1780562263551 0.3775610512313282 212
1780562263553 0.38039884479364805 213
1780562263555 0.3235389395444014 214
1780562263556 0.3562060048020549 215
1780562263558 0.30613689937662536 216
1780562263560 0.3649037798951439 217
1780562263561 0.32475623154453603 218
1780562263563 0.24841722101868022 219
1780562263565 0.3079377247109411 220
1780562263567 0.3366767440577214 221
1780562263568 0.23489488810424483 222
1780562263570 0.37420532107739557 223
1780562263572 0.5035457722854157 224
1780562263573 0.349427989527368 225
1780562263575 0.36942584395473227 226
1780562263577 0.22716184048583637 227
1780562263578 0.3863100327607548 228
1780562263580 0.3638698637578955 229
1780562263582 0.3404897869966298 230
1780562263583 0.3258862250166598 231
1780562263585 0.2662021088315344 232
1780562263587 0.32855639207780196 233
1780562263589 0.3060423674953407 234
1780562263590 0.31966282437195237 235
1780562263592 0.2718461269004747 236
1780562263594 0.37750893872279934 237
1780562263596 0.3707337590079767 238
1780562263598 0.32863286605317543 239
1780562263600 0.35339036765271786 240
1780562263601 0.4184258741564183 241
1780562263603 0.3694446672739925 242
1780562263605 0.36089387994535993 243
1780562263606 0.3639192529550586 244
1780562263608 0.2785272561476734 245
1780562263610 0.3725258055656302 246
1780562263611 0.34115997853067287 247
1780562263613 0.3225858982476506 248
1780562263615 0.31408720026711034 249
1780562263617 0.32010562870870884 250
1780562263618 0.35667604700264505 251
1780562263620 0.3046455044644098 252
1780562263622 0.2901719701915273 253
1780562263623 0.29459925410193044 254
1780562263625 0.4176334934412497 255
1780562263627 0.30899291367568826 256
1780562263629 0.29396735199211976 257
1780562263630 0.40322982357557924 258
1780562263632 0.32416540201072486 259
1780562263634 0.33868772726784896 260
1780562263635 0.38860118726985193 261
1780562263637 0.32907473861821684 262
1780562263639 0.17715148118373927 263
1780562263640 0.4179476259020623 264
1780562263642 0.3732709674686627 265
1780562263644 0.3768388355824766 266
1780562263646 0.2903845272103453 267
1780562263647 0.33485971662015224 268
1780562263649 0.423935789363947 269
1780562263651 0.3704908121606414 270
1780562263652 0.3060601244832812 271
1780562263654 0.3351138753903019 272
1780562263656 0.4069124925672584 273
1780562263657 0.3770279763149033 274
1780562263659 0.38717830423475585 275
1780562263661 0.373249222284578 276
1780562263663 0.16319457081751634 277
1780562263664 0.38484645622729563 278
1780562263666 0.28585546479664126 279
1780562263668 0.3862587571831212 280
1780562263669 0.40897746609601404 281
1780562263671 0.44349154039920585 282
1780562263673 0.34864101847803913 283
1780562263675 0.42239151541698233 284
1780562263676 0.3831860407087866 285
1780562263678 0.3639447473517814 286
1780562263680 0.3771981656069372 287
1780562263681 0.38762240795422315 288
1780562263683 0.3822739709583972 289
1780562263685 0.34584594191834184 290
1780562263687 0.3083283003386613 291
1780562263688 0.333034120888019 292
1780562263690 0.40537392079245854 293
1780562263692 0.2809492980383391 294
1780562263693 0.3071994243789623 295
1780562263695 0.40759823459819183 296
1780562263697 0.3576341852591853 297
1780562263699 0.4205726470326729 298
