1780106601091 0.0 0
1780106601093 0.16 1
1780106601095 0.31499999999999995 2
1780106601096 0.38 3
1780106601098 0.465 4
1780106601099 0.43499999999999994 5
1780106601101 0.475 6
1780106601103 0.745 7
1780106601104 0.675 8
1780106601106 0.745 9
1780106601107 0.86 10
1780106601109 0.785 11
1780106601111 0.6599999999999999 12
1780106601112 0.8149999999999998 13
1780106601114 0.875 14
1780106601115 0.875 15
1780106601117 0.875 16
1780106601118 0.865 17
1780106601120 0.9049999999999999 18
1780106601122 0.875 19
1780106601123 0.875 20
1780106601125 0.8800000000000001 21
1780106601126 0.915 22
1780106601128 0.925 23
1780106601130 0.925 24
1780106601131 0.645 25
1780106601133 0.915 26
1780106601135 0.8 27
1780106601136 0.845 28
1780106601138 0.845 29
1780106601139 0.825 30
1780106601141 0.915 31
1780106601143 0.885 32
1780106601144 0.41999999999999993 33
1780106601146 0.8550000000000001 34
1780106601147 0.8400000000000001 35
1780106601149 0.8099999999999999 36
1780106601150 0.945 37
1780106601152 0.915 38
1780106601154 0.9299999999999999 39
1780106601155 0.905 40
1780106601157 0.885 41
1780106601158 0.9199999999999999 42
1780106601160 0.885 43
1780106601162 0.775 44
1780106601163 0.865 45
1780106601165 0.61 46
1780106601167 0.86 47
1780106601168 0.8800000000000001 48
1780106601171 0.9199999999999999 49
1780106601172 0.9399999999999998 50
1780106601174 0.9 51
1780106601176 0.8 52
1780106601178 0.8899999999999999 53
1780106601179 0.93 54
1780106601182 0.8699999999999999 55
1780106601184 0.635 56
1780106601185 0.8850000000000001 57
1780106601187 0.8849999999999998 58
1780106601189 0.8149999999999998 59
1780106601190 0.925 60
1780106601192 0.885 61
1780106601193 0.73 62
1780106601195 0.945 63
1780106601197 0.915 64
1780106601198 0.905 65
1780106601200 0.9049999999999999 66
1780106601201 0.9099999999999999 67
1780106601203 0.7150000000000001 68
1780106601204 0.9049999999999999 69
1780106601206 0.95 70
1780106601208 0.9149999999999998 71
1780106601209 0.885 72
1780106601211 0.93 73
1780106601212 0.9199999999999999 74
1780106601214 0.905 75
1780106601215 0.9400000000000001 76
1780106601217 0.805 77
1780106601219 0.915 78
1780106601220 0.9299999999999999 79
1780106601222 0.865 80
1780106601223 0.89 81
1780106601225 0.8800000000000001 82
1780106601227 0.875 83
1780106601228 0.96 84
1780106601230 0.9099999999999999 85
1780106601231 0.8949999999999999 86
1780106601233 0.8450000000000001 87
1780106601235 0.9450000000000001 88
1780106601236 0.9199999999999999 89
1780106601238 0.825 90
1780106601239 0.93 91
1780106601241 0.925 92
1780106601242 0.905 93
1780106601244 0.925 94
1780106601246 0.9199999999999999 95
1780106601247 0.905 96
1780106601249 0.8799999999999999 97
1780106601250 0.9099999999999999 98
1780106601252 0.925 99
1780106601253 0.89 100
1780106601255 0.8700000000000001 101
1780106601257 0.8950000000000001 102
1780106601258 0.8899999999999999 103
1780106601260 0.86 104
1780106601261 0.915 105
1780106601263 0.945 106
1780106601265 0.9099999999999999 107
1780106601266 0.9349999999999999 108
1780106601268 0.9399999999999998 109
1780106601269 0.925 110
1780106601271 0.825 111
1780106601273 0.9299999999999999 112
1780106601274 0.915 113
1780106601276 0.9650000000000001 114
1780106601277 0.97 115
1780106601279 0.76 116
1780106601281 0.95 117
1780106601282 0.9099999999999999 118
1780106601284 0.77 119
1780106601285 0.95 120
1780106601287 0.925 121
1780106601288 0.95 122
1780106601290 0.9149999999999998 123
1780106601292 0.95 124
1780106601293 0.95 125
1780106601295 0.865 126
1780106601296 0.9099999999999999 127
1780106601298 0.9550000000000001 128
1780106601300 0.925 129
1780106601301 0.9049999999999999 130
1780106601303 0.865 131
1780106601304 0.8950000000000001 132
1780106601306 0.7499999999999999 133
1780106601307 0.95 134
1780106601309 0.8300000000000001 135
1780106601311 0.945 136
1780106601312 0.905 137
1780106601314 0.945 138
1780106601315 0.96 139
1780106601317 0.8600000000000001 140
1780106601319 0.9400000000000001 141
1780106601320 0.845 142
1780106601322 0.905 143
1780106601323 0.9450000000000001 144
1780106601325 0.96 145
1780106601326 0.95 146
1780106601328 0.9649999999999999 147
1780106601329 0.8799999999999999 148
1780106601331 0.8100000000000002 149
1780106601333 0.9 150
1780106601334 0.9400000000000001 151
1780106601336 0.95 152
1780106601337 0.95 153
1780106601339 0.8950000000000001 154
1780106601341 0.9450000000000001 155
1780106601342 0.75 156
1780106601344 0.86 157
1780106601345 0.8150000000000001 158
1780106601347 0.9799999999999999 159
1780106601348 0.9800000000000001 160
1780106601350 0.9749999999999999 161
1780106601351 0.945 162
1780106601353 0.9399999999999998 163
1780106601355 0.9400000000000001 164
1780106601356 0.97 165
1780106601358 0.95 166
1780106601359 0.9549999999999998 167
1780106601361 0.9599999999999997 168
1780106601362 0.9700000000000001 169
1780106601364 0.9799999999999999 170
1780106601366 0.9799999999999999 171
1780106601367 0.96 172
1780106601369 0.99 173
1780106601370 0.96 174
1780106601372 0.9550000000000001 175
1780106601373 0.96 176
1780106601375 0.99 177
1780106601377 0.9599999999999997 178
1780106601378 0.97 179
1780106601380 0.9700000000000001 180
1780106601381 0.96 181
1780106601383 0.97 182
1780106601385 0.9550000000000001 183
1780106601386 0.97 184
1780106601388 0.8800000000000001 185
1780106601389 0.96 186
1780106601391 0.96 187
1780106601392 0.945 188
1780106601394 0.9549999999999998 189
1780106601395 0.945 190
1780106601397 0.975 191
1780106601399 0.97 192
1780106601400 0.975 193
1780106601402 0.9349999999999999 194
1780106601403 0.9650000000000001 195
1780106601405 0.9650000000000001 196
1780106601406 0.99 197
1780106601408 0.9650000000000001 198
1780106601409 0.97 199
1780106601411 0.97 200
1780106601413 0.96 201
1780106601414 0.985 202
1780106601416 0.975 203
1780106601417 0.875 204
1780106601419 0.95 205
1780106601420 0.9599999999999997 206
1780106601422 0.96 207
1780106601424 0.9749999999999999 208
1780106601425 0.9799999999999999 209
1780106601427 0.945 210
1780106601428 0.9550000000000001 211
1780106601430 0.9399999999999998 212
1780106601431 0.9549999999999998 213
1780106601433 0.9550000000000001 214
1780106601435 0.9450000000000001 215
1780106601436 0.99 216
1780106601438 0.8649999999999999 217
1780106601439 0.97 218
1780106601441 0.9949999999999999 219
1780106601442 0.975 220
1780106601444 0.8799999999999999 221
1780106601446 0.95 222
1780106601447 0.9649999999999999 223
1780106601449 0.9650000000000001 224
1780106601450 0.9049999999999999 225
1780106601452 0.9799999999999999 226
1780106601453 0.975 227
1780106601455 0.975 228
1780106601456 0.95 229
1780106601458 0.9800000000000001 230
1780106601460 0.95 231
1780106601461 0.9650000000000001 232
1780106601463 0.975 233
1780106601464 0.9299999999999999 234
1780106601466 0.9299999999999999 235
1780106601467 0.89 236
1780106601469 0.97 237
1780106601471 0.9800000000000001 238
1780106601472 0.96 239
1780106601474 0.9749999999999999 240
1780106601475 0.8800000000000001 241
1780106601477 0.9550000000000001 242
1780106601479 0.9800000000000001 243
1780106601480 0.9649999999999999 244
1780106601482 0.985 245
1780106601483 0.985 246
1780106601485 0.95 247
1780106601486 0.945 248
1780106601488 0.9799999999999999 249
1780106601490 0.9650000000000001 250
1780106601491 0.8949999999999999 251
1780106601493 0.9799999999999999 252
1780106601494 0.9649999999999999 253
1780106601496 0.885 254
1780106601497 0.845 255
1780106601499 0.985 256
1780106601501 0.9650000000000001 257
1780106601502 0.975 258
1780106601504 0.97 259
1780106601505 0.95 260
1780106601507 0.9800000000000001 261
1780106601508 0.9200000000000002 262
1780106601510 0.975 263
1780106601511 0.9649999999999999 264
1780106601513 0.97 265
1780106601515 0.9349999999999999 266
1780106601516 0.985 267
1780106601518 0.9650000000000001 268
1780106601519 0.97 269
1780106601521 0.9650000000000001 270
1780106601522 0.9949999999999999 271
1780106601524 0.97 272
1780106601526 0.9199999999999999 273
1780106601527 0.9650000000000001 274
1780106601529 0.9749999999999999 275
1780106601530 0.985 276
1780106601532 0.9799999999999999 277
1780106601533 0.9949999999999999 278
1780106601535 0.9650000000000001 279
1780106601537 0.9800000000000001 280
1780106601538 0.985 281
1780106601540 0.9800000000000001 282
1780106601541 0.95 283
1780106601543 0.9599999999999997 284
1780106601544 0.97 285
1780106601546 0.985 286
1780106601547 0.9649999999999999 287
1780106601549 0.95 288
1780106601551 0.9649999999999999 289
1780106601552 0.9550000000000001 290
1780106601554 0.9399999999999998 291
1780106601555 0.875 292
1780106601557 0.9649999999999999 293
1780106601558 0.8699999999999999 294
1780106601561 0.9550000000000001 295
1780106601562 0.9650000000000001 296
1780106601564 0.97 297
1780106601565 0.9700000000000001 298
1780106601567 0.9650000000000001 299
1780106601569 0.9149999999999998 300
1780106601570 0.9400000000000001 301
1780106601572 0.9099999999999999 302
1780106601573 0.9749999999999999 303
1780106601575 0.9799999999999999 304
1780106601576 0.975 305
1780106601578 0.985 306
1780106601580 0.985 307
1780106601581 0.9799999999999999 308
1780106601583 0.975 309
1780106601584 0.9550000000000001 310
1780106601586 0.945 311
1780106601587 0.9800000000000001 312
1780106601589 0.9749999999999999 313
