1780718888553 0.0 0
1780718888565 0.11000000000000001 1
1780718888574 0.29500000000000004 2
1780718888584 0.38499999999999995 3
1780718888594 0.485 4
1780718888603 0.655 5
1780718888614 0.5900000000000001 6
1780718888623 0.7100000000000001 7
1780718888632 0.7600000000000001 8
1780718888641 0.7899999999999999 9
1780718888651 0.7750000000000001 10
1780718888660 0.8300000000000001 11
1780718888669 0.7499999999999999 12
1780718888679 0.825 13
1780718888687 0.8550000000000001 14
1780718888708 0.825 15
1780718888718 0.8150000000000001 16
1780718888728 0.805 17
1780718888736 0.73 18
1780718888746 0.7499999999999999 19
1780718888755 0.73 20
1780718888764 0.755 21
1780718888775 0.725 22
1780718888786 0.8 23
1780718888795 0.77 24
1780718888805 0.76 25
1780718888815 0.74 26
1780718888823 0.795 27
1780718888833 0.6950000000000001 28
1780718888843 0.75 29
1780718888862 0.7649999999999999 30
1780718888872 0.7550000000000001 31
1780718888881 0.7350000000000001 32
1780718888891 0.745 33
1780718888900 0.7550000000000001 34
1780718888908 0.7 35
1780718888918 0.715 36
1780718888928 0.8099999999999999 37
1780718888938 0.7699999999999999 38
1780718888947 0.7750000000000001 39
1780718888955 0.7350000000000001 40
1780718888965 0.7300000000000001 41
1780718888975 0.79 42
1780718888985 0.78 43
1780718888995 0.7 44
1780718889015 0.7150000000000001 45
1780718889025 0.7949999999999999 46
1780718889035 0.7500000000000001 47
1780718889045 0.79 48
1780718889055 0.77 49
1780718889065 0.7550000000000001 50
1780718889075 0.7299999999999999 51
1780718889085 0.715 52
1780718889098 0.79 53
1780718889108 0.75 54
1780718889117 0.6599999999999999 55
1780718889127 0.685 56
1780718889136 0.7299999999999999 57
1780718889145 0.8 58
1780718889154 0.755 59
1780718889174 0.745 60
1780718889184 0.6699999999999999 61
1780718889192 0.75 62
1780718889203 0.6849999999999999 63
1780718889212 0.6950000000000001 64
1780718889219 0.7350000000000001 65
1780718889229 0.74 66
1780718889238 0.77 67
1780718889247 0.72 68
1780718889256 0.755 69
1780718889266 0.75 70
1780718889278 0.74 71
1780718889288 0.715 72
1780718889298 0.7350000000000001 73
1780718889308 0.7150000000000001 74
1780718889327 0.73 75
1780718889337 0.76 76
1780718889346 0.765 77
1780718889356 0.7350000000000001 78
1780718889365 0.7649999999999999 79
1780718889373 0.735 80
1780718889384 0.755 81
1780718889394 0.72 82
1780718889405 0.7300000000000001 83
1780718889415 0.74 84
1780718889424 0.7300000000000001 85
1780718889434 0.72 86
1780718889443 0.72 87
1780718889452 0.7150000000000001 88
1780718889460 0.7649999999999999 89
1780718889480 0.6749999999999999 90
1780718889490 0.7699999999999999 91
1780718889498 0.79 92
1780718889507 0.735 93
1780718889517 0.745 94
1780718889526 0.785 95
1780718889535 0.7449999999999999 96
1780718889546 0.6950000000000001 97
1780718889555 0.755 98
1780718889564 0.74 99
1780718889575 0.7500000000000001 100
1780718889585 0.69 101
1780718889592 0.7350000000000001 102
1780718889601 0.7350000000000001 103
1780718889611 0.7449999999999999 104
1780718889632 0.7649999999999999 105
1780718889641 0.7499999999999999 106
1780718889649 0.7899999999999999 107
1780718889661 0.7550000000000001 108
1780718889671 0.805 109
1780718889682 0.7100000000000001 110
1780718889692 0.7799999999999999 111
1780718889703 0.72 112
1780718889712 0.8099999999999999 113
1780718889720 0.735 114
1780718889729 0.77 115
1780718889739 0.7750000000000001 116
1780718889749 0.7350000000000001 117
1780718889783 0.705 118
1780718889796 0.7150000000000001 119
1780718889812 0.775 120
1780718889826 0.795 121
1780718889842 0.725 122
1780718889856 0.7 123
1780718889871 0.7449999999999999 124
1780718889886 0.7999999999999999 125
1780718889915 0.7350000000000001 126
1780718889927 0.745 127
1780718889942 0.7100000000000001 128
1780718889955 0.6950000000000001 129
1780718889969 0.72 130
1780718889983 0.7699999999999999 131
1780718889996 0.705 132
1780718890010 0.74 133
1780718890034 0.7300000000000001 134
1780718890047 0.725 135
1780718890062 0.7599999999999999 136
1780718890074 0.795 137
1780718890087 0.765 138
1780718890103 0.76 139
1780718890117 0.7449999999999999 140
1780718890132 0.675 141
1780718890160 0.75 142
1780718890175 0.75 143
1780718890189 0.7499999999999999 144
1780718890204 0.705 145
1780718890218 0.77 146
1780718890231 0.725 147
1780718890243 0.785 148
1780718890269 0.74 149
1780718890284 0.7150000000000001 150
1780718890299 0.76 151
1780718890311 0.745 152
1780718890324 0.8200000000000001 153
1780718890338 0.76 154
1780718890351 0.68 155
1780718890365 0.745 156
1780718890393 0.6599999999999999 157
1780718890408 0.78 158
1780718890422 0.6849999999999999 159
1780718890436 0.6900000000000001 160
1780718890450 0.725 161
1780718890462 0.5700000000000001 162
1780718890475 0.655 163
1780718890501 0.62 164
1780718890514 0.5549999999999999 165
1780718890527 0.5549999999999999 166
1780718890541 0.57 167
1780718890554 0.755 168
1780718890568 0.745 169
1780718890581 0.7649999999999999 170
1780718890593 0.77 171
1780718890619 0.74 172
1780718890633 0.89 173
1780718890648 0.835 174
1780718890661 0.825 175
1780718890673 0.875 176
1780718890686 0.86 177
1780718890700 0.845 178
1780718890712 0.86 179
1780718890738 0.8549999999999999 180
1780718890753 0.8799999999999999 181
1780718890768 0.89 182
1780718890782 0.85 183
1780718890798 0.8799999999999999 184
1780718890813 0.905 185
1780718890829 0.9100000000000001 186
1780718890853 0.8949999999999999 187
1780718890868 0.915 188
1780718890883 0.8700000000000001 189
1780718890899 0.8699999999999999 190
1780718890912 0.865 191
1780718890926 0.905 192
1780718890940 0.9199999999999999 193
1780718890953 0.8800000000000001 194
1780718890980 0.89 195
1780718890995 0.875 196
1780718891008 0.905 197
1780718891020 0.915 198
1780718891032 0.89 199
1780718891047 0.9 200
1780718891060 0.8949999999999999 201
1780718891073 0.925 202
1780718891095 0.89 203
1780718891110 0.925 204
1780718891126 0.89 205
1780718891140 0.8950000000000001 206
1780718891153 0.875 207
1780718891168 0.89 208
1780718891180 0.8950000000000001 209
1780718891209 0.8400000000000001 210
1780718891224 0.8850000000000001 211
1780718891239 0.8800000000000001 212
1780718891253 0.8700000000000001 213
1780718891266 0.875 214
1780718891279 0.885 215
1780718891290 0.8899999999999999 216
1780718891302 0.8799999999999999 217
1780718891327 0.875 218
1780718891337 0.9 219
1780718891348 0.8899999999999999 220
1780718891362 0.8949999999999999 221
1780718891375 0.915 222
1780718891387 0.8800000000000001 223
1780718891398 0.8799999999999999 224
1780718891409 0.8800000000000001 225
1780718891435 0.9049999999999999 226
1780718891447 0.885 227
1780718891462 0.8800000000000001 228
1780718891476 0.8950000000000001 229
1780718891489 0.89 230
1780718891501 0.9099999999999999 231
1780718891512 0.9 232
1780718891538 0.865 233
1780718891552 0.89 234
1780718891566 0.8700000000000001 235
1780718891580 0.875 236
1780718891594 0.925 237
1780718891609 0.8949999999999999 238
1780718891623 0.9 239
1780718891638 0.9 240
1780718891667 0.905 241
1780718891683 0.9199999999999999 242
1780718891697 0.9149999999999998 243
1780718891712 0.89 244
1780718891726 0.875 245
1780718891740 0.9 246
1780718891755 0.8800000000000001 247
1780718891782 0.905 248
1780718891797 0.89 249
1780718891811 0.9 250
1780718891825 0.89 251
1780718891840 0.8699999999999999 252
1780718891854 0.89 253
1780718891869 0.86 254
1780718891883 0.85 255
1780718891909 0.8699999999999999 256
1780718891922 0.885 257
1780718891935 0.925 258
1780718891948 0.915 259
1780718891961 0.8550000000000001 260
1780718891976 0.885 261
1780718891988 0.8949999999999999 262
1780718892015 0.9099999999999999 263
1780718892028 0.8649999999999999 264
1780718892042 0.885 265
1780718892054 0.875 266
1780718892068 0.9400000000000001 267
1780718892081 0.89 268
1780718892094 0.9200000000000002 269
1780718892108 0.9 270
1780718892138 0.885 271
1780718892154 0.9099999999999999 272
1780718892167 0.9 273
1780718892182 0.89 274
1780718892198 0.8450000000000001 275
1780718892214 0.9049999999999999 276
1780718892228 0.89 277
1780718892246 0.9299999999999999 278
1780718892269 0.9149999999999998 279
1780718892282 0.9149999999999998 280
1780718892296 0.9199999999999999 281
1780718892312 0.9099999999999999 282
1780718892326 0.8549999999999999 283
1780718892340 0.8699999999999999 284
1780718892355 0.875 285
1780718892369 0.9099999999999999 286
1780718892395 0.8949999999999999 287
1780718892410 0.8800000000000001 288
1780718892424 0.885 289
1780718892435 0.9049999999999999 290
1780718892448 0.86 291
1780718892462 0.8800000000000001 292
1780718892477 0.885 293
1780718892507 0.9200000000000002 294
1780718892522 0.9299999999999999 295
1780718892537 0.915 296
1780718892553 0.905 297
1780718892566 0.9099999999999999 298
1780718892581 0.9400000000000001 299
1780718892594 0.8550000000000001 300
1780718892610 0.9049999999999999 301
1780718892641 0.915 302
1780718892655 0.905 303
1780718892668 0.8799999999999999 304
1780718892682 0.9399999999999998 305
1780718892698 0.8950000000000001 306
1780718892713 0.875 307
1780718892727 0.89 308
1780718892741 0.8550000000000001 309
1780718892765 0.89 310
1780718892780 0.9100000000000001 311
1780718892795 0.9099999999999999 312
1780718892810 0.93 313
