1780114035496 0.0 0
1780114035499 0.9038888888888839 1
1780114035500 0.9227777777777728 2
1780114035502 0.9299999999999949 3
1780114035504 0.9483333333333279 4
1780114035506 0.9549999999999947 5
1780114035507 0.9599999999999949 6
1780114035509 0.9605555555555503 7
1780114035511 0.957222222222217 8
1780114035512 0.9599999999999946 9
1780114035514 0.9761111111111056 10
1780114035516 0.9711111111111057 11
1780114035517 0.9799999999999944 12
1780114035519 0.9755555555555502 13
1780114035521 0.9777777777777722 14
1780114035523 0.9899999999999943 15
1780114035524 0.9872222222222167 16
1780114035526 0.9772222222222167 17
1780114035528 0.9827777777777722 18
1780114035529 0.9816666666666611 19
1780114035531 0.9872222222222167 20
1780114035533 0.9872222222222167 21
1780114035534 0.986666666666661 22
1780114035536 0.9838888888888834 23
1780114035538 0.9883333333333277 24
1780114035539 0.9727777777777724 25
1780114035541 0.9855555555555501 26
1780114035543 0.9911111111111056 27
1780114035544 0.9866666666666613 28
1780114035546 0.9899999999999946 29
1780114035548 0.9822222222222168 30
1780114035549 0.978333333333328 31
1780114035551 0.9766666666666612 32
1780114035553 0.9899999999999946 33
1780114035554 0.9627777777777723 34
1780114035556 0.9894444444444389 35
1780114035558 0.9749999999999946 36
1780114035559 0.9894444444444389 37
1780114035561 0.9766666666666612 38
1780114035563 0.9783333333333278 39
1780114035565 0.9966666666666611 40
1780114035566 0.9849999999999947 41
1780114035568 0.9872222222222167 42
1780114035570 0.9849999999999944 43
1780114035571 0.9916666666666611 44
1780114035573 0.9899999999999946 45
1780114035575 0.9888888888888833 46
1780114035576 0.9672222222222168 47
1780114035578 0.9916666666666611 48
1780114035580 0.9849999999999944 49
1780114035581 0.99055555555555 50
1780114035583 0.9911111111111056 51
1780114035585 0.9916666666666611 52
1780114035586 0.9877777777777721 53
1780114035588 0.9772222222222167 54
1780114035590 0.9916666666666611 55
1780114035592 0.9838888888888834 56
1780114035593 0.9916666666666611 57
1780114035595 0.9922222222222166 58
1780114035597 0.99055555555555 59
1780114035598 0.9838888888888834 60
1780114035600 0.9916666666666611 61
1780114035602 0.9788888888888833 62
1780114035603 0.9916666666666611 63
1780114035605 0.9844444444444388 64
1780114035607 0.984444444444439 65
1780114035609 0.9938888888888833 66
1780114035610 0.9744444444444389 67
1780114035612 0.9749999999999945 68
1780114035614 0.9877777777777723 69
1780114035615 0.986666666666661 70
1780114035617 0.9838888888888834 71
1780114035619 0.9922222222222168 72
1780114035620 0.9911111111111055 73
1780114035622 0.98555555555555 74
1780114035624 0.986666666666661 75
1780114035626 0.9944444444444389 76
1780114035627 0.9938888888888833 77
1780114035629 0.9711111111111057 78
1780114035631 0.9916666666666611 79
1780114035632 0.9877777777777721 80
1780114035634 0.9877777777777721 81
1780114035636 0.9927777777777722 82
1780114035638 0.9938888888888833 83
1780114035639 0.958333333333328 84
1780114035641 0.9922222222222168 85
1780114035643 0.9811111111111057 86
1780114035644 0.99055555555555 87
1780114035646 0.9888888888888833 88
1780114035648 0.9938888888888833 89
1780114035650 0.9927777777777722 90
1780114035651 0.9911111111111056 91
1780114035653 0.9855555555555501 92
1780114035655 0.9855555555555501 93
1780114035657 0.974444444444439 94
1780114035658 0.9883333333333277 95
1780114035660 0.9861111111111056 96
1780114035662 0.9872222222222167 97
1780114035664 0.9916666666666611 98
1780114035665 0.9922222222222166 99
1780114035667 0.9933333333333276 100
1780114035669 0.9911111111111056 101
1780114035670 0.9927777777777722 102
1780114035672 0.9938888888888833 103
1780114035674 0.9916666666666611 104
1780114035676 0.9705555555555503 105
1780114035677 0.9877777777777723 106
1780114035679 0.9899999999999946 107
1780114035681 0.9899999999999943 108
1780114035683 0.9938888888888833 109
1780114035685 0.9899999999999946 110
1780114035687 0.9861111111111056 111
1780114035688 0.99055555555555 112
1780114035690 0.9894444444444389 113
1780114035692 0.9799999999999945 114
1780114035693 0.9927777777777722 115
1780114035695 0.9961111111111055 116
1780114035697 0.9938888888888833 117
1780114035698 0.9922222222222166 118
1780114035700 0.9877777777777723 119
1780114035702 0.9922222222222168 120
1780114035703 0.9933333333333279 121
1780114035705 0.9927777777777722 122
1780114035707 0.99055555555555 123
1780114035708 0.9944444444444389 124
1780114035710 0.9933333333333279 125
1780114035712 0.9949999999999944 126
1780114035714 0.9788888888888835 127
1780114035715 0.9922222222222166 128
1780114035717 0.9922222222222168 129
1780114035719 0.9933333333333276 130
1780114035720 0.9938888888888833 131
1780114035722 0.9949999999999944 132
1780114035724 0.9883333333333277 133
1780114035725 0.9966666666666611 134
1780114035727 0.9933333333333279 135
1780114035729 0.9822222222222168 136
1780114035730 0.9922222222222166 137
1780114035732 0.9916666666666611 138
1780114035734 0.9872222222222167 139
1780114035735 0.9805555555555502 140
1780114035737 0.9916666666666611 141
1780114035739 0.9899999999999943 142
1780114035740 0.99055555555555 143
1780114035742 0.99055555555555 144
1780114035744 0.9866666666666613 145
1780114035745 0.9749999999999946 146
1780114035747 0.9961111111111055 147
1780114035749 0.9922222222222166 148
1780114035750 0.9944444444444388 149
1780114035752 0.986666666666661 150
1780114035754 0.9933333333333276 151
1780114035755 0.9961111111111055 152
1780114035757 0.9949999999999944 153
1780114035759 0.9861111111111056 154
1780114035761 0.9949999999999944 155
1780114035762 0.9966666666666611 156
1780114035764 0.9911111111111056 157
1780114035766 0.9972222222222167 158
1780114035767 0.9972222222222167 159
1780114035769 0.9966666666666611 160
1780114035771 0.9949999999999944 161
1780114035772 0.9972222222222167 162
1780114035774 0.9944444444444389 163
1780114035776 0.9933333333333279 164
1780114035778 0.9949999999999944 165
1780114035779 0.9933333333333276 166
1780114035781 0.9944444444444389 167
1780114035783 0.996666666666661 168
1780114035784 0.9966666666666611 169
1780114035786 0.9977777777777723 170
1780114035788 0.9927777777777722 171
1780114035789 0.9927777777777722 172
1780114035791 0.9977777777777723 173
1780114035793 0.9949999999999944 174
1780114035794 0.9949999999999944 175
1780114035796 0.9955555555555501 176
1780114035798 0.9955555555555501 177
1780114035799 0.9888888888888834 178
1780114035801 0.9927777777777722 179
1780114035803 0.9983333333333277 180
1780114035804 0.9977777777777723 181
1780114035806 0.9961111111111055 182
1780114035808 0.9888888888888834 183
1780114035810 0.9972222222222167 184
1780114035811 0.9966666666666611 185
1780114035813 0.9977777777777723 186
1780114035815 0.9949999999999944 187
1780114035816 0.9961111111111055 188
1780114035818 0.9961111111111055 189
1780114035820 0.9949999999999944 190
1780114035821 0.9977777777777723 191
1780114035823 0.9983333333333277 192
1780114035825 0.9938888888888833 193
1780114035826 0.99055555555555 194
1780114035828 0.9899999999999943 195
1780114035830 0.9955555555555501 196
1780114035831 0.9955555555555501 197
1780114035833 0.9872222222222167 198
1780114035835 0.9972222222222167 199
1780114035837 0.9927777777777722 200
1780114035838 0.996666666666661 201
1780114035840 0.9972222222222167 202
1780114035842 0.9949999999999944 203
1780114035843 0.9955555555555501 204
1780114035845 0.9949999999999944 205
1780114035847 0.9988888888888834 206
1780114035848 0.9972222222222167 207
1780114035850 0.9983333333333277 208
1780114035852 0.9961111111111055 209
1780114035853 0.9944444444444389 210
1780114035855 0.9994444444444388 211
1780114035857 0.9983333333333277 212
1780114035858 0.9949999999999944 213
1780114035860 0.9855555555555501 214
1780114035862 0.9944444444444389 215
1780114035864 0.9927777777777722 216
1780114035865 0.9955555555555499 217
1780114035867 0.9983333333333277 218
1780114035869 0.9916666666666611 219
1780114035870 0.9961111111111055 220
1780114035872 0.9972222222222167 221
1780114035874 0.9916666666666611 222
1780114035875 0.9944444444444389 223
1780114035877 0.9944444444444389 224
1780114035879 0.9938888888888833 225
1780114035880 0.9922222222222166 226
1780114035882 0.9977777777777723 227
1780114035884 0.9966666666666611 228
1780114035885 0.9955555555555501 229
1780114035887 0.9955555555555499 230
1780114035889 0.9966666666666611 231
1780114035891 0.9949999999999944 232
1780114035892 0.9949999999999944 233
1780114035894 0.9983333333333277 234
1780114035896 0.9961111111111055 235
1780114035897 0.9949999999999944 236
1780114035899 0.9933333333333279 237
1780114035901 0.9933333333333276 238
1780114035902 0.9899999999999946 239
1780114035904 0.9972222222222167 240
1780114035906 0.9938888888888833 241
1780114035908 0.9972222222222167 242
1780114035910 0.9955555555555499 243
1780114035911 0.99055555555555 244
1780114035913 0.9977777777777723 245
1780114035915 0.9933333333333279 246
1780114035916 0.9899999999999946 247
1780114035918 0.9977777777777721 248
1780114035920 0.9977777777777721 249
1780114035921 0.9955555555555501 250
1780114035923 0.9955555555555501 251
1780114035925 0.9961111111111055 252
1780114035926 0.9955555555555501 253
1780114035928 0.984444444444439 254
1780114035930 0.9961111111111055 255
1780114035931 0.9966666666666611 256
1780114035933 0.9938888888888833 257
1780114035935 0.9955555555555501 258
1780114035937 0.9944444444444389 259
1780114035938 0.9927777777777722 260
1780114035940 0.9649999999999948 261
1780114035942 0.9938888888888833 262
1780114035944 0.9938888888888833 263
1780114035946 0.99055555555555 264
1780114035947 0.9911111111111056 265
1780114035949 0.9961111111111055 266
1780114035951 0.9955555555555501 267
1780114035953 0.9938888888888833 268
1780114035954 0.9927777777777722 269
1780114035956 0.9961111111111055 270
1780114035958 0.9922222222222166 271
1780114035959 0.9944444444444388 272
1780114035961 0.9961111111111055 273
1780114035963 0.9972222222222167 274
1780114035964 0.9983333333333277 275
1780114035966 0.9977777777777723 276
1780114035968 0.996666666666661 277
1780114035969 0.9961111111111055 278
1780114035971 0.9938888888888833 279
1780114035973 0.9944444444444389 280
1780114035974 0.9983333333333277 281
1780114035976 0.9961111111111055 282
1780114035978 0.9972222222222167 283
1780114035979 0.9966666666666611 284
1780114035981 0.9955555555555501 285
1780114035983 0.9977777777777721 286
1780114035985 0.9961111111111055 287
1780114035986 0.9749999999999946 288
1780114035988 0.9955555555555499 289
1780114035990 0.9955555555555501 290
1780114035991 0.9977777777777723 291
1780114035993 0.9933333333333279 292
1780114035995 0.9955555555555501 293
1780114035996 0.9955555555555499 294
1780114035998 0.9938888888888833 295
1780114036000 0.9977777777777723 296
1780114036002 0.9938888888888833 297
1780114036003 0.9955555555555501 298
1780114036005 0.9966666666666611 299
1780114036007 0.9972222222222167 300
1780114036009 0.9977777777777723 301
1780114036010 0.996666666666661 302
1780114036012 0.9961111111111055 303
1780114036014 0.9961111111111055 304
1780114036015 0.9949999999999944 305
1780114036017 0.9866666666666613 306
1780114036019 0.9977777777777723 307
1780114036020 0.9949999999999944 308
1780114036022 0.9972222222222167 309
1780114036024 0.9961111111111055 310
1780114036026 0.9916666666666611 311
1780114036027 0.9961111111111055 312
1780114036029 0.9949999999999944 313
