1780547666042 0.0 0
1780547666045 0.08 1
1780547666047 0.09 2
1780547666049 0.15 3
1780547666051 0.155 4
1780547666052 0.14 5
1780547666054 0.1 6
1780547666056 0.17 7
1780547666058 0.25 8
1780547666059 0.245 9
1780547666061 0.21 10
1780547666063 0.255 11
1780547666065 0.2 12
1780547666066 0.21 13
1780547666068 0.255 14
1780547666070 0.165 15
1780547666071 0.19 16
1780547666073 0.25 17
1780547666075 0.265 18
1780547666077 0.23 19
1780547666078 0.25 20
1780547666080 0.11 21
1780547666082 0.185 22
1780547666083 0.18 23
1780547666085 0.225 24
1780547666087 0.27 25
1780547666088 0.2 26
1780547666090 0.225 27
1780547666092 0.31 28
1780547666093 0.21 29
1780547666095 0.23 30
1780547666097 0.275 31
1780547666098 0.23 32
1780547666100 0.19 33
1780547666102 0.3 34
1780547666103 0.22 35
1780547666105 0.275 36
1780547666107 0.305 37
1780547666109 0.235 38
1780547666110 0.33 39
1780547666112 0.23 40
1780547666114 0.235 41
1780547666115 0.315 42
1780547666117 0.265 43
1780547666119 0.345 44
1780547666120 0.285 45
1780547666122 0.175 46
1780547666124 0.215 47
1780547666125 0.27 48
1780547666127 0.28 49
1780547666128 0.2 50
1780547666130 0.245 51
1780547666132 0.225 52
1780547666133 0.32 53
1780547666135 0.23 54
1780547666137 0.27 55
1780547666138 0.345 56
1780547666140 0.29 57
1780547666142 0.275 58
1780547666143 0.275 59
1780547666145 0.28 60
1780547666147 0.285 61
1780547666148 0.275 62
1780547666150 0.29 63
1780547666152 0.235 64
1780547666153 0.275 65
1780547666155 0.28 66
1780547666157 0.245 67
1780547666158 0.285 68
1780547666160 0.21 69
1780547666162 0.305 70
1780547666163 0.245 71
1780547666165 0.365 72
1780547666167 0.27 73
1780547666168 0.335 74
1780547666170 0.305 75
1780547666171 0.375 76
1780547666173 0.32 77
1780547666175 0.36 78
1780547666177 0.32 79
1780547666178 0.345 80
1780547666180 0.29 81
1780547666182 0.24 82
1780547666183 0.345 83
1780547666185 0.315 84
1780547666187 0.225 85
1780547666188 0.325 86
1780547666190 0.2 87
1780547666192 0.195 88
1780547666193 0.285 89
1780547666195 0.32 90
1780547666197 0.3 91
1780547666198 0.35 92
1780547666200 0.295 93
1780547666202 0.295 94
1780547666203 0.31 95
1780547666205 0.36 96
1780547666206 0.315 97
1780547666208 0.24 98
1780547666210 0.345 99
1780547666211 0.21 100
1780547666213 0.285 101
1780547666215 0.315 102
1780547666216 0.285 103
1780547666218 0.185 104
1780547666220 0.32 105
1780547666221 0.295 106
1780547666223 0.3 107
1780547666225 0.345 108
1780547666226 0.35 109
1780547666228 0.305 110
1780547666230 0.27 111
1780547666231 0.36 112
1780547666233 0.31 113
1780547666234 0.305 114
1780547666236 0.27 115
1780547666238 0.29 116
1780547666240 0.295 117
1780547666241 0.3 118
1780547666243 0.285 119
1780547666244 0.3 120
1780547666246 0.29 121
1780547666248 0.265 122
1780547666249 0.33 123
1780547666251 0.325 124
1780547666253 0.29 125
1780547666254 0.315 126
1780547666256 0.24 127
1780547666257 0.33 128
1780547666259 0.18 129
1780547666261 0.35 130
1780547666262 0.325 131
1780547666264 0.33 132
1780547666266 0.335 133
1780547666267 0.34 134
1780547666269 0.36 135
1780547666271 0.325 136
1780547666272 0.29 137
1780547666274 0.3 138
1780547666276 0.3 139
1780547666277 0.295 140
1780547666279 0.265 141
1780547666280 0.35 142
1780547666282 0.28 143
1780547666284 0.335 144
1780547666285 0.29 145
1780547666287 0.35 146
1780547666289 0.33 147
1780547666290 0.315 148
1780547666292 0.385 149
1780547666294 0.36 150
1780547666295 0.35 151
1780547666297 0.41 152
1780547666298 0.35 153
1780547666300 0.295 154
1780547666302 0.365 155
1780547666303 0.28 156
1780547666305 0.34 157
1780547666307 0.36 158
1780547666308 0.275 159
1780547666310 0.275 160
1780547666312 0.355 161
1780547666313 0.335 162
1780547666315 0.3 163
1780547666316 0.29 164
1780547666318 0.335 165
1780547666320 0.355 166
1780547666321 0.41 167
1780547666323 0.33 168
1780547666325 0.37 169
1780547666326 0.27 170
1780547666328 0.315 171
1780547666330 0.39 172
1780547666331 0.335 173
1780547666333 0.315 174
1780547666334 0.34 175
1780547666336 0.38 176
1780547666338 0.35 177
1780547666340 0.335 178
1780547666341 0.38 179
1780547666343 0.285 180
1780547666344 0.375 181
1780547666346 0.325 182
1780547666348 0.305 183
1780547666349 0.345 184
1780547666351 0.32 185
1780547666353 0.39 186
1780547666354 0.31 187
1780547666356 0.33 188
1780547666358 0.39 189
1780547666359 0.315 190
1780547666361 0.365 191
1780547666363 0.325 192
1780547666364 0.365 193
1780547666366 0.405 194
1780547666367 0.28 195
1780547666369 0.3 196
1780547666371 0.285 197
1780547666372 0.32 198
1780547666374 0.37 199
1780547666376 0.375 200
1780547666377 0.39 201
1780547666379 0.345 202
1780547666381 0.385 203
1780547666382 0.385 204
1780547666384 0.395 205
1780547666385 0.36 206
1780547666387 0.3 207
1780547666389 0.415 208
1780547666390 0.405 209
1780547666392 0.345 210
1780547666394 0.395 211
1780547666395 0.36 212
1780547666397 0.42 213
1780547666398 0.295 214
1780547666400 0.36 215
1780547666402 0.335 216
1780547666403 0.285 217
1780547666405 0.345 218
1780547666407 0.375 219
1780547666408 0.35 220
1780547666410 0.375 221
1780547666411 0.39 222
1780547666413 0.35 223
1780547666415 0.31 224
1780547666416 0.38 225
1780547666418 0.345 226
1780547666420 0.355 227
1780547666421 0.32 228
1780547666423 0.31 229
1780547666425 0.41 230
1780547666426 0.24 231
1780547666428 0.36 232
1780547666429 0.35 233
1780547666431 0.415 234
1780547666433 0.38 235
1780547666434 0.35 236
1780547666436 0.37 237
1780547666438 0.405 238
1780547666439 0.35 239
1780547666441 0.34 240
1780547666443 0.425 241
1780547666444 0.44 242
1780547666446 0.39 243
1780547666447 0.36 244
1780547666449 0.35 245
1780547666451 0.415 246
1780547666452 0.375 247
1780547666454 0.4 248
1780547666456 0.32 249
1780547666457 0.385 250
1780547666459 0.355 251
1780547666461 0.335 252
1780547666462 0.39 253
1780547666464 0.33 254
1780547666465 0.355 255
1780547666467 0.345 256
1780547666469 0.39 257
1780547666470 0.35 258
1780547666472 0.23 259
1780547666474 0.39 260
1780547666475 0.42 261
1780547666477 0.395 262
1780547666479 0.35 263
1780547666480 0.37 264
1780547666482 0.355 265
1780547666483 0.27 266
1780547666485 0.3 267
1780547666487 0.44 268
1780547666488 0.31 269
1780547666490 0.41 270
1780547666492 0.38 271
1780547666493 0.39 272
1780547666495 0.375 273
1780547666497 0.385 274
1780547666498 0.38 275
1780547666500 0.345 276
1780547666501 0.365 277
1780547666503 0.355 278
1780547666505 0.27 279
1780547666506 0.46 280
1780547666508 0.415 281
1780547666510 0.305 282
1780547666511 0.285 283
1780547666513 0.4 284
1780547666514 0.28 285
1780547666516 0.415 286
1780547666518 0.405 287
1780547666519 0.39 288
1780547666521 0.295 289
1780547666523 0.31 290
1780547666524 0.415 291
1780547666526 0.395 292
1780547666528 0.39 293
1780547666529 0.305 294
1780547666531 0.365 295
1780547666532 0.45 296
1780547666534 0.31 297
1780547666536 0.32 298
