1780547666546 0.0 0
1780547666548 0.08 1
1780547666549 0.09000000000000001 2
1780547666551 0.14999999999999997 3
1780547666553 0.155 4
1780547666554 0.13999999999999999 5
1780547666556 0.1 6
1780547666558 0.16999999999999998 7
1780547666559 0.25 8
1780547666561 0.24499999999999994 9
1780547666563 0.21000000000000002 10
1780547666564 0.255 11
1780547666566 0.2 12
1780547666568 0.21000000000000002 13
1780547666569 0.255 14
1780547666571 0.165 15
1780547666572 0.19 16
1780547666574 0.25 17
1780547666576 0.265 18
1780547666577 0.22999999999999998 19
1780547666579 0.25 20
1780547666581 0.11000000000000001 21
1780547666582 0.185 22
1780547666584 0.18 23
1780547666586 0.225 24
1780547666587 0.27 25
1780547666589 0.2 26
1780547666591 0.225 27
1780547666592 0.31000000000000005 28
1780547666594 0.20999999999999996 29
1780547666596 0.23000000000000004 30
1780547666597 0.275 31
1780547666599 0.23000000000000004 32
1780547666600 0.19 33
1780547666602 0.3 34
1780547666604 0.22000000000000003 35
1780547666605 0.275 36
1780547666607 0.305 37
1780547666609 0.23499999999999996 38
1780547666610 0.33 39
1780547666612 0.22999999999999998 40
1780547666614 0.23500000000000001 41
1780547666615 0.315 42
1780547666617 0.26499999999999996 43
1780547666619 0.34500000000000003 44
1780547666621 0.28500000000000003 45
1780547666622 0.17500000000000002 46
1780547666624 0.21500000000000002 47
1780547666626 0.26999999999999996 48
1780547666627 0.27999999999999997 49
1780547666629 0.2 50
1780547666630 0.24499999999999997 51
1780547666632 0.225 52
1780547666634 0.32 53
1780547666635 0.22999999999999998 54
1780547666637 0.27 55
1780547666639 0.34500000000000003 56
1780547666640 0.29 57
1780547666642 0.275 58
1780547666644 0.275 59
1780547666645 0.27999999999999997 60
1780547666647 0.28500000000000003 61
1780547666649 0.275 62
1780547666650 0.29 63
1780547666652 0.23499999999999996 64
1780547666653 0.275 65
1780547666655 0.27999999999999997 66
1780547666657 0.24499999999999997 67
1780547666658 0.28500000000000003 68
1780547666660 0.21000000000000002 69
1780547666662 0.305 70
1780547666663 0.24500000000000002 71
1780547666665 0.36500000000000005 72
1780547666667 0.27 73
1780547666668 0.3350000000000001 74
1780547666670 0.30500000000000005 75
1780547666672 0.375 76
1780547666673 0.31999999999999995 77
1780547666675 0.36 78
1780547666676 0.31999999999999995 79
1780547666678 0.345 80
1780547666680 0.29 81
1780547666681 0.24000000000000005 82
1780547666683 0.34500000000000003 83
1780547666685 0.31500000000000006 84
1780547666686 0.225 85
1780547666688 0.325 86
1780547666689 0.2 87
1780547666691 0.19499999999999998 88
1780547666693 0.28500000000000003 89
1780547666694 0.32 90
1780547666696 0.3 91
1780547666698 0.35000000000000003 92
1780547666700 0.29500000000000004 93
1780547666701 0.29500000000000004 94
1780547666703 0.31 95
1780547666705 0.36000000000000004 96
1780547666706 0.31500000000000006 97
1780547666708 0.24 98
1780547666710 0.34500000000000003 99
1780547666711 0.21000000000000002 100
1780547666713 0.28500000000000003 101
1780547666714 0.315 102
1780547666716 0.28500000000000003 103
1780547666718 0.185 104
1780547666719 0.32 105
1780547666721 0.29500000000000004 106
1780547666723 0.3 107
1780547666724 0.345 108
1780547666726 0.35 109
1780547666728 0.305 110
1780547666729 0.27 111
1780547666731 0.36 112
1780547666733 0.31 113
1780547666734 0.305 114
1780547666736 0.26999999999999996 115
1780547666737 0.29 116
1780547666739 0.29500000000000004 117
1780547666741 0.29999999999999993 118
1780547666742 0.28500000000000003 119
1780547666744 0.29999999999999993 120
1780547666746 0.29000000000000004 121
1780547666747 0.265 122
1780547666749 0.32999999999999996 123
1780547666751 0.32500000000000007 124
1780547666752 0.29000000000000004 125
1780547666754 0.315 126
1780547666755 0.24 127
1780547666757 0.32999999999999996 128
1780547666759 0.18 129
1780547666760 0.35 130
1780547666762 0.32500000000000007 131
1780547666764 0.33 132
1780547666765 0.335 133
1780547666767 0.33999999999999997 134
1780547666769 0.36 135
1780547666770 0.325 136
1780547666772 0.29000000000000004 137
1780547666774 0.3 138
1780547666775 0.29999999999999993 139
1780547666777 0.29500000000000004 140
1780547666779 0.265 141
1780547666781 0.35000000000000003 142
1780547666782 0.28 143
1780547666784 0.335 144
1780547666786 0.29000000000000004 145
1780547666787 0.35 146
1780547666789 0.32999999999999996 147
1780547666791 0.315 148
1780547666792 0.38499999999999995 149
1780547666794 0.36000000000000004 150
1780547666796 0.35 151
1780547666797 0.41 152
1780547666799 0.35 153
1780547666801 0.29500000000000004 154
1780547666802 0.36500000000000005 155
1780547666804 0.27999999999999997 156
1780547666806 0.34 157
1780547666807 0.36 158
1780547666809 0.27499999999999997 159
1780547666810 0.275 160
1780547666812 0.355 161
1780547666814 0.335 162
1780547666815 0.30000000000000004 163
1780547666817 0.29 164
1780547666819 0.33499999999999996 165
1780547666820 0.355 166
1780547666822 0.41 167
1780547666824 0.32999999999999996 168
1780547666825 0.37 169
1780547666827 0.27 170
1780547666829 0.315 171
1780547666830 0.39 172
1780547666832 0.33499999999999996 173
1780547666833 0.31500000000000006 174
1780547666835 0.34 175
1780547666837 0.38 176
1780547666838 0.35000000000000003 177
1780547666840 0.335 178
1780547666842 0.38 179
1780547666843 0.285 180
1780547666845 0.375 181
1780547666847 0.325 182
1780547666848 0.305 183
1780547666850 0.34500000000000003 184
1780547666852 0.31999999999999995 185
1780547666853 0.39 186
1780547666855 0.30999999999999994 187
1780547666856 0.32999999999999996 188
1780547666858 0.39 189
1780547666860 0.315 190
1780547666861 0.365 191
1780547666863 0.325 192
1780547666865 0.36499999999999994 193
1780547666866 0.4050000000000001 194
1780547666868 0.27999999999999997 195
1780547666870 0.3 196
1780547666879 0.28500000000000003 197
1780547666881 0.32 198
1780547666883 0.37 199
1780547666885 0.375 200
1780547666886 0.39 201
1780547666888 0.345 202
1780547666890 0.38499999999999995 203
1780547666891 0.38500000000000006 204
1780547666893 0.395 205
1780547666894 0.36 206
1780547666896 0.3 207
1780547666898 0.41500000000000004 208
1780547666899 0.40499999999999997 209
1780547666901 0.34500000000000003 210
1780547666903 0.39499999999999996 211
1780547666904 0.36000000000000004 212
1780547666906 0.41999999999999993 213
1780547666908 0.29500000000000004 214
1780547666909 0.36 215
1780547666911 0.335 216
1780547666913 0.285 217
1780547666914 0.345 218
1780547666916 0.37500000000000006 219
1780547666918 0.35000000000000003 220
1780547666919 0.375 221
1780547666921 0.39 222
1780547666923 0.35000000000000003 223
1780547666924 0.31 224
1780547666926 0.38 225
1780547666927 0.34500000000000003 226
1780547666929 0.355 227
1780547666931 0.32 228
1780547666932 0.31 229
1780547666934 0.41000000000000003 230
1780547666936 0.23999999999999994 231
1780547666937 0.36 232
1780547666939 0.35000000000000003 233
1780547666941 0.41500000000000004 234
1780547666942 0.38 235
1780547666944 0.35 236
1780547666945 0.37 237
1780547666947 0.40499999999999997 238
1780547666949 0.35 239
1780547666950 0.33999999999999997 240
1780547666952 0.4250000000000001 241
1780547666954 0.44000000000000006 242
1780547666955 0.39 243
1780547666957 0.36 244
1780547666958 0.35 245
1780547666960 0.4149999999999999 246
1780547666962 0.375 247
1780547666963 0.4 248
1780547666965 0.32 249
1780547666967 0.385 250
1780547666968 0.35500000000000004 251
1780547666970 0.33499999999999996 252
1780547666972 0.39 253
1780547666973 0.32999999999999996 254
1780547666975 0.35500000000000004 255
1780547666976 0.34500000000000003 256
1780547666978 0.39 257
1780547666980 0.35 258
1780547666981 0.22999999999999998 259
1780547666983 0.39 260
1780547666985 0.42000000000000004 261
1780547666986 0.395 262
1780547666988 0.35 263
1780547666989 0.37000000000000005 264
1780547666991 0.355 265
1780547666993 0.27 266
1780547666994 0.3 267
1780547666996 0.44000000000000006 268
1780547666998 0.30999999999999994 269
1780547666999 0.41 270
1780547667001 0.38000000000000006 271
1780547667002 0.39 272
1780547667004 0.375 273
1780547667006 0.385 274
1780547667007 0.38 275
1780547667009 0.3450000000000001 276
1780547667011 0.365 277
1780547667012 0.355 278
1780547667014 0.27 279
1780547667016 0.4600000000000001 280
1780547667017 0.4149999999999999 281
1780547667019 0.305 282
1780547667021 0.285 283
1780547667022 0.4 284
1780547667024 0.28 285
1780547667026 0.41500000000000004 286
1780547667027 0.40499999999999997 287
1780547667029 0.39 288
1780547667030 0.29500000000000004 289
1780547667032 0.30999999999999994 290
1780547667034 0.41500000000000004 291
1780547667035 0.395 292
1780547667037 0.39 293
1780547667039 0.30500000000000005 294
1780547667040 0.36499999999999994 295
1780547667042 0.45 296
1780547667043 0.31 297
1780547667045 0.32 298
