1780289909421 0.0 0
1780289909426 0.105 1
1780289909428 0.13 2
1780289909429 0.32 3
1780289909431 0.315 4
1780289909432 0.365 5
1780289909434 0.41 6
1780289909435 0.48 7
1780289909437 0.46 8
1780289909438 0.55 9
1780289909440 0.495 10
1780289909441 0.57 11
1780289909443 0.625 12
1780289909444 0.67 13
1780289909446 0.615 14
1780289909447 0.565 15
1780289909449 0.7 16
1780289909450 0.695 17
1780289909452 0.7 18
1780289909453 0.76 19
1780289909455 0.765 20
1780289909456 0.79 21
1780289909458 0.71 22
1780289909459 0.76 23
1780289909461 0.785 24
1780289909462 0.79 25
1780289909464 0.83 26
1780289909465 0.82 27
1780289909467 0.795 28
1780289909468 0.88 29
1780289909470 0.895 30
1780289909471 0.785 31
1780289909473 0.82 32
1780289909474 0.865 33
1780289909476 0.81 34
1780289909477 0.835 35
1780289909479 0.825 36
1780289909480 0.805 37
1780289909482 0.835 38
1780289909484 0.835 39
1780289909485 0.865 40
1780289909487 0.865 41
1780289909488 0.83 42
1780289909489 0.815 43
1780289909491 0.88 44
1780289909492 0.765 45
1780289909494 0.805 46
1780289909495 0.825 47
1780289909497 0.815 48
1780289909498 0.795 49
1780289909500 0.84 50
1780289909501 0.83 51
1780289909503 0.795 52
1780289909504 0.8 53
1780289909506 0.815 54
1780289909507 0.86 55
1780289909509 0.845 56
1780289909510 0.87 57
1780289909512 0.845 58
1780289909513 0.84 59
1780289909515 0.87 60
1780289909516 0.795 61
1780289909518 0.85 62
1780289909519 0.855 63
1780289909521 0.815 64
1780289909522 0.835 65
1780289909524 0.79 66
1780289909525 0.785 67
1780289909527 0.77 68
1780289909528 0.805 69
1780289909530 0.82 70
1780289909531 0.825 71
1780289909533 0.83 72
1780289909534 0.86 73
1780289909536 0.755 74
1780289909537 0.83 75
1780289909539 0.845 76
1780289909540 0.885 77
1780289909541 0.865 78
1780289909543 0.805 79
1780289909544 0.825 80
1780289909546 0.76 81
1780289909547 0.795 82
1780289909549 0.85 83
1780289909550 0.855 84
1780289909552 0.87 85
1780289909553 0.8 86
1780289909555 0.815 87
1780289909556 0.77 88
1780289909558 0.82 89
1780289909559 0.84 90
1780289909561 0.81 91
1780289909562 0.82 92
1780289909563 0.82 93
1780289909565 0.78 94
1780289909566 0.83 95
1780289909568 0.845 96
1780289909569 0.82 97
1780289909571 0.81 98
1780289909572 0.815 99
1780289909574 0.795 100
1780289909575 0.83 101
1780289909577 0.835 102
1780289909578 0.875 103
1780289909580 0.805 104
1780289909581 0.81 105
1780289909583 0.855 106
1780289909584 0.82 107
1780289909586 0.84 108
1780289909587 0.815 109
1780289909589 0.85 110
1780289909590 0.835 111
1780289909592 0.805 112
1780289909593 0.825 113
1780289909595 0.85 114
1780289909596 0.865 115
1780289909598 0.84 116
1780289909599 0.81 117
1780289909601 0.835 118
1780289909602 0.81 119
1780289909604 0.835 120
1780289909605 0.77 121
1780289909607 0.82 122
1780289909608 0.85 123
1780289909610 0.845 124
1780289909611 0.81 125
1780289909613 0.85 126
1780289909614 0.835 127
1780289909616 0.84 128
1780289909617 0.855 129
1780289909619 0.85 130
1780289909620 0.82 131
1780289909622 0.82 132
1780289909623 0.78 133
1780289909624 0.845 134
1780289909626 0.85 135
1780289909627 0.845 136
1780289909629 0.82 137
1780289909630 0.815 138
1780289909632 0.825 139
1780289909633 0.86 140
1780289909635 0.805 141
1780289909636 0.8 142
1780289909638 0.83 143
1780289909639 0.845 144
1780289909641 0.825 145
1780289909642 0.82 146
1780289909643 0.86 147
1780289909645 0.82 148
1780289909646 0.815 149
1780289909648 0.805 150
1780289909649 0.795 151
1780289909651 0.85 152
1780289909652 0.82 153
1780289909654 0.81 154
1780289909655 0.815 155
1780289909657 0.825 156
1780289909658 0.835 157
1780289909660 0.835 158
1780289909661 0.8 159
1780289909662 0.805 160
1780289909664 0.73 161
1780289909665 0.79 162
1780289909667 0.735 163
1780289909668 0.725 164
1780289909670 0.73 165
1780289909671 0.685 166
1780289909673 0.705 167
1780289909674 0.855 168
1780289909676 0.835 169
1780289909677 0.88 170
1780289909678 0.85 171
1780289909680 0.81 172
1780289909681 0.87 173
1780289909683 0.92 174
1780289909684 0.905 175
1780289909686 0.875 176
1780289909687 0.895 177
1780289909689 0.9 178
1780289909690 0.91 179
1780289909692 0.895 180
1780289909693 0.935 181
1780289909695 0.875 182
1780289909696 0.87 183
1780289909698 0.89 184
1780289909699 0.915 185
1780289909701 0.9 186
1780289909702 0.89 187
1780289909704 0.875 188
1780289909705 0.91 189
1780289909707 0.905 190
1780289909708 0.91 191
1780289909710 0.89 192
1780289909711 0.93 193
1780289909713 0.915 194
1780289909714 0.885 195
1780289909716 0.89 196
1780289909717 0.9 197
1780289909719 0.95 198
1780289909720 0.905 199
1780289909721 0.9 200
1780289909723 0.9 201
1780289909724 0.92 202
1780289909726 0.945 203
1780289909727 0.935 204
1780289909729 0.925 205
1780289909730 0.91 206
1780289909732 0.96 207
1780289909733 0.915 208
1780289909735 0.905 209
1780289909736 0.945 210
1780289909738 0.935 211
1780289909739 0.92 212
1780289909741 0.92 213
1780289909742 0.915 214
1780289909744 0.93 215
1780289909745 0.925 216
1780289909747 0.91 217
1780289909748 0.915 218
1780289909749 0.9 219
1780289909751 0.925 220
1780289909752 0.92 221
1780289909754 0.925 222
1780289909755 0.88 223
1780289909757 0.935 224
1780289909758 0.935 225
1780289909760 0.915 226
1780289909761 0.895 227
1780289909763 0.93 228
1780289909764 0.905 229
1780289909766 0.915 230
1780289909767 0.89 231
1780289909769 0.88 232
1780289909770 0.92 233
1780289909771 0.885 234
1780289909773 0.93 235
1780289909774 0.88 236
1780289909776 0.925 237
1780289909777 0.925 238
1780289909779 0.9 239
1780289909780 0.915 240
1780289909782 0.92 241
1780289909783 0.895 242
1780289909785 0.945 243
1780289909786 0.945 244
1780289909788 0.945 245
1780289909789 0.865 246
1780289909791 0.9 247
1780289909792 0.95 248
1780289909794 0.92 249
1780289909795 0.9 250
1780289909796 0.95 251
1780289909798 0.9 252
1780289909799 0.905 253
1780289909801 0.92 254
1780289909802 0.94 255
1780289909804 0.925 256
1780289909805 0.935 257
1780289909807 0.905 258
1780289909808 0.945 259
1780289909810 0.89 260
1780289909811 0.92 261
1780289909813 0.935 262
1780289909814 0.91 263
1780289909815 0.89 264
1780289909817 0.9 265
1780289909818 0.935 266
1780289909820 0.905 267
1780289909821 0.92 268
1780289909823 0.905 269
1780289909824 0.92 270
1780289909826 0.91 271
1780289909827 0.89 272
1780289909829 0.91 273
1780289909830 0.905 274
1780289909832 0.915 275
1780289909833 0.91 276
1780289909835 0.94 277
1780289909836 0.9 278
1780289909837 0.935 279
1780289909839 0.895 280
1780289909840 0.935 281
1780289909842 0.915 282
1780289909843 0.915 283
1780289909845 0.91 284
1780289909846 0.915 285
1780289909848 0.915 286
1780289909849 0.92 287
1780289909851 0.93 288
1780289909852 0.92 289
1780289909854 0.905 290
1780289909855 0.94 291
1780289909857 0.895 292
1780289909858 0.915 293
1780289909860 0.88 294
1780289909861 0.92 295
1780289909863 0.925 296
1780289909864 0.9 297
1780289909866 0.9 298
1780289909867 0.905 299
1780289909868 0.935 300
1780289909870 0.93 301
1780289909871 0.92 302
1780289909873 0.915 303
1780289909874 0.93 304
1780289909876 0.91 305
1780289909877 0.91 306
1780289909879 0.9 307
1780289909880 0.905 308
1780289909882 0.92 309
1780289909883 0.895 310
1780289909885 0.9 311
1780289909886 0.945 312
1780289909887 0.9 313
