1780565121790 0.0 0
1780565121793 0.05500000000000001 1
1780565121794 0.185 2
1780565121796 0.11499999999999999 3
1780565121798 0.18 4
1780565121800 0.165 5
1780565121802 0.185 6
1780565121803 0.2 7
1780565121805 0.24500000000000002 8
1780565121807 0.16999999999999998 9
1780565121809 0.205 10
1780565121811 0.16499999999999998 11
1780565121812 0.145 12
1780565121814 0.195 13
1780565121816 0.24500000000000002 14
1780565121818 0.145 15
1780565121820 0.19 16
1780565121821 0.215 17
1780565121823 0.11000000000000001 18
1780565121825 0.24500000000000002 19
1780565121827 0.12000000000000002 20
1780565121829 0.2 21
1780565121831 0.12000000000000002 22
1780565121832 0.23500000000000001 23
1780565121834 0.20500000000000002 24
1780565121836 0.205 25
1780565121838 0.27999999999999997 26
1780565121840 0.225 27
1780565121841 0.275 28
1780565121843 0.265 29
1780565121845 0.28500000000000003 30
1780565121847 0.22999999999999998 31
1780565121849 0.16499999999999998 32
1780565121850 0.29000000000000004 33
1780565121852 0.20500000000000002 34
1780565121854 0.21000000000000002 35
1780565121856 0.255 36
1780565121858 0.16 37
1780565121859 0.27 38
1780565121861 0.26 39
1780565121863 0.265 40
1780565121865 0.22000000000000003 41
1780565121867 0.29000000000000004 42
1780565121868 0.24500000000000002 43
1780565121870 0.24499999999999997 44
1780565121872 0.29500000000000004 45
1780565121874 0.30999999999999994 46
1780565121876 0.205 47
1780565121877 0.31500000000000006 48
1780565121879 0.27999999999999997 49
1780565121881 0.275 50
1780565121883 0.12999999999999998 51
1780565121885 0.27999999999999997 52
1780565121887 0.26999999999999996 53
1780565121888 0.29 54
1780565121890 0.25000000000000006 55
1780565121892 0.3 56
1780565121894 0.325 57
1780565121896 0.27999999999999997 58
1780565121898 0.39999999999999997 59
1780565121900 0.31 60
1780565121902 0.31500000000000006 61
1780565121903 0.33999999999999997 62
1780565121905 0.22000000000000003 63
1780565121907 0.275 64
1780565121909 0.34500000000000003 65
1780565121911 0.29 66
1780565121912 0.25 67
1780565121914 0.25 68
1780565121916 0.325 69
1780565121918 0.36 70
1780565121920 0.335 71
1780565121921 0.31999999999999995 72
1780565121923 0.26 73
1780565121925 0.31500000000000006 74
1780565121927 0.25999999999999995 75
1780565121929 0.335 76
1780565121930 0.365 77
1780565121932 0.30500000000000005 78
1780565121934 0.19 79
1780565121936 0.29 80
1780565121938 0.345 81
1780565121939 0.32500000000000007 82
1780565121941 0.31 83
1780565121943 0.28500000000000003 84
1780565121945 0.24500000000000005 85
1780565121947 0.335 86
1780565121948 0.26 87
1780565121950 0.29 88
1780565121952 0.34500000000000003 89
1780565121954 0.35 90
1780565121956 0.355 91
1780565121957 0.27 92
1780565121959 0.31 93
1780565121961 0.275 94
1780565121963 0.35 95
1780565121965 0.28500000000000003 96
1780565121966 0.27999999999999997 97
1780565121968 0.30500000000000005 98
1780565121970 0.27999999999999997 99
1780565121972 0.33 100
1780565121974 0.38 101
1780565121975 0.3 102
1780565121977 0.29 103
1780565121979 0.24500000000000002 104
1780565121981 0.30999999999999994 105
1780565121983 0.22000000000000003 106
1780565121984 0.30500000000000005 107
1780565121986 0.30999999999999994 108
1780565121988 0.27499999999999997 109
1780565121990 0.33999999999999997 110
1780565121992 0.33 111
1780565121993 0.335 112
1780565121995 0.31500000000000006 113
1780565121997 0.43500000000000005 114
1780565121999 0.28500000000000003 115
1780565122001 0.32999999999999996 116
1780565122002 0.315 117
1780565122004 0.29500000000000004 118
1780565122006 0.31 119
1780565122008 0.38500000000000006 120
1780565122010 0.27999999999999997 121
1780565122012 0.295 122
1780565122013 0.33499999999999996 123
1780565122015 0.26999999999999996 124
1780565122017 0.315 125
1780565122019 0.24500000000000002 126
1780565122021 0.22999999999999998 127
1780565122022 0.32500000000000007 128
1780565122024 0.32999999999999996 129
1780565122026 0.30000000000000004 130
1780565122028 0.36500000000000005 131
1780565122030 0.355 132
1780565122031 0.29 133
1780565122033 0.38 134
1780565122035 0.345 135
1780565122037 0.3 136
1780565122039 0.28500000000000003 137
1780565122040 0.285 138
1780565122042 0.355 139
1780565122044 0.26 140
1780565122046 0.29 141
1780565122048 0.34500000000000003 142
1780565122051 0.375 143
1780565122053 0.34500000000000003 144
1780565122054 0.355 145
1780565122056 0.25 146
1780565122058 0.305 147
1780565122060 0.385 148
1780565122062 0.34 149
1780565122063 0.32 150
1780565122065 0.35 151
1780565122067 0.335 152
1780565122069 0.32999999999999996 153
1780565122071 0.33499999999999996 154
1780565122072 0.32999999999999996 155
1780565122074 0.32 156
1780565122076 0.385 157
1780565122078 0.325 158
1780565122080 0.31500000000000006 159
1780565122081 0.3 160
1780565122083 0.3 161
1780565122085 0.44000000000000006 162
1780565122087 0.37 163
1780565122088 0.375 164
1780565122090 0.39499999999999996 165
1780565122092 0.37 166
1780565122094 0.44499999999999995 167
1780565122096 0.375 168
1780565122097 0.41000000000000003 169
1780565122099 0.26 170
1780565122101 0.35500000000000004 171
1780565122103 0.37499999999999994 172
1780565122105 0.425 173
1780565122107 0.42000000000000004 174
1780565122108 0.38 175
1780565122110 0.295 176
1780565122112 0.30999999999999994 177
1780565122114 0.41500000000000004 178
1780565122116 0.33 179
1780565122117 0.27999999999999997 180
1780565122119 0.26 181
1780565122121 0.42000000000000004 182
1780565122123 0.27 183
1780565122125 0.40499999999999997 184
1780565122126 0.37 185
1780565122128 0.335 186
1780565122130 0.37 187
1780565122132 0.42000000000000004 188
1780565122134 0.31500000000000006 189
1780565122135 0.38500000000000006 190
1780565122137 0.315 191
1780565122139 0.295 192
1780565122141 0.365 193
1780565122143 0.24499999999999997 194
1780565122144 0.315 195
1780565122146 0.35 196
1780565122148 0.41000000000000003 197
1780565122150 0.355 198
1780565122152 0.375 199
1780565122153 0.395 200
1780565122155 0.30500000000000005 201
1780565122157 0.41999999999999993 202
1780565122159 0.39 203
1780565122161 0.355 204
1780565122162 0.38500000000000006 205
1780565122164 0.41500000000000004 206
1780565122166 0.375 207
1780565122168 0.36 208
1780565122170 0.35 209
1780565122171 0.31999999999999995 210
1780565122173 0.39999999999999997 211
1780565122175 0.45999999999999996 212
1780565122177 0.38 213
1780565122179 0.41500000000000004 214
1780565122180 0.35000000000000003 215
1780565122182 0.425 216
1780565122184 0.43500000000000005 217
1780565122186 0.35 218
1780565122188 0.32999999999999996 219
1780565122189 0.315 220
1780565122191 0.32999999999999996 221
1780565122193 0.41 222
1780565122195 0.36500000000000005 223
1780565122197 0.36499999999999994 224
1780565122198 0.45999999999999996 225
1780565122200 0.395 226
1780565122202 0.39999999999999997 227
1780565122204 0.37 228
1780565122206 0.41500000000000004 229
1780565122207 0.37500000000000006 230
1780565122209 0.41000000000000003 231
1780565122211 0.38 232
1780565122213 0.41000000000000003 233
1780565122215 0.34 234
1780565122216 0.41500000000000004 235
1780565122218 0.41500000000000004 236
1780565122220 0.375 237
1780565122222 0.32 238
1780565122224 0.38 239
1780565122225 0.33999999999999997 240
1780565122227 0.4 241
1780565122229 0.35 242
1780565122231 0.44000000000000006 243
1780565122233 0.39999999999999997 244
1780565122234 0.34500000000000003 245
1780565122236 0.39 246
1780565122238 0.37 247
1780565122240 0.395 248
1780565122242 0.4149999999999999 249
1780565122243 0.36499999999999994 250
1780565122245 0.36 251
1780565122247 0.32999999999999996 252
1780565122249 0.45500000000000007 253
1780565122250 0.45499999999999996 254
1780565122252 0.4049999999999999 255
1780565122254 0.355 256
1780565122256 0.35500000000000004 257
1780565122258 0.335 258
1780565122259 0.41 259
1780565122261 0.425 260
1780565122263 0.36 261
1780565122265 0.42000000000000004 262
1780565122267 0.42000000000000004 263
1780565122268 0.34500000000000003 264
1780565122270 0.27 265
1780565122272 0.37 266
1780565122274 0.37499999999999994 267
1780565122275 0.41 268
1780565122277 0.375 269
1780565122279 0.41500000000000004 270
1780565122281 0.265 271
1780565122283 0.41500000000000004 272
1780565122284 0.41 273
1780565122286 0.45499999999999996 274
1780565122288 0.355 275
1780565122290 0.37000000000000005 276
1780565122292 0.4 277
1780565122293 0.45 278
1780565122295 0.43000000000000005 279
1780565122297 0.37500000000000006 280
1780565122299 0.27 281
1780565122301 0.445 282
1780565122302 0.36500000000000005 283
1780565122304 0.45 284
1780565122306 0.41 285
1780565122308 0.43999999999999995 286
1780565122310 0.42000000000000004 287
1780565122311 0.3949999999999999 288
1780565122313 0.425 289
1780565122325 0.35 290
1780565122326 0.425 291
1780565122328 0.28500000000000003 292
1780565122330 0.465 293
1780565122332 0.4050000000000001 294
1780565122334 0.32 295
1780565122335 0.41500000000000004 296
1780565122337 0.36000000000000004 297
1780565122339 0.45499999999999996 298
