1780116353542 0.0 0
1780116353545 0.115 1
1780116353547 0.19 2
1780116353549 0.32 3
1780116353551 0.23 4
1780116353553 0.56 5
1780116353555 0.355 6
1780116353557 0.58 7
1780116353558 0.48 8
1780116353560 0.615 9
1780116353562 0.76 10
1780116353564 0.72 11
1780116353566 0.7 12
1780116353568 0.795 13
1780116353569 0.67 14
1780116353571 0.79 15
1780116353573 0.86 16
1780116353575 0.79 17
1780116353577 0.75 18
1780116353578 0.855 19
1780116353580 0.88 20
1780116353582 0.865 21
1780116353584 0.845 22
1780116353586 0.87 23
1780116353587 0.865 24
1780116353589 0.785 25
1780116353591 0.845 26
1780116353593 0.8 27
1780116353595 0.805 28
1780116353597 0.52 29
1780116353598 0.935 30
1780116353600 0.74 31
1780116353602 0.91 32
1780116353604 0.835 33
1780116353606 0.93 34
1780116353607 0.865 35
1780116353609 0.825 36
1780116353611 0.915 37
1780116353613 0.785 38
1780116353615 0.85 39
1780116353616 0.955 40
1780116353618 0.8 41
1780116353620 0.78 42
1780116353622 0.87 43
1780116353624 0.9 44
1780116353626 0.87 45
1780116353627 0.9 46
1780116353629 0.87 47
1780116353631 0.925 48
1780116353633 0.87 49
1780116353635 0.875 50
1780116353636 0.89 51
1780116353638 0.875 52
1780116353640 0.75 53
1780116353642 0.92 54
1780116353644 0.89 55
1780116353646 0.905 56
1780116353648 0.855 57
1780116353649 0.945 58
1780116353651 0.895 59
1780116353653 0.895 60
1780116353655 0.925 61
1780116353657 0.895 62
1780116353658 0.92 63
1780116353660 0.9 64
1780116353662 0.94 65
1780116353664 0.795 66
1780116353666 0.84 67
1780116353667 0.86 68
1780116353669 0.87 69
1780116353671 0.85 70
1780116353673 0.84 71
1780116353675 0.925 72
1780116353677 0.925 73
1780116353679 0.905 74
1780116353680 0.935 75
1780116353682 0.925 76
1780116353684 0.935 77
1780116353686 0.91 78
1780116353688 0.94 79
1780116353689 0.935 80
1780116353691 0.805 81
1780116353693 0.905 82
1780116353695 0.94 83
1780116353697 0.885 84
1780116353698 0.93 85
1780116353700 0.905 86
1780116353702 0.925 87
1780116353704 0.89 88
1780116353706 0.95 89
1780116353707 0.915 90
1780116353709 0.915 91
1780116353711 0.895 92
1780116353713 0.83 93
1780116353715 0.85 94
1780116353716 0.84 95
1780116353718 0.755 96
1780116353720 0.89 97
1780116353722 0.8 98
1780116353723 0.92 99
1780116353725 0.93 100
1780116353727 0.91 101
1780116353729 0.88 102
1780116353731 0.945 103
1780116353733 0.915 104
1780116353734 0.88 105
1780116353736 0.885 106
1780116353738 0.735 107
1780116353740 0.955 108
1780116353741 0.89 109
1780116353743 0.91 110
1780116353745 0.78 111
1780116353747 0.89 112
1780116353749 0.875 113
1780116353750 0.92 114
1780116353752 0.785 115
1780116353754 0.93 116
1780116353756 0.875 117
1780116353758 0.92 118
1780116353759 0.88 119
1780116353761 0.94 120
1780116353763 0.93 121
1780116353765 0.935 122
1780116353767 0.965 123
1780116353768 0.935 124
1780116353770 0.83 125
1780116353772 0.935 126
1780116353774 0.91 127
1780116353776 0.805 128
1780116353777 0.89 129
1780116353779 0.935 130
1780116353781 0.94 131
1780116353783 0.93 132
1780116353785 0.915 133
1780116353786 0.925 134
1780116353788 0.87 135
1780116353790 0.925 136
1780116353792 0.95 137
1780116353794 0.93 138
1780116353795 0.815 139
1780116353797 0.845 140
1780116353799 0.915 141
1780116353801 0.925 142
1780116353802 0.775 143
1780116353804 0.92 144
1780116353806 0.935 145
1780116353808 0.94 146
1780116353810 0.96 147
1780116353811 0.905 148
1780116353813 0.915 149
1780116353815 0.905 150
1780116353817 0.86 151
1780116353819 0.885 152
1780116353820 0.87 153
1780116353822 0.9 154
1780116353824 0.935 155
1780116353826 0.955 156
1780116353828 0.95 157
1780116353829 0.935 158
1780116353831 0.925 159
1780116353833 0.93 160
1780116353835 0.965 161
1780116353837 0.96 162
1780116353838 0.9 163
1780116353840 0.94 164
1780116353842 0.97 165
1780116353844 0.92 166
1780116353846 0.925 167
1780116353847 0.925 168
1780116353849 0.96 169
1780116353851 0.965 170
1780116353853 0.935 171
1780116353854 0.91 172
1780116353856 0.92 173
1780116353858 0.975 174
1780116353860 0.92 175
1780116353862 0.825 176
1780116353863 0.96 177
1780116353865 0.94 178
1780116353867 0.98 179
1780116353869 0.95 180
1780116353871 0.98 181
1780116353872 0.96 182
1780116353874 0.91 183
1780116353876 0.96 184
1780116353878 0.955 185
1780116353879 0.97 186
1780116353881 0.96 187
1780116353883 0.87 188
1780116353885 0.97 189
1780116353886 0.94 190
1780116353888 0.97 191
1780116353890 0.975 192
1780116353892 0.975 193
1780116353894 0.935 194
1780116353895 0.92 195
1780116353897 0.94 196
1780116353899 0.945 197
1780116353901 0.93 198
1780116353903 0.95 199
1780116353904 0.945 200
1780116353906 0.96 201
1780116353908 0.965 202
1780116353910 0.95 203
1780116353911 0.955 204
1780116353913 0.965 205
1780116353915 0.975 206
1780116353917 0.98 207
1780116353919 0.985 208
1780116353920 0.975 209
1780116353922 0.965 210
1780116353924 0.99 211
1780116353926 0.995 212
1780116353928 0.96 213
1780116353929 0.96 214
1780116353931 0.975 215
1780116353933 0.975 216
1780116353935 0.955 217
1780116353937 0.965 218
1780116353939 0.97 219
1780116353940 0.905 220
1780116353942 0.975 221
1780116353944 0.97 222
1780116353946 0.97 223
1780116353948 0.955 224
1780116353949 0.935 225
1780116353951 0.965 226
1780116353953 0.95 227
1780116353955 0.9 228
1780116353956 0.945 229
1780116353958 0.92 230
1780116353960 0.96 231
1780116353962 0.9 232
1780116353964 0.92 233
1780116353965 0.96 234
1780116353967 0.96 235
1780116353969 0.95 236
1780116353971 0.965 237
1780116353973 0.975 238
1780116353974 0.95 239
1780116353976 0.985 240
1780116353978 0.98 241
1780116353980 0.955 242
1780116353981 0.965 243
1780116353983 0.985 244
1780116353985 0.975 245
1780116353987 0.935 246
1780116353989 0.97 247
1780116353990 0.98 248
1780116353992 0.915 249
1780116353994 0.93 250
1780116353996 0.98 251
1780116353997 0.97 252
1780116353999 0.965 253
1780116354001 0.96 254
1780116354003 0.97 255
1780116354005 0.945 256
1780116354006 0.965 257
1780116354008 0.915 258
1780116354010 0.97 259
1780116354012 0.95 260
1780116354014 0.915 261
1780116354016 0.97 262
1780116354017 0.95 263
1780116354019 0.95 264
1780116354021 0.965 265
1780116354023 0.97 266
1780116354025 0.96 267
1780116354026 0.945 268
1780116354028 0.84 269
1780116354030 0.935 270
1780116354032 0.94 271
1780116354034 0.955 272
1780116354035 0.955 273
1780116354037 0.975 274
1780116354039 0.98 275
1780116354041 0.97 276
1780116354042 0.975 277
1780116354044 0.955 278
1780116354046 0.985 279
1780116354048 0.96 280
1780116354050 0.985 281
1780116354051 0.95 282
1780116354053 0.98 283
1780116354055 0.98 284
1780116354057 0.96 285
1780116354059 0.965 286
1780116354060 0.96 287
1780116354062 0.965 288
1780116354064 0.95 289
1780116354066 0.96 290
1780116354068 0.98 291
1780116354069 0.955 292
1780116354071 0.965 293
1780116354073 0.975 294
1780116354075 0.94 295
1780116354076 0.98 296
1780116354078 0.97 297
1780116354080 0.965 298
1780116354082 0.945 299
1780116354084 0.965 300
1780116354085 0.9 301
1780116354087 0.965 302
1780116354089 0.955 303
1780116354091 0.965 304
1780116354092 0.945 305
1780116354094 0.95 306
1780116354096 0.965 307
1780116354098 0.975 308
1780116354100 0.89 309
1780116354101 0.975 310
1780116354103 0.925 311
1780116354105 0.975 312
1780116354107 0.98 313
