1780239197482 0.0 0
1780239197484 0.8994444444444396 1
1780239197486 0.9427777777777726 2
1780239197487 0.9549999999999945 3
1780239197489 0.9411111111111058 4
1780239197490 0.9755555555555502 5
1780239197492 0.9722222222222168 6
1780239197493 0.9861111111111056 7
1780239197495 0.9849999999999944 8
1780239197497 0.9883333333333277 9
1780239197498 0.9911111111111056 10
1780239197500 0.9822222222222166 11
1780239197501 0.9849999999999944 12
1780239197503 0.9933333333333276 13
1780239197504 0.9938888888888833 14
1780239197506 0.9911111111111056 15
1780239197507 0.9927777777777722 16
1780239197509 0.9938888888888833 17
1780239197510 0.9949999999999944 18
1780239197512 0.9916666666666611 19
1780239197514 0.9883333333333277 20
1780239197515 0.9911111111111055 21
1780239197517 0.9933333333333279 22
1780239197518 0.9938888888888833 23
1780239197520 0.9961111111111055 24
1780239197521 0.9949999999999944 25
1780239197523 0.9911111111111055 26
1780239197524 0.996666666666661 27
1780239197526 0.9922222222222168 28
1780239197527 0.9927777777777722 29
1780239197529 0.9961111111111055 30
1780239197530 0.9955555555555499 31
1780239197532 0.9927777777777722 32
1780239197534 0.9933333333333279 33
1780239197535 0.9849999999999944 34
1780239197537 0.9927777777777722 35
1780239197538 0.9955555555555501 36
1780239197540 0.9955555555555501 37
1780239197541 0.9877777777777723 38
1780239197543 0.9827777777777724 39
1780239197544 0.9855555555555501 40
1780239197546 0.9938888888888833 41
1780239197547 0.9961111111111055 42
1780239197549 0.9944444444444389 43
1780239197551 0.9933333333333276 44
1780239197552 0.9938888888888833 45
1780239197554 0.9838888888888834 46
1780239197555 0.9877777777777723 47
1780239197557 0.9961111111111055 48
1780239197558 0.9922222222222168 49
1780239197560 0.9805555555555501 50
1780239197561 0.9855555555555501 51
1780239197563 0.9894444444444389 52
1780239197564 0.9949999999999944 53
1780239197566 0.9966666666666611 54
1780239197568 0.9855555555555501 55
1780239197569 0.9922222222222168 56
1780239197571 0.9794444444444391 57
1780239197572 0.9949999999999944 58
1780239197574 0.9911111111111056 59
1780239197575 0.9944444444444388 60
1780239197577 0.9944444444444389 61
1780239197578 0.9927777777777722 62
1780239197580 0.9838888888888834 63
1780239197581 0.9949999999999944 64
1780239197583 0.9949999999999944 65
1780239197585 0.9961111111111055 66
1780239197586 0.9955555555555501 67
1780239197588 0.9872222222222167 68
1780239197589 0.9944444444444389 69
1780239197591 0.9944444444444389 70
1780239197592 0.9961111111111055 71
1780239197594 0.9955555555555499 72
1780239197596 0.9833333333333278 73
1780239197597 0.996666666666661 74
1780239197599 0.9961111111111055 75
1780239197600 0.9966666666666611 76
1780239197602 0.9972222222222167 77
1780239197603 0.9938888888888833 78
1780239197605 0.9977777777777723 79
1780239197606 0.9949999999999944 80
1780239197608 0.9911111111111055 81
1780239197609 0.9933333333333279 82
1780239197611 0.9811111111111057 83
1780239197613 0.9961111111111055 84
1780239197614 0.9911111111111055 85
1780239197616 0.9955555555555499 86
1780239197617 0.9961111111111055 87
1780239197619 0.9961111111111055 88
1780239197620 0.9955555555555499 89
1780239197622 0.9894444444444389 90
1780239197623 0.9872222222222167 91
1780239197625 0.9888888888888833 92
1780239197626 0.9927777777777722 93
1780239197628 0.9955555555555501 94
1780239197630 0.9927777777777722 95
1780239197631 0.9949999999999944 96
1780239197633 0.9938888888888833 97
1780239197634 0.9944444444444388 98
1780239197636 0.9961111111111055 99
1780239197637 0.9922222222222168 100
1780239197639 0.9955555555555501 101
1780239197640 0.9961111111111055 102
1780239197642 0.9883333333333277 103
1780239197643 0.9944444444444388 104
1780239197645 0.9855555555555501 105
1780239197647 0.9966666666666611 106
1780239197648 0.9922222222222166 107
1780239197650 0.9933333333333279 108
1780239197651 0.9966666666666611 109
1780239197653 0.9949999999999944 110
1780239197654 0.9961111111111055 111
1780239197656 0.996666666666661 112
1780239197658 0.9944444444444389 113
1780239197659 0.9972222222222167 114
1780239197661 0.9944444444444389 115
1780239197662 0.9927777777777722 116
1780239197664 0.9972222222222167 117
1780239197665 0.9916666666666611 118
1780239197667 0.9755555555555502 119
1780239197668 0.9866666666666613 120
1780239197670 0.9899999999999943 121
1780239197672 0.9955555555555499 122
1780239197673 0.9927777777777722 123
1780239197675 0.9955555555555501 124
1780239197676 0.9961111111111055 125
1780239197678 0.986666666666661 126
1780239197679 0.9827777777777724 127
1780239197681 0.9938888888888833 128
1780239197682 0.9983333333333277 129
1780239197684 0.9938888888888833 130
1780239197686 0.996666666666661 131
1780239197687 0.9949999999999944 132
1780239197689 0.9944444444444389 133
1780239197690 0.9922222222222168 134
1780239197692 0.9955555555555499 135
1780239197693 0.9983333333333277 136
1780239197695 0.9961111111111055 137
1780239197696 0.9955555555555499 138
1780239197698 0.9955555555555499 139
1780239197699 0.9949999999999944 140
1780239197701 0.9911111111111056 141
1780239197703 0.9972222222222167 142
1780239197704 0.9944444444444388 143
1780239197706 0.9772222222222167 144
1780239197707 0.9955555555555501 145
1780239197709 0.9966666666666611 146
1780239197710 0.9983333333333277 147
1780239197712 0.9966666666666611 148
1780239197713 0.99055555555555 149
1780239197715 0.9961111111111055 150
1780239197716 0.9955555555555501 151
1780239197718 0.9983333333333277 152
1780239197720 0.996666666666661 153
1780239197721 0.98555555555555 154
1780239197723 0.9927777777777722 155
1780239197724 0.996666666666661 156
1780239197726 0.9872222222222167 157
1780239197727 0.988333333333328 158
1780239197729 0.9922222222222166 159
1780239197730 0.9927777777777722 160
1780239197732 0.9522222222222169 161
1780239197734 0.978333333333328 162
1780239197735 0.9827777777777724 163
1780239197737 0.9861111111111056 164
1780239197738 0.9755555555555502 165
1780239197740 0.9933333333333276 166
1780239197741 0.99055555555555 167
1780239197743 0.9911111111111056 168
1780239197744 0.9927777777777722 169
1780239197746 0.9883333333333277 170
1780239197748 0.9938888888888833 171
1780239197749 0.9894444444444389 172
1780239197751 0.9911111111111056 173
1780239197752 0.99055555555555 174
1780239197754 0.99055555555555 175
1780239197756 0.9899999999999943 176
1780239197757 0.9933333333333276 177
1780239197759 0.9916666666666611 178
1780239197761 0.9872222222222167 179
1780239197762 0.9911111111111055 180
1780239197764 0.9938888888888833 181
1780239197765 0.9911111111111055 182
1780239197767 0.9922222222222168 183
1780239197768 0.988333333333328 184
1780239197770 0.99055555555555 185
1780239197771 0.9922222222222166 186
1780239197773 0.9872222222222167 187
1780239197775 0.9938888888888833 188
1780239197776 0.9961111111111055 189
1780239197778 0.9866666666666613 190
1780239197779 0.9922222222222166 191
1780239197781 0.9938888888888833 192
1780239197782 0.9938888888888833 193
1780239197784 0.9961111111111055 194
1780239197785 0.9938888888888833 195
1780239197787 0.9927777777777722 196
1780239197788 0.9922222222222166 197
1780239197790 0.9938888888888833 198
1780239197792 0.9794444444444391 199
1780239197793 0.9927777777777722 200
1780239197795 0.9933333333333276 201
1780239197796 0.996666666666661 202
1780239197798 0.9933333333333276 203
1780239197799 0.986666666666661 204
1780239197801 0.9899999999999946 205
1780239197802 0.9933333333333276 206
1780239197804 0.984444444444439 207
1780239197806 0.9944444444444389 208
1780239197807 0.9944444444444388 209
1780239197809 0.9716666666666613 210
1780239197810 0.9944444444444389 211
1780239197812 0.9961111111111055 212
1780239197813 0.9861111111111056 213
1780239197815 0.9933333333333276 214
1780239197816 0.9938888888888833 215
1780239197818 0.9927777777777722 216
1780239197820 0.9644444444444391 217
1780239197821 0.9888888888888834 218
1780239197823 0.9938888888888833 219
1780239197824 0.9933333333333279 220
1780239197826 0.9933333333333276 221
1780239197827 0.9922222222222166 222
1780239197829 0.99055555555555 223
1780239197830 0.9938888888888833 224
1780239197832 0.9938888888888833 225
1780239197834 0.9961111111111055 226
1780239197835 0.9944444444444388 227
1780239197837 0.9944444444444388 228
1780239197838 0.9866666666666613 229
1780239197840 0.9833333333333278 230
1780239197841 0.9927777777777722 231
1780239197843 0.9922222222222166 232
1780239197844 0.9949999999999944 233
1780239197846 0.9833333333333278 234
1780239197848 0.9866666666666613 235
1780239197849 0.98555555555555 236
1780239197851 0.9949999999999944 237
1780239197852 0.9872222222222167 238
1780239197854 0.9916666666666611 239
1780239197855 0.9938888888888833 240
1780239197857 0.9949999999999944 241
1780239197858 0.9922222222222168 242
1780239197860 0.9949999999999944 243
1780239197862 0.9816666666666611 244
1780239197863 0.996666666666661 245
1780239197865 0.99055555555555 246
1780239197866 0.9955555555555501 247
1780239197868 0.9949999999999944 248
1780239197869 0.9911111111111056 249
1780239197871 0.996666666666661 250
1780239197873 0.9922222222222168 251
1780239197874 0.9944444444444389 252
1780239197876 0.9938888888888833 253
1780239197877 0.9966666666666611 254
1780239197879 0.9938888888888833 255
1780239197880 0.99055555555555 256
1780239197882 0.9938888888888833 257
1780239197883 0.9788888888888835 258
1780239197885 0.9966666666666611 259
1780239197887 0.9888888888888833 260
1780239197888 0.9938888888888833 261
1780239197890 0.9916666666666611 262
1780239197891 0.9966666666666611 263
1780239197893 0.9933333333333279 264
1780239197894 0.9699999999999946 265
1780239197896 0.99055555555555 266
1780239197897 0.9949999999999944 267
1780239197899 0.9911111111111055 268
1780239197901 0.9955555555555499 269
1780239197902 0.996666666666661 270
1780239197904 0.9961111111111055 271
1780239197905 0.9938888888888833 272
1780239197907 0.99055555555555 273
1780239197908 0.9938888888888833 274
1780239197910 0.9661111111111058 275
1780239197911 0.9911111111111055 276
1780239197913 0.9944444444444388 277
1780239197915 0.996666666666661 278
1780239197916 0.9933333333333276 279
1780239197918 0.9955555555555501 280
1780239197919 0.9872222222222167 281
1780239197921 0.9944444444444389 282
1780239197922 0.9816666666666614 283
1780239197924 0.9877777777777723 284
1780239197925 0.9949999999999944 285
1780239197927 0.9944444444444389 286
1780239197928 0.9911111111111056 287
1780239197930 0.9916666666666611 288
1780239197931 0.9927777777777722 289
1780239197933 0.9938888888888833 290
1780239197934 0.9844444444444388 291
1780239197936 0.986666666666661 292
1780239197938 0.9938888888888833 293
1780239197939 0.9949999999999944 294
1780239197941 0.9955555555555501 295
1780239197942 0.9955555555555501 296
1780239197944 0.9944444444444389 297
1780239197945 0.968333333333328 298
1780239197947 0.9888888888888834 299
1780239197948 0.9916666666666611 300
1780239197950 0.9899999999999946 301
1780239197951 0.9933333333333279 302
1780239197953 0.9966666666666611 303
1780239197954 0.9961111111111055 304
1780239197956 0.9949999999999944 305
1780239197957 0.9944444444444389 306
1780239197959 0.9961111111111055 307
1780239197960 0.9955555555555501 308
1780239197962 0.9944444444444389 309
1780239197964 0.9899999999999943 310
1780239197965 0.9972222222222167 311
1780239197967 0.9972222222222167 312
1780239197968 0.9955555555555499 313
