1780126263820 0.0 0
1780126263824 0.125 1
1780126263826 0.28 2
1780126263829 0.3 3
1780126263831 0.395 4
1780126263833 0.475 5
1780126263836 0.505 6
1780126263838 0.585 7
1780126263841 0.68 8
1780126263843 0.65 9
1780126263845 0.685 10
1780126263847 0.735 11
1780126263849 0.73 12
1780126263852 0.68 13
1780126263854 0.745 14
1780126263856 0.845 15
1780126263858 0.845 16
1780126263860 0.755 17
1780126263862 0.685 18
1780126263865 0.9 19
1780126263867 0.885 20
1780126263870 0.875 21
1780126263873 0.865 22
1780126263875 0.875 23
1780126263877 0.775 24
1780126263879 0.86 25
1780126263881 0.825 26
1780126263883 0.87 27
1780126263886 0.77 28
1780126263888 0.905 29
1780126263890 0.78 30
1780126263892 0.865 31
1780126263894 0.755 32
1780126263896 0.865 33
1780126263899 0.88 34
1780126263901 0.85 35
1780126263903 0.855 36
1780126263905 0.905 37
1780126263907 0.52 38
1780126263910 0.895 39
1780126263912 0.925 40
1780126263914 0.875 41
1780126263916 0.895 42
1780126263919 0.905 43
1780126263921 0.95 44
1780126263923 0.9 45
1780126263925 0.85 46
1780126263927 0.92 47
1780126263929 0.87 48
1780126263931 0.925 49
1780126263934 0.885 50
1780126263936 0.89 51
1780126263938 0.865 52
1780126263940 0.895 53
1780126263942 0.755 54
1780126263944 0.85 55
1780126263947 0.87 56
1780126263949 0.835 57
1780126263951 0.935 58
1780126263953 0.91 59
1780126263955 0.915 60
1780126263957 0.885 61
1780126263959 0.905 62
1780126263961 0.81 63
1780126263964 0.9 64
1780126263966 0.895 65
1780126263968 0.915 66
1780126263970 0.82 67
1780126263972 0.765 68
1780126263974 0.91 69
1780126263977 0.47 70
1780126263979 0.92 71
1780126263981 0.895 72
1780126263983 0.895 73
1780126263985 0.9 74
1780126263987 0.93 75
1780126263989 0.86 76
1780126263992 0.94 77
1780126263994 0.89 78
1780126263996 0.925 79
1780126263998 0.87 80
1780126264000 0.81 81
1780126264002 0.875 82
1780126264004 0.95 83
1780126264006 0.935 84
1780126264009 0.85 85
1780126264011 0.89 86
1780126264013 0.765 87
1780126264015 0.88 88
1780126264017 0.92 89
1780126264019 0.925 90
1780126264021 0.895 91
1780126264023 0.885 92
1780126264026 0.91 93
1780126264028 0.9 94
1780126264030 0.9 95
1780126264032 0.92 96
1780126264034 0.85 97
1780126264036 0.91 98
1780126264038 0.895 99
1780126264040 0.92 100
1780126264043 0.9 101
1780126264045 0.915 102
1780126264047 0.94 103
1780126264049 0.9 104
1780126264051 0.88 105
1780126264053 0.945 106
1780126264055 0.885 107
1780126264058 0.94 108
1780126264060 0.925 109
1780126264062 0.905 110
1780126264064 0.92 111
1780126264066 0.9 112
1780126264069 0.815 113
1780126264071 0.87 114
1780126264073 0.95 115
1780126264075 0.94 116
1780126264078 0.945 117
1780126264080 0.81 118
1780126264082 0.91 119
1780126264084 0.855 120
1780126264086 0.935 121
1780126264089 0.875 122
1780126264091 0.95 123
1780126264093 0.91 124
1780126264095 0.94 125
1780126264097 0.935 126
1780126264100 0.89 127
1780126264102 0.895 128
1780126264104 0.88 129
1780126264106 0.93 130
1780126264109 0.845 131
1780126264111 0.92 132
1780126264113 0.915 133
1780126264115 0.905 134
1780126264117 0.93 135
1780126264119 0.925 136
1780126264121 0.82 137
1780126264124 0.94 138
1780126264126 0.875 139
1780126264128 0.83 140
1780126264130 0.93 141
1780126264132 0.91 142
1780126264134 0.905 143
1780126264136 0.93 144
1780126264139 0.835 145
1780126264141 0.93 146
1780126264143 0.93 147
1780126264145 0.935 148
1780126264147 0.955 149
1780126264149 0.895 150
1780126264151 0.83 151
1780126264153 0.94 152
1780126264156 0.94 153
1780126264158 0.835 154
1780126264160 0.96 155
1780126264162 0.885 156
1780126264164 0.93 157
1780126264166 0.955 158
1780126264168 0.945 159
1780126264171 0.955 160
1780126264173 0.955 161
1780126264175 0.955 162
1780126264178 0.95 163
1780126264180 0.945 164
1780126264182 0.975 165
1780126264184 0.96 166
1780126264187 0.945 167
1780126264189 0.94 168
1780126264191 0.95 169
1780126264193 0.975 170
1780126264195 0.92 171
1780126264197 0.905 172
1780126264199 0.965 173
1780126264202 0.96 174
1780126264204 0.95 175
1780126264206 0.905 176
1780126264208 0.96 177
1780126264210 0.955 178
1780126264212 0.95 179
1780126264214 0.965 180
1780126264217 0.98 181
1780126264219 0.92 182
1780126264221 0.96 183
1780126264223 0.965 184
1780126264225 0.94 185
1780126264227 0.965 186
1780126264230 0.95 187
1780126264232 0.965 188
1780126264234 0.97 189
1780126264236 0.935 190
1780126264238 0.965 191
1780126264240 0.965 192
1780126264243 0.945 193
1780126264245 0.96 194
1780126264247 0.94 195
1780126264249 0.955 196
1780126264251 0.895 197
1780126264253 0.935 198
1780126264255 0.955 199
1780126264258 0.94 200
1780126264260 0.96 201
1780126264262 0.95 202
1780126264264 0.955 203
1780126264266 0.885 204
1780126264268 0.97 205
1780126264271 0.96 206
1780126264273 0.965 207
1780126264275 0.975 208
1780126264277 0.96 209
1780126264279 0.975 210
1780126264281 0.975 211
1780126264283 0.965 212
1780126264286 0.945 213
1780126264288 0.945 214
1780126264290 0.8 215
1780126264292 0.945 216
1780126264294 0.94 217
1780126264296 0.935 218
1780126264299 0.97 219
1780126264301 0.965 220
1780126264303 0.98 221
1780126264305 0.965 222
1780126264307 0.935 223
1780126264309 0.95 224
1780126264312 0.905 225
1780126264314 0.915 226
1780126264316 0.93 227
1780126264318 0.935 228
1780126264320 0.935 229
1780126264322 0.945 230
1780126264325 0.96 231
1780126264327 0.91 232
1780126264329 0.965 233
1780126264331 0.95 234
1780126264333 0.935 235
1780126264335 0.84 236
1780126264337 0.975 237
1780126264340 0.945 238
1780126264342 0.94 239
1780126264344 0.97 240
1780126264346 0.975 241
1780126264348 0.965 242
1780126264350 0.97 243
1780126264352 0.98 244
1780126264355 0.98 245
1780126264357 0.96 246
1780126264359 0.985 247
1780126264361 0.955 248
1780126264364 0.965 249
1780126264366 0.975 250
1780126264368 0.99 251
1780126264370 0.95 252
1780126264372 0.97 253
1780126264374 0.975 254
1780126264376 0.965 255
1780126264379 0.96 256
1780126264381 0.93 257
1780126264383 0.925 258
1780126264385 0.97 259
1780126264387 0.935 260
1780126264389 0.955 261
1780126264391 0.975 262
1780126264393 0.955 263
1780126264395 0.94 264
1780126264398 0.97 265
1780126264400 0.955 266
1780126264402 0.955 267
1780126264404 0.835 268
1780126264406 0.915 269
1780126264408 0.83 270
1780126264410 0.95 271
1780126264413 0.965 272
1780126264415 0.95 273
1780126264417 0.88 274
1780126264419 0.99 275
1780126264421 0.96 276
1780126264423 0.905 277
1780126264425 0.955 278
1780126264427 0.975 279
1780126264430 0.96 280
1780126264432 0.97 281
1780126264434 0.965 282
1780126264436 0.965 283
1780126264438 0.97 284
1780126264440 0.955 285
1780126264442 0.975 286
1780126264445 0.97 287
1780126264447 0.955 288
1780126264449 0.89 289
1780126264451 0.965 290
1780126264453 0.99 291
1780126264455 0.95 292
1780126264457 0.955 293
1780126264459 0.95 294
1780126264462 0.975 295
1780126264464 0.915 296
1780126264466 0.91 297
1780126264468 0.905 298
1780126264470 0.965 299
1780126264472 0.97 300
1780126264474 0.965 301
1780126264477 0.97 302
1780126264479 0.955 303
1780126264481 0.955 304
1780126264483 0.93 305
1780126264485 0.91 306
1780126264487 0.96 307
1780126264489 0.94 308
1780126264491 0.97 309
1780126264494 0.955 310
1780126264496 0.95 311
1780126264498 0.955 312
1780126264500 0.935 313
