1780116336210 0.0 0
1780116336212 0.030728335991493883 1
1780116336214 0.16362745098039214 2
1780116336216 0.27719938918737597 3
1780116336218 0.35330243933775485 4
1780116336220 0.47920684681675396 5
1780116336222 0.3450150124798703 6
1780116336224 0.5134151275003742 7
1780116336226 0.3898256119396161 8
1780116336228 0.3516349577579524 9
1780116336230 0.582783113335103 10
1780116336232 0.676018808088948 11
1780116336234 0.5282135453634496 12
1780116336236 0.6216313067098711 13
1780116336238 0.6073592613470566 14
1780116336240 0.4814568773154438 15
1780116336242 0.7445720554720774 16
1780116336244 0.5382858414399997 17
1780116336245 0.48715564199618006 18
1780116336247 0.6546629426650614 19
1780116336249 0.6782080985066925 20
1780116336251 0.75299234219347 21
1780116336253 0.6155910831842233 22
1780116336255 0.4669681243294437 23
1780116336257 0.6543074799128337 24
1780116336259 0.6414349288980878 25
1780116336261 0.45260089740265447 26
1780116336263 0.6421630813151515 27
1780116336265 0.4299540374345713 28
1780116336267 0.7818157792436864 29
1780116336269 0.7828928224895568 30
1780116336270 0.7248319066378366 31
1780116336272 0.749151430548018 32
1780116336274 0.8392582857380206 33
1780116336276 0.7079013516942813 34
1780116336278 0.7740031237229945 35
1780116336280 0.8420158950593735 36
1780116336282 0.7553381137467376 37
1780116336284 0.7440484689455947 38
1780116336286 0.8021970782170513 39
1780116336288 0.6885922476813809 40
1780116336289 0.8332568274518739 41
1780116336291 0.7521456953631531 42
1780116336293 0.8604392300976011 43
1780116336295 0.5534265709365409 44
1780116336297 0.7830510081304645 45
1780116336299 0.8911146666753667 46
1780116336301 0.8334855999920562 47
1780116336303 0.8083258602533545 48
1780116336305 0.8745947840524904 49
1780116336307 0.8376180836707151 50
1780116336309 0.7514074173092602 51
1780116336311 0.724258753421825 52
1780116336312 0.8058101206611633 53
1780116336314 0.826456347806894 54
1780116336316 0.7465331165331165 55
1780116336318 0.8676761117138719 56
1780116336320 0.9199487843337261 57
1780116336322 0.8851870300815836 58
1780116336324 0.8640894266933135 59
1780116336326 0.8162242237592018 60
1780116336328 0.8415345112403936 61
1780116336330 0.8571918432498082 62
1780116336332 0.882692267328738 63
1780116336334 0.7193882261738865 64
1780116336336 0.8144973370555715 65
1780116336337 0.8597878358239421 66
1780116336339 0.8505221446684861 67
1780116336341 0.5278770017900454 68
1780116336343 0.9146667653032401 69
1780116336345 0.829527979160782 70
1780116336347 0.8426619542833466 71
1780116336349 0.7921067956771101 72
1780116336351 0.924476002261625 73
1780116336353 0.7342698965375754 74
1780116336355 0.8550349339769794 75
1780116336357 0.8783136025364333 76
1780116336358 0.8815733293995199 77
1780116336360 0.8990662880008194 78
1780116336362 0.8660572006900036 79
1780116336364 0.8434772166183141 80
1780116336366 0.8832708691103474 81
1780116336368 0.7811791412587451 82
1780116336370 0.8717877506278329 83
1780116336372 0.8591647674411013 84
1780116336374 0.9153014668130949 85
1780116336376 0.8472067366464406 86
1780116336377 0.9240236870532123 87
1780116336379 0.8740716181652685 88
1780116336381 0.882776664753339 89
1780116336383 0.8412149186215784 90
1780116336385 0.7954409079983151 91
1780116336387 0.6693554678281941 92
1780116336389 0.8732199266685938 93
1780116336391 0.9297473126727986 94
1780116336393 0.9096412292753756 95
1780116336395 0.8729836558071853 96
1780116336396 0.8799421240477157 97
1780116336398 0.8062491356603776 98
1780116336400 0.8819342110016428 99
1780116336402 0.9204242589586054 100
1780116336404 0.8896985074424781 101
1780116336406 0.9409032350495765 102
1780116336408 0.9254113002165066 103
1780116336410 0.9211492496826941 104
1780116336412 0.7895685791438742 105
1780116336414 0.6933306824754193 106
1780116336415 0.865910016749495 107
1780116336417 0.9159486042412872 108
1780116336419 0.9151441455420916 109
1780116336421 0.9299898804561909 110
1780116336423 0.8517369439094192 111
1780116336425 0.918612353002597 112
1780116336427 0.8902264205171182 113
1780116336429 0.7893627848762276 114
1780116336431 0.7971923885609946 115
1780116336433 0.9304535022121673 116
1780116336435 0.9459639483323693 117
1780116336436 0.9502002502002501 118
1780116336438 0.790350305623531 119
1780116336440 0.9401214796708424 120
1780116336442 0.7180959316905565 121
1780116336444 0.8820499694966852 122
1780116336446 0.8899078200618638 123
1780116336448 0.9398315911730546 124
1780116336450 0.9070524800959582 125
1780116336452 0.8803802229026875 126
1780116336453 0.9149949748024204 127
1780116336455 0.8857737115055857 128
1780116336457 0.8990144907946768 129
1780116336459 0.9074679644866466 130
1780116336461 0.8746135922951757 131
1780116336463 0.8360056235390374 132
1780116336465 0.7770525603244127 133
1780116336467 0.9096233835523337 134
1780116336469 0.9190543418450396 135
1780116336470 0.8046534837992991 136
1780116336472 0.935179113869743 137
1780116336474 0.9357084380768592 138
1780116336476 0.9135869455189096 139
1780116336478 0.9497373358348968 140
1780116336480 0.9292828361098655 141
1780116336482 0.9202764180620407 142
1780116336484 0.8208670520367007 143
1780116336485 0.8930027903466273 144
1780116336487 0.8912227159481109 145
1780116336489 0.7924169349895979 146
1780116336491 0.9451026709228938 147
1780116336493 0.9297940047554938 148
1780116336495 0.9392609321199942 149
1780116336497 0.9305314411732898 150
1780116336499 0.8579649858212118 151
1780116336501 0.8735793322428161 152
1780116336503 0.830818158192054 153
1780116336505 0.9096349764812613 154
1780116336507 0.8767259399338393 155
1780116336509 0.9549566223250434 156
1780116336510 0.950034433988221 157
1780116336512 0.9120217548173079 158
1780116336514 0.9241586221033632 159
1780116336516 0.8889559014893154 160
1780116336518 0.9397642228130033 161
1780116336520 0.9752287143750558 162
1780116336522 0.8496410749593123 163
1780116336524 0.8793920699183857 164
1780116336525 0.9642824303799913 165
1780116336527 0.9600973822925042 166
1780116336529 0.9446594323593756 167
1780116336531 0.9751005092468507 168
1780116336533 0.9595748187211601 169
1780116336535 0.9749467477323703 170
1780116336537 0.9401188869609923 171
1780116336539 0.9012273246095697 172
1780116336541 0.8746245538800096 173
1780116336543 0.95118485752318 174
1780116336545 0.9497488783739791 175
1780116336546 0.9452488098123529 176
1780116336548 0.9549968482047474 177
1780116336550 0.9497068108043717 178
1780116336552 0.964809787004909 179
1780116336554 0.969570572773397 180
1780116336556 0.9749754310729921 181
1780116336558 0.9499008683668505 182
1780116336559 0.9163001937279377 183
1780116336561 0.9134223500315022 184
1780116336563 0.9800937616085241 185
1780116336565 0.9652067786727606 186
1780116336567 0.9743619524107329 187
1780116336569 0.9699436207780238 188
1780116336571 0.9415075859812703 189
1780116336573 0.954611917646518 190
1780116336575 0.9642793034256449 191
1780116336576 0.98010989010989 192
1780116336578 0.9159042932534589 193
1780116336580 0.9279920528014325 194
1780116336582 0.8959595162683283 195
1780116336584 0.8121140124492469 196
1780116336586 0.9312389322273791 197
1780116336588 0.9205723403582914 198
1780116336590 0.9649906191369606 199
1780116336592 0.9504004989348452 200
1780116336594 0.9648440989904404 201
1780116336595 0.9503243879367116 202
1780116336597 0.9600973822925043 203
1780116336599 0.9752376485303316 204
1780116336601 0.9599216850757287 205
1780116336603 0.9700785735445555 206
1780116336605 0.9899968730456535 207
1780116336607 0.9848587933247753 208
1780116336609 0.9698494124617361 209
1780116336611 0.9599078699078699 210
1780116336613 0.9697055255399286 211
1780116336615 0.9899937460913071 212
1780116336616 0.9446076716987546 213
1780116336618 0.9545804473660698 214
1780116336620 0.959345823909367 215
1780116336622 0.955125705861145 216
1780116336624 0.9604395604395606 217
1780116336626 0.9848587933247753 218
1780116336628 0.9328426817258654 219
1780116336630 0.9751125703564728 220
1780116336632 0.9700875076998312 221
1780116336634 0.9499441145076574 222
1780116336636 0.9000803511223727 223
1780116336637 0.8752239733676876 224
1780116336639 0.9849718103890119 225
1780116336641 0.9646726477214281 226
1780116336643 0.9553931434419238 227
1780116336645 0.9749906191369606 228
1780116336647 0.94504540781685 229
1780116336649 0.9799906191369605 230
1780116336651 0.9749906191369606 231
1780116336653 0.9550358211333823 232
1780116336655 0.9697175866495508 233
1780116336656 0.9849906191369605 234
1780116336658 0.9749906191369607 235
1780116336660 0.9356940759155883 236
1780116336662 0.9700937616085241 237
1780116336664 0.9548310974434209 238
1780116336666 0.9114944409252503 239
1780116336668 0.9545807921931158 240
1780116336670 0.9702067786727607 241
1780116336672 0.9700973822925043 242
1780116336673 0.9799937460913071 243
1780116336675 0.9649602430090235 244
1780116336677 0.9452641553316179 245
1780116336679 0.9441592895764911 246
1780116336681 0.9803448583936388 247
1780116336683 0.984993746091307 248
1780116336685 0.9599135820046648 249
1780116336687 0.8875070337299439 250
1780116336689 0.9701928684007676 251
1780116336691 0.951486521881327 252
1780116336693 0.9696726477214284 253
1780116336695 0.959987492182614 254
1780116336697 0.9704926652295074 255
1780116336699 0.8801685629541854 256
1780116336701 0.9088060937371146 257
1780116336703 0.9798525394160824 258
1780116336704 0.9798624140087554 259
1780116336706 0.9449985045620475 260
1780116336708 0.9698556663704287 261
1780116336710 0.9749566223250433 262
1780116336712 0.9601875232170484 263
1780116336714 0.9446652748193184 264
1780116336716 0.984993746091307 265
1780116336718 0.9606365521513147 266
1780116336720 0.9699686834346654 267
1780116336722 0.9318463282748997 268
1780116336724 0.9701094434021262 269
1780116336726 0.8329510720039204 270
1780116336727 0.9499747196973812 271
1780116336729 0.8528842779788952 272
1780116336731 0.9547339782733998 273
1780116336733 0.9749906191369604 274
1780116336735 0.9753309481216459 275
1780116336737 0.9697086524942751 276
1780116336739 0.8537889422099949 277
1780116336741 0.954532140019945 278
1780116336743 0.9898587933247753 279
1780116336745 0.9749937460913071 280
1780116336747 0.9750937616085242 281
1780116336749 0.9548310974434209 282
1780116336751 0.984855666370429 283
1780116336753 0.9796909627397433 284
1780116336755 0.9333847214936567 285
1780116336757 0.9901098901098901 286
1780116336759 0.9647086524942751 287
1780116336761 0.9799785580273385 288
1780116336763 0.9551655875147531 289
1780116336765 0.9123649967987207 290
1780116336766 0.9701036362011971 291
1780116336768 0.9648472259447869 292
1780116336770 0.9550214641536254 293
1780116336772 0.8635821963828245 294
1780116336774 0.960328729892273 295
1780116336776 0.9849906191369605 296
1780116336778 0.9599843652282676 297
1780116336780 0.9342455771179174 298
1780116336782 0.9602306263281871 299
1780116336784 0.9498503528991333 300
1780116336786 0.9748306037137873 301
1780116336788 0.9499008683668503 302
1780116336789 0.95967751448496 303
1780116336791 0.9498306037137872 304
1780116336793 0.9496238002001205 305
1780116336795 0.8603211741231828 306
1780116336797 0.9455224501543575 307
1780116336799 0.9802197802197803 308
1780116336801 0.9599008683668503 309
1780116336803 0.9443306358453984 310
1780116336805 0.9450933149007603 311
1780116336807 0.9081604280113537 312
1780116336809 0.9652513380369605 313
