1780130374011 0.0 0
1780130374014 0.03051948051948052 1
1780130374016 0.3914663242777966 2
1780130374019 0.5548902908685518 3
1780130374021 0.6779236694677871 4
1780130374024 0.7688566028080094 5
1780130374027 0.7697722051340472 6
1780130374029 0.8298585629383852 7
1780130374032 0.8401783760476459 8
1780130374034 0.8750941826005765 9
1780130374037 0.8606908369408369 10
1780130374039 0.8374728686785889 11
1780130374041 0.8077977139819245 12
1780130374044 0.8722191098661687 13
1780130374046 0.904641903672224 14
1780130374049 0.885315934065934 15
1780130374051 0.8822850307587149 16
1780130374053 0.9189035087719299 17
1780130374056 0.9199431270483902 18
1780130374058 0.9048968724512203 19
1780130374061 0.9004367184243346 20
1780130374063 0.8698654244306419 21
1780130374066 0.9295150920780213 22
1780130374068 0.9429619503303714 23
1780130374070 0.9455268853953065 24
1780130374073 0.9165468844880611 25
1780130374075 0.9190651265845775 26
1780130374078 0.9351731601731602 27
1780130374080 0.9435213032581453 28
1780130374082 0.8201029087871193 29
1780130374085 0.9299116161616162 30
1780130374087 0.918377283789183 31
1780130374089 0.8994736842105263 32
1780130374092 0.912037416774259 33
1780130374094 0.8860618161695022 34
1780130374096 0.9009263225781263 35
1780130374099 0.8880907707910751 36
1780130374101 0.8818996019460416 37
1780130374103 0.8992036124794746 38
1780130374106 0.7442792571370399 39
1780130374108 0.871802014093204 40
1780130374110 0.8551454928463947 41
1780130374113 0.9084656564783608 42
1780130374115 0.9402372279610132 43
1780130374117 0.937740641326101 44
1780130374120 0.9179578754578752 45
1780130374122 0.8999874351654537 46
1780130374124 0.9191125224677856 47
1780130374127 0.9130230100455329 48
1780130374129 0.8399955724225174 49
1780130374131 0.936879786879787 50
1780130374134 0.9001892449725266 51
1780130374136 0.9295919145690311 52
1780130374138 0.9570280774399766 53
1780130374141 0.9572476646160857 54
1780130374143 0.9238835390615575 55
1780130374145 0.923136745024617 56
1780130374148 0.9336816473000683 57
1780130374150 0.9191273638642059 58
1780130374152 0.9266640794033444 59
1780130374155 0.9280053280053281 60
1780130374157 0.9216458719261922 61
1780130374160 0.9057293761412755 62
1780130374162 0.9221313572235635 63
1780130374164 0.8739843614232395 64
1780130374167 0.8998653116749094 65
1780130374169 0.9117987779907285 66
1780130374171 0.9217530398887244 67
1780130374174 0.9169047619047619 68
1780130374176 0.8992063492063493 69
1780130374178 0.9318516266342354 70
1780130374181 0.9378609402293613 71
1780130374183 0.9330968726163235 72
1780130374186 0.9506969696969696 73
1780130374188 0.9470312143996354 74
1780130374190 0.9268957431457432 75
1780130374193 0.9516139987650284 76
1780130374195 0.9153068276752487 77
1780130374197 0.9252754250580338 78
1780130374200 0.882267316017316 79
1780130374202 0.9304459972394753 80
1780130374204 0.9332157303667602 81
1780130374207 0.9221705064801039 82
1780130374209 0.8955862784981778 83
1780130374211 0.8761309523809523 84
1780130374214 0.9160134493665251 85
1780130374216 0.8837783633435807 86
1780130374218 0.942620682140133 87
1780130374221 0.9439012936381357 88
1780130374223 0.9031323438466294 89
1780130374225 0.8741995978317888 90
1780130374228 0.9615440115440116 91
1780130374230 0.8882084781721776 92
1780130374232 0.9105613671860813 93
1780130374235 0.88887987012987 94
1780130374237 0.9588179936006023 95
1780130374240 0.9192226944172024 96
1780130374242 0.8956825396825396 97
1780130374244 0.9165623265623266 98
1780130374247 0.934439223057644 99
1780130374249 0.9520779220779222 100
1780130374251 0.948579898362507 101
1780130374254 0.902498728220225 102
1780130374256 0.871773350264399 103
1780130374258 0.9188680033416876 104
1780130374261 0.9254025379654671 105
1780130374263 0.9438604163668103 106
1780130374265 0.9410609857978279 107
1780130374268 0.9557142857142857 108
1780130374270 0.9666233766233766 109
1780130374272 0.9524076495586792 110
1780130374275 0.8889961013645225 111
1780130374277 0.886325869020377 112
1780130374279 0.9503467000835422 113
1780130374282 0.9348522822207033 114
1780130374284 0.9302130325814536 115
1780130374286 0.9253257359700191 116
1780130374288 0.9821946169772258 117
1780130374291 0.9204727728411939 118
1780130374293 0.9328468899521531 119
1780130374295 0.9071934282346182 120
1780130374298 0.9467743428069515 121
1780130374300 0.9418813337692056 122
1780130374303 0.8857402491150739 123
1780130374305 0.9676024547534844 124
1780130374307 0.9240404040404041 125
1780130374309 0.9329827280749343 126
1780130374312 0.9475491718426502 127
1780130374314 0.9419047619047619 128
1780130374316 0.8951968155683326 129
1780130374319 0.8838826846528084 130
1780130374321 0.8813562453806355 131
1780130374323 0.9186019231213738 132
1780130374326 0.925633145290569 133
1780130374328 0.8488694638694639 134
1780130374330 0.9531784005468216 135
1780130374333 0.9293545343545343 136
1780130374335 0.9683418031244118 137
1780130374338 0.9608840282524491 138
1780130374340 0.9466534914361002 139
1780130374342 0.9322909546593758 140
1780130374345 0.9588179936006022 141
1780130374347 0.9542173615857827 142
1780130374349 0.9479089026915114 143
1780130374352 0.9335109512912716 144
1780130374354 0.9409493430546061 145
1780130374356 0.9528643578643579 146
1780130374359 0.9567604617604617 147
1780130374361 0.9607287157287157 148
1780130374363 0.9219588744588745 149
1780130374366 0.9310742156394332 150
1780130374368 0.9522909546593757 151
1780130374370 0.9294329853153382 152
1780130374373 0.9433063885008964 153
1780130374375 0.9332666151544871 154
1780130374377 0.9278154873349382 155
1780130374380 0.9629089026915114 156
1780130374382 0.9232825653878285 157
1780130374384 0.8989655172413794 158
1780130374387 0.967077922077922 159
1780130374390 0.9719230769230769 160
1780130374392 0.9446367730921506 161
1780130374394 0.9544805194805196 162
1780130374397 0.9106617505301715 163
1780130374399 0.9281673881673882 164
1780130374401 0.9435897435897436 165
1780130374404 0.9674327122153208 166
1780130374406 0.9334597858282068 167
1780130374408 0.9558441558441558 168
1780130374411 0.9630701754385965 169
1780130374413 0.9711221234905446 170
1780130374416 0.9677272727272725 171
1780130374418 0.9647368421052631 172
1780130374420 0.9819565217391304 173
1780130374423 0.977432712215321 174
1780130374425 0.952090189241219 175
1780130374428 0.9707142857142855 176
1780130374430 0.9952380952380953 177
1780130374432 0.965689223057644 178
1780130374435 0.941031746031746 179
1780130374437 0.9857142857142858 180
1780130374439 0.9661221234905446 181
1780130374442 0.9380533404217616 182
1780130374444 0.9521444916639424 183
1780130374446 0.9559273182957393 184
1780130374449 0.9811471861471862 185
1780130374451 0.9563852813852813 186
1780130374453 0.9701587301587301 187
1780130374456 0.9414540138224348 188
1780130374458 0.912075436640654 189
1780130374460 0.9486796536796536 190
1780130374463 0.9643892339544514 191
1780130374465 0.961335156071998 192
1780130374467 0.9150161030595813 193
1780130374470 0.9811471861471862 194
1780130374472 0.9458441558441558 195
1780130374475 0.9770562770562771 196
1780130374477 0.9904761904761905 197
1780130374479 0.9759523809523809 198
1780130374482 0.9618614718614719 199
1780130374484 0.9463903335413633 200
1780130374486 0.9627489177489178 201
1780130374489 0.9709273182957393 202
1780130374491 0.9412087912087912 203
1780130374493 0.9622476646160856 204
1780130374496 0.8883454106280194 205
1780130374498 0.9503733766233766 206
1780130374500 0.9579089026915113 207
1780130374503 0.9488713219148002 208
1780130374505 0.9570562770562769 209
1780130374508 0.9622476646160857 210
1780130374510 0.9804761904761905 211
1780130374512 0.976190476190476 212
1780130374515 0.9807142857142856 213
1780130374517 0.9709523809523809 214
1780130374519 0.9290225563909775 215
1780130374522 0.9738095238095239 216
1780130374524 0.9807142857142856 217
1780130374526 0.9757142857142856 218
1780130374529 0.9804761904761904 219
1780130374531 0.9754761904761903 220
1780130374534 0.9857142857142858 221
1780130374536 0.9676708074534162 222
1780130374538 0.9397963485789573 223
1780130374541 0.947049441786284 224
1780130374543 0.9857142857142858 225
1780130374545 0.9763852813852815 226
1780130374548 0.9395134575569358 227
1780130374550 0.9690476190476192 228
1780130374553 0.9804511278195489 229
1780130374555 0.9766233766233767 230
1780130374557 0.9503507986266607 231
1780130374560 0.9714285714285715 232
1780130374562 0.889056277056277 233
1780130374565 0.9421444916639425 234
1780130374567 0.9498556998557 235
1780130374569 0.891935401944447 236
1780130374572 0.9709523809523809 237
1780130374574 0.958008658008658 238
1780130374577 0.9813852813852814 239
1780130374579 0.9611471861471861 240
1780130374581 0.9722943722943723 241
1780130374584 0.9606349206349206 242
1780130374586 0.9670995670995671 243
1780130374588 0.9711221234905446 244
1780130374591 0.9733333333333334 245
1780130374593 0.9652130325814536 246
1780130374596 0.9623160173160172 247
1780130374598 0.9714285714285715 248
1780130374600 0.9628405499915799 249
1780130374603 0.9681037078863165 250
1780130374605 0.9674327122153208 251
1780130374607 0.966147186147186 252
1780130374610 0.9716233766233765 253
1780130374612 0.9763852813852815 254
1780130374614 0.9726024547534845 255
1780130374617 0.9013784461152883 256
1780130374619 0.9498883572567782 257
1780130374622 0.9530303030303031 258
1780130374624 0.9761471861471861 259
1780130374627 0.962077922077922 260
1780130374629 0.961976911976912 261
1780130374631 0.9713852813852814 262
1780130374634 0.985909090909091 263
1780130374636 0.9674327122153208 264
1780130374638 0.9711221234905445 265
1780130374641 0.9535798983625071 266
1780130374643 0.9175475987496448 267
1780130374646 0.9663059163059163 268
1780130374648 0.9456892230576441 269
1780130374650 0.9904761904761905 270
1780130374653 0.9579622310057092 271
1780130374655 0.9666233766233765 272
1780130374657 0.9451190476190476 273
1780130374660 0.9665299612668032 274
1780130374662 0.9818181818181818 275
1780130374665 0.9711221234905446 276
1780130374667 0.9857142857142858 277
1780130374669 0.9452380952380952 278
1780130374672 0.96657666894509 279
1780130374674 0.9861471861471862 280
1780130374676 0.9813852813852814 281
1780130374679 0.9761471861471861 282
1780130374681 0.9804761904761905 283
1780130374683 0.9721946169772258 284
1780130374686 0.9718614718614719 285
1780130374688 0.9807142857142856 286
1780130374690 0.9141019214703425 287
1780130374693 0.9701587301587301 288
1780130374695 0.9807142857142856 289
1780130374698 0.9666233766233766 290
1780130374700 0.9572693096377307 291
1780130374703 0.9488095238095239 292
1780130374705 0.9713852813852814 293
1780130374707 0.9758840282524494 294
1780130374710 0.9821946169772258 295
1780130374712 0.9758840282524492 296
1780130374714 0.9716233766233765 297
1780130374717 0.9804761904761904 298
1780130374719 0.9710678210678211 299
1780130374721 0.9605958077010708 300
1780130374724 0.962965367965368 301
1780130374726 0.9634920634920634 302
1780130374729 0.9904761904761905 303
1780130374731 0.9763852813852812 304
1780130374733 0.9731037078863165 305
1780130374736 0.9852380952380951 306
1780130374738 0.961190476190476 307
1780130374740 0.9861471861471862 308
1780130374743 0.9766233766233767 309
1780130374745 0.9704260651629072 310
1780130374748 0.9854761904761904 311
1780130374750 0.9808840282524492 312
1780130374752 0.9854761904761904 313
