1780118733332 0.0 0
1780118733335 0.03289415898111551 1
1780118733337 0.277555708005432 2
1780118733339 0.37436509849828953 3
1780118733341 0.5525250287495996 4
1780118733343 0.5475146893111804 5
1780118733345 0.45526694624540437 6
1780118733347 0.4725946548748989 7
1780118733349 0.46483623232979554 8
1780118733351 0.5848682605211928 9
1780118733353 0.394412534302217 10
1780118733355 0.5133525587620172 11
1780118733357 0.5168478032444007 12
1780118733359 0.5015016980200124 13
1780118733360 0.6435529887179816 14
1780118733362 0.7070968126665278 15
1780118733364 0.7480016533853743 16
1780118733366 0.5872477725101414 17
1780118733368 0.5045613692636957 18
1780118733370 0.6707750476546999 19
1780118733372 0.4613956452787037 20
1780118733374 0.40454443300500875 21
1780118733376 0.6423434386350306 22
1780118733378 0.6285525086496537 23
1780118733380 0.6516624074194937 24
1780118733382 0.6619900265090827 25
1780118733384 0.670515766101973 26
1780118733386 0.6487035305880806 27
1780118733388 0.69261452681677 28
1780118733390 0.7287612346038375 29
1780118733392 0.8026440786367048 30
1780118733394 0.6314737266143916 31
1780118733396 0.8062415654520917 32
1780118733398 0.6917623129335211 33
1780118733400 0.8227445903076154 34
1780118733402 0.8291510808655715 35
1780118733404 0.7269166834176739 36
1780118733406 0.833885125630576 37
1780118733408 0.7628359534838429 38
1780118733410 0.8025399026039912 39
1780118733412 0.8331150732460877 40
1780118733414 0.8182209018033335 41
1780118733416 0.6053730943265827 42
1780118733418 0.7228895838170549 43
1780118733420 0.8238357301119585 44
1780118733422 0.7667821788791358 45
1780118733424 0.7583789061481291 46
1780118733426 0.4864852034417252 47
1780118733428 0.8750477728964576 48
1780118733430 0.8586288389137108 49
1780118733432 0.7092816073477127 50
1780118733434 0.810762008694946 51
1780118733436 0.7020274991717117 52
1780118733438 0.755068924262954 53
1780118733440 0.7236525376216378 54
1780118733442 0.8497235925142903 55
1780118733444 0.7931817327050286 56
1780118733446 0.7191225165746441 57
1780118733448 0.8031605440000222 58
1780118733450 0.6761965882457546 59
1780118733452 0.7769469745940334 60
1780118733454 0.840289427309011 61
1780118733456 0.7947577185347732 62
1780118733457 0.7706694567335818 63
1780118733459 0.8513603019917019 64
1780118733461 0.8564309112070478 65
1780118733463 0.8838512510963776 66
1780118733465 0.8595630011112515 67
1780118733467 0.708159067054596 68
1780118733469 0.7882109271080803 69
1780118733471 0.8403308274045953 70
1780118733473 0.9098498459974114 71
1780118733475 0.8681003270601548 72
1780118733477 0.8749059394637715 73
1780118733479 0.7528786376838441 74
1780118733481 0.7806041727035642 75
1780118733483 0.9249157191304249 76
1780118733485 0.77809939043818 77
1780118733487 0.9343042879243135 78
1780118733489 0.8794875566679539 79
1780118733491 0.8916507955078169 80
1780118733493 0.7898722728001113 81
1780118733495 0.8420045418133834 82
1780118733498 0.8835807356268306 83
1780118733500 0.8908950098145192 84
1780118733502 0.9145103612690264 85
1780118733504 0.8891816348396043 86
1780118733506 0.9187163338813267 87
1780118733508 0.7437574468809706 88
1780118733510 0.9027647681819697 89
1780118733512 0.8842822929890428 90
1780118733514 0.8748246253124302 91
1780118733516 0.7773221655572365 92
1780118733518 0.7582715612391004 93
1780118733520 0.8618708220923281 94
1780118733522 0.8263443919047347 95
1780118733524 0.8743178359719712 96
1780118733526 0.8143575434990808 97
1780118733528 0.8553272095377359 98
1780118733530 0.8397103119288687 99
1780118733532 0.828460092798778 100
1780118733534 0.8847104072223594 101
1780118733536 0.6984084006919322 102
1780118733538 0.9160548021523631 103
1780118733540 0.9148164744492775 104
1780118733542 0.8670613979544808 105
1780118733544 0.885598514739554 106
1780118733546 0.7416838419474867 107
1780118733548 0.853283441213958 108
1780118733549 0.9170670858475738 109
1780118733551 0.9194390268758121 110
1780118733553 0.8510527771102355 111
1780118733555 0.8060929217782504 112
1780118733557 0.8487247814314944 113
1780118733559 0.8595599822599256 114
1780118733561 0.8769487355545807 115
1780118733563 0.9202006111033786 116
1780118733565 0.8560413432364653 117
1780118733567 0.9203942182063521 118
1780118733569 0.8898653058537525 119
1780118733571 0.7937607025745304 120
1780118733573 0.9013972385223035 121
1780118733575 0.9285764119241744 122
1780118733577 0.9118584165952587 123
1780118733579 0.9163123163609136 124
1780118733581 0.8888358351604777 125
1780118733583 0.8696694842166078 126
1780118733585 0.8310170346934832 127
1780118733587 0.8900674901849636 128
1780118733589 0.747168915881937 129
1780118733591 0.9308070164649795 130
1780118733593 0.8238788426338551 131
1780118733595 0.7611705469973936 132
1780118733597 0.8713573190031303 133
1780118733599 0.8982844540996018 134
1780118733601 0.9304591685592971 135
1780118733603 0.8888679696323155 136
1780118733605 0.9292125170032145 137
1780118733607 0.8562123319678255 138
1780118733609 0.8626250047078715 139
1780118733611 0.9293841641288145 140
1780118733613 0.8939675420163227 141
1780118733615 0.7320013737129448 142
1780118733617 0.9158856792674495 143
1780118733619 0.9150600397723242 144
1780118733621 0.8673499917402356 145
1780118733623 0.8146792935028229 146
1780118733625 0.8943539249987028 147
1780118733627 0.8995408154642803 148
1780118733629 0.8378696802480319 149
1780118733631 0.9345646636917498 150
1780118733632 0.9264854543577948 151
1780118733634 0.9445933470323714 152
1780118733636 0.9167775384582108 153
1780118733638 0.8135852497298581 154
1780118733640 0.8850185760070227 155
1780118733642 0.9501875232170482 156
1780118733644 0.9120335618161703 157
1780118733646 0.9348361970996834 158
1780118733648 0.9083743514364286 159
1780118733650 0.9010842388704077 160
1780118733652 0.8840918771151328 161
1780118733654 0.9601834875377282 162
1780118733656 0.9101576154015177 163
1780118733658 0.9152574618364092 164
1780118733660 0.9559075108441633 165
1780118733662 0.9353159475110695 166
1780118733664 0.939858292122674 167
1780118733666 0.9432806218172074 168
1780118733668 0.949702892315216 169
1780118733670 0.9547556260123058 170
1780118733672 0.879389085961661 171
1780118733674 0.9353888453888455 172
1780118733676 0.8812171162171163 173
1780118733678 0.9653733942565779 174
1780118733680 0.9494480576559567 175
1780118733682 0.893567437546366 176
1780118733684 0.9195118814274261 177
1780118733686 0.8907741570308367 178
1780118733688 0.9289916229601957 179
1780118733690 0.970081700498902 180
1780118733692 0.9547825378313183 181
1780118733694 0.9351206046841476 182
1780118733696 0.9543677596116622 183
1780118733698 0.9498833844327471 184
1780118733700 0.9549364264319337 185
1780118733702 0.9547883450322476 186
1780118733704 0.9399922536580461 187
1780118733706 0.9749686834346655 188
1780118733708 0.9551526176801575 189
1780118733710 0.9545107831358839 190
1780118733712 0.9645596306571915 191
1780118733714 0.9604059009822212 192
1780118733716 0.9594588409736036 193
1780118733718 0.9153676431477956 194
1780118733720 0.9247469916736535 195
1780118733723 0.9441471878570724 196
1780118733725 0.9501812693083554 197
1780118733727 0.9296389031754885 198
1780118733729 0.9360429573403286 199
1780118733731 0.9251275394279246 200
1780118733733 0.9701156973108193 201
1780118733735 0.9005245884802792 202
1780118733736 0.9698097870049089 203
1780118733738 0.9653116926659335 204
1780118733740 0.9599216850757287 205
1780118733742 0.9642793034256449 206
1780118733744 0.9901098901098901 207
1780118733746 0.9748624140087555 208
1780118733748 0.9464264946293188 209
1780118733750 0.979855666370429 210
1780118733752 0.9549729727636704 211
1780118733754 0.9901098901098901 212
1780118733756 0.9500244125519522 213
1780118733758 0.9292293077039998 214
1780118733760 0.9597587529666523 215
1780118733762 0.9648395378690628 216
1780118733764 0.9000766456478907 217
1780118733766 0.9899968730456534 218
1780118733768 0.9598055410571457 219
1780118733770 0.9751125703564728 220
1780118733772 0.9849937460913072 221
1780118733774 0.9644513018004673 222
1780118733776 0.9395086743138809 223
1780118733778 0.95105224756701 224
1780118733780 0.9700516617255429 225
1780118733782 0.9600834403080872 226
1780118733784 0.8892973286875726 227
1780118733786 0.9450058698967556 228
1780118733788 0.9605385786557233 229
1780118733791 0.8921263542995203 230
1780118733793 0.9407219271326506 231
1780118733795 0.9191111477311734 232
1780118733797 0.9647587529666521 233
1780118733799 0.9399789042792893 234
1780118733800 0.9553282831845091 235
1780118733802 0.920790703820229 236
1780118733804 0.950423494728955 237
1780118733806 0.9552955641645674 238
1780118733808 0.949809787004909 239
1780118733810 0.9649047429535234 240
1780118733812 0.9648404783064602 241
1780118733814 0.9598373513521139 242
1780118733816 0.8961726826874452 243
1780118733818 0.9849906191369605 244
1780118733820 0.9750817004989021 245
1780118733822 0.9394609022515998 246
1780118733824 0.9242244020100246 247
1780118733826 0.9799686834346655 248
1780118733828 0.9752067786727607 249
1780118733830 0.9598122886954723 250
1780118733832 0.8939114002109548 251
1780118733834 0.9600995688094534 252
1780118733836 0.93179434532818 253
1780118733838 0.9456976495776985 254
1780118733840 0.9649196771147992 255
1780118733842 0.9546961446768891 256
1780118733844 0.9599317382244212 257
1780118733846 0.9648306037137871 258
1780118733848 0.9849906191369605 259
1780118733850 0.9699686834346654 260
1780118733852 0.9447822499221132 261
1780118733854 0.965108016106613 262
1780118733856 0.9598154156498188 263
1780118733858 0.9396818884793927 264
1780118733860 0.930066154289564 265
1780118733862 0.9085269548515974 266
1780118733865 0.9702166532654338 267
1780118733867 0.8069186940697239 268
1780118733869 0.9403157076841288 269
1780118733871 0.7751325912114675 270
1780118733873 0.9307484587748428 271
1780118733875 0.9439201094056753 272
1780118733877 0.9496196324103302 273
1780118733879 0.9218595350674341 274
1780118733881 0.9499280177187155 275
1780118733882 0.8402301780953012 276
1780118733885 0.9751036362011971 277
1780118733886 0.9110189033649279 278
1780118733888 0.9702255874207095 279
1780118733890 0.9652483160827192 280
1780118733892 0.9949968730456537 281
1780118733894 0.9505695053769507 282
1780118733896 0.8996962918060152 283
1780118733898 0.9694480576559569 284
1780118733900 0.9439709342148367 285
1780118733902 0.9542074780957368 286
1780118733904 0.9698624140087556 287
1780118733906 0.9749686834346655 288
1780118733908 0.9699655564803189 289
1780118733910 0.9397995751118419 290
1780118733912 0.899721393851376 291
1780118733914 0.9500561911344967 292
1780118733916 0.9650973822925042 293
1780118733918 0.9305598703232236 294
1780118733920 0.9551736129450552 295
1780118733922 0.9899937460913071 296
1780118733924 0.9598462855073894 297
1780118733926 0.9552183930746191 298
1780118733928 0.9423724554019804 299
1780118733930 0.9551496692818304 300
1780118733932 0.9087136548471818 301
1780118733934 0.9602776958540161 302
1780118733936 0.9450552824095231 303
1780118733938 0.9053408163727215 304
1780118733940 0.9448019673950355 305
1780118733942 0.9699624295259726 306
1780118733944 0.9552067786727607 307
1780118733946 0.9596905160319796 308
1780118733948 0.9597138957972764 309
1780118733950 0.8303438385642439 310
1780118733952 0.9202307031030437 311
1780118733954 0.9698306037137872 312
1780118733956 0.9550883006595459 313
