1780242044735 0.0 0
1780242044737 0.08 1
1780242044739 0.17500000000000002 2
1780242044741 0.38 3
1780242044743 0.38499999999999995 4
1780242044744 0.445 5
1780242044746 0.61 6
1780242044748 0.6249999999999999 7
1780242044750 0.64 8
1780242044751 0.735 9
1780242044753 0.8150000000000001 10
1780242044755 0.8049999999999999 11
1780242044756 0.775 12
1780242044758 0.6900000000000001 13
1780242044760 0.7200000000000001 14
1780242044761 0.7750000000000001 15
1780242044763 0.645 16
1780242044765 0.76 17
1780242044766 0.85 18
1780242044768 0.85 19
1780242044770 0.745 20
1780242044771 0.8 21
1780242044773 0.6599999999999999 22
1780242044775 0.885 23
1780242044776 0.5700000000000001 24
1780242044778 0.8800000000000001 25
1780242044780 0.86 26
1780242044782 0.6799999999999999 27
1780242044783 0.745 28
1780242044785 0.7000000000000001 29
1780242044787 0.85 30
1780242044788 0.8099999999999999 31
1780242044790 0.675 32
1780242044792 0.8400000000000001 33
1780242044793 0.835 34
1780242044795 0.865 35
1780242044797 0.8649999999999999 36
1780242044799 0.8099999999999998 37
1780242044800 0.6100000000000001 38
1780242044802 0.9 39
1780242044804 0.8799999999999999 40
1780242044805 0.865 41
1780242044807 0.7750000000000001 42
1780242044809 0.7849999999999999 43
1780242044810 0.85 44
1780242044812 0.8100000000000002 45
1780242044814 0.805 46
1780242044815 0.8149999999999998 47
1780242044817 0.89 48
1780242044819 0.6849999999999999 49
1780242044821 0.75 50
1780242044822 0.555 51
1780242044824 0.86 52
1780242044826 0.8550000000000001 53
1780242044827 0.9400000000000001 54
1780242044829 0.8600000000000001 55
1780242044831 0.8300000000000001 56
1780242044833 0.845 57
1780242044834 0.8800000000000001 58
1780242044836 0.665 59
1780242044838 0.915 60
1780242044839 0.795 61
1780242044841 0.78 62
1780242044843 0.875 63
1780242044845 0.875 64
1780242044846 0.8099999999999999 65
1780242044848 0.8149999999999998 66
1780242044850 0.8949999999999999 67
1780242044851 0.8700000000000001 68
1780242044853 0.8800000000000001 69
1780242044855 0.8999999999999998 70
1780242044856 0.9199999999999999 71
1780242044858 0.73 72
1780242044860 0.915 73
1780242044861 0.9 74
1780242044863 0.9049999999999999 75
1780242044865 0.93 76
1780242044866 0.9299999999999999 77
1780242044868 0.875 78
1780242044870 0.6250000000000001 79
1780242044872 0.9099999999999999 80
1780242044873 0.8950000000000001 81
1780242044875 0.8149999999999998 82
1780242044877 0.9199999999999999 83
1780242044878 0.945 84
1780242044880 0.805 85
1780242044882 0.875 86
1780242044883 0.8099999999999999 87
1780242044885 0.9400000000000001 88
1780242044887 0.845 89
1780242044889 0.8 90
1780242044890 0.8400000000000001 91
1780242044892 0.945 92
1780242044894 0.8800000000000001 93
1780242044895 0.875 94
1780242044897 0.8799999999999999 95
1780242044899 0.7 96
1780242044901 0.905 97
1780242044902 0.8550000000000001 98
1780242044904 0.9200000000000002 99
1780242044906 0.915 100
1780242044908 0.9350000000000002 101
1780242044910 0.9100000000000001 102
1780242044911 0.8399999999999999 103
1780242044913 0.9149999999999998 104
1780242044915 0.9399999999999998 105
1780242044916 0.8699999999999999 106
1780242044918 0.9099999999999999 107
1780242044920 0.9 108
1780242044922 0.9049999999999999 109
1780242044923 0.825 110
1780242044925 0.9349999999999999 111
1780242044927 0.875 112
1780242044928 0.8850000000000001 113
1780242044930 0.9149999999999998 114
1780242044932 0.945 115
1780242044934 0.93 116
1780242044936 0.875 117
1780242044937 0.875 118
1780242044939 0.9450000000000001 119
1780242044941 0.82 120
1780242044943 0.9399999999999998 121
1780242044944 0.9299999999999999 122
1780242044946 0.9199999999999999 123
1780242044948 0.915 124
1780242044950 0.9299999999999999 125
1780242044952 0.8800000000000001 126
1780242044953 0.7999999999999999 127
1780242044955 0.85 128
1780242044957 0.89 129
1780242044958 0.8549999999999999 130
1780242044960 0.9899999999999999 131
1780242044962 0.9399999999999998 132
1780242044964 0.9299999999999999 133
1780242044965 0.8699999999999999 134
1780242044967 0.9349999999999999 135
1780242044969 0.795 136
1780242044970 0.89 137
1780242044972 0.9499999999999998 138
1780242044974 0.8800000000000001 139
1780242044976 0.89 140
1780242044977 0.775 141
1780242044979 0.925 142
1780242044981 0.875 143
1780242044982 0.8700000000000001 144
1780242044984 0.835 145
1780242044986 0.85 146
1780242044988 0.96 147
1780242044989 0.95 148
1780242044991 0.9099999999999999 149
1780242044993 0.845 150
1780242044994 0.9499999999999998 151
1780242044996 0.925 152
1780242044998 0.9049999999999999 153
1780242045000 0.9350000000000002 154
1780242045001 0.9149999999999998 155
1780242045003 0.9399999999999998 156
1780242045005 0.8550000000000001 157
1780242045006 0.9200000000000002 158
1780242045008 0.95 159
1780242045010 0.9650000000000001 160
1780242045011 0.95 161
1780242045013 0.945 162
1780242045015 0.8450000000000001 163
1780242045017 0.9450000000000001 164
1780242045018 0.9199999999999999 165
1780242045020 0.96 166
1780242045022 0.9649999999999999 167
1780242045023 0.9399999999999998 168
1780242045025 0.97 169
1780242045027 0.9399999999999998 170
1780242045028 0.9650000000000001 171
1780242045030 0.78 172
1780242045032 0.96 173
1780242045034 0.8699999999999999 174
1780242045035 0.9800000000000001 175
1780242045037 0.9349999999999999 176
1780242045039 0.975 177
1780242045040 0.945 178
1780242045042 0.985 179
1780242045044 0.96 180
1780242045046 0.975 181
1780242045047 0.97 182
1780242045049 0.8949999999999999 183
1780242045051 0.9650000000000001 184
1780242045052 0.97 185
1780242045054 0.9450000000000001 186
1780242045056 0.9099999999999999 187
1780242045058 0.9650000000000001 188
1780242045059 0.975 189
1780242045061 0.945 190
1780242045063 0.975 191
1780242045064 0.985 192
1780242045066 0.99 193
1780242045068 0.9700000000000001 194
1780242045070 0.945 195
1780242045071 0.9549999999999998 196
1780242045073 0.9749999999999999 197
1780242045075 0.9349999999999999 198
1780242045076 0.945 199
1780242045078 0.875 200
1780242045080 0.9400000000000001 201
1780242045082 0.945 202
1780242045083 0.945 203
1780242045085 0.9650000000000001 204
1780242045087 0.96 205
1780242045088 0.9800000000000001 206
1780242045090 0.9650000000000001 207
1780242045092 0.97 208
1780242045094 0.985 209
1780242045095 0.8699999999999999 210
1780242045097 0.9650000000000001 211
1780242045099 0.9799999999999999 212
1780242045100 0.97 213
1780242045102 0.97 214
1780242045104 0.8549999999999999 215
1780242045105 0.9450000000000001 216
1780242045107 0.97 217
1780242045109 0.9650000000000001 218
1780242045110 0.9799999999999999 219
1780242045112 0.9549999999999998 220
1780242045114 0.9499999999999998 221
1780242045115 0.9649999999999999 222
1780242045117 0.8550000000000001 223
1780242045119 0.9549999999999998 224
1780242045120 0.9299999999999999 225
1780242045122 0.9799999999999999 226
1780242045124 0.9799999999999999 227
1780242045125 0.945 228
1780242045127 0.96 229
1780242045129 0.975 230
1780242045130 0.875 231
1780242045132 0.9549999999999998 232
1780242045134 0.9549999999999998 233
1780242045136 0.9650000000000001 234
1780242045137 0.945 235
1780242045139 0.925 236
1780242045141 0.96 237
1780242045142 0.95 238
1780242045144 0.9650000000000001 239
1780242045146 0.975 240
1780242045147 0.97 241
1780242045149 0.86 242
1780242045151 0.885 243
1780242045153 0.95 244
1780242045154 0.9799999999999999 245
1780242045156 0.96 246
1780242045158 0.9549999999999998 247
1780242045160 0.9650000000000001 248
1780242045161 0.9650000000000001 249
1780242045163 0.975 250
1780242045165 0.9800000000000001 251
1780242045166 0.9550000000000001 252
1780242045168 0.97 253
1780242045170 0.875 254
1780242045172 0.96 255
1780242045173 0.975 256
1780242045175 0.8400000000000001 257
1780242045177 0.97 258
1780242045178 0.9649999999999999 259
1780242045180 0.945 260
1780242045182 0.9349999999999999 261
1780242045183 0.9499999999999998 262
1780242045185 0.9749999999999999 263
1780242045187 0.9499999999999998 264
1780242045188 0.9799999999999999 265
1780242045190 0.945 266
1780242045192 0.9649999999999999 267
1780242045193 0.95 268
1780242045195 0.9149999999999998 269
1780242045197 0.865 270
1780242045198 0.945 271
1780242045200 0.9599999999999997 272
1780242045202 0.97 273
1780242045203 0.9650000000000001 274
1780242045205 0.9049999999999999 275
1780242045207 0.9899999999999999 276
1780242045208 0.9700000000000001 277
1780242045210 0.9949999999999999 278
1780242045212 0.96 279
1780242045214 0.975 280
1780242045215 0.9349999999999999 281
1780242045217 0.9649999999999999 282
1780242045219 0.925 283
1780242045220 0.96 284
1780242045222 0.96 285
1780242045224 0.9299999999999999 286
1780242045225 0.9400000000000001 287
1780242045227 0.9650000000000001 288
1780242045229 0.9549999999999998 289
1780242045230 0.9599999999999997 290
1780242045232 0.945 291
1780242045234 0.9400000000000001 292
1780242045236 0.96 293
1780242045237 0.9799999999999999 294
1780242045239 0.975 295
1780242045241 0.9799999999999999 296
1780242045242 0.975 297
1780242045244 0.96 298
1780242045246 0.8699999999999999 299
1780242045247 0.9149999999999998 300
1780242045249 0.9299999999999999 301
1780242045251 0.95 302
1780242045252 0.9549999999999998 303
1780242045254 0.9650000000000001 304
1780242045256 0.9800000000000001 305
1780242045258 0.96 306
1780242045259 0.97 307
1780242045261 0.97 308
1780242045263 0.975 309
1780242045265 0.95 310
1780242045267 0.9800000000000001 311
1780242045268 0.95 312
1780242045270 0.9799999999999999 313
