1780518955615 0.0 0
1780518955618 0.065 1
1780518955620 0.13 2
1780518955622 0.205 3
1780518955624 0.225 4
1780518955625 0.145 5
1780518955627 0.145 6
1780518955629 0.145 7
1780518955631 0.16 8
1780518955632 0.155 9
1780518955634 0.19 10
1780518955636 0.26 11
1780518955637 0.18 12
1780518955639 0.23 13
1780518955641 0.18 14
1780518955643 0.2 15
1780518955644 0.185 16
1780518955646 0.185 17
1780518955647 0.235 18
1780518955649 0.225 19
1780518955651 0.24 20
1780518955653 0.16 21
1780518955654 0.185 22
1780518955656 0.205 23
1780518955658 0.185 24
1780518955659 0.25 25
1780518955661 0.235 26
1780518955663 0.265 27
1780518955664 0.255 28
1780518955666 0.195 29
1780518955668 0.27 30
1780518955669 0.23 31
1780518955671 0.28 32
1780518955673 0.195 33
1780518955674 0.21 34
1780518955676 0.27 35
1780518955678 0.215 36
1780518955679 0.19 37
1780518955681 0.265 38
1780518955683 0.27 39
1780518955684 0.31 40
1780518955686 0.285 41
1780518955688 0.23 42
1780518955689 0.265 43
1780518955691 0.295 44
1780518955693 0.295 45
1780518955694 0.31 46
1780518955696 0.295 47
1780518955698 0.25 48
1780518955699 0.295 49
1780518955701 0.22 50
1780518955703 0.245 51
1780518955704 0.25 52
1780518955706 0.23 53
1780518955709 0.25 54
1780518955710 0.25 55
1780518955712 0.265 56
1780518955714 0.225 57
1780518955715 0.3 58
1780518955717 0.32 59
1780518955719 0.17 60
1780518955720 0.255 61
1780518955722 0.25 62
1780518955723 0.32 63
1780518955725 0.32 64
1780518955727 0.29 65
1780518955728 0.215 66
1780518955730 0.32 67
1780518955732 0.23 68
1780518955733 0.275 69
1780518955735 0.29 70
1780518955737 0.27 71
1780518955738 0.31 72
1780518955740 0.28 73
1780518955742 0.32 74
1780518955743 0.215 75
1780518955745 0.3 76
1780518955747 0.23 77
1780518955748 0.275 78
1780518955750 0.315 79
1780518955751 0.245 80
1780518955753 0.205 81
1780518955755 0.37 82
1780518955756 0.26 83
1780518955758 0.225 84
1780518955760 0.325 85
1780518955761 0.265 86
1780518955763 0.275 87
1780518955764 0.305 88
1780518955766 0.295 89
1780518955768 0.245 90
1780518955769 0.295 91
1780518955771 0.29 92
1780518955773 0.32 93
1780518955774 0.3 94
1780518955776 0.3 95
1780518955778 0.26 96
1780518955779 0.26 97
1780518955781 0.25 98
1780518955783 0.28 99
1780518955785 0.325 100
1780518955786 0.305 101
1780518955788 0.345 102
1780518955790 0.26 103
1780518955791 0.27 104
1780518955793 0.31 105
1780518955794 0.395 106
1780518955796 0.325 107
1780518955798 0.29 108
1780518955799 0.335 109
1780518955801 0.3 110
1780518955802 0.325 111
1780518955804 0.31 112
1780518955806 0.315 113
1780518955808 0.24 114
1780518955810 0.315 115
1780518955811 0.275 116
1780518955813 0.255 117
1780518955815 0.335 118
1780518955816 0.335 119
1780518955818 0.31 120
1780518955820 0.35 121
1780518955821 0.33 122
1780518955823 0.27 123
1780518955825 0.235 124
1780518955826 0.235 125
1780518955828 0.3 126
1780518955830 0.31 127
1780518955831 0.285 128
1780518955833 0.33 129
1780518955835 0.325 130
1780518955836 0.315 131
1780518955838 0.29 132
1780518955840 0.325 133
1780518955841 0.265 134
1780518955843 0.3 135
1780518955845 0.285 136
1780518955846 0.24 137
1780518955848 0.31 138
1780518955850 0.36 139
1780518955851 0.38 140
1780518955853 0.34 141
1780518955855 0.325 142
1780518955856 0.28 143
1780518955858 0.385 144
1780518955859 0.29 145
1780518955861 0.27 146
1780518955863 0.255 147
1780518955864 0.345 148
1780518955866 0.305 149
1780518955868 0.27 150
1780518955869 0.275 151
1780518955871 0.285 152
1780518955873 0.26 153
1780518955874 0.325 154
1780518955876 0.31 155
1780518955878 0.29 156
1780518955879 0.335 157
1780518955881 0.36 158
1780518955883 0.24 159
1780518955884 0.335 160
1780518955886 0.315 161
1780518955888 0.375 162
1780518955889 0.335 163
1780518955891 0.33 164
1780518955893 0.32 165
1780518955895 0.325 166
1780518955896 0.375 167
1780518955898 0.355 168
1780518955899 0.35 169
1780518955901 0.345 170
1780518955903 0.31 171
1780518955904 0.39 172
1780518955906 0.385 173
1780518955908 0.3 174
1780518955909 0.375 175
1780518955911 0.325 176
1780518955913 0.335 177
1780518955914 0.335 178
1780518955916 0.315 179
1780518955918 0.3 180
1780518955919 0.35 181
1780518955921 0.355 182
1780518955923 0.31 183
1780518955925 0.31 184
1780518955926 0.325 185
1780518955928 0.335 186
1780518955929 0.34 187
1780518955931 0.35 188
1780518955933 0.34 189
1780518955934 0.35 190
1780518955936 0.245 191
1780518955938 0.38 192
1780518955939 0.275 193
1780518955941 0.32 194
1780518955943 0.3 195
1780518955944 0.295 196
1780518955946 0.38 197
1780518955947 0.37 198
1780518955949 0.325 199
1780518955951 0.32 200
1780518955952 0.355 201
1780518955954 0.42 202
1780518955956 0.325 203
1780518955957 0.31 204
1780518955959 0.33 205
1780518955961 0.42 206
1780518955962 0.29 207
1780518955964 0.35 208
1780518955966 0.26 209
1780518955967 0.325 210
1780518955969 0.37 211
1780518955971 0.39 212
1780518955972 0.435 213
1780518955974 0.33 214
1780518955976 0.325 215
1780518955977 0.315 216
1780518955979 0.445 217
1780518955981 0.38 218
1780518955982 0.305 219
1780518955984 0.275 220
1780518955986 0.265 221
1780518955987 0.35 222
1780518955989 0.315 223
1780518955990 0.41 224
1780518955992 0.365 225
1780518955994 0.38 226
1780518955996 0.385 227
1780518955997 0.375 228
1780518955999 0.425 229
1780518956000 0.385 230
1780518956002 0.4 231
1780518956004 0.3 232
1780518956005 0.275 233
1780518956007 0.315 234
1780518956009 0.425 235
1780518956010 0.375 236
1780518956012 0.35 237
1780518956014 0.315 238
1780518956016 0.345 239
1780518956017 0.345 240
1780518956019 0.365 241
1780518956021 0.38 242
1780518956022 0.385 243
1780518956024 0.32 244
1780518956026 0.3 245
1780518956027 0.38 246
1780518956029 0.33 247
1780518956031 0.36 248
1780518956032 0.345 249
1780518956034 0.42 250
1780518956036 0.305 251
1780518956037 0.335 252
1780518956039 0.405 253
1780518956040 0.385 254
1780518956042 0.375 255
1780518956044 0.355 256
1780518956045 0.355 257
1780518956047 0.42 258
1780518956049 0.375 259
1780518956050 0.43 260
1780518956052 0.36 261
1780518956054 0.395 262
1780518956055 0.37 263
1780518956057 0.43 264
1780518956058 0.415 265
1780518956060 0.385 266
1780518956062 0.43 267
1780518956063 0.375 268
1780518956065 0.42 269
1780518956067 0.355 270
1780518956068 0.43 271
1780518956070 0.34 272
1780518956072 0.36 273
1780518956073 0.465 274
1780518956075 0.39 275
1780518956076 0.345 276
1780518956078 0.375 277
1780518956080 0.39 278
1780518956081 0.38 279
1780518956083 0.325 280
1780518956085 0.38 281
1780518956086 0.355 282
1780518956088 0.305 283
1780518956089 0.285 284
1780518956091 0.355 285
1780518956093 0.395 286
1780518956094 0.335 287
1780518956096 0.41 288
1780518956098 0.36 289
1780518956099 0.355 290
1780518956101 0.36 291
1780518956103 0.385 292
1780518956104 0.395 293
1780518956106 0.405 294
1780518956108 0.365 295
1780518956109 0.38 296
1780518956111 0.37 297
1780518956113 0.435 298
