1780535358231 0.0 0
1780535358233 0.42857142857142855 1
1780535358235 0.19791666666666666 2
1780535358237 0.44751381215469616 3
1780535358239 0.453551912568306 4
1780535358241 0.4444444444444444 5
1780535358243 0.5657142857142857 6
1780535358245 0.44598337950138506 7
1780535358247 0.45054945054945056 8
1780535358249 0.43977591036414565 9
1780535358251 0.43342776203966005 10
1780535358253 0.4350282485875706 11
1780535358255 0.453551912568306 12
1780535358256 0.47659203256760685 13
1780535358258 0.43820224719101125 14
1780535358260 0.4487160887857246 15
1780535358262 0.4490358126721763 16
1780535358264 0.35226331249529264 17
1780535358266 0.43977591036414565 18
1780535358268 0.6220497768485385 19
1780535358270 0.44598337950138506 20
1780535358272 0.5649295375011822 21
1780535358274 0.4490358126721763 22
1780535358275 0.4520547945205479 23
1780535358277 0.43661971830985913 24
1780535358279 0.441340782122905 25
1780535358281 0.45652173913043476 26
1780535358283 0.441340782122905 27
1780535358285 0.45054945054945056 28
1780535358287 0.552661663104528 29
1780535358289 0.47881766063584247 30
1780535358290 0.43977591036414565 31
1780535358292 0.5477520617185422 32
1780535358294 0.441340782122905 33
1780535358296 0.5645073489384866 34
1780535358298 0.4595922377794154 35
1780535358300 0.6370235934664247 36
1780535358302 0.28388746803069054 37
1780535358304 0.4550408719346049 38
1780535358306 0.6361746361746362 39
1780535358308 0.467130661736719 40
1780535358310 0.43977591036414565 41
1780535358311 0.6363636363636364 42
1780535358313 0.5842463059722456 43
1780535358315 0.5298655897775902 44
1780535358317 0.5539750467120729 45
1780535358319 0.5 46
1780535358321 0.6731405115731063 47
1780535358323 0.6324682891847071 48
1780535358325 0.6788048552754435 49
1780535358327 0.4916485112563544 50
1780535358328 0.5591700235616022 51
1780535358330 0.5312167057319412 52
1780535358332 0.66277109134252 53
1780535358334 0.5085995085995085 54
1780535358336 0.441340782122905 55
1780535358338 0.6342857142857143 56
1780535358340 0.6107377621093607 57
1780535358342 0.47659203256760685 58
1780535358344 0.4550408719346049 59
1780535358345 0.5312167057319412 60
1780535358347 0.43820224719101125 61
1780535358349 0.49714285714285716 62
1780535358351 0.5245223210354847 63
1780535358353 0.49454642192072357 64
1780535358355 0.6147095337985359 65
1780535358357 0.4550408719346049 66
1780535358359 0.44598337950138506 67
1780535358365 0.5966928816293607 68
1780535358367 0.6078431372549019 69
1780535358369 0.43977591036414565 70
1780535358371 0.47222222222222227 71
1780535358373 0.47439448824490377 72
1780535358375 0.670995670995671 73
1780535358377 0.4972484543786942 74
1780535358379 0.5741893219783819 75
1780535358381 0.46434382118094664 76
1780535358383 0.44598337950138506 77
1780535358384 0.569742426885284 78
1780535358386 0.6875 79
1780535358388 0.7187488122838357 80
1780535358390 0.593128390596745 81
1780535358392 0.5332842053549496 82
1780535358394 0.546485260770975 83
1780535358396 0.5298655897775902 84
1780535358398 0.5678524374176548 85
1780535358400 0.4679436020218143 86
1780535358402 0.43820224719101125 87
1780535358403 0.6617773943054357 88
1780535358405 0.6274509803921569 89
1780535358407 0.41690962099125367 90
1780535358409 0.5046113306982872 91
1780535358411 0.6860282574568289 92
1780535358413 0.5232280946566661 93
1780535358415 0.5555555555555556 94
1780535358417 0.6796443398385146 95
1780535358419 0.5826528760660498 96
1780535358421 0.584717607973422 97
1780535358422 0.4318181818181818 98
1780535358424 0.5440036479708162 99
1780535358426 0.5106301995541297 100
1780535358428 0.4428969359331476 101
1780535358430 0.45652173913043476 102
1780535358432 0.6182477572055736 103
1780535358434 0.6112852664576802 104
1780535358436 0.4554924242424242 105
1780535358437 0.6234213547646383 106
1780535358439 0.5244565217391304 107
1780535358441 0.4972484543786942 108
1780535358443 0.4609164420485175 109
1780535358445 0.4301994301994302 110
1780535358447 0.563953488372093 111
1780535358449 0.6263034175155204 112
1780535358451 0.6574609291372298 113
1780535358453 0.5428571428571428 114
1780535358454 0.4833659491193738 115
1780535358456 0.6567545795243599 116
1780535358458 0.6301840274720436 117
1780535358460 0.5403472931562819 118
1780535358462 0.6766434007650144 119
1780535358464 0.6146435452793835 120
1780535358466 0.4444444444444444 121
1780535358468 0.44598337950138506 122
1780535358470 0.5477159656264134 123
1780535358471 0.5056702529805176 124
1780535358473 0.5057561328431077 125
1780535358475 0.7081903860562324 126
1780535358477 0.5332842053549496 127
1780535358479 0.6516658239226922 128
1780535358481 0.7342310418143161 129
1780535358483 0.5758795062802458 130
1780535358485 0.5747696669029058 131
1780535358486 0.578775732047014 132
1780535358488 0.4520547945205479 133
1780535358490 0.68083563034963 134
1780535358492 0.6612466124661247 135
1780535358494 0.597948717948718 136
1780535358496 0.6153724896749582 137
1780535358498 0.6092585847213484 138
1780535358500 0.491889779167481 139
1780535358501 0.7001789254799555 140
1780535358503 0.47881766063584247 141
1780535358505 0.5880389232189787 142
1780535358507 0.4700726951559209 143
1780535358509 0.52 144
1780535358511 0.5725433669665491 145
1780535358513 0.4444444444444444 146
1780535358515 0.668380036478196 147
1780535358517 0.6731405115731063 148
1780535358518 0.4444444444444444 149
1780535358520 0.44598337950138506 150
1780535358522 0.4350282485875706 151
1780535358524 0.44598337950138506 152
1780535358526 0.453551912568306 153
1780535358528 0.43342776203966005 154
1780535358530 0.5727032801307026 155
1780535358532 0.5395729141859174 156
1780535358533 0.4186046511627907 157
1780535358535 0.48164667590862514 158
1780535358538 0.4810744810744811 159
1780535358540 0.44598337950138506 160
1780535358542 0.4700726951559209 161
1780535358544 0.43661971830985913 162
1780535358545 0.4301994301994302 163
1780535358547 0.632612688992511 164
1780535358549 0.5718261614215371 165
1780535358551 0.5647758595676774 166
1780535358553 0.41690962099125367 167
1780535358555 0.522809696506967 168
1780535358557 0.47439448824490377 169
1780535358559 0.45799457994579945 170
1780535358560 0.48569591771134685 171
1780535358562 0.6360522372083066 172
1780535358564 0.5418973086466883 173
1780535358566 0.4694960212201591 174
1780535358568 0.5858260469397147 175
1780535358570 0.44598337950138506 176
1780535358572 0.46236559139784944 177
1780535358574 0.5743548816174514 178
1780535358576 0.44598337950138506 179
1780535358577 0.453551912568306 180
1780535358579 0.5244242136014675 181
1780535358581 0.54858934169279 182
1780535358583 0.5392856151647193 183
1780535358585 0.441340782122905 184
1780535358587 0.6409650159814353 185
1780535358589 0.6228057449586537 186
1780535358591 0.6542157532869607 187
1780535358593 0.6147095337985359 188
1780535358594 0.7395833333333333 189
1780535358596 0.49296267156219953 190
1780535358598 0.47439448824490377 191
1780535358600 0.6373353693452949 192
1780535358602 0.5137046861184793 193
1780535358604 0.5975378787878788 194
1780535358606 0.48669796557120504 195
1780535358608 0.49296267156219953 196
1780535358610 0.47439448824490377 197
1780535358611 0.4428969359331476 198
1780535358613 0.5657142857142857 199
1780535358615 0.6677740863787375 200
1780535358617 0.700278312995076 201
1780535358619 0.43820224719101125 202
1780535358621 0.4318181818181818 203
1780535358623 0.6021220159151194 204
1780535358625 0.578775732047014 205
1780535358627 0.4616588419405321 206
1780535358628 0.6937441643323996 207
1780535358630 0.5093580308167259 208
1780535358632 0.5541297373715405 209
1780535358634 0.6263034175155204 210
1780535358636 0.6318335545186009 211
1780535358638 0.5859213250517599 212
1780535358640 0.5298655897775902 213
1780535358642 0.5477520617185422 214
1780535358643 0.45753721897414257 215
1780535358645 0.4972484543786942 216
1780535358647 0.5315315315315315 217
1780535358649 0.47671376242804814 218
1780535358651 0.6315401621223287 219
1780535358653 0.5515999728242408 220
1780535358655 0.44598337950138506 221
1780535358657 0.7209821428571428 222
1780535358658 0.585340180536506 223
1780535358660 0.4534565963137392 224
1780535358662 0.6520701824146329 225
1780535358664 0.525691699604743 226
1780535358666 0.5842463059722456 227
1780535358668 0.5168267880217989 228
1780535358670 0.49454642192072357 229
1780535358672 0.5085995085995085 230
1780535358673 0.7126436781609196 231
1780535358675 0.6370235934664247 232
1780535358677 0.44598337950138506 233
1780535358679 0.6215027364329191 234
1780535358681 0.6100131752305665 235
1780535358683 0.6123294439588005 236
1780535358685 0.6742883199791545 237
1780535358687 0.5842463059722456 238
1780535358689 0.5718261614215371 239
1780535358690 0.6677740863787375 240
1780535358692 0.6635897435897435 241
1780535358694 0.6363636363636364 242
1780535358696 0.4419642857142857 243
1780535358698 0.5738636363636364 244
1780535358700 0.6153724896749582 245
1780535358702 0.5673617720861815 246
1780535358704 0.47222222222222227 247
1780535358705 0.5490196078431373 248
1780535358708 0.43661971830985913 249
1780535358709 0.4444444444444444 250
1780535358711 0.6324682891847071 251
1780535358713 0.4810744810744811 252
1780535358715 0.6521739130434783 253
1780535358717 0.5179467135691486 254
1780535358719 0.7459349593495935 255
1780535358721 0.6608699081194054 256
1780535358723 0.4972484543786942 257
1780535358725 0.43977591036414565 258
1780535358726 0.6310935441370225 259
1780535358728 0.4718804427215012 260
1780535358730 0.6190476190476191 261
1780535358732 0.5975378787878788 262
1780535358734 0.609375 263
1780535358736 0.5440036479708162 264
1780535358738 0.4679436020218143 265
1780535358740 0.4301994301994302 266
1780535358741 0.5758795062802458 267
1780535358743 0.6832056166787962 268
1780535358745 0.6021939605810379 269
1780535358747 0.6470588235294118 270
1780535358749 0.6719518862766539 271
1780535358751 0.5975378787878788 272
1780535358753 0.4616588419405321 273
1780535358755 0.48415622697126015 274
1780535358757 0.6021939605810379 275
1780535358759 0.5087202161631049 276
1780535358760 0.43977591036414565 277
1780535358762 0.55962781447546 278
1780535358764 0.6242263483642794 279
1780535358766 0.6751137102014295 280
1780535358768 0.5932348533504603 281
1780535358770 0.7285345242786462 282
1780535358772 0.4578282440795867 283
1780535358774 0.2819663076498205 284
1780535358775 0.43661971830985913 285
1780535358777 0.557251189298667 286
1780535358779 0.5332842053549496 287
1780535358781 0.44598337950138506 288
1780535358783 0.44598337950138506 289
1780535358785 0.43661971830985913 290
1780535358787 0.6010434248887525 291
1780535358789 0.5232280946566661 292
1780535358790 0.6785304247990815 293
1780535358792 0.45652173913043476 294
1780535358794 0.682650257362901 295
1780535358796 0.46524064171123 296
1780535358798 0.5298655897775902 297
1780535358800 0.7154150197628458 298
