1780139986610 0.0 0
1780139986612 0.07350691096110576 1
1780139986615 0.15888883322255512 2
1780139986617 0.38184167697942206 3
1780139986619 0.492032143534225 4
1780139986622 0.5252649004441706 5
1780139986624 0.4664356801955066 6
1780139986626 0.5783028680420502 7
1780139986629 0.5643638142820323 8
1780139986631 0.6402320531238426 9
1780139986633 0.659432679819143 10
1780139986635 0.7670650087921784 11
1780139986638 0.7191837207015777 12
1780139986640 0.7400198492934986 13
1780139986643 0.7667679493465321 14
1780139986645 0.7095692394758609 15
1780139986647 0.8618163980391514 16
1780139986650 0.7596700318737349 17
1780139986652 0.8416622808086223 18
1780139986655 0.8174024527177363 19
1780139986657 0.7925682365236979 20
1780139986659 0.8269750696526961 21
1780139986662 0.811632602411105 22
1780139986664 0.8523179109934642 23
1780139986666 0.9011803528266942 24
1780139986669 0.832091569827638 25
1780139986671 0.8944092013411655 26
1780139986673 0.8485488828085395 27
1780139986676 0.924592737537479 28
1780139986678 0.9043374065132731 29
1780139986680 0.7178261971375315 30
1780139986683 0.8476183796634214 31
1780139986685 0.8555672411302538 32
1780139986687 0.7916714826939475 33
1780139986690 0.9404547444939121 34
1780139986692 0.885533691479597 35
1780139986694 0.7460234501907769 36
1780139986697 0.7765053046944426 37
1780139986699 0.8408918805705831 38
1780139986702 0.8947691340714596 39
1780139986704 0.8099289356123369 40
1780139986706 0.7875793609836633 41
1780139986709 0.6509130039912767 42
1780139986711 0.8736932390849159 43
1780139986713 0.7979188579807774 44
1780139986716 0.8889704699891215 45
1780139986718 0.9258999441733715 46
1780139986721 0.6812560026755048 47
1780139986723 0.8920036387475587 48
1780139986725 0.9349807445442876 49
1780139986728 0.8310840525806931 50
1780139986730 0.9015651760246801 51
1780139986732 0.8947737777840473 52
1780139986735 0.7691156231010877 53
1780139986737 0.8387375818226882 54
1780139986739 0.8593402042227838 55
1780139986742 0.8546608066803906 56
1780139986744 0.9311445893524887 57
1780139986747 0.7889915979197109 58
1780139986750 0.8862442431325016 59
1780139986752 0.8468351992764891 60
1780139986755 0.9154430677065541 61
1780139986757 0.8507573139843627 62
1780139986759 0.8434126677546316 63
1780139986762 0.9304582557705225 64
1780139986764 0.9097980880907711 65
1780139986766 0.8797477609357122 66
1780139986768 0.9297510154997392 67
1780139986771 0.8946489424396402 68
1780139986773 0.9500396006159209 69
1780139986775 0.9089754869193326 70
1780139986778 0.8850941547283011 71
1780139986780 0.8327116900040746 72
1780139986782 0.852766216386906 73
1780139986785 0.876416995900119 74
1780139986787 0.9059988041874482 75
1780139986789 0.9289657129432861 76
1780139986792 0.818192634225243 77
1780139986794 0.8771790416588112 78
1780139986797 0.9307263810981607 79
1780139986799 0.8790152761971836 80
1780139986801 0.822599677398439 81
1780139986804 0.8424101660954666 82
1780139986806 0.8834511805564438 83
1780139986809 0.8389076535588164 84
1780139986811 0.7676190224177839 85
1780139986814 0.9196391929318759 86
1780139986816 0.5693438914027149 87
1780139986819 0.8710033511350046 88
1780139986821 0.5295789690324095 89
1780139986824 0.9449364581443573 90
1780139986827 0.9250874828589251 91
1780139986829 0.9402181185108015 92
1780139986831 0.935377014940558 93
1780139986834 0.9397916307851526 94
1780139986836 0.9256688138716379 95
1780139986838 0.9038692787643441 96
1780139986841 0.931804980618107 97
1780139986844 0.9155681458804127 98
1780139986846 0.9548342243977673 99
1780139986848 0.9218054743477406 100
1780139986851 0.8190177128359144 101
1780139986853 0.8443599150666123 102
1780139986856 0.86983317634991 103
1780139986858 0.8957744925596687 104
1780139986860 0.9344043034415307 105
1780139986863 0.9399467947542404 106
1780139986865 0.8737756788991227 107
1780139986867 0.920414570817592 108
1780139986869 0.9138973507696608 109
1780139986872 0.9200265422052448 110
1780139986874 0.7773123313797633 111
1780139986876 0.8577407684521697 112
1780139986879 0.9152373085910417 113
1780139986881 0.8729868843976076 114
1780139986883 0.8457045950228801 115
1780139986886 0.9346333685165522 116
1780139986888 0.890680742284592 117
1780139986891 0.9142481966657267 118
1780139986893 0.9200012285616002 119
1780139986895 0.9106354658160207 120
1780139986898 0.9087360202507828 121
1780139986900 0.9495471228398058 122
1780139986902 0.9257097467738721 123
1780139986905 0.7411295799301316 124
1780139986907 0.6545497165869333 125
1780139986909 0.9009047682831198 126
1780139986912 0.9255397603449669 127
1780139986914 0.9055214999911542 128
1780139986917 0.9297629944664006 129
1780139986919 0.8985276348250061 130
1780139986922 0.9306484541144361 131
1780139986924 0.9247177884061785 132
1780139986926 0.8812705855709707 133
1780139986929 0.9447660042305831 134
1780139986931 0.960550219016201 135
1780139986933 0.9106325952837582 136
1780139986936 0.8707022624127887 137
1780139986938 0.7776944602590306 138
1780139986941 0.8712048553511968 139
1780139986943 0.8832702323941775 140
1780139986945 0.8611335766035546 141
1780139986948 0.9311187386238883 142
1780139986950 0.8905960041294486 143
1780139986952 0.9354339485092401 144
1780139986955 0.9551834875377281 145
1780139986957 0.7255032233210601 146
1780139986959 0.826470853314715 147
1780139986962 0.9295378690629013 148
1780139986964 0.9249841301189183 149
1780139986966 0.9039894322187674 150
1780139986969 0.8793880392831046 151
1780139986971 0.9164932890391302 152
1780139986973 0.8823155774831066 153
1780139986976 0.9451224201082399 154
1780139986978 0.9098321510613656 155
1780139986980 0.910985407134316 156
1780139986983 0.9404472428156639 157
1780139986985 0.9650843807454847 158
1780139986988 0.9399561756172796 159
1780139986990 0.9295245618737276 160
1780139986992 0.9553126013909068 161
1780139986995 0.9346444581104402 162
1780139986997 0.9600358211333822 163
1780139986999 0.9292213883677298 164
1780139987002 0.9350533781021586 165
1780139987004 0.9404441158613175 166
1780139987006 0.9499874921826141 167
1780139987009 0.9646878357853967 168
1780139987011 0.9550834403080873 169
1780139987014 0.9548252902424916 170
1780139987016 0.9650250378157356 171
1780139987018 0.9503082283570089 172
1780139987021 0.8854349162419244 173
1780139987023 0.9544668664039057 174
1780139987025 0.9550843807454846 175
1780139987028 0.9548139113144934 176
1780139987030 0.9500196926320161 177
1780139987032 0.9599525549332995 178
1780139987035 0.9799686834346655 179
1780139987038 0.9698337306681338 180
1780139987040 0.9600906346541777 181
1780139987042 0.9491770133917192 182
1780139987045 0.9542273289499906 183
1780139987047 0.9385315226778641 184
1780139987049 0.9751067631555437 185
1780139987052 0.9502844434923426 186
1780139987054 0.9601024211999821 187
1780139987056 0.9136577297411105 188
1780139987059 0.9402425429424861 189
1780139987061 0.91949279228349 190
1780139987063 0.9109483633902238 191
1780139987066 0.9447806886689472 192
1780139987068 0.8897784678272483 193
1780139987070 0.9359613778034831 194
1780139987073 0.926367216611119 195
1780139987075 0.9351114523065742 196
1780139987077 0.9087978031976528 197
1780139987080 0.9595314410462036 198
1780139987082 0.9551884636544458 199
1780139987085 0.9548270300516772 200
1780139987087 0.9546952042394917 201
1780139987089 0.9302515767663394 202
1780139987092 0.9514234011602433 203
1780139987094 0.9401049228905454 204
1780139987096 0.930872816290018 205
1780139987099 0.9459051108010715 206
1780139987101 0.9502790414449667 207
1780139987103 0.9742824303799914 208
1780139987106 0.969977617589941 209
1780139987108 0.9751036362011971 210
1780139987110 0.9551817160161191 211
1780139987113 0.9073296835812883 212
1780139987115 0.9354778658950675 213
1780139987118 0.9501608993072406 214
1780139987120 0.9594449307016102 215
1780139987122 0.965195995355114 216
1780139987124 0.9603166687826507 217
1780139987127 0.9598937057331838 218
1780139987129 0.9751996160390941 219
1780139987132 0.969977617589941 220
1780139987134 0.9551996160390941 221
1780139987137 0.9848587933247753 222
1780139987139 0.9649776175899409 223
1780139987141 0.9799874921826142 224
1780139987144 0.9599655564803191 225
1780139987146 0.9599467477323703 226
1780139987148 0.9599467477323703 227
1780139987151 0.9596627731287551 228
1780139987153 0.9200463597676141 229
1780139987155 0.9220968562208013 230
1780139987158 0.9649718103890119 231
1780139987160 0.9448214349663733 232
1780139987162 0.959993746091307 233
1780139987165 0.9549583621342286 234
1780139987167 0.9290026191181517 235
1780139987169 0.9508052181736393 236
1780139987171 0.9351183230630644 237
1780139987174 0.954451678339937 238
1780139987176 0.9700884481372286 239
1780139987179 0.9385823533191955 240
1780139987181 0.9400054450054451 241
1780139987183 0.9217499843490934 242
1780139987186 0.9648503528991335 243
1780139987188 0.9553832688492507 244
1780139987190 0.9802027429934407 245
1780139987193 0.975517727886149 246
1780139987195 0.9599624295259727 247
1780139987197 0.9253477798920675 248
1780139987200 0.9703278211672993 249
1780139987202 0.9647243342878774 250
1780139987204 0.9068871899359705 251
1780139987207 0.9443123920889095 252
1780139987209 0.9553023118028939 253
1780139987211 0.8692933803208842 254
1780139987214 0.9599525549332995 255
1780139987216 0.9495710665030306 256
1780139987219 0.9144345913764859 257
1780139987221 0.9449445258656468 258
1780139987223 0.964777561714601 259
1780139987226 0.9255614127858344 260
1780139987228 0.955099990676311 261
1780139987231 0.9656494486982291 262
1780139987233 0.9799906191369608 263
1780139987235 0.9748587933247752 264
1780139987238 0.9649624295259726 265
1780139987240 0.9494679240314671 266
1780139987242 0.9552086906258921 267
1780139987245 0.9849906191369605 268
1780139987247 0.9949968730456537 269
1780139987249 0.9554059009822213 270
1780139987252 0.969987492182614 271
1780139987254 0.9350982978889956 272
1780139987256 0.930203880780201 273
1780139987258 0.9751125703564728 274
1780139987261 0.9647945989409404 275
1780139987263 0.9503296703296703 276
1780139987266 0.9649624295259726 277
1780139987268 0.9404296858468874 278
1780139987270 0.9749744906355946 279
1780139987273 0.9008722457933362 280
1780139987275 0.9701897414464209 281
1780139987277 0.9034849932062474 282
1780139987280 0.9849906191369605 283
1780139987282 0.9553612281468509 284
1780139987285 0.932687641463221 285
1780139987287 0.9551071094074945 286
1780139987289 0.9190067022293281 287
1780139987292 0.9349633699633699 288
1780139987294 0.9899937460913071 289
1780139987296 0.9504475541574386 290
1780139987299 0.9604135004818648 291
1780139987301 0.9441596783060199 292
1780139987303 0.9799718103890118 293
1780139987306 0.9350780685705617 294
1780139987308 0.9546238002001204 295
1780139987310 0.9754408382315359 296
1780139987313 0.9597190208165818 297
1780139987315 0.9350058072009293 298
1780139987317 0.8851558692242335 299
1780139987320 0.9346177728889614 300
1780139987322 0.984971810389012 301
1780139987325 0.9648436052608067 302
1780139987327 0.9596238002001206 303
1780139987330 0.9651866144920748 304
1780139987332 0.9698306037137872 305
1780139987334 0.9596685803296843 306
1780139987337 0.9599436207780239 307
1780139987339 0.9599284327140554 308
1780139987341 0.9553148196202799 309
1780139987344 0.9599556818876458 310
1780139987346 0.9506572638600879 311
1780139987358 0.969847225944787 312
1780139987361 0.9744643033474869 313
