1780565730294 0.0 0
1780565730296 0.09 1
1780565730298 0.11499999999999999 2
1780565730300 0.15 3
1780565730301 0.16499999999999998 4
1780565730303 0.14 5
1780565730305 0.185 6
1780565730307 0.16 7
1780565730309 0.20500000000000002 8
1780565730310 0.19 9
1780565730312 0.14 10
1780565730314 0.21999999999999997 11
1780565730316 0.195 12
1780565730317 0.12 13
1780565730319 0.21000000000000002 14
1780565730321 0.25 15
1780565730323 0.2 16
1780565730325 0.215 17
1780565730326 0.22000000000000003 18
1780565730328 0.27 19
1780565730330 0.165 20
1780565730332 0.28500000000000003 21
1780565730334 0.22999999999999998 22
1780565730335 0.21999999999999997 23
1780565730337 0.225 24
1780565730339 0.20000000000000004 25
1780565730341 0.22999999999999998 26
1780565730342 0.185 27
1780565730344 0.17 28
1780565730346 0.17 29
1780565730348 0.23000000000000004 30
1780565730350 0.28500000000000003 31
1780565730351 0.29000000000000004 32
1780565730353 0.29500000000000004 33
1780565730355 0.215 34
1780565730357 0.165 35
1780565730358 0.25 36
1780565730360 0.36 37
1780565730362 0.205 38
1780565730364 0.265 39
1780565730366 0.20500000000000002 40
1780565730367 0.225 41
1780565730369 0.27999999999999997 42
1780565730371 0.27 43
1780565730373 0.325 44
1780565730374 0.345 45
1780565730376 0.26 46
1780565730378 0.18 47
1780565730380 0.29500000000000004 48
1780565730382 0.295 49
1780565730383 0.18 50
1780565730385 0.34 51
1780565730387 0.24 52
1780565730389 0.21000000000000002 53
1780565730391 0.28500000000000003 54
1780565730393 0.21999999999999997 55
1780565730394 0.29500000000000004 56
1780565730396 0.24000000000000005 57
1780565730398 0.32 58
1780565730400 0.23500000000000001 59
1780565730402 0.32999999999999996 60
1780565730403 0.23500000000000001 61
1780565730405 0.3 62
1780565730407 0.2899999999999999 63
1780565730409 0.31999999999999995 64
1780565730411 0.255 65
1780565730412 0.27 66
1780565730414 0.345 67
1780565730416 0.34 68
1780565730418 0.3549999999999999 69
1780565730420 0.24500000000000002 70
1780565730421 0.275 71
1780565730423 0.355 72
1780565730425 0.31499999999999995 73
1780565730427 0.335 74
1780565730428 0.22999999999999998 75
1780565730430 0.3 76
1780565730432 0.325 77
1780565730434 0.38 78
1780565730436 0.30999999999999994 79
1780565730437 0.34 80
1780565730439 0.25 81
1780565730441 0.27999999999999997 82
1780565730443 0.335 83
1780565730445 0.31499999999999995 84
1780565730446 0.325 85
1780565730448 0.24500000000000002 86
1780565730450 0.265 87
1780565730452 0.335 88
1780565730453 0.29500000000000004 89
1780565730455 0.255 90
1780565730457 0.27 91
1780565730459 0.3 92
1780565730461 0.26 93
1780565730462 0.23500000000000001 94
1780565730464 0.37 95
1780565730466 0.355 96
1780565730468 0.335 97
1780565730470 0.26999999999999996 98
1780565730471 0.37 99
1780565730473 0.325 100
1780565730475 0.325 101
1780565730477 0.34500000000000003 102
1780565730479 0.27 103
1780565730480 0.30999999999999994 104
1780565730482 0.25499999999999995 105
1780565730484 0.305 106
1780565730486 0.28 107
1780565730487 0.35 108
1780565730489 0.31999999999999995 109
1780565730491 0.3450000000000001 110
1780565730493 0.28500000000000003 111
1780565730495 0.40499999999999997 112
1780565730496 0.32 113
1780565730498 0.34500000000000003 114
1780565730500 0.35 115
1780565730502 0.215 116
1780565730504 0.36 117
1780565730505 0.30999999999999994 118
1780565730507 0.23500000000000001 119
1780565730509 0.325 120
1780565730511 0.35 121
1780565730512 0.32999999999999996 122
1780565730514 0.33999999999999997 123
1780565730516 0.335 124
1780565730518 0.32500000000000007 125
1780565730520 0.25 126
1780565730521 0.33999999999999997 127
1780565730523 0.33999999999999997 128
1780565730525 0.31500000000000006 129
1780565730527 0.34500000000000003 130
1780565730529 0.33999999999999997 131
1780565730530 0.28500000000000003 132
1780565730532 0.305 133
1780565730534 0.38 134
1780565730536 0.36500000000000005 135
1780565730537 0.355 136
1780565730539 0.29000000000000004 137
1780565730541 0.29999999999999993 138
1780565730543 0.29500000000000004 139
1780565730545 0.25 140
1780565730546 0.33 141
1780565730548 0.33 142
1780565730550 0.36 143
1780565730552 0.35 144
1780565730554 0.32499999999999996 145
1780565730555 0.255 146
1780565730557 0.315 147
1780565730559 0.38500000000000006 148
1780565730561 0.325 149
1780565730562 0.28 150
1780565730564 0.32000000000000006 151
1780565730566 0.35500000000000004 152
1780565730568 0.4 153
1780565730570 0.3350000000000001 154
1780565730571 0.32 155
1780565730573 0.34 156
1780565730575 0.355 157
1780565730577 0.325 158
1780565730579 0.26 159
1780565730580 0.335 160
1780565730582 0.37 161
1780565730584 0.385 162
1780565730586 0.34500000000000003 163
1780565730587 0.33999999999999997 164
1780565730589 0.375 165
1780565730591 0.36499999999999994 166
1780565730593 0.4 167
1780565730595 0.3499999999999999 168
1780565730596 0.39 169
1780565730598 0.35 170
1780565730600 0.315 171
1780565730602 0.32 172
1780565730604 0.37 173
1780565730605 0.335 174
1780565730607 0.42000000000000004 175
1780565730609 0.265 176
1780565730611 0.21000000000000002 177
1780565730613 0.38 178
1780565730614 0.40499999999999997 179
1780565730616 0.25999999999999995 180
1780565730618 0.43500000000000005 181
1780565730620 0.355 182
1780565730621 0.41500000000000004 183
1780565730623 0.3450000000000001 184
1780565730625 0.35500000000000004 185
1780565730627 0.305 186
1780565730629 0.37 187
1780565730630 0.33 188
1780565730632 0.34500000000000003 189
1780565730634 0.345 190
1780565730636 0.4149999999999999 191
1780565730638 0.43999999999999995 192
1780565730639 0.375 193
1780565730641 0.39499999999999996 194
1780565730643 0.335 195
1780565730645 0.29000000000000004 196
1780565730651 0.35000000000000003 197
1780565730657 0.38499999999999995 198
1780565730659 0.37 199
1780565730661 0.39499999999999996 200
1780565730662 0.345 201
1780565730664 0.39499999999999996 202
1780565730666 0.4600000000000001 203
1780565730668 0.41500000000000004 204
1780565730669 0.33499999999999996 205
1780565730671 0.365 206
1780565730673 0.38 207
1780565730675 0.36 208
1780565730677 0.40499999999999997 209
1780565730678 0.33999999999999997 210
1780565730680 0.35 211
1780565730682 0.32999999999999996 212
1780565730684 0.4600000000000001 213
1780565730686 0.35500000000000004 214
1780565730687 0.325 215
1780565730689 0.33000000000000007 216
1780565730691 0.35 217
1780565730693 0.375 218
1780565730695 0.325 219
1780565730696 0.39 220
1780565730698 0.38 221
1780565730700 0.355 222
1780565730702 0.35 223
1780565730704 0.33999999999999997 224
1780565730705 0.36499999999999994 225
1780565730707 0.37 226
1780565730709 0.4050000000000001 227
1780565730711 0.35500000000000004 228
1780565730712 0.38000000000000006 229
1780565730714 0.425 230
1780565730716 0.375 231
1780565730718 0.37 232
1780565730720 0.4 233
1780565730722 0.40499999999999997 234
1780565730724 0.42000000000000004 235
1780565730725 0.38499999999999995 236
1780565730727 0.40499999999999997 237
1780565730729 0.315 238
1780565730731 0.33 239
1780565730732 0.37 240
1780565730734 0.40499999999999997 241
1780565730736 0.45 242
1780565730738 0.355 243
1780565730740 0.385 244
1780565730741 0.38 245
1780565730743 0.385 246
1780565730745 0.31999999999999995 247
1780565730747 0.33 248
1780565730749 0.41000000000000003 249
1780565730750 0.33499999999999996 250
1780565730752 0.38500000000000006 251
1780565730754 0.365 252
1780565730756 0.375 253
1780565730758 0.37499999999999994 254
1780565730759 0.375 255
1780565730761 0.35 256
1780565730763 0.4 257
1780565730765 0.36000000000000004 258
1780565730766 0.35 259
1780565730768 0.31 260
1780565730770 0.395 261
1780565730772 0.42000000000000004 262
1780565730774 0.275 263
1780565730775 0.40499999999999997 264
1780565730777 0.395 265
1780565730779 0.32999999999999996 266
1780565730781 0.45999999999999996 267
1780565730782 0.40499999999999997 268
1780565730784 0.37500000000000006 269
1780565730786 0.42000000000000004 270
1780565730788 0.395 271
1780565730790 0.4 272
1780565730791 0.35 273
1780565730793 0.3 274
1780565730795 0.45 275
1780565730797 0.36 276
1780565730799 0.41999999999999993 277
1780565730800 0.32 278
1780565730802 0.43499999999999994 279
1780565730804 0.375 280
1780565730806 0.42000000000000004 281
1780565730807 0.37500000000000006 282
1780565730809 0.4 283
1780565730811 0.45 284
1780565730813 0.37 285
1780565730815 0.385 286
1780565730816 0.37499999999999994 287
1780565730818 0.31000000000000005 288
1780565730820 0.35500000000000004 289
1780565730822 0.34500000000000003 290
1780565730824 0.42000000000000004 291
1780565730825 0.28500000000000003 292
1780565730832 0.40499999999999997 293
1780565730834 0.31500000000000006 294
1780565730835 0.24 295
1780565730837 0.4749999999999999 296
1780565730839 0.38 297
1780565730841 0.385 298
