1780128597288 0.0 0
1780128597291 0.9033333333333283 1
1780128597294 0.9149999999999949 2
1780128597296 0.9199999999999949 3
1780128597298 0.9372222222222171 4
1780128597300 0.9305555555555504 5
1780128597303 0.9649999999999945 6
1780128597305 0.9577777777777724 7
1780128597307 0.9772222222222169 8
1780128597309 0.9577777777777724 9
1780128597312 0.9805555555555501 10
1780128597314 0.9566666666666613 11
1780128597316 0.9777777777777723 12
1780128597319 0.9799999999999945 13
1780128597321 0.9811111111111057 14
1780128597323 0.9855555555555501 15
1780128597325 0.9894444444444389 16
1780128597328 0.9894444444444389 17
1780128597330 0.9894444444444389 18
1780128597332 0.9888888888888833 19
1780128597335 0.9883333333333277 20
1780128597337 0.9911111111111056 21
1780128597339 0.9927777777777722 22
1780128597342 0.9911111111111055 23
1780128597344 0.9922222222222168 24
1780128597346 0.9894444444444389 25
1780128597348 0.9911111111111056 26
1780128597351 0.9922222222222168 27
1780128597353 0.9822222222222166 28
1780128597355 0.9872222222222167 29
1780128597358 0.9911111111111055 30
1780128597360 0.9955555555555501 31
1780128597362 0.984444444444439 32
1780128597365 0.9911111111111056 33
1780128597367 0.9922222222222166 34
1780128597369 0.9822222222222166 35
1780128597371 0.9916666666666611 36
1780128597374 0.9711111111111057 37
1780128597376 0.984444444444439 38
1780128597388 0.9922222222222168 39
1780128597391 0.9911111111111055 40
1780128597393 0.9894444444444389 41
1780128597395 0.9888888888888834 42
1780128597398 0.9938888888888833 43
1780128597400 0.9927777777777722 44
1780128597402 0.9883333333333277 45
1780128597404 0.9916666666666611 46
1780128597407 0.9894444444444389 47
1780128597409 0.9799999999999945 48
1780128597411 0.9883333333333277 49
1780128597414 0.9949999999999944 50
1780128597416 0.9772222222222167 51
1780128597418 0.9894444444444389 52
1780128597421 0.9949999999999944 53
1780128597423 0.9949999999999944 54
1780128597425 0.9849999999999944 55
1780128597428 0.958333333333328 56
1780128597430 0.9899999999999946 57
1780128597432 0.9872222222222167 58
1780128597435 0.99055555555555 59
1780128597437 0.9811111111111057 60
1780128597439 0.9894444444444389 61
1780128597442 0.9899999999999946 62
1780128597444 0.9816666666666611 63
1780128597446 0.9833333333333278 64
1780128597449 0.9794444444444391 65
1780128597451 0.9933333333333279 66
1780128597453 0.9788888888888835 67
1780128597456 0.9899999999999943 68
1780128597458 0.9827777777777722 69
1780128597460 0.9899999999999943 70
1780128597463 0.9777777777777723 71
1780128597465 0.9911111111111055 72
1780128597467 0.986666666666661 73
1780128597469 0.9916666666666611 74
1780128597472 0.9922222222222168 75
1780128597474 0.9944444444444388 76
1780128597476 0.9916666666666611 77
1780128597479 0.9866666666666613 78
1780128597481 0.9833333333333277 79
1780128597483 0.9927777777777722 80
1780128597486 0.9911111111111055 81
1780128597488 0.9766666666666612 82
1780128597490 0.9822222222222168 83
1780128597493 0.9672222222222169 84
1780128597495 0.9866666666666613 85
1780128597497 0.9516666666666614 86
1780128597499 0.9933333333333276 87
1780128597502 0.9938888888888833 88
1780128597504 0.9916666666666611 89
1780128597506 0.9944444444444389 90
1780128597509 0.9949999999999944 91
1780128597511 0.9916666666666611 92
1780128597513 0.9838888888888834 93
1780128597516 0.9899999999999943 94
1780128597518 0.9933333333333276 95
1780128597520 0.9738888888888834 96
1780128597523 0.9861111111111056 97
1780128597525 0.9761111111111056 98
1780128597527 0.9783333333333278 99
1780128597529 0.9927777777777722 100
1780128597532 0.9938888888888833 101
1780128597534 0.9883333333333277 102
1780128597536 0.9916666666666611 103
1780128597539 0.9794444444444389 104
1780128597541 0.9944444444444389 105
1780128597543 0.9949999999999944 106
1780128597546 0.9944444444444389 107
1780128597548 0.9738888888888836 108
1780128597550 0.9894444444444389 109
1780128597552 0.986666666666661 110
1780128597555 0.9916666666666611 111
1780128597557 0.9938888888888833 112
1780128597559 0.9922222222222168 113
1780128597562 0.9933333333333276 114
1780128597564 0.9961111111111055 115
1780128597566 0.9916666666666611 116
1780128597573 0.9955555555555501 117
1780128597576 0.9927777777777722 118
1780128597578 0.9877777777777723 119
1780128597580 0.9961111111111055 120
1780128597582 0.9933333333333279 121
1780128597585 0.9761111111111056 122
1780128597587 0.9805555555555501 123
1780128597589 0.9816666666666611 124
1780128597592 0.9916666666666611 125
1780128597594 0.9877777777777723 126
1780128597596 0.9949999999999944 127
1780128597598 0.9916666666666611 128
1780128597601 0.9883333333333277 129
1780128597603 0.9899999999999943 130
1780128597605 0.9633333333333279 131
1780128597608 0.9911111111111055 132
1780128597610 0.9927777777777722 133
1780128597612 0.9961111111111055 134
1780128597615 0.9944444444444389 135
1780128597617 0.9938888888888833 136
1780128597619 0.9799999999999945 137
1780128597621 0.9933333333333276 138
1780128597624 0.9933333333333279 139
1780128597626 0.9638888888888836 140
1780128597628 0.9933333333333276 141
1780128597631 0.9911111111111055 142
1780128597633 0.9944444444444388 143
1780128597635 0.9933333333333279 144
1780128597638 0.9944444444444389 145
1780128597640 0.9949999999999944 146
1780128597642 0.9944444444444388 147
1780128597644 0.9938888888888833 148
1780128597647 0.9877777777777723 149
1780128597649 0.9894444444444389 150
1780128597651 0.9816666666666611 151
1780128597654 0.9911111111111055 152
1780128597656 0.9966666666666611 153
1780128597658 0.9861111111111056 154
1780128597660 0.9933333333333276 155
1780128597663 0.9911111111111056 156
1780128597665 0.9861111111111057 157
1780128597667 0.984444444444439 158
1780128597670 0.9966666666666611 159
1780128597672 0.9972222222222167 160
1780128597674 0.9966666666666611 161
1780128597676 0.9861111111111056 162
1780128597679 0.9922222222222166 163
1780128597681 0.9949999999999944 164
1780128597683 0.9911111111111056 165
1780128597686 0.9938888888888833 166
1780128597688 0.9899999999999946 167
1780128597690 0.9966666666666611 168
1780128597692 0.9933333333333276 169
1780128597695 0.996666666666661 170
1780128597697 0.99055555555555 171
1780128597699 0.9944444444444389 172
1780128597702 0.9972222222222167 173
1780128597704 0.9949999999999944 174
1780128597707 0.9944444444444389 175
1780128597709 0.9955555555555499 176
1780128597711 0.9977777777777723 177
1780128597714 0.9944444444444388 178
1780128597716 0.9977777777777721 179
1780128597718 0.9955555555555501 180
1780128597720 0.9944444444444389 181
1780128597723 0.996666666666661 182
1780128597725 0.9944444444444389 183
1780128597727 0.9961111111111055 184
1780128597730 0.9972222222222167 185
1780128597732 0.9972222222222167 186
1780128597734 0.9955555555555501 187
1780128597737 0.9955555555555499 188
1780128597739 0.9966666666666611 189
1780128597741 0.9938888888888833 190
1780128597744 0.9961111111111055 191
1780128597746 0.9961111111111055 192
1780128597748 0.9949999999999944 193
1780128597751 0.9972222222222167 194
1780128597754 0.9966666666666611 195
1780128597756 0.9944444444444389 196
1780128597758 0.9977777777777723 197
1780128597761 0.9961111111111055 198
1780128597763 0.9938888888888833 199
1780128597765 0.9977777777777721 200
1780128597767 0.9955555555555499 201
1780128597770 0.9833333333333278 202
1780128597772 0.9949999999999944 203
1780128597774 0.9972222222222167 204
1780128597777 0.9955555555555499 205
1780128597779 0.9966666666666611 206
1780128597781 0.9922222222222168 207
1780128597784 0.996666666666661 208
1780128597786 0.9972222222222167 209
1780128597788 0.9961111111111055 210
1780128597790 0.9961111111111055 211
1780128597793 0.9966666666666611 212
1780128597795 0.996666666666661 213
1780128597797 0.9955555555555501 214
1780128597799 0.9972222222222167 215
1780128597802 0.9983333333333277 216
1780128597804 0.9972222222222167 217
1780128597806 0.9944444444444388 218
1780128597809 0.9955555555555499 219
1780128597811 0.9983333333333277 220
1780128597813 0.9972222222222167 221
1780128597815 0.9938888888888833 222
1780128597818 0.9927777777777722 223
1780128597820 0.9866666666666613 224
1780128597822 0.9983333333333277 225
1780128597825 0.9999999999999944 226
1780128597827 0.9983333333333277 227
1780128597829 0.9972222222222167 228
1780128597831 0.9961111111111055 229
1780128597834 0.9972222222222167 230
1780128597836 0.9961111111111055 231
1780128597838 0.9816666666666614 232
1780128597841 0.9955555555555501 233
1780128597843 0.9955555555555501 234
1780128597845 0.9827777777777722 235
1780128597848 0.9949999999999944 236
1780128597850 0.9983333333333277 237
1780128597852 0.9983333333333277 238
1780128597854 0.9899999999999946 239
1780128597857 0.9977777777777723 240
1780128597859 0.9949999999999944 241
1780128597861 0.9938888888888833 242
1780128597863 0.9949999999999944 243
1780128597866 0.9955555555555501 244
1780128597868 0.996666666666661 245
1780128597870 0.9933333333333276 246
1780128597873 0.9966666666666611 247
1780128597875 0.9961111111111055 248
1780128597877 0.9949999999999944 249
1780128597879 0.9927777777777722 250
1780128597882 0.9961111111111055 251
1780128597884 0.9949999999999944 252
1780128597886 0.9972222222222167 253
1780128597889 0.996666666666661 254
1780128597891 0.996666666666661 255
1780128597893 0.9977777777777723 256
1780128597895 0.9961111111111055 257
1780128597898 0.9983333333333277 258
1780128597900 0.9977777777777723 259
1780128597902 0.9955555555555499 260
1780128597905 0.9922222222222168 261
1780128597907 0.9949999999999944 262
1780128597909 0.9972222222222167 263
1780128597911 0.9955555555555499 264
1780128597914 0.9961111111111055 265
1780128597916 0.9972222222222167 266
1780128597918 0.9944444444444389 267
1780128597921 0.9961111111111055 268
1780128597923 0.9961111111111055 269
1780128597925 0.9983333333333277 270
1780128597927 0.9983333333333277 271
1780128597930 0.9972222222222167 272
1780128597932 0.9972222222222167 273
1780128597934 0.9955555555555501 274
1780128597937 0.9972222222222167 275
1780128597939 0.9977777777777721 276
1780128597941 0.9972222222222167 277
1780128597943 0.9977777777777723 278
1780128597946 0.996666666666661 279
1780128597948 0.9983333333333277 280
1780128597950 0.9983333333333277 281
1780128597953 0.9966666666666611 282
1780128597955 0.9938888888888833 283
1780128597957 0.9955555555555499 284
1780128597959 0.9966666666666611 285
1780128597962 0.996666666666661 286
1780128597964 0.9949999999999944 287
1780128597966 0.9961111111111055 288
1780128597969 0.9983333333333277 289
1780128597971 0.9961111111111055 290
1780128597973 0.9933333333333276 291
1780128597975 0.9977777777777723 292
1780128597978 0.9955555555555501 293
1780128597980 0.9922222222222168 294
1780128597982 0.9972222222222167 295
1780128597985 0.9972222222222167 296
1780128597987 0.9955555555555501 297
1780128597989 0.9838888888888835 298
1780128597991 0.9855555555555501 299
1780128597994 0.9949999999999944 300
1780128597996 0.9955555555555499 301
1780128597998 0.9955555555555501 302
1780128598001 0.9977777777777721 303
1780128598003 0.9927777777777722 304
1780128598005 0.9961111111111055 305
1780128598007 0.9961111111111055 306
1780128598010 0.9966666666666611 307
1780128598012 0.9983333333333277 308
1780128598014 0.9961111111111055 309
1780128598017 0.9966666666666611 310
1780128598019 0.9977777777777723 311
1780128598021 0.9977777777777723 312
1780128598023 0.9977777777777723 313
