1780526933002 0.0 0
1780526933004 0.10500000000000001 1
1780526933006 0.12999999999999998 2
1780526933008 0.12 3
1780526933010 0.11499999999999999 4
1780526933012 0.17 5
1780526933013 0.205 6
1780526933015 0.13999999999999999 7
1780526933017 0.225 8
1780526933019 0.24500000000000002 9
1780526933020 0.205 10
1780526933022 0.3 11
1780526933024 0.20999999999999996 12
1780526933026 0.155 13
1780526933027 0.23500000000000001 14
1780526933029 0.16 15
1780526933031 0.225 16
1780526933033 0.185 17
1780526933034 0.19 18
1780526933036 0.275 19
1780526933038 0.23500000000000001 20
1780526933040 0.22999999999999998 21
1780526933041 0.22000000000000003 22
1780526933043 0.24 23
1780526933045 0.13 24
1780526933047 0.15 25
1780526933048 0.18 26
1780526933050 0.25 27
1780526933052 0.23500000000000001 28
1780526933054 0.16499999999999998 29
1780526933055 0.27999999999999997 30
1780526933057 0.23000000000000004 31
1780526933059 0.27999999999999997 32
1780526933061 0.21999999999999997 33
1780526933062 0.24499999999999997 34
1780526933064 0.24 35
1780526933066 0.27999999999999997 36
1780526933068 0.23500000000000001 37
1780526933070 0.225 38
1780526933071 0.255 39
1780526933073 0.27999999999999997 40
1780526933075 0.275 41
1780526933076 0.255 42
1780526933078 0.18 43
1780526933080 0.30500000000000005 44
1780526933082 0.315 45
1780526933083 0.295 46
1780526933085 0.325 47
1780526933087 0.185 48
1780526933089 0.26 49
1780526933090 0.305 50
1780526933092 0.25999999999999995 51
1780526933094 0.23500000000000001 52
1780526933096 0.31 53
1780526933097 0.24000000000000005 54
1780526933099 0.275 55
1780526933101 0.23500000000000001 56
1780526933103 0.315 57
1780526933104 0.305 58
1780526933106 0.28 59
1780526933108 0.26 60
1780526933110 0.32 61
1780526933111 0.325 62
1780526933113 0.3 63
1780526933115 0.28500000000000003 64
1780526933116 0.30999999999999994 65
1780526933118 0.29 66
1780526933120 0.27 67
1780526933122 0.33499999999999996 68
1780526933123 0.23500000000000001 69
1780526933125 0.275 70
1780526933127 0.325 71
1780526933129 0.39 72
1780526933130 0.31 73
1780526933132 0.24500000000000002 74
1780526933134 0.325 75
1780526933136 0.36 76
1780526933137 0.22999999999999998 77
1780526933139 0.34500000000000003 78
1780526933141 0.48999999999999994 79
1780526933142 0.36 80
1780526933144 0.27 81
1780526933146 0.285 82
1780526933148 0.4 83
1780526933149 0.32999999999999996 84
1780526933151 0.255 85
1780526933153 0.31500000000000006 86
1780526933155 0.27999999999999997 87
1780526933156 0.33999999999999997 88
1780526933158 0.2899999999999999 89
1780526933160 0.32999999999999996 90
1780526933162 0.27999999999999997 91
1780526933163 0.34500000000000003 92
1780526933165 0.29999999999999993 93
1780526933167 0.27999999999999997 94
1780526933168 0.33 95
1780526933170 0.355 96
1780526933172 0.32999999999999996 97
1780526933174 0.33 98
1780526933175 0.385 99
1780526933177 0.34500000000000003 100
1780526933179 0.275 101
1780526933181 0.28 102
1780526933182 0.31 103
1780526933184 0.29000000000000004 104
1780526933186 0.36 105
1780526933188 0.34 106
1780526933189 0.36 107
1780526933191 0.395 108
1780526933193 0.4 109
1780526933195 0.25 110
1780526933196 0.35 111
1780526933198 0.325 112
1780526933200 0.225 113
1780526933201 0.215 114
1780526933203 0.38 115
1780526933205 0.395 116
1780526933207 0.37 117
1780526933208 0.335 118
1780526933210 0.325 119
1780526933212 0.375 120
1780526933214 0.375 121
1780526933215 0.35000000000000003 122
1780526933217 0.36 123
1780526933219 0.33 124
1780526933220 0.295 125
1780526933222 0.35000000000000003 126
1780526933224 0.26 127
1780526933226 0.37 128
1780526933227 0.34 129
1780526933229 0.32999999999999996 130
1780526933231 0.31999999999999995 131
1780526933233 0.34500000000000003 132
1780526933234 0.35500000000000004 133
1780526933236 0.38 134
1780526933238 0.385 135
1780526933239 0.36 136
1780526933241 0.325 137
1780526933243 0.23500000000000001 138
1780526933244 0.325 139
1780526933246 0.2899999999999999 140
1780526933248 0.2899999999999999 141
1780526933250 0.38 142
1780526933251 0.36500000000000005 143
1780526933253 0.36500000000000005 144
1780526933255 0.25 145
1780526933257 0.335 146
1780526933258 0.255 147
1780526933260 0.37 148
1780526933262 0.31 149
1780526933263 0.35 150
1780526933265 0.36 151
1780526933267 0.45499999999999996 152
1780526933269 0.325 153
1780526933270 0.265 154
1780526933272 0.43 155
1780526933274 0.38 156
1780526933275 0.37 157
1780526933277 0.36 158
1780526933279 0.295 159
1780526933280 0.27 160
1780526933282 0.44000000000000006 161
1780526933284 0.35 162
1780526933286 0.4149999999999999 163
1780526933287 0.38499999999999995 164
1780526933289 0.315 165
1780526933291 0.315 166
1780526933292 0.35500000000000004 167
1780526933294 0.385 168
1780526933296 0.445 169
1780526933298 0.34 170
1780526933299 0.38 171
1780526933301 0.36 172
1780526933303 0.35 173
1780526933304 0.38000000000000006 174
1780526933306 0.32999999999999996 175
1780526933308 0.355 176
1780526933310 0.32 177
1780526933311 0.33999999999999997 178
1780526933313 0.34500000000000003 179
1780526933315 0.35000000000000003 180
1780526933316 0.27999999999999997 181
1780526933318 0.36 182
1780526933320 0.43499999999999994 183
1780526933322 0.38 184
1780526933323 0.39499999999999996 185
1780526933325 0.37 186
1780526933327 0.36 187
1780526933328 0.385 188
1780526933330 0.395 189
1780526933332 0.38500000000000006 190
1780526933333 0.35500000000000004 191
1780526933335 0.32999999999999996 192
1780526933337 0.44000000000000006 193
1780526933339 0.365 194
1780526933340 0.37 195
1780526933342 0.375 196
1780526933344 0.29500000000000004 197
1780526933345 0.425 198
1780526933347 0.35 199
1780526933349 0.36000000000000004 200
1780526933351 0.41999999999999993 201
1780526933352 0.33999999999999997 202
1780526933354 0.42499999999999993 203
1780526933356 0.32 204
1780526933357 0.365 205
1780526933359 0.33000000000000007 206
1780526933361 0.36500000000000005 207
1780526933363 0.37 208
1780526933364 0.34500000000000003 209
1780526933366 0.275 210
1780526933368 0.395 211
1780526933369 0.4800000000000001 212
1780526933371 0.47000000000000003 213
1780526933373 0.34 214
1780526933374 0.44000000000000006 215
1780526933376 0.36500000000000005 216
1780526933378 0.41 217
1780526933380 0.42000000000000004 218
1780526933381 0.425 219
1780526933383 0.41500000000000004 220
1780526933385 0.36 221
1780526933387 0.45499999999999996 222
1780526933388 0.3350000000000001 223
1780526933390 0.38 224
1780526933392 0.33499999999999996 225
1780526933393 0.36 226
1780526933395 0.32499999999999996 227
1780526933397 0.39999999999999997 228
1780526933398 0.33499999999999996 229
1780526933400 0.44000000000000006 230
1780526933402 0.315 231
1780526933403 0.42000000000000004 232
1780526933405 0.35 233
1780526933407 0.37 234
1780526933409 0.45 235
1780526933410 0.4200000000000001 236
1780526933412 0.35500000000000004 237
1780526933414 0.425 238
1780526933415 0.37500000000000006 239
1780526933417 0.365 240
1780526933419 0.3849999999999999 241
1780526933420 0.4699999999999999 242
1780526933422 0.35 243
1780526933424 0.38 244
1780526933426 0.40499999999999997 245
1780526933427 0.41 246
1780526933429 0.36999999999999994 247
1780526933431 0.39499999999999996 248
1780526933432 0.395 249
1780526933434 0.385 250
1780526933436 0.38 251
1780526933438 0.39 252
1780526933439 0.35 253
1780526933441 0.44000000000000006 254
1780526933443 0.355 255
1780526933444 0.45 256
1780526933446 0.41999999999999993 257
1780526933448 0.37 258
1780526933450 0.40499999999999997 259
1780526933451 0.305 260
1780526933453 0.37 261
1780526933455 0.425 262
1780526933456 0.40499999999999997 263
1780526933458 0.345 264
1780526933460 0.37500000000000006 265
1780526933462 0.39999999999999997 266
1780526933463 0.43500000000000005 267
1780526933465 0.41 268
1780526933467 0.41500000000000004 269
1780526933468 0.40499999999999997 270
1780526933470 0.41500000000000004 271
1780526933472 0.39499999999999996 272
1780526933474 0.43999999999999995 273
1780526933475 0.3950000000000001 274
1780526933477 0.44000000000000006 275
1780526933479 0.365 276
1780526933480 0.35 277
1780526933482 0.37499999999999994 278
1780526933484 0.40499999999999997 279
1780526933486 0.43500000000000005 280
1780526933487 0.41999999999999993 281
1780526933489 0.4250000000000001 282
1780526933491 0.37 283
1780526933492 0.44000000000000006 284
1780526933494 0.34 285
1780526933496 0.43 286
1780526933498 0.43 287
1780526933499 0.40499999999999997 288
1780526933501 0.41500000000000004 289
1780526933503 0.365 290
1780526933504 0.44000000000000006 291
1780526933506 0.41000000000000003 292
1780526933508 0.39 293
1780526933510 0.265 294
1780526933511 0.38 295
1780526933513 0.4499999999999999 296
1780526933515 0.35 297
1780526933516 0.27 298
