1780564435091 0.0 0
1780564435093 0.04170502983802217 1
1780564435095 0.10732892578151051 2
1780564435097 0.2078378207943425 3
1780564435099 0.18208962775091808 4
1780564435101 0.16418130018130017 5
1780564435102 0.11743794379437944 6
1780564435104 0.26169740716799544 7
1780564435106 0.19827490706747675 8
1780564435108 0.17421007884568113 9
1780564435110 0.20803350249417668 10
1780564435111 0.29889173324917434 11
1780564435113 0.18356902299360808 12
1780564435115 0.2967302475991475 13
1780564435117 0.22257660108884628 14
1780564435119 0.24096658336553856 15
1780564435120 0.1759733388407567 16
1780564435122 0.14819015880741218 17
1780564435124 0.2595262738245774 18
1780564435126 0.20706692869011709 19
1780564435128 0.27192887789305675 20
1780564435129 0.1576863487389803 21
1780564435131 0.346756028676614 22
1780564435133 0.14306617279220016 23
1780564435135 0.22839106270052562 24
1780564435137 0.20069626409465688 25
1780564435138 0.36010027978812664 26
1780564435140 0.2426527724308624 27
1780564435142 0.2142457874351562 28
1780564435144 0.183038115038115 29
1780564435146 0.2658149892104835 30
1780564435147 0.2919557299850114 31
1780564435149 0.3205342245449455 32
1780564435151 0.31682695220999585 33
1780564435153 0.18998263794071651 34
1780564435155 0.24291660239192853 35
1780564435156 0.21114289138679382 36
1780564435158 0.31893163280211206 37
1780564435160 0.2595302081331493 38
1780564435162 0.1969423166865622 39
1780564435164 0.40638800065258185 40
1780564435165 0.21059434690469173 41
1780564435167 0.2244514137393394 42
1780564435169 0.1701379598662207 43
1780564435171 0.33274966313255555 44
1780564435173 0.3127244572738067 45
1780564435174 0.23885555737057404 46
1780564435176 0.2637696377796079 47
1780564435178 0.38839891589891595 48
1780564435180 0.28056995989937217 49
1780564435182 0.22350974992845152 50
1780564435183 0.3301112454635603 51
1780564435185 0.39626711215608446 52
1780564435187 0.2605092544728184 53
1780564435189 0.3106200028219885 54
1780564435191 0.3694029265883044 55
1780564435192 0.26447925697724245 56
1780564435194 0.3646431286058792 57
1780564435196 0.37686683382108976 58
1780564435198 0.30142926357931954 59
1780564435200 0.21310370230862036 60
1780564435201 0.22286028538686228 61
1780564435203 0.35618143639087435 62
1780564435205 0.342091165968303 63
1780564435207 0.3867698711683674 64
1780564435209 0.31360008543729473 65
1780564435210 0.22826073987121331 66
1780564435212 0.3913805763375596 67
1780564435214 0.36915509622830944 68
1780564435216 0.2862583792718261 69
1780564435218 0.33832686765511355 70
1780564435219 0.32956260827215644 71
1780564435221 0.3840082337630605 72
1780564435223 0.277384601006892 73
1780564435225 0.3140608847602521 74
1780564435227 0.2989537717921177 75
1780564435228 0.3844853406665215 76
1780564435230 0.35762576287882136 77
1780564435232 0.29585368389157873 78
1780564435234 0.31739053970299 79
1780564435236 0.3606746309547816 80
1780564435237 0.24051135867405155 81
1780564435239 0.30728882142005404 82
1780564435241 0.24697173620149634 83
1780564435243 0.28161999093033574 84
1780564435245 0.30958032178712747 85
1780564435246 0.3876050027854765 86
1780564435248 0.378073377846306 87
1780564435250 0.2996049812682543 88
1780564435256 0.3787068126370783 89
1780564435258 0.39664213905337153 90
1780564435260 0.290065445047896 91
1780564435262 0.3301196475639789 92
1780564435264 0.3271665266130461 93
1780564435266 0.32019380157412775 94
1780564435267 0.3842409698215169 95
1780564435269 0.3125275451062679 96
1780564435271 0.30965912830221287 97
1780564435273 0.4243801210712975 98
1780564435275 0.33942316050687926 99
1780564435276 0.38750384302455254 100
1780564435278 0.3799965461410125 101
1780564435280 0.3405858627095254 102
1780564435282 0.35342093328586666 103
1780564435284 0.34522535751518507 104
1780564435285 0.39030455106019013 105
1780564435287 0.3496356234649724 106
1780564435289 0.37285904198772885 107
1780564435291 0.3644869888888846 108
1780564435293 0.3402426822598882 109
1780564435294 0.32093606216432924 110
1780564435296 0.4594372444955982 111
1780564435298 0.37257913837846673 112
1780564435300 0.35108525591207984 113
1780564435301 0.3595270709765616 114
1780564435303 0.2524953923573162 115
1780564435305 0.329201835724043 116
1780564435307 0.3445671817019154 117
1780564435309 0.3802491449906368 118
1780564435310 0.16759537890940773 119
1780564435312 0.3540197347858813 120
1780564435314 0.4724771905262621 121
1780564435316 0.3944464695238537 122
1780564435318 0.30978455578455577 123
1780564435319 0.3789001751409412 124
1780564435321 0.3236270560820751 125
1780564435323 0.39077359728818084 126
1780564435325 0.31446257778735315 127
1780564435327 0.37021776904598824 128
1780564435328 0.3699730898074828 129
1780564435330 0.3136457023330109 130
1780564435332 0.4068094493567241 131
1780564435334 0.31752569452818624 132
1780564435336 0.4139229943498236 133
1780564435337 0.3280349365411995 134
1780564435339 0.36447803570292814 135
1780564435341 0.4162938399726716 136
1780564435343 0.2948683706160945 137
1780564435345 0.37830727206214715 138
1780564435346 0.2722295239373039 139
1780564435348 0.3784521232735518 140
1780564435350 0.3471231359603453 141
1780564435352 0.3248503571238814 142
1780564435354 0.4319843825864778 143
1780564435355 0.41928820105471365 144
1780564435357 0.28393323952470295 145
1780564435359 0.35761426438033805 146
1780564435361 0.3647756015736129 147
1780564435363 0.3023912386155549 148
1780564435364 0.3070517339289843 149
1780564435366 0.37535434626133957 150
1780564435368 0.2992637094170244 151
1780564435370 0.2629143516145704 152
1780564435372 0.2585714759564085 153
1780564435373 0.2051230496058082 154
1780564435375 0.20609254865667065 155
1780564435377 0.2327593649729356 156
1780564435379 0.20300274978809063 157
1780564435381 0.24688678247938092 158
1780564435382 0.30536692741955906 159
1780564435384 0.3773048412161316 160
1780564435386 0.2340440246146768 161
1780564435388 0.3498705900724534 162
1780564435390 0.35192163276987015 163
1780564435391 0.37254417642280646 164
1780564435393 0.4722284352988641 165
1780564435395 0.3109932927543196 166
1780564435397 0.427014385688928 167
1780564435399 0.41655990038065516 168
1780564435400 0.34723104100314783 169
1780564435402 0.212107438303011 170
1780564435404 0.34137327600253486 171
1780564435406 0.275030395296875 172
1780564435408 0.34409959301296317 173
1780564435410 0.29397463040326716 174
1780564435411 0.38942854739271704 175
1780564435413 0.30343957007012656 176
1780564435415 0.2881493317706787 177
1780564435417 0.304032281031667 178
1780564435419 0.28291848496771765 179
1780564435421 0.3026269054445477 180
1780564435423 0.26515076930866405 181
1780564435424 0.24505743906024807 182
1780564435426 0.12705933339837944 183
1780564435429 0.31847063772415973 184
1780564435431 0.18980190592599597 185
1780564435432 0.24230255374269455 186
1780564435434 0.35639980516301517 187
1780564435436 0.25209062781878316 188
1780564435438 0.350690003100121 189
1780564435440 0.25976548183623654 190
1780564435441 0.35604437841658226 191
1780564435443 0.2586176717339508 192
1780564435445 0.3015164423265469 193
1780564435447 0.39904663775631516 194
1780564435449 0.3160095219061171 195
1780564435450 0.36510375874862777 196
1780564435452 0.36172065372282225 197
1780564435454 0.32148575352522724 198
1780564435456 0.39006448515496506 199
1780564435458 0.22267855920335716 200
1780564435459 0.36069114791044177 201
1780564435461 0.37773203423598506 202
1780564435463 0.2758502950683402 203
1780564435465 0.3136746954246095 204
1780564435467 0.29141759414867197 205
1780564435468 0.27795775582476634 206
1780564435470 0.3044811516112826 207
1780564435472 0.13153918545222892 208
1780564435474 0.3432239586609179 209
1780564435476 0.2907211143853612 210
1780564435477 0.19862541052472402 211
1780564435479 0.3397263984171005 212
1780564435481 0.4238454558454558 213
1780564435483 0.3393400535742988 214
1780564435485 0.36397983102314135 215
1780564435486 0.26936180748059174 216
1780564435488 0.33567453294010197 217
1780564435490 0.31754652473145695 218
1780564435492 0.29231689240226166 219
1780564435494 0.33054566952882647 220
1780564435496 0.31880935885116146 221
1780564435497 0.34466808815759786 222
1780564435499 0.34168335986603654 223
1780564435501 0.2629504264971544 224
1780564435503 0.3352215272535327 225
1780564435505 0.3492388964397078 226
1780564435506 0.2852119235938574 227
1780564435508 0.3232729603245428 228
1780564435510 0.3410059033438388 229
1780564435512 0.3984581823031824 230
1780564435514 0.35320124132002617 231
1780564435515 0.34857592535341897 232
1780564435517 0.3191344794117559 233
1780564435519 0.3235751666613395 234
1780564435521 0.37491667855953575 235
1780564435523 0.370388196731699 236
1780564435524 0.33780558017854184 237
1780564435526 0.3675849846364891 238
1780564435528 0.3510685381197654 239
1780564435530 0.3363881633562879 240
1780564435532 0.41108229620417125 241
1780564435534 0.36555862597469485 242
1780564435535 0.20351895712972823 243
1780564435537 0.37324687046034294 244
1780564435539 0.28245044206586944 245
1780564435541 0.33688094016317327 246
1780564435543 0.30872345174885896 247
1780564435544 0.36014715101035855 248
1780564435546 0.3136735826297695 249
1780564435548 0.3853893132160258 250
1780564435550 0.28175306715756154 251
1780564435552 0.36856721030144335 252
1780564435554 0.3643773557972341 253
1780564435555 0.4104316147712301 254
1780564435557 0.36414499846170545 255
1780564435559 0.3564956332635284 256
1780564435561 0.3753001717544701 257
1780564435563 0.38724278024150677 258
1780564435564 0.33495343025925967 259
1780564435566 0.2971269164927192 260
1780564435568 0.2935348768878181 261
1780564435570 0.39648502476608877 262
1780564435572 0.35235849973196853 263
1780564435573 0.2318078068237098 264
1780564435575 0.34915820329613434 265
1780564435577 0.3052669443569074 266
1780564435579 0.35948083182801854 267
1780564435581 0.3501352026536489 268
1780564435582 0.28052215212240245 269
1780564435584 0.31684448581787633 270
1780564435586 0.4490678081807619 271
1780564435588 0.3376918714849749 272
1780564435590 0.4026344688077058 273
1780564435591 0.3030766024839543 274
1780564435593 0.3625662128584286 275
1780564435595 0.368981549102838 276
1780564435597 0.3408986640599544 277
1780564435599 0.3232759922152418 278
1780564435601 0.31572927138120954 279
1780564435602 0.3204320691141178 280
1780564435604 0.3799715212266629 281
1780564435606 0.3637405756239707 282
1780564435608 0.386166153228402 283
1780564435610 0.33415102217720205 284
1780564435612 0.385850949520858 285
1780564435613 0.36054648812828444 286
1780564435615 0.36659262340781146 287
1780564435617 0.4161018756753784 288
1780564435619 0.34162727818685423 289
1780564435621 0.34402599376640375 290
1780564435622 0.27839588201354726 291
1780564435624 0.3612152815256263 292
1780564435626 0.449935272300334 293
1780564435628 0.40463182351713156 294
1780564435630 0.3344133491806241 295
1780564435631 0.38300622479895596 296
1780564435633 0.2588490882462212 297
1780564435635 0.42937188160060086 298
