1780389986938 0.0 0
1780389986940 0.155 1
1780389986941 0.4 2
1780389986943 0.555 3
1780389986945 0.635 4
1780389986946 0.7100000000000001 5
1780389986948 0.7300000000000001 6
1780389986950 0.76 7
1780389986951 0.8099999999999999 8
1780389986953 0.8799999999999999 9
1780389986955 0.825 10
1780389986956 0.8300000000000001 11
1780389986958 0.825 12
1780389986960 0.8700000000000001 13
1780389986961 0.8800000000000001 14
1780389986963 0.85 15
1780389986965 0.86 16
1780389986966 0.9 17
1780389986968 0.89 18
1780389986970 0.865 19
1780389986971 0.875 20
1780389986973 0.8550000000000001 21
1780389986975 0.835 22
1780389986976 0.8549999999999999 23
1780389986978 0.8700000000000001 24
1780389986980 0.8799999999999999 25
1780389986981 0.8099999999999999 26
1780389986983 0.8400000000000001 27
1780389986985 0.845 28
1780389986986 0.8200000000000001 29
1780389986988 0.875 30
1780389986990 0.825 31
1780389986991 0.8099999999999999 32
1780389986993 0.825 33
1780389986995 0.86 34
1780389986996 0.775 35
1780389986998 0.8400000000000001 36
1780389987000 0.8450000000000001 37
1780389987001 0.8100000000000002 38
1780389987003 0.86 39
1780389987004 0.8549999999999999 40
1780389987006 0.8150000000000001 41
1780389987008 0.845 42
1780389987009 0.85 43
1780389987011 0.8299999999999998 44
1780389987013 0.7949999999999999 45
1780389987015 0.8550000000000001 46
1780389987016 0.78 47
1780389987018 0.825 48
1780389987020 0.77 49
1780389987021 0.8550000000000001 50
1780389987023 0.825 51
1780389987025 0.8099999999999999 52
1780389987026 0.8649999999999999 53
1780389987028 0.8899999999999999 54
1780389987030 0.755 55
1780389987031 0.8550000000000001 56
1780389987033 0.8450000000000001 57
1780389987035 0.8299999999999998 58
1780389987036 0.825 59
1780389987038 0.865 60
1780389987040 0.82 61
1780389987042 0.825 62
1780389987044 0.805 63
1780389987045 0.8150000000000001 64
1780389987047 0.825 65
1780389987049 0.8400000000000001 66
1780389987050 0.865 67
1780389987052 0.8399999999999999 68
1780389987054 0.86 69
1780389987056 0.8300000000000001 70
1780389987057 0.8099999999999999 71
1780389987059 0.86 72
1780389987061 0.86 73
1780389987062 0.85 74
1780389987064 0.8150000000000001 75
1780389987066 0.875 76
1780389987067 0.8099999999999999 77
1780389987069 0.845 78
1780389987071 0.875 79
1780389987072 0.845 80
1780389987074 0.825 81
1780389987076 0.825 82
1780389987078 0.845 83
1780389987079 0.8099999999999999 84
1780389987081 0.7750000000000001 85
1780389987083 0.78 86
1780389987084 0.825 87
1780389987086 0.8549999999999999 88
1780389987088 0.835 89
1780389987089 0.845 90
1780389987091 0.8400000000000001 91
1780389987093 0.835 92
1780389987095 0.7799999999999999 93
1780389987096 0.805 94
1780389987098 0.845 95
1780389987100 0.8700000000000001 96
1780389987101 0.7999999999999999 97
1780389987103 0.8099999999999999 98
1780389987104 0.8200000000000001 99
1780389987106 0.8299999999999998 100
1780389987108 0.82 101
1780389987109 0.8099999999999999 102
1780389987111 0.8150000000000001 103
1780389987113 0.8299999999999998 104
1780389987114 0.8550000000000001 105
1780389987116 0.8800000000000001 106
1780389987118 0.8150000000000001 107
1780389987119 0.85 108
1780389987121 0.8600000000000001 109
1780389987123 0.8399999999999999 110
1780389987124 0.86 111
1780389987126 0.8150000000000001 112
1780389987127 0.835 113
1780389987129 0.845 114
1780389987131 0.805 115
1780389987133 0.86 116
1780389987134 0.89 117
1780389987136 0.8299999999999998 118
1780389987137 0.8099999999999999 119
1780389987139 0.8400000000000001 120
1780389987141 0.86 121
1780389987142 0.845 122
1780389987144 0.805 123
1780389987146 0.8400000000000001 124
1780389987147 0.8400000000000001 125
1780389987149 0.835 126
1780389987151 0.8450000000000001 127
1780389987152 0.85 128
1780389987154 0.795 129
1780389987156 0.8399999999999999 130
1780389987157 0.8700000000000001 131
1780389987159 0.8549999999999999 132
1780389987161 0.805 133
1780389987162 0.9049999999999999 134
1780389987164 0.845 135
1780389987166 0.9 136
1780389987167 0.8400000000000001 137
1780389987169 0.865 138
1780389987171 0.8300000000000001 139
1780389987173 0.835 140
1780389987174 0.8550000000000001 141
1780389987176 0.845 142
1780389987178 0.8200000000000001 143
1780389987179 0.85 144
1780389987181 0.8099999999999999 145
1780389987183 0.85 146
1780389987185 0.86 147
1780389987186 0.8400000000000001 148
1780389987188 0.7750000000000001 149
1780389987190 0.82 150
1780389987192 0.8600000000000001 151
1780389987193 0.8699999999999999 152
1780389987195 0.86 153
1780389987197 0.8400000000000001 154
1780389987198 0.7949999999999999 155
1780389987200 0.8300000000000001 156
1780389987202 0.795 157
1780389987203 0.875 158
1780389987205 0.885 159
1780389987207 0.9 160
1780389987209 0.915 161
1780389987210 0.9099999999999999 162
1780389987212 0.945 163
1780389987214 0.885 164
1780389987215 0.8550000000000001 165
1780389987217 0.8949999999999999 166
1780389987219 0.9200000000000002 167
1780389987221 0.885 168
1780389987222 0.925 169
1780389987224 0.905 170
1780389987226 0.9099999999999999 171
1780389987227 0.9299999999999999 172
1780389987229 0.96 173
1780389987231 0.89 174
1780389987233 0.9400000000000001 175
1780389987234 0.9399999999999998 176
1780389987236 0.945 177
1780389987238 0.915 178
1780389987239 0.9549999999999998 179
1780389987241 0.9199999999999999 180
1780389987243 0.9349999999999999 181
1780389987244 0.9099999999999999 182
1780389987246 0.9149999999999998 183
1780389987248 0.9349999999999999 184
1780389987249 0.925 185
1780389987251 0.9099999999999999 186
1780389987253 0.915 187
1780389987255 0.9199999999999999 188
1780389987256 0.9299999999999999 189
1780389987258 0.9299999999999999 190
1780389987260 0.945 191
1780389987261 0.9349999999999999 192
1780389987263 0.9350000000000002 193
1780389987265 0.9299999999999999 194
1780389987266 0.9149999999999998 195
1780389987268 0.915 196
1780389987270 0.95 197
1780389987271 0.9149999999999998 198
1780389987273 0.8949999999999999 199
1780389987275 0.9550000000000001 200
1780389987277 0.945 201
1780389987278 0.9399999999999998 202
1780389987280 0.8949999999999999 203
1780389987282 0.9549999999999998 204
1780389987283 0.9349999999999999 205
1780389987285 0.9499999999999998 206
1780389987287 0.9399999999999998 207
1780389987288 0.915 208
1780389987290 0.9 209
1780389987292 0.8899999999999999 210
1780389987293 0.9349999999999999 211
1780389987295 0.9349999999999999 212
1780389987297 0.9100000000000001 213
1780389987299 0.9099999999999999 214
1780389987301 0.93 215
1780389987302 0.93 216
1780389987304 0.945 217
1780389987306 0.96 218
1780389987308 0.9199999999999999 219
1780389987310 0.925 220
1780389987312 0.9099999999999999 221
1780389987314 0.93 222
1780389987315 0.8800000000000001 223
1780389987317 0.9249999999999998 224
1780389987319 0.9299999999999999 225
1780389987320 0.9299999999999999 226
1780389987322 0.9349999999999999 227
1780389987324 0.9199999999999999 228
1780389987325 0.89 229
1780389987327 0.9400000000000001 230
1780389987329 0.9399999999999998 231
1780389987330 0.945 232
1780389987332 0.9199999999999999 233
1780389987334 0.9200000000000002 234
1780389987335 0.9 235
1780389987337 0.9199999999999999 236
1780389987339 0.975 237
1780389987341 0.925 238
1780389987342 0.9349999999999999 239
1780389987344 0.925 240
1780389987345 0.945 241
1780389987347 0.915 242
1780389987349 0.9250000000000002 243
1780389987351 0.9049999999999999 244
1780389987352 0.915 245
1780389987354 0.925 246
1780389987356 0.9349999999999999 247
1780389987357 0.915 248
1780389987359 0.93 249
1780389987361 0.9399999999999998 250
1780389987363 0.9349999999999999 251
1780389987364 0.9199999999999999 252
1780389987366 0.915 253
1780389987368 0.9099999999999999 254
1780389987369 0.9299999999999999 255
1780389987371 0.93 256
1780389987373 0.9400000000000001 257
1780389987375 0.9399999999999998 258
1780389987377 0.9349999999999999 259
1780389987378 0.9100000000000001 260
1780389987380 0.915 261
1780389987382 0.9199999999999999 262
1780389987383 0.9349999999999999 263
1780389987385 0.9 264
1780389987387 0.9349999999999999 265
1780389987389 0.9099999999999999 266
1780389987390 0.93 267
1780389987392 0.9199999999999999 268
1780389987394 0.915 269
1780389987395 0.95 270
1780389987397 0.915 271
1780389987399 0.9250000000000002 272
1780389987400 0.945 273
1780389987402 0.925 274
1780389987404 0.9349999999999999 275
1780389987406 0.95 276
1780389987408 0.9200000000000002 277
1780389987410 0.945 278
1780389987412 0.945 279
1780389987414 0.95 280
1780389987416 0.9399999999999998 281
1780389987418 0.9349999999999999 282
1780389987419 0.9099999999999999 283
1780389987421 0.875 284
1780389987423 0.9549999999999998 285
1780389987425 0.9349999999999999 286
1780389987427 0.9099999999999999 287
1780389987429 0.875 288
1780389987430 0.9199999999999999 289
1780389987432 0.9400000000000001 290
1780389987434 0.9049999999999999 291
1780389987435 0.925 292
1780389987437 0.945 293
1780389987439 0.9499999999999998 294
1780389987440 0.925 295
1780389987443 0.96 296
1780389987444 0.915 297
1780389987446 0.9249999999999998 298
1780389987448 0.9099999999999999 299
1780389987449 0.8949999999999999 300
1780389987451 0.8949999999999999 301
1780389987453 0.945 302
1780389987454 0.945 303
1780389987456 0.945 304
1780389987458 0.96 305
1780389987459 0.9000000000000001 306
1780389987461 0.915 307
1780389987463 0.9249999999999998 308
1780389987464 0.9099999999999999 309
1780389987466 0.95 310
1780389987468 0.9299999999999999 311
1780389987469 0.9349999999999999 312
1780389987471 0.9399999999999998 313
