1780114733830 0.0 0
1780114733832 0.1 1
1780114733834 0.23500000000000001 2
1780114733836 0.51 3
1780114733838 0.32999999999999996 4
1780114733840 0.605 5
1780114733842 0.6100000000000001 6
1780114733844 0.6399999999999999 7
1780114733845 0.7050000000000001 8
1780114733847 0.765 9
1780114733849 0.8200000000000001 10
1780114733851 0.6900000000000001 11
1780114733853 0.82 12
1780114733855 0.705 13
1780114733857 0.8700000000000001 14
1780114733858 0.805 15
1780114733860 0.8949999999999999 16
1780114733862 0.9299999999999999 17
1780114733864 0.9 18
1780114733866 0.8800000000000001 19
1780114733868 0.8699999999999999 20
1780114733870 0.9 21
1780114733871 0.8749999999999998 22
1780114733873 0.9399999999999998 23
1780114733875 0.9399999999999998 24
1780114733877 0.82 25
1780114733879 0.735 26
1780114733881 0.9149999999999998 27
1780114733883 0.7050000000000001 28
1780114733884 0.775 29
1780114733886 0.885 30
1780114733888 0.93 31
1780114733890 0.8699999999999999 32
1780114733892 0.8099999999999999 33
1780114733894 0.79 34
1780114733895 0.9199999999999999 35
1780114733897 0.8949999999999999 36
1780114733899 0.9199999999999999 37
1780114733901 0.89 38
1780114733903 0.9299999999999999 39
1780114733905 0.9099999999999999 40
1780114733907 0.775 41
1780114733909 0.9400000000000001 42
1780114733910 0.9349999999999999 43
1780114733912 0.9 44
1780114733914 0.805 45
1780114733916 0.6399999999999999 46
1780114733918 0.8550000000000001 47
1780114733920 0.925 48
1780114733922 0.8950000000000001 49
1780114733923 0.9349999999999999 50
1780114733925 0.76 51
1780114733927 0.8800000000000001 52
1780114733929 0.9400000000000001 53
1780114733931 0.9700000000000001 54
1780114733933 0.885 55
1780114733935 0.7749999999999999 56
1780114733936 0.7699999999999999 57
1780114733938 0.835 58
1780114733940 0.845 59
1780114733942 0.9350000000000002 60
1780114733944 0.865 61
1780114733946 0.8400000000000001 62
1780114733948 0.915 63
1780114733949 0.7400000000000001 64
1780114733951 0.8649999999999999 65
1780114733953 0.7150000000000001 66
1780114733955 0.95 67
1780114733957 0.9200000000000002 68
1780114733959 0.915 69
1780114733961 0.9349999999999999 70
1780114733962 0.865 71
1780114733964 0.9299999999999999 72
1780114733966 0.96 73
1780114733968 0.905 74
1780114733970 0.8800000000000001 75
1780114733972 0.9700000000000001 76
1780114733974 0.9299999999999999 77
1780114733976 0.925 78
1780114733977 0.8699999999999999 79
1780114733979 0.89 80
1780114733981 0.8600000000000001 81
1780114733983 0.9 82
1780114733985 0.9 83
1780114733987 0.875 84
1780114733989 0.915 85
1780114733990 0.925 86
1780114733992 0.43499999999999994 87
1780114733994 0.865 88
1780114733996 0.9349999999999999 89
1780114733998 0.89 90
1780114734000 0.96 91
1780114734002 0.93 92
1780114734004 0.8949999999999999 93
1780114734006 0.945 94
1780114734007 0.835 95
1780114734009 0.8799999999999999 96
1780114734011 0.86 97
1780114734013 0.93 98
1780114734015 0.9199999999999999 99
1780114734017 0.89 100
1780114734019 0.9049999999999999 101
1780114734021 0.905 102
1780114734023 0.9 103
1780114734024 0.9199999999999999 104
1780114734026 0.875 105
1780114734028 0.9399999999999998 106
1780114734030 0.925 107
1780114734032 0.7550000000000001 108
1780114734034 0.8949999999999999 109
1780114734036 0.885 110
1780114734038 0.9349999999999999 111
1780114734039 0.9 112
1780114734041 0.9199999999999999 113
1780114734043 0.9400000000000001 114
1780114734045 0.9649999999999999 115
1780114734047 0.9399999999999998 116
1780114734049 0.975 117
1780114734051 0.875 118
1780114734053 0.945 119
1780114734055 0.9599999999999997 120
1780114734056 0.9400000000000001 121
1780114734058 0.95 122
1780114734060 0.9250000000000002 123
1780114734062 0.925 124
1780114734064 0.9199999999999999 125
1780114734066 0.9 126
1780114734068 0.9099999999999999 127
1780114734070 0.905 128
1780114734072 0.9149999999999998 129
1780114734073 0.8800000000000001 130
1780114734075 0.96 131
1780114734077 0.945 132
1780114734079 0.8799999999999999 133
1780114734081 0.9400000000000001 134
1780114734083 0.9349999999999999 135
1780114734085 0.9549999999999998 136
1780114734087 0.9550000000000001 137
1780114734088 0.96 138
1780114734090 0.9349999999999999 139
1780114734092 0.9349999999999999 140
1780114734094 0.9199999999999999 141
1780114734096 0.9550000000000001 142
1780114734098 0.8 143
1780114734100 0.86 144
1780114734102 0.9199999999999999 145
1780114734104 0.9550000000000001 146
1780114734105 0.9450000000000001 147
1780114734107 0.9650000000000001 148
1780114734109 0.8949999999999999 149
1780114734111 0.78 150
1780114734113 0.945 151
1780114734115 0.9149999999999998 152
1780114734117 0.96 153
1780114734119 0.925 154
1780114734121 0.9549999999999998 155
1780114734123 0.845 156
1780114734124 0.9349999999999999 157
1780114734126 0.9350000000000002 158
1780114734128 0.9599999999999997 159
1780114734130 0.975 160
1780114734132 0.96 161
1780114734134 0.96 162
1780114734136 0.945 163
1780114734138 0.9299999999999999 164
1780114734140 0.9349999999999999 165
1780114734142 0.95 166
1780114734143 0.9649999999999999 167
1780114734145 0.97 168
1780114734147 0.9650000000000001 169
1780114734149 0.9499999999999998 170
1780114734151 0.97 171
1780114734153 0.9649999999999999 172
1780114734155 0.985 173
1780114734157 0.95 174
1780114734159 0.9650000000000001 175
1780114734161 0.9550000000000001 176
1780114734163 0.925 177
1780114734164 0.9599999999999997 178
1780114734166 0.95 179
1780114734168 0.975 180
1780114734170 0.9799999999999999 181
1780114734181 0.9549999999999998 182
1780114734183 0.9349999999999999 183
1780114734185 0.96 184
1780114734186 0.97 185
1780114734188 0.95 186
1780114734190 0.9549999999999998 187
1780114734192 0.95 188
1780114734194 0.9650000000000001 189
1780114734196 0.96 190
1780114734198 0.97 191
1780114734200 0.97 192
1780114734202 0.9649999999999999 193
1780114734203 0.975 194
1780114734205 0.975 195
1780114734207 0.95 196
1780114734209 0.8949999999999999 197
1780114734211 0.9550000000000001 198
1780114734213 0.96 199
1780114734215 0.97 200
1780114734217 0.925 201
1780114734218 0.97 202
1780114734220 0.96 203
1780114734222 0.9549999999999998 204
1780114734224 0.9649999999999999 205
1780114734226 0.97 206
1780114734228 0.9650000000000001 207
1780114734230 0.97 208
1780114734232 0.985 209
1780114734233 0.95 210
1780114734235 0.945 211
1780114734237 0.9400000000000001 212
1780114734239 0.9 213
1780114734241 0.9700000000000001 214
1780114734243 0.9799999999999999 215
1780114734245 0.975 216
1780114734247 0.975 217
1780114734248 0.97 218
1780114734250 0.985 219
1780114734252 0.9700000000000001 220
1780114734254 0.9550000000000001 221
1780114734256 0.975 222
1780114734258 0.95 223
1780114734260 0.97 224
1780114734262 0.9649999999999999 225
1780114734263 0.985 226
1780114734265 0.975 227
1780114734267 0.97 228
1780114734269 0.9650000000000001 229
1780114734271 0.975 230
1780114734273 0.9550000000000001 231
1780114734275 0.9099999999999999 232
1780114734277 0.8400000000000001 233
1780114734278 0.9549999999999998 234
1780114734280 0.9550000000000001 235
1780114734282 0.9349999999999999 236
1780114734284 0.975 237
1780114734286 0.99 238
1780114734288 0.985 239
1780114734290 0.9800000000000001 240
1780114734292 0.9549999999999998 241
1780114734294 0.96 242
1780114734295 0.985 243
1780114734297 0.975 244
1780114734299 0.9649999999999999 245
1780114734301 0.9650000000000001 246
1780114734303 0.9650000000000001 247
1780114734305 0.945 248
1780114734307 0.9650000000000001 249
1780114734308 0.8899999999999999 250
1780114734310 0.9799999999999999 251
1780114734312 0.97 252
1780114734314 0.96 253
1780114734316 0.9400000000000001 254
1780114734318 0.97 255
1780114734320 0.9400000000000001 256
1780114734321 0.96 257
1780114734323 0.975 258
1780114734325 0.9749999999999999 259
1780114734327 0.97 260
1780114734329 0.9100000000000001 261
1780114734331 0.95 262
1780114734333 0.96 263
1780114734334 0.9649999999999999 264
1780114734336 0.96 265
1780114734338 0.9149999999999998 266
1780114734340 0.97 267
1780114734342 0.96 268
1780114734344 0.9749999999999999 269
1780114734346 0.9800000000000001 270
1780114734347 0.97 271
1780114734349 0.975 272
1780114734351 0.9799999999999999 273
1780114734353 0.96 274
1780114734355 0.96 275
1780114734357 0.95 276
1780114734358 0.9799999999999999 277
1780114734365 0.985 278
1780114734367 0.96 279
1780114734369 0.9650000000000001 280
1780114734371 0.985 281
1780114734373 0.975 282
1780114734375 0.9650000000000001 283
1780114734377 0.9049999999999999 284
1780114734378 0.96 285
1780114734380 0.96 286
1780114734382 0.97 287
1780114734384 0.9650000000000001 288
1780114734386 0.9 289
1780114734388 0.95 290
1780114734390 0.945 291
1780114734392 0.9549999999999998 292
1780114734393 0.9650000000000001 293
1780114734395 0.9799999999999999 294
1780114734397 0.97 295
1780114734399 0.9649999999999999 296
1780114734401 0.9349999999999999 297
1780114734403 0.9749999999999999 298
1780114734405 0.96 299
1780114734406 0.9649999999999999 300
1780114734408 0.96 301
1780114734410 0.9550000000000001 302
1780114734412 0.99 303
1780114734414 0.9749999999999999 304
1780114734416 0.97 305
1780114734418 0.9299999999999999 306
1780114734419 0.97 307
1780114734421 0.975 308
1780114734423 0.9749999999999999 309
1780114734425 0.9649999999999999 310
1780114734427 0.985 311
1780114734429 0.9799999999999999 312
1780114734431 0.9799999999999999 313
