1780120470150 0.0 0
1780120470152 0.11499999999999999 1
1780120470154 0.23500000000000001 2
1780120470156 0.40499999999999997 3
1780120470158 0.52 4
1780120470160 0.51 5
1780120470162 0.565 6
1780120470164 0.715 7
1780120470172 0.65 8
1780120470174 0.5650000000000001 9
1780120470176 0.8200000000000001 10
1780120470178 0.78 11
1780120470180 0.8299999999999998 12
1780120470182 0.74 13
1780120470184 0.82 14
1780120470186 0.9099999999999999 15
1780120470188 0.9249999999999998 16
1780120470190 0.755 17
1780120470192 0.7099999999999999 18
1780120470194 0.6399999999999999 19
1780120470196 0.8400000000000001 20
1780120470198 0.8899999999999999 21
1780120470200 0.89 22
1780120470202 0.86 23
1780120470204 0.655 24
1780120470206 0.82 25
1780120470208 0.8949999999999999 26
1780120470209 0.885 27
1780120470211 0.8949999999999999 28
1780120470213 0.925 29
1780120470215 0.89 30
1780120470217 0.8949999999999999 31
1780120470219 0.845 32
1780120470221 0.8400000000000001 33
1780120470223 0.875 34
1780120470225 0.615 35
1780120470227 0.8799999999999999 36
1780120470229 0.8150000000000001 37
1780120470231 0.8699999999999999 38
1780120470233 0.7649999999999999 39
1780120470235 0.9200000000000002 40
1780120470237 0.9199999999999999 41
1780120470239 0.875 42
1780120470241 0.9099999999999999 43
1780120470243 0.9349999999999999 44
1780120470245 0.845 45
1780120470247 0.8950000000000001 46
1780120470249 0.9200000000000002 47
1780120470251 0.9049999999999999 48
1780120470252 0.9099999999999999 49
1780120470254 0.9049999999999999 50
1780120470256 0.8450000000000001 51
1780120470258 0.8949999999999999 52
1780120470260 0.865 53
1780120470262 0.8950000000000001 54
1780120470264 0.9399999999999998 55
1780120470266 0.925 56
1780120470268 0.9549999999999998 57
1780120470270 0.875 58
1780120470272 0.8150000000000001 59
1780120470274 0.945 60
1780120470276 0.9200000000000002 61
1780120470278 0.625 62
1780120470280 0.685 63
1780120470282 0.9 64
1780120470284 0.8799999999999999 65
1780120470286 0.8699999999999999 66
1780120470288 0.865 67
1780120470290 0.8399999999999999 68
1780120470292 0.8950000000000001 69
1780120470294 0.7249999999999999 70
1780120470296 0.9200000000000002 71
1780120470298 0.725 72
1780120470300 0.905 73
1780120470302 0.8200000000000001 74
1780120470304 0.95 75
1780120470305 0.9499999999999998 76
1780120470307 0.95 77
1780120470309 0.9349999999999999 78
1780120470311 0.915 79
1780120470313 0.925 80
1780120470315 0.925 81
1780120470317 0.8850000000000001 82
1780120470319 0.905 83
1780120470321 0.8450000000000001 84
1780120470323 0.945 85
1780120470325 0.915 86
1780120470327 0.915 87
1780120470329 0.825 88
1780120470331 0.845 89
1780120470333 0.8949999999999999 90
1780120470335 0.8049999999999999 91
1780120470337 0.9049999999999999 92
1780120470339 0.8400000000000001 93
1780120470341 0.8950000000000001 94
1780120470343 0.9 95
1780120470345 0.7849999999999999 96
1780120470347 0.86 97
1780120470350 0.85 98
1780120470352 0.9299999999999999 99
1780120470358 0.885 100
1780120470360 0.85 101
1780120470362 0.9349999999999999 102
1780120470364 0.9650000000000001 103
1780120470366 0.9349999999999999 104
1780120470368 0.9049999999999999 105
1780120470370 0.9550000000000001 106
1780120470372 0.9 107
1780120470374 0.9199999999999999 108
1780120470376 0.905 109
1780120470378 0.835 110
1780120470380 0.8799999999999999 111
1780120470382 0.825 112
1780120470384 0.8950000000000001 113
1780120470386 0.9 114
1780120470388 0.86 115
1780120470390 0.9 116
1780120470392 0.945 117
1780120470394 0.8799999999999999 118
1780120470396 0.8949999999999999 119
1780120470398 0.845 120
1780120470400 0.9549999999999998 121
1780120470402 0.9149999999999998 122
1780120470404 0.96 123
1780120470406 0.9350000000000002 124
1780120470408 0.9349999999999998 125
1780120470410 0.9199999999999999 126
1780120470412 0.8949999999999999 127
1780120470414 0.865 128
1780120470416 0.89 129
1780120470418 0.945 130
1780120470420 0.8949999999999999 131
1780120470422 0.875 132
1780120470424 0.9049999999999999 133
1780120470426 0.9199999999999999 134
1780120470428 0.95 135
1780120470430 0.9149999999999998 136
1780120470432 0.9299999999999999 137
1780120470434 0.9349999999999999 138
1780120470436 0.9249999999999998 139
1780120470438 0.9349999999999998 140
1780120470440 0.85 141
1780120470441 0.8400000000000001 142
1780120470443 0.9049999999999999 143
1780120470445 0.9349999999999998 144
1780120470447 0.9299999999999999 145
1780120470449 0.85 146
1780120470451 0.945 147
1780120470453 0.9400000000000001 148
1780120470455 0.9200000000000002 149
1780120470457 0.925 150
1780120470459 0.93 151
1780120470461 0.9499999999999998 152
1780120470463 0.95 153
1780120470465 0.9099999999999999 154
1780120470467 0.925 155
1780120470469 0.9649999999999999 156
1780120470471 0.95 157
1780120470473 0.975 158
1780120470475 0.9549999999999998 159
1780120470477 0.96 160
1780120470478 0.9550000000000001 161
1780120470480 0.975 162
1780120470482 0.9399999999999998 163
1780120470484 0.8700000000000001 164
1780120470486 0.9650000000000001 165
1780120470488 0.945 166
1780120470490 0.9549999999999998 167
1780120470492 0.9599999999999997 168
1780120470494 0.945 169
1780120470496 0.9349999999999999 170
1780120470498 0.905 171
1780120470500 0.745 172
1780120470502 0.9549999999999998 173
1780120470504 0.8649999999999999 174
1780120470506 0.93 175
1780120470508 0.93 176
1780120470510 0.95 177
1780120470512 0.9650000000000001 178
1780120470514 0.9799999999999999 179
1780120470516 0.97 180
1780120470517 0.9550000000000001 181
1780120470519 0.9199999999999999 182
1780120470521 0.9099999999999999 183
1780120470523 0.905 184
1780120470525 0.9549999999999998 185
1780120470527 0.8450000000000001 186
1780120470529 0.89 187
1780120470531 0.9199999999999999 188
1780120470533 0.96 189
1780120470535 0.9149999999999998 190
1780120470537 0.97 191
1780120470539 0.945 192
1780120470542 0.9550000000000001 193
1780120470544 0.95 194
1780120470546 0.9399999999999998 195
1780120470548 0.875 196
1780120470549 0.9349999999999999 197
1780120470551 0.9399999999999998 198
1780120470553 0.9349999999999999 199
1780120470555 0.925 200
1780120470557 0.9549999999999998 201
1780120470559 0.96 202
1780120470561 0.97 203
1780120470563 0.9799999999999999 204
1780120470565 0.975 205
1780120470567 0.9649999999999999 206
1780120470569 0.875 207
1780120470571 0.9799999999999999 208
1780120470573 0.9549999999999998 209
1780120470575 0.9700000000000001 210
1780120470577 0.985 211
1780120470579 0.975 212
1780120470581 0.9650000000000001 213
1780120470583 0.93 214
1780120470585 0.9549999999999998 215
1780120470587 0.9299999999999999 216
1780120470589 0.9450000000000001 217
1780120470591 0.885 218
1780120470593 0.9649999999999999 219
1780120470594 0.97 220
1780120470596 0.9649999999999999 221
1780120470598 0.9649999999999999 222
1780120470600 0.9400000000000001 223
1780120470602 0.945 224
1780120470604 0.97 225
1780120470606 0.9550000000000001 226
1780120470608 0.975 227
1780120470610 0.975 228
1780120470612 0.97 229
1780120470614 0.945 230
1780120470616 0.9799999999999999 231
1780120470618 0.9399999999999998 232
1780120470620 0.9650000000000001 233
1780120470622 0.95 234
1780120470624 0.9149999999999998 235
1780120470626 0.905 236
1780120470628 0.985 237
1780120470630 0.96 238
1780120470632 0.96 239
1780120470634 0.9649999999999999 240
1780120470636 0.9550000000000001 241
1780120470638 0.97 242
1780120470640 0.975 243
1780120470642 0.9799999999999999 244
1780120470644 0.9799999999999999 245
1780120470645 0.96 246
1780120470647 0.97 247
1780120470649 0.985 248
1780120470651 0.975 249
1780120470653 0.9249999999999998 250
1780120470655 0.985 251
1780120470657 0.9700000000000001 252
1780120470659 0.96 253
1780120470661 0.905 254
1780120470663 0.95 255
1780120470665 0.96 256
1780120470667 0.96 257
1780120470669 0.9650000000000001 258
1780120470671 0.97 259
1780120470673 0.945 260
1780120470675 0.97 261
1780120470677 0.975 262
1780120470678 0.9499999999999998 263
1780120470680 0.9199999999999999 264
1780120470682 0.9799999999999999 265
1780120470684 0.97 266
1780120470686 0.925 267
1780120470688 0.9349999999999999 268
1780120470690 0.975 269
1780120470692 0.945 270
1780120470694 0.96 271
1780120470696 0.96 272
1780120470698 0.96 273
1780120470700 0.975 274
1780120470702 0.8800000000000001 275
1780120470704 0.97 276
1780120470706 0.95 277
1780120470708 0.945 278
1780120470710 0.985 279
1780120470712 0.975 280
1780120470714 0.99 281
1780120470715 0.9549999999999998 282
1780120470717 0.9799999999999999 283
1780120470719 0.9550000000000001 284
1780120470721 0.945 285
1780120470723 0.9450000000000001 286
1780120470725 0.96 287
1780120470727 0.9650000000000001 288
1780120470729 0.96 289
1780120470731 0.96 290
1780120470733 0.8949999999999999 291
1780120470735 0.9550000000000001 292
1780120470737 0.96 293
1780120470739 0.9549999999999998 294
1780120470741 0.925 295
1780120470743 0.97 296
1780120470745 0.96 297
1780120470747 0.9549999999999998 298
1780120470749 0.9650000000000001 299
1780120470751 0.865 300
1780120470753 0.9800000000000001 301
1780120470755 0.93 302
1780120470757 0.945 303
1780120470758 0.9349999999999999 304
1780120470760 0.9550000000000001 305
1780120470762 0.9550000000000001 306
1780120470764 0.9549999999999998 307
1780120470766 0.9650000000000001 308
1780120470768 0.975 309
1780120470770 0.9549999999999998 310
1780120470772 0.9799999999999999 311
1780120470774 0.96 312
1780120470776 0.9650000000000001 313
