1780250309134 0.0 0
1780250309136 0.06500000000000002 1
1780250309138 0.36 2
1780250309140 0.41 3
1780250309142 0.53 4
1780250309144 0.585 5
1780250309146 0.43 6
1780250309148 0.705 7
1780250309150 0.605 8
1780250309152 0.725 9
1780250309154 0.8 10
1780250309155 0.85 11
1780250309157 0.8550000000000001 12
1780250309159 0.8800000000000001 13
1780250309161 0.8049999999999999 14
1780250309163 0.8550000000000001 15
1780250309165 0.8 16
1780250309167 0.8400000000000001 17
1780250309169 0.795 18
1780250309171 0.845 19
1780250309173 0.8850000000000001 20
1780250309175 0.7100000000000002 21
1780250309177 0.925 22
1780250309179 0.9049999999999999 23
1780250309181 0.905 24
1780250309183 0.9099999999999999 25
1780250309184 0.9400000000000001 26
1780250309186 0.9149999999999998 27
1780250309188 0.8699999999999999 28
1780250309190 0.9299999999999999 29
1780250309192 0.735 30
1780250309194 0.9400000000000001 31
1780250309196 0.915 32
1780250309198 0.925 33
1780250309200 0.51 34
1780250309202 0.8 35
1780250309204 0.795 36
1780250309206 0.86 37
1780250309207 0.75 38
1780250309209 0.9 39
1780250309211 0.8700000000000001 40
1780250309213 0.89 41
1780250309215 0.89 42
1780250309217 0.885 43
1780250309219 0.925 44
1780250309221 0.925 45
1780250309223 0.8949999999999999 46
1780250309225 0.9299999999999999 47
1780250309227 0.9349999999999999 48
1780250309229 0.9650000000000001 49
1780250309231 0.8150000000000001 50
1780250309233 0.905 51
1780250309235 0.8049999999999999 52
1780250309236 0.8949999999999999 53
1780250309238 0.875 54
1780250309240 0.9200000000000002 55
1780250309242 0.485 56
1780250309244 0.875 57
1780250309246 0.835 58
1780250309248 0.8099999999999999 59
1780250309250 0.9199999999999999 60
1780250309252 0.915 61
1780250309254 0.915 62
1780250309256 0.775 63
1780250309258 0.8799999999999999 64
1780250309260 0.8749999999999998 65
1780250309262 0.9049999999999999 66
1780250309264 0.9299999999999999 67
1780250309266 0.865 68
1780250309268 0.9099999999999999 69
1780250309270 0.875 70
1780250309272 0.9399999999999998 71
1780250309273 0.7550000000000001 72
1780250309275 0.7849999999999999 73
1780250309277 0.8899999999999999 74
1780250309279 0.9549999999999998 75
1780250309281 0.925 76
1780250309283 0.8799999999999999 77
1780250309285 0.9100000000000001 78
1780250309287 0.97 79
1780250309289 0.9499999999999998 80
1780250309291 0.825 81
1780250309293 0.845 82
1780250309295 0.89 83
1780250309296 0.8399999999999999 84
1780250309298 0.86 85
1780250309300 0.885 86
1780250309302 0.9299999999999999 87
1780250309304 0.905 88
1780250309306 0.9399999999999998 89
1780250309308 0.9349999999999999 90
1780250309310 0.9199999999999999 91
1780250309313 0.925 92
1780250309316 0.9649999999999999 93
1780250309318 0.9549999999999998 94
1780250309320 0.9450000000000001 95
1780250309322 0.8799999999999999 96
1780250309324 0.945 97
1780250309326 0.9400000000000001 98
1780250309328 0.705 99
1780250309330 0.9399999999999998 100
1780250309332 0.9 101
1780250309334 0.8300000000000001 102
1780250309336 0.9049999999999999 103
1780250309338 0.8699999999999999 104
1780250309340 0.9400000000000001 105
1780250309342 0.8850000000000001 106
1780250309344 0.8700000000000001 107
1780250309345 0.8999999999999998 108
1780250309347 0.9549999999999998 109
1780250309349 0.8849999999999998 110
1780250309351 0.8950000000000001 111
1780250309353 0.8 112
1780250309355 0.9 113
1780250309357 0.915 114
1780250309359 0.945 115
1780250309361 0.975 116
1780250309363 0.9299999999999999 117
1780250309365 0.9099999999999999 118
1780250309367 0.8949999999999999 119
1780250309369 0.915 120
1780250309371 0.9299999999999999 121
1780250309373 0.865 122
1780250309375 0.9199999999999999 123
1780250309377 0.945 124
1780250309379 0.9149999999999998 125
1780250309381 0.945 126
1780250309383 0.945 127
1780250309385 0.585 128
1780250309386 0.9 129
1780250309388 0.9 130
1780250309390 0.925 131
1780250309392 0.9349999999999999 132
1780250309394 0.9 133
1780250309396 0.9049999999999999 134
1780250309398 0.865 135
1780250309400 0.93 136
1780250309402 0.835 137
1780250309404 0.885 138
1780250309406 0.7649999999999999 139
1780250309408 0.9299999999999999 140
1780250309409 0.915 141
1780250309411 0.9199999999999999 142
1780250309413 0.9400000000000001 143
1780250309415 0.9550000000000001 144
1780250309417 0.9149999999999998 145
1780250309419 0.9000000000000001 146
1780250309421 0.905 147
1780250309423 0.9649999999999999 148
1780250309425 0.9399999999999998 149
1780250309427 0.9400000000000001 150
1780250309429 0.9549999999999998 151
1780250309431 0.9049999999999999 152
1780250309433 0.9549999999999998 153
1780250309435 0.9550000000000001 154
1780250309436 0.82 155
1780250309438 0.9200000000000002 156
1780250309440 0.9450000000000001 157
1780250309442 0.9599999999999997 158
1780250309444 0.945 159
1780250309446 0.915 160
1780250309448 0.9499999999999998 161
1780250309450 0.9349999999999999 162
1780250309452 0.8450000000000001 163
1780250309454 0.8850000000000001 164
1780250309456 0.82 165
1780250309458 0.865 166
1780250309459 0.9049999999999999 167
1780250309461 0.9299999999999999 168
1780250309464 0.95 169
1780250309466 0.96 170
1780250309467 0.985 171
1780250309469 0.945 172
1780250309471 0.96 173
1780250309473 0.96 174
1780250309475 0.96 175
1780250309477 0.945 176
1780250309479 0.945 177
1780250309481 0.97 178
1780250309483 0.9800000000000001 179
1780250309485 0.97 180
1780250309487 0.96 181
1780250309489 0.9550000000000001 182
1780250309491 0.9549999999999998 183
1780250309493 0.9199999999999999 184
1780250309495 0.9800000000000001 185
1780250309497 0.97 186
1780250309499 0.9049999999999999 187
1780250309501 0.9349999999999999 188
1780250309503 0.9400000000000001 189
1780250309504 0.9400000000000001 190
1780250309506 0.95 191
1780250309508 0.9450000000000001 192
1780250309510 0.9399999999999998 193
1780250309512 0.9400000000000001 194
1780250309514 0.9450000000000001 195
1780250309516 0.89 196
1780250309518 0.96 197
1780250309520 0.97 198
1780250309522 0.9549999999999998 199
1780250309524 0.9549999999999998 200
1780250309526 0.96 201
1780250309539 0.945 202
1780250309541 0.975 203
1780250309543 0.9650000000000001 204
1780250309545 0.945 205
1780250309547 0.9599999999999997 206
1780250309549 0.9399999999999998 207
1780250309551 0.9550000000000001 208
1780250309553 0.945 209
1780250309555 0.9649999999999999 210
1780250309557 0.95 211
1780250309558 0.945 212
1780250309560 0.975 213
1780250309563 0.9649999999999999 214
1780250309566 0.9549999999999998 215
1780250309568 0.9799999999999999 216
1780250309570 0.9749999999999999 217
1780250309572 0.97 218
1780250309574 0.9899999999999999 219
1780250309576 0.985 220
1780250309578 0.97 221
1780250309580 0.9899999999999999 222
1780250309582 0.9599999999999997 223
1780250309584 0.9800000000000001 224
1780250309586 0.975 225
1780250309588 0.975 226
1780250309590 0.95 227
1780250309592 0.96 228
1780250309594 0.985 229
1780250309596 0.89 230
1780250309598 0.9299999999999999 231
1780250309600 0.9 232
1780250309602 0.9349999999999999 233
1780250309604 0.765 234
1780250309606 0.9549999999999998 235
1780250309608 0.9399999999999998 236
1780250309610 0.9549999999999998 237
1780250309612 0.9599999999999997 238
1780250309614 0.96 239
1780250309616 0.9800000000000001 240
1780250309617 0.97 241
1780250309620 0.9799999999999999 242
1780250309622 0.975 243
1780250309624 0.97 244
1780250309626 0.985 245
1780250309628 0.985 246
1780250309630 0.975 247
1780250309632 0.9099999999999998 248
1780250309634 0.9800000000000001 249
1780250309636 0.96 250
1780250309638 0.975 251
1780250309640 0.985 252
1780250309642 0.9499999999999998 253
1780250309644 0.9799999999999999 254
1780250309646 0.9650000000000001 255
1780250309648 0.9800000000000001 256
1780250309650 0.945 257
1780250309651 0.985 258
1780250309653 0.915 259
1780250309655 0.975 260
1780250309657 0.9049999999999999 261
1780250309659 0.9899999999999999 262
1780250309661 0.9649999999999999 263
1780250309663 0.975 264
1780250309665 0.9199999999999999 265
1780250309667 0.9549999999999998 266
1780250309669 0.9700000000000001 267
1780250309671 0.99 268
1780250309673 0.99 269
1780250309675 0.9649999999999999 270
1780250309677 0.9749999999999999 271
1780250309679 0.985 272
1780250309681 0.9649999999999999 273
1780250309683 0.915 274
1780250309685 0.96 275
1780250309687 0.95 276
1780250309689 0.9800000000000001 277
1780250309691 0.97 278
1780250309692 0.985 279
1780250309694 0.925 280
1780250309696 0.9650000000000001 281
1780250309698 0.9399999999999998 282
1780250309700 0.9549999999999998 283
1780250309702 0.9700000000000001 284
1780250309704 0.985 285
1780250309706 0.945 286
1780250309708 0.96 287
1780250309716 0.95 288
1780250309718 0.9800000000000001 289
1780250309720 0.9499999999999998 290
1780250309722 0.985 291
1780250309723 0.975 292
1780250309725 0.925 293
1780250309727 0.985 294
1780250309729 0.9649999999999999 295
1780250309731 0.9799999999999999 296
1780250309733 0.9649999999999999 297
1780250309735 0.945 298
1780250309737 0.96 299
1780250309739 0.9649999999999999 300
1780250309741 0.93 301
1780250309743 0.9549999999999998 302
1780250309745 0.97 303
1780250309747 0.96 304
1780250309749 0.975 305
1780250309751 0.97 306
1780250309752 0.97 307
1780250309754 0.9650000000000001 308
1780250309756 0.9349999999999999 309
1780250309758 0.985 310
1780250309760 0.9700000000000001 311
1780250309762 0.985 312
1780250309764 0.975 313
