1780124258395 0.0 0
1780124258398 0.05875936072980409 1
1780124258400 0.07304933665008291 2
1780124258402 0.17782652493114787 3
1780124258404 0.26092993028476896 4
1780124258406 0.29903407784684866 5
1780124258408 0.3397629185318477 6
1780124258411 0.3450502019948051 7
1780124258413 0.39913451719290105 8
1780124258415 0.4229335553144661 9
1780124258417 0.45178226374775504 10
1780124258419 0.47004548673618884 11
1780124258421 0.5427134881323624 12
1780124258423 0.5150730320213821 13
1780124258425 0.5496517508549733 14
1780124258427 0.6338589853223361 15
1780124258429 0.6478583384490367 16
1780124258431 0.6727614725218988 17
1780124258434 0.581790737975407 18
1780124258436 0.6178686305303139 19
1780124258438 0.6271439101248102 20
1780124258440 0.6800589497895663 21
1780124258442 0.6469226335125688 22
1780124258444 0.7425431870836336 23
1780124258446 0.7256948096078203 24
1780124258448 0.7249627975435715 25
1780124258450 0.7081829950641574 26
1780124258452 0.7152274875027286 27
1780124258454 0.6559433952462681 28
1780124258456 0.745200618431503 29
1780124258459 0.722343706130272 30
1780124258461 0.6832996494591611 31
1780124258463 0.6958624864917489 32
1780124258465 0.8049504595475876 33
1780124258467 0.7409580922934655 34
1780124258469 0.7647586876308645 35
1780124258471 0.7486453994600757 36
1780124258473 0.7071556355751522 37
1780124258475 0.7385226321089234 38
1780124258477 0.7147221985461778 39
1780124258479 0.8279725921918614 40
1780124258481 0.7867497807032691 41
1780124258484 0.764027943416539 42
1780124258486 0.7724474790005869 43
1780124258488 0.8243609936072381 44
1780124258490 0.7064776924303064 45
1780124258492 0.6923470920612933 46
1780124258494 0.7052768837639424 47
1780124258496 0.7155929289185244 48
1780124258498 0.75656087711387 49
1780124258500 0.7867236190953439 50
1780124258502 0.7886068759560415 51
1780124258504 0.7683380220222326 52
1780124258507 0.7496753431284604 53
1780124258509 0.7715769037848628 54
1780124258511 0.8033884049122113 55
1780124258514 0.7587488492109802 56
1780124258516 0.814474115950069 57
1780124258518 0.7772406590977042 58
1780124258520 0.7937971583522646 59
1780124258522 0.8289534454046823 60
1780124258524 0.7818387900914956 61
1780124258526 0.7754505449948326 62
1780124258528 0.7379918063244613 63
1780124258530 0.7925341475190277 64
1780124258532 0.7858234575881634 65
1780124258534 0.7933589163471797 66
1780124258537 0.7455462256040816 67
1780124258539 0.7655996355615351 68
1780124258541 0.7936560164417883 69
1780124258543 0.798589398108849 70
1780124258545 0.7868972340928566 71
1780124258547 0.8025900396959624 72
1780124258549 0.7705039611551239 73
1780124258551 0.7681241871165533 74
1780124258553 0.8256735809895568 75
1780124258555 0.8319083220790044 76
1780124258557 0.8115080562032464 77
1780124258559 0.7863331195920618 78
1780124258561 0.835642014668084 79
1780124258564 0.7720059939142144 80
1780124258566 0.7788900157867464 81
1780124258568 0.7602801973500328 82
1780124258570 0.7900846083823664 83
1780124258572 0.7770850032773018 84
1780124258574 0.8807019492974174 85
1780124258576 0.7731422356454449 86
1780124258578 0.782782657742317 87
1780124258580 0.7412628022384119 88
1780124258582 0.8199289360372983 89
1780124258584 0.7398218935783818 90
1780124258586 0.7574785305771404 91
1780124258588 0.7536056367314916 92
1780124258590 0.7732144469391629 93
1780124258593 0.7972334360139238 94
1780124258595 0.7759838407206828 95
1780124258597 0.7441281076995363 96
1780124258599 0.7687045851751735 97
1780124258601 0.817446441683505 98
1780124258603 0.8309988092476077 99
1780124258605 0.7857171428342858 100
1780124258607 0.8254865011261107 101
1780124258609 0.7714923298295584 102
1780124258611 0.8263839906863163 103
1780124258613 0.7593222233071857 104
1780124258615 0.7833477794027992 105
1780124258617 0.8172089212297291 106
1780124258619 0.8136669926849643 107
1780124258622 0.8481925691851954 108
1780124258624 0.7902414676930306 109
1780124258626 0.7901260134700443 110
1780124258628 0.8111765035950913 111
1780124258630 0.8205405505918986 112
1780124258632 0.8312685290346107 113
1780124258634 0.8078861820718337 114
1780124258636 0.7826676699102328 115
1780124258638 0.8004512101078213 116
1780124258640 0.7865807841983801 117
1780124258642 0.8158289355657775 118
1780124258644 0.8037186837454741 119
1780124258646 0.8383309829181803 120
1780124258648 0.8161685944357527 121
1780124258650 0.7928796721649813 122
1780124258653 0.846254793305574 123
1780124258655 0.8475524248865145 124
1780124258657 0.8144168442256856 125
1780124258659 0.8707833436285124 126
1780124258661 0.833616783499363 127
1780124258663 0.8325793709788709 128
1780124258665 0.819909390894703 129
1780124258667 0.846412139472115 130
1780124258669 0.8196009734429373 131
1780124258671 0.8699215618384386 132
1780124258673 0.8012736040329882 133
1780124258675 0.8334129540012697 134
1780124258677 0.8348648825190008 135
1780124258679 0.8088650484839285 136
1780124258681 0.8785948132490523 137
1780124258684 0.8435353941599276 138
1780124258686 0.8307560502980988 139
1780124258688 0.862423165129932 140
1780124258690 0.8049725654712994 141
1780124258692 0.8206931806354143 142
1780124258694 0.8105716974009658 143
1780124258696 0.8123513930000474 144
1780124258698 0.8688809920645607 145
1780124258700 0.8469815782331829 146
1780124258702 0.8595695956529763 147
1780124258704 0.8195853597963982 148
1780124258707 0.82877762111724 149
1780124258709 0.8051931275586387 150
1780124258711 0.8465744713320712 151
1780124258713 0.8584325075788491 152
1780124258715 0.8772312866192916 153
1780124258717 0.8123510350679949 154
1780124258719 0.8130368025810901 155
1780124258721 0.8524797048992468 156
1780124258723 0.8396094162302603 157
1780124258725 0.8670106991159623 158
1780124258727 0.8993132515835075 159
1780124258729 0.9206508376704214 160
1780124258731 0.8980668938820415 161
1780124258733 0.8953128600111914 162
1780124258735 0.8805710882347595 163
1780124258738 0.8900844394724444 164
1780124258740 0.9023306706926137 165
1780124258742 0.8829667866133233 166
1780124258744 0.9143363192322802 167
1780124258746 0.8741447043691244 168
1780124258748 0.8788512507882901 169
1780124258750 0.9077370803494038 170
1780124258752 0.8630696373416618 171
1780124258754 0.846260614371384 172
1780124258756 0.9097251177738983 173
1780124258758 0.9129263825605289 174
1780124258760 0.9136517589649212 175
1780124258762 0.8641620751272361 176
1780124258764 0.9036453729457581 177
1780124258767 0.8794680536409063 178
1780124258769 0.9041402993842018 179
1780124258771 0.9343243126169956 180
1780124258773 0.9345653063239714 181
1780124258775 0.8813070231258427 182
1780124258777 0.9143670440182067 183
1780124258779 0.8798124904521 184
1780124258781 0.9401911439010284 185
1780124258783 0.9162497227644855 186
1780124258785 0.8980997118948807 187
1780124258787 0.8995346475834282 188
1780124258789 0.8917672036991677 189
1780124258791 0.9102340776759382 190
1780124258793 0.9150228666082325 191
1780124258796 0.9049036249036249 192
1780124258798 0.914023486854876 193
1780124258800 0.9152456698968328 194
1780124258802 0.8803166460162389 195
1780124258804 0.8797229977771466 196
1780124258806 0.8507455339370233 197
1780124258808 0.9050049666394415 198
1780124258810 0.9154216297976934 199
1780124258812 0.9047527825191498 200
1780124258832 0.9154976192767638 201
1780124258834 0.9100355332241771 202
1780124258836 0.940136667734811 203
1780124258839 0.9196834879569155 204
1780124258841 0.9000015340429408 205
1780124258843 0.9186377935286792 206
1780124258845 0.9455189180464579 207
1780124258847 0.9186030037570475 208
1780124258849 0.8889062634698066 209
1780124258851 0.9108255205907667 210
1780124258853 0.916526364374451 211
1780124258855 0.9297153435792718 212
1780124258857 0.8942946673292675 213
1780124258859 0.9055941624362678 214
1780124258861 0.9543981276908106 215
1780124258864 0.9043629323975326 216
1780124258866 0.9344298077224906 217
1780124258868 0.9204372328570019 218
1780124258870 0.8949801107950313 219
1780124258872 0.9245537402148442 220
1780124258874 0.9150657053788679 221
1780124258876 0.9303125196863444 222
1780124258878 0.9156703049565097 223
1780124258880 0.8820581362136263 224
1780124258883 0.9198010661425297 225
1780124258885 0.8909073350945759 226
1780124258887 0.9394088645629083 227
1780124258889 0.9396722010136644 228
1780124258891 0.9102811260811979 229
1780124258893 0.9346279146137343 230
1780124258895 0.9187954571624752 231
1780124258897 0.8853127145714541 232
1780124258899 0.9201050840373766 233
1780124258901 0.8856722856530302 234
1780124258903 0.8962152898321809 235
1780124258905 0.876849366863599 236
1780124258908 0.9092011356109634 237
1780124258910 0.9299347336446182 238
1780124258912 0.9091353853677347 239
1780124258914 0.929042117488844 240
1780124258916 0.9187016465330355 241
1780124258918 0.8944724397417174 242
1780124258920 0.9509696401159816 243
1780124258922 0.9451772336290354 244
1780124258924 0.9390752055757877 245
1780124258926 0.8562258396384719 246
1780124258928 0.919787112621844 247
1780124258930 0.9250789538572028 248
1780124258933 0.9252759144906202 249
1780124258935 0.8986574957737081 250
1780124258937 0.944570572773397 251
1780124258939 0.9500686989518826 252
1780124258941 0.9344402455378065 253
1780124258943 0.9097136068894734 254
1780124258945 0.9399212700803888 255
1780124258947 0.925143651812458 256
1780124258949 0.9158970518854987 257
1780124258952 0.9293314628658091 258
1780124258954 0.9492073291931487 259
1780124258956 0.8895946986278958 260
1780124258958 0.8953770716255416 261
1780124258960 0.9001558246978731 262
1780124258962 0.9248393344721375 263
1780124258964 0.9036071808664875 264
1780124258966 0.8949290326156912 265
1780124258968 0.9553577465236719 266
1780124258970 0.9299737519548248 267
1780124258973 0.9148183273865588 268
1780124258975 0.9200749998824455 269
1780124258977 0.9600646632725625 270
1780124258979 0.9202108056280072 271
1780124258981 0.9033276753995028 272
1780124258984 0.872353291175448 273
1780124258986 0.9180703819535656 274
1780124258988 0.9260386859753383 275
1780124258990 0.9352223035149866 276
1780124258992 0.8996131398456981 277
1780124258994 0.9295611919103577 278
1780124258996 0.9548968326875302 279
1780124258999 0.9237397280451883 280
1780124259001 0.9452803761005988 281
1780124259003 0.9103836317527095 282
1780124259005 0.9558190055558475 283
1780124259007 0.954815594205838 284
1780124259009 0.9133890777600662 285
1780124259011 0.9347393654004694 286
1780124259013 0.959815594205838 287
1780124259015 0.9501013022065653 288
1780124259017 0.9294949004884222 289
1780124259019 0.9204191507314177 290
1780124259022 0.9252037925722136 291
1780124259024 0.9096662565789652 292
1780124259026 0.9397279549718576 293
1780124259028 0.9144097827024658 294
1780124259030 0.9403014807186822 295
1780124259032 0.9151745473939414 296
1780124259034 0.9401089248315866 297
1780124259037 0.9200648068234718 298
1780124259039 0.9203650655865779 299
1780124259041 0.9400046633666064 300
1780124259043 0.9550326941790356 301
1780124259045 0.9299749843652283 302
1780124259047 0.9152638409249448 303
1780124259049 0.9501875232170484 304
1780124259051 0.8944839885669824 305
1780124259053 0.9263114969502044 306
1780124259056 0.9112584409096037 307
1780124259058 0.9451667065081699 308
1780124259061 0.8787298381752319 309
1780124259063 0.9200125110684267 310
1780124259065 0.9298493876208298 311
1780124259067 0.930440853540982 312
1780124259069 0.9451127994182595 313
