1780134509066 0.0 0
1780134509068 0.0406684412895593 1
1780134509071 0.21483469308469308 2
1780134509073 0.34180483891833735 3
1780134509076 0.3898340125978679 4
1780134509078 0.5046099207727874 5
1780134509081 0.5772772049458168 6
1780134509083 0.5038947383683071 7
1780134509085 0.45676008958361897 8
1780134509088 0.6459493557624335 9
1780134509090 0.6436526754979738 10
1780134509093 0.607811422818769 11
1780134509096 0.6707819081503292 12
1780134509098 0.6791322368478022 13
1780134509101 0.613431031925671 14
1780134509103 0.7744741539943077 15
1780134509105 0.849591230339613 16
1780134509108 0.7035792461677507 17
1780134509110 0.7478606152339158 18
1780134509113 0.7504528839434499 19
1780134509115 0.8324705844025484 20
1780134509118 0.785832428804565 21
1780134509120 0.780510521028369 22
1780134509123 0.715482763280751 23
1780134509125 0.7678797480323845 24
1780134509128 0.8402623685125103 25
1780134509130 0.887211994231578 26
1780134509132 0.8635489790367838 27
1780134509135 0.7701401542864957 28
1780134509137 0.7855831647814513 29
1780134509140 0.8456973669489717 30
1780134509142 0.8536256945244253 31
1780134509145 0.8199288410008403 32
1780134509147 0.8348287239076713 33
1780134509149 0.8928820187336755 34
1780134509152 0.8731266465527854 35
1780134509154 0.8134597646408626 36
1780134509157 0.8942705710269969 37
1780134509159 0.8110940953531518 38
1780134509162 0.8172282121253458 39
1780134509164 0.8499796680284485 40
1780134509167 0.8649626172453004 41
1780134509169 0.8666970061982301 42
1780134509171 0.8746022731388585 43
1780134509174 0.8038839354399127 44
1780134509176 0.8393158969139816 45
1780134509179 0.8293998502567181 46
1780134509181 0.8567817715869779 47
1780134509184 0.9094751666702885 48
1780134509186 0.9199369201615673 49
1780134509189 0.864836537328584 50
1780134509191 0.7791911654450354 51
1780134509193 0.8218907739575263 52
1780134509196 0.8502481768538159 53
1780134509198 0.873883113937298 54
1780134509201 0.8702754375177542 55
1780134509203 0.8784101791418865 56
1780134509206 0.6247372940306943 57
1780134509208 0.8163613840045164 58
1780134509211 0.874014518242722 59
1780134509213 0.9243292937172987 60
1780134509215 0.8340689905153553 61
1780134509218 0.886534836749035 62
1780134509220 0.8781252128969836 63
1780134509223 0.8553920980044214 64
1780134509225 0.8789385628930886 65
1780134509228 0.869886428777785 66
1780134509230 0.8687571135614244 67
1780134509232 0.8510801031624832 68
1780134509235 0.8556341461246812 69
1780134509237 0.7851523695403745 70
1780134509240 0.883419576236785 71
1780134509243 0.8666187483383961 72
1780134509245 0.8563311766090054 73
1780134509247 0.7821170719873614 74
1780134509250 0.8990904350457388 75
1780134509252 0.9001684287711393 76
1780134509255 0.8741966672850484 77
1780134509257 0.8696229114650166 78
1780134509260 0.6621055088702147 79
1780134509262 0.9088737873961923 80
1780134509265 0.846039497113354 81
1780134509267 0.8196946262882984 82
1780134509269 0.9018939683298214 83
1780134509272 0.8838409349753888 84
1780134509274 0.8639678958524459 85
1780134509277 0.8543062350435117 86
1780134509280 0.8957871288657628 87
1780134509282 0.7873378112825132 88
1780134509285 0.8392964227023461 89
1780134509287 0.9061034526888185 90
1780134509289 0.8639470352661023 91
1780134509292 0.8228649044667877 92
1780134509295 0.8682775939333693 93
1780134509297 0.8679904921081392 94
1780134509299 0.8848467439789051 95
1780134509302 0.8044843387674099 96
1780134509304 0.8745405495405496 97
1780134509307 0.8534878907522726 98
1780134509309 0.9149276459917713 99
1780134509312 0.8460006991665617 100
1780134509314 0.8925655168512311 101
1780134509317 0.8780043002236944 102
1780134509319 0.9246966384065229 103
1780134509321 0.9000627911164676 104
1780134509324 0.8997634564836107 105
1780134509326 0.8553749060599849 106
1780134509329 0.8151209750126794 107
1780134509331 0.8642961756669862 108
1780134509334 0.8739346720887158 109
1780134509336 0.8989564341646616 110
1780134509339 0.8920763022445783 111
1780134509341 0.8924995924619987 112
1780134509344 0.8402301946181996 113
1780134509346 0.8144992732719449 114
1780134509348 0.8923567632219367 115
1780134509351 0.7916041419089354 116
1780134509353 0.8624516096092479 117
1780134509356 0.9252392249760671 118
1780134509358 0.8684459036898062 119
1780134509361 0.850929359449124 120
1780134509363 0.9193217487119927 121
1780134509366 0.9039286241583463 122
1780134509368 0.9144273274708057 123
1780134509371 0.9198154372544616 124
1780134509373 0.8915980795069748 125
1780134509375 0.8961749545992912 126
1780134509378 0.8849443334086227 127
1780134509380 0.8884090067349149 128
1780134509383 0.9000763304742767 129
1780134509385 0.7884198495874709 130
1780134509388 0.8589638137631198 131
1780134509390 0.9096809288272704 132
1780134509392 0.8868300016123062 133
1780134509395 0.8652261204823619 134
1780134509397 0.9148300628454076 135
1780134509400 0.9035860443205879 136
1780134509402 0.9055095400699485 137
1780134509405 0.7508754515878355 138
1780134509407 0.9052509404100592 139
1780134509410 0.8033087884228719 140
1780134509412 0.8505601286246449 141
1780134509414 0.7559436393699548 142
1780134509417 0.9027492966037858 143
1780134509419 0.8724215954511205 144
1780134509422 0.9166120065927512 145
1780134509424 0.8040883967971274 146
1780134509427 0.9351931652615295 147
1780134509429 0.9088527133970009 148
1780134509432 0.9133793019706333 149
1780134509434 0.9238616792647004 150
1780134509436 0.9107654626075681 151
1780134509439 0.9094056674402676 152
1780134509441 0.9048515231945033 153
1780134509444 0.8387540307736145 154
1780134509446 0.8965041740913697 155
1780134509449 0.949345823909367 156
1780134509451 0.9159387287243514 157
1780134509453 0.9153788529687864 158
1780134509456 0.8994187279112211 159
1780134509458 0.9551933304179775 160
1780134509461 0.9339735061686282 161
1780134509463 0.8888476680691436 162
1780134509466 0.9340435986777452 163
1780134509468 0.914967718156362 164
1780134509470 0.9389074247365254 165
1780134509473 0.953966521996047 166
1780134509475 0.9286696038236475 167
1780134509478 0.9152117600274039 168
1780134509480 0.9452776958540161 169
1780134509483 0.9698436052608068 170
1780134509485 0.9190016708437762 171
1780134509487 0.8998367422051633 172
1780134509490 0.9398342243977675 173
1780134509492 0.9700785735445556 174
1780134509495 0.9338816697018923 175
1780134509497 0.9091547390456247 176
1780134509500 0.8644107798614693 177
1780134509502 0.913567688488779 178
1780134509505 0.9799906191369606 179
1780134509507 0.9604039805580242 180
1780134509510 0.9595565037028452 181
1780134509512 0.9455666179615502 182
1780134509515 0.9121911060948447 183
1780134509517 0.9397493721036128 184
1780134509520 0.9396124380642398 185
1780134509522 0.9652193335120165 186
1780134509524 0.9544303065355695 187
1780134509527 0.9600396006159209 188
1780134509529 0.9453145133440385 189
1780134509532 0.8893715631317448 190
1780134509534 0.9451910281357694 191
1780134509537 0.9552557601517211 192
1780134509539 0.9442463474491716 193
1780134509542 0.934872722485046 194
1780134509544 0.919737971843235 195
1780134509547 0.9277327351011561 196
1780134509549 0.9086514499521636 197
1780134509552 0.9046331371606768 198
1780134509554 0.9157119857803501 199
1780134509557 0.9201520330051244 200
1780134509559 0.9449629232556063 201
1780134509561 0.9458914979110817 202
1780134509564 0.9699937460913072 203
1780134509566 0.9503702673022312 204
1780134509569 0.9549247160222769 205
1780134509571 0.9442609884073299 206
1780134509574 0.984993746091307 207
1780134509576 0.9799906191369606 208
1780134509579 0.9465952224293982 209
1780134509581 0.9492887145184368 210
1780134509584 0.9255078537973958 211
1780134509586 0.9661737956932466 212
1780134509588 0.9355557498397156 213
1780134509591 0.9546867955262737 214
1780134509593 0.9546394819937227 215
1780134509596 0.9396274208841005 216
1780134509598 0.965353345841151 217
1780134509601 0.9848556663704289 218
1780134509603 0.9549165501604527 219
1780134509606 0.9597180803791844 220
1780134509608 0.9106031482580974 221
1780134509611 0.9452717299087123 222
1780134509613 0.9206828829421898 223
1780134509615 0.9502986911189139 224
1780134509618 0.9394815526894519 225
1780134509620 0.910929223775001 226
1780134509623 0.9652197802197803 227
1780134509625 0.9549156097230552 228
1780134509628 0.9253508802926078 229
1780134509630 0.9646627731287551 230
1780134509633 0.9501834875377282 231
1780134509635 0.9351206046841478 232
1780134509638 0.9449491534151354 233
1780134509640 0.9448499061913695 234
1780134509642 0.9502897569636382 235
1780134509645 0.9253323505762531 236
1780134509647 0.9646893970385626 237
1780134509650 0.9458715060713164 238
1780134509652 0.871122361392775 239
1780134509655 0.9175628245226808 240
1780134509657 0.9649749373433583 241
1780134509660 0.9444436529096348 242
1780134509662 0.9648686679174483 243
1780134509665 0.9801067631555436 244
1780134509667 0.9695565037028452 245
1780134509670 0.8620005251856432 246
1780134509672 0.9499228040691456 247
1780134509675 0.9105127808086217 248
1780134509677 0.9311976328715141 249
1780134509679 0.9352668314327568 250
1780134509682 0.9390323042620263 251
1780134509684 0.9297419298817932 252
1780134509687 0.9647086524942751 253
1780134509689 0.9598561601000626 254
1780134509692 0.9749686834346655 255
1780134509694 0.9550245911079717 256
1780134509697 0.9598395378690631 257
1780134509699 0.9649655564803188 258
1780134509702 0.984855666370429 259
1780134509704 0.9008402477722119 260
1780134509706 0.9499561756172797 261
1780134509709 0.9148081671765882 262
1780134509711 0.9452259336726602 263
1780134509714 0.9342853564804784 264
1780134509716 0.9306099578541888 265
1780134509719 0.9504992653901511 266
1780134509721 0.9645930022053257 267
1780134509724 0.9183947132764938 268
1780134509726 0.9418851442535654 269
1780134509729 0.9359882243419575 270
1780134509731 0.9023492178947352 271
1780134509733 0.9692426814378035 272
1780134509736 0.9393907697090071 273
1780134509738 0.9183343328481521 274
1780134509741 0.9453216364138951 275
1780134509743 0.9402651880366303 276
1780134509746 0.940333839966643 277
1780134509748 0.9292765920429593 278
1780134509751 0.9899937460913071 279
1780134509753 0.9487348765911026 280
1780134509756 0.9701928684007676 281
1780134509758 0.9353224759835801 282
1780134509761 0.9650995688094532 283
1780134509763 0.945337284483626 284
1780134509765 0.9398113482580748 285
1780134509768 0.9601906501713948 286
1780134509771 0.9600973822925042 287
1780134509773 0.9406898599902451 288
1780134509776 0.9460325890180219 289
1780134509778 0.9445539975642671 290
1780134509781 0.949877577231818 291
1780134509783 0.93961701913647 292
1780134509786 0.9129942941961753 293
1780134509788 0.9398212228507479 294
1780134509791 0.940202264573253 295
1780134509793 0.9600597647966069 296
1780134509795 0.9644513018004673 297
1780134509798 0.9412312996919793 298
1780134509800 0.9601678057441259 299
1780134509803 0.9649525549332996 300
1780134509806 0.9649525549332996 301
1780134509808 0.96496336996337 302
1780134509811 0.9263056810425232 303
1780134509813 0.9550466672417892 304
1780134509815 0.9389519765643002 305
1780134509818 0.9598004061418696 306
1780134509820 0.9552072724023943 307
1780134509823 0.939755179304542 308
1780134509825 0.9296536213275026 309
1780134509828 0.9344334978994798 310
1780134509830 0.9444502361241174 311
1780134509832 0.9651996160390942 312
1780134509835 0.9596165054559836 313
