1780122128727 0.0 0
1780122128730 0.11499999999999999 1
1780122128732 0.22000000000000003 2
1780122128734 0.29000000000000004 3
1780122128736 0.43 4
1780122128738 0.53 5
1780122128740 0.59 6
1780122128742 0.6050000000000001 7
1780122128744 0.5850000000000001 8
1780122128746 0.64 9
1780122128748 0.7150000000000001 10
1780122128750 0.765 11
1780122128752 0.6449999999999999 12
1780122128754 0.78 13
1780122128756 0.725 14
1780122128758 0.8300000000000001 15
1780122128760 0.74 16
1780122128767 0.85 17
1780122128769 0.7350000000000001 18
1780122128771 0.865 19
1780122128773 0.8949999999999999 20
1780122128775 0.915 21
1780122128777 0.8800000000000001 22
1780122128779 0.8800000000000001 23
1780122128781 0.875 24
1780122128783 0.9 25
1780122128785 0.8 26
1780122128787 0.8350000000000002 27
1780122128789 0.845 28
1780122128791 0.9249999999999998 29
1780122128793 0.7150000000000001 30
1780122128795 0.865 31
1780122128797 0.8799999999999999 32
1780122128799 0.9 33
1780122128801 0.9 34
1780122128803 0.7949999999999999 35
1780122128805 0.82 36
1780122128807 0.7849999999999999 37
1780122128809 0.835 38
1780122128811 0.9199999999999999 39
1780122128831 0.875 40
1780122128834 0.8950000000000001 41
1780122128836 0.885 42
1780122128838 0.82 43
1780122128840 0.93 44
1780122128842 0.915 45
1780122128844 0.835 46
1780122128846 0.8899999999999999 47
1780122128848 0.945 48
1780122128850 0.7450000000000001 49
1780122128852 0.9049999999999999 50
1780122128854 0.8100000000000002 51
1780122128856 0.86 52
1780122128858 0.86 53
1780122128860 0.9199999999999999 54
1780122128862 0.925 55
1780122128864 0.8950000000000001 56
1780122128866 0.9199999999999999 57
1780122128868 0.9400000000000001 58
1780122128870 0.8799999999999999 59
1780122128872 0.845 60
1780122128874 0.845 61
1780122128876 0.825 62
1780122128878 0.915 63
1780122128880 0.74 64
1780122128882 0.9399999999999998 65
1780122128884 0.8700000000000001 66
1780122128886 0.9099999999999999 67
1780122128888 0.8799999999999999 68
1780122128890 0.8249999999999998 69
1780122128892 0.8850000000000001 70
1780122128894 0.9199999999999999 71
1780122128896 0.9400000000000001 72
1780122128898 0.9199999999999999 73
1780122128900 0.85 74
1780122128902 0.925 75
1780122128904 0.9549999999999998 76
1780122128906 0.8999999999999998 77
1780122128908 0.9349999999999999 78
1780122128910 0.925 79
1780122128912 0.7799999999999999 80
1780122128915 0.825 81
1780122128917 0.8899999999999999 82
1780122128919 0.8700000000000001 83
1780122128921 0.9549999999999998 84
1780122128923 0.9450000000000001 85
1780122128925 0.8950000000000001 86
1780122128927 0.86 87
1780122128929 0.835 88
1780122128931 0.875 89
1780122128933 0.9149999999999998 90
1780122128935 0.8950000000000001 91
1780122128937 0.9199999999999999 92
1780122128939 0.8549999999999999 93
1780122128941 0.925 94
1780122128943 0.8699999999999999 95
1780122128945 0.9299999999999999 96
1780122128947 0.8949999999999999 97
1780122128950 0.8150000000000001 98
1780122128952 0.885 99
1780122128954 0.9349999999999999 100
1780122128956 0.865 101
1780122128958 0.9099999999999999 102
1780122128960 0.945 103
1780122128962 0.9550000000000001 104
1780122128964 0.835 105
1780122128966 0.93 106
1780122128968 0.875 107
1780122128970 0.95 108
1780122128972 0.9499999999999998 109
1780122128974 0.865 110
1780122128976 0.9349999999999999 111
1780122128978 0.945 112
1780122128980 0.795 113
1780122128982 0.8949999999999999 114
1780122128984 0.9149999999999998 115
1780122128986 0.9099999999999999 116
1780122128989 0.775 117
1780122128991 0.8600000000000001 118
1780122128993 0.89 119
1780122128995 0.8550000000000001 120
1780122128997 0.865 121
1780122128999 0.9199999999999999 122
1780122129001 0.9450000000000001 123
1780122129003 0.9349999999999998 124
1780122129005 0.62 125
1780122129007 0.9099999999999999 126
1780122129009 0.9200000000000002 127
1780122129011 0.9299999999999999 128
1780122129013 0.9 129
1780122129015 0.9049999999999999 130
1780122129017 0.89 131
1780122129019 0.905 132
1780122129021 0.865 133
1780122129023 0.9099999999999999 134
1780122129026 0.9399999999999998 135
1780122129028 0.86 136
1780122129030 0.9400000000000001 137
1780122129032 0.8200000000000001 138
1780122129034 0.9349999999999999 139
1780122129036 0.96 140
1780122129038 0.9100000000000001 141
1780122129040 0.9399999999999998 142
1780122129042 0.86 143
1780122129044 0.95 144
1780122129046 0.905 145
1780122129048 0.945 146
1780122129050 0.975 147
1780122129052 0.925 148
1780122129054 0.9349999999999999 149
1780122129056 0.905 150
1780122129058 0.9200000000000002 151
1780122129060 0.9400000000000001 152
1780122129062 0.9049999999999999 153
1780122129064 0.8950000000000001 154
1780122129066 0.9049999999999999 155
1780122129068 0.93 156
1780122129070 0.9349999999999999 157
1780122129072 0.9399999999999998 158
1780122129074 0.9550000000000001 159
1780122129076 0.975 160
1780122129078 0.95 161
1780122129080 0.9650000000000001 162
1780122129082 0.945 163
1780122129084 0.9349999999999999 164
1780122129086 0.9399999999999998 165
1780122129088 0.9499999999999998 166
1780122129090 0.97 167
1780122129093 0.9700000000000001 168
1780122129095 0.9450000000000001 169
1780122129097 0.9099999999999999 170
1780122129099 0.93 171
1780122129101 0.9 172
1780122129103 0.95 173
1780122129105 0.9799999999999999 174
1780122129107 0.95 175
1780122129109 0.9400000000000001 176
1780122129111 0.9649999999999999 177
1780122129113 0.95 178
1780122129115 0.95 179
1780122129117 0.9650000000000001 180
1780122129119 0.9649999999999999 181
1780122129121 0.945 182
1780122129123 0.9299999999999999 183
1780122129125 0.9599999999999997 184
1780122129127 0.96 185
1780122129129 0.97 186
1780122129131 0.9600000000000002 187
1780122129133 0.97 188
1780122129135 0.9649999999999999 189
1780122129137 0.9550000000000001 190
1780122129139 0.9550000000000001 191
1780122129141 0.9649999999999999 192
1780122129143 0.9099999999999999 193
1780122129145 0.9149999999999998 194
1780122129147 0.9049999999999999 195
1780122129149 0.95 196
1780122129151 0.95 197
1780122129153 0.945 198
1780122129155 0.9649999999999999 199
1780122129157 0.9549999999999998 200
1780122129159 0.95 201
1780122129161 0.96 202
1780122129163 0.9800000000000001 203
1780122129165 0.945 204
1780122129167 0.96 205
1780122129169 0.9799999999999999 206
1780122129171 0.9799999999999999 207
1780122129173 0.9800000000000001 208
1780122129175 0.9599999999999997 209
1780122129177 0.975 210
1780122129179 0.9450000000000001 211
1780122129181 0.9650000000000001 212
1780122129183 0.945 213
1780122129185 0.9000000000000001 214
1780122129187 0.9650000000000001 215
1780122129189 0.9799999999999999 216
1780122129191 0.8800000000000001 217
1780122129193 0.96 218
1780122129195 0.9549999999999998 219
1780122129197 0.9800000000000001 220
1780122129199 0.985 221
1780122129201 0.97 222
1780122129203 0.9349999999999999 223
1780122129205 0.96 224
1780122129207 0.96 225
1780122129209 0.9550000000000001 226
1780122129211 0.96 227
1780122129213 0.9099999999999999 228
1780122129215 0.96 229
1780122129217 0.945 230
1780122129219 0.925 231
1780122129221 0.9550000000000001 232
1780122129223 0.97 233
1780122129225 0.96 234
1780122129227 0.9199999999999999 235
1780122129229 0.93 236
1780122129231 0.96 237
1780122129233 0.96 238
1780122129235 0.9349999999999999 239
1780122129237 0.975 240
1780122129239 0.9799999999999999 241
1780122129241 0.96 242
1780122129243 0.975 243
1780122129245 0.9800000000000001 244
1780122129247 0.985 245
1780122129249 0.96 246
1780122129251 0.9799999999999999 247
1780122129253 0.9949999999999999 248
1780122129256 0.9649999999999999 249
1780122129258 0.945 250
1780122129260 0.985 251
1780122129262 0.97 252
1780122129264 0.97 253
1780122129266 0.975 254
1780122129268 0.97 255
1780122129270 0.9650000000000001 256
1780122129272 0.95 257
1780122129274 0.9650000000000001 258
1780122129276 0.9799999999999999 259
1780122129278 0.9399999999999998 260
1780122129279 0.9800000000000001 261
1780122129281 0.8299999999999998 262
1780122129284 0.9499999999999998 263
1780122129286 0.9349999999999998 264
1780122129288 0.9799999999999999 265
1780122129290 0.97 266
1780122129292 0.97 267
1780122129294 0.9549999999999998 268
1780122129296 0.9650000000000001 269
1780122129298 0.8800000000000001 270
1780122129300 0.9649999999999999 271
1780122129302 0.9550000000000001 272
1780122129304 0.96 273
1780122129306 0.9799999999999999 274
1780122129308 0.9799999999999999 275
1780122129310 0.9649999999999999 276
1780122129312 0.97 277
1780122129314 0.945 278
1780122129316 0.985 279
1780122129318 0.9700000000000001 280
1780122129320 0.9799999999999999 281
1780122129322 0.945 282
1780122129324 0.9599999999999997 283
1780122129326 0.9799999999999999 284
1780122129328 0.9450000000000001 285
1780122129330 0.97 286
1780122129332 0.96 287
1780122129334 0.97 288
1780122129336 0.9299999999999999 289
1780122129338 0.9549999999999998 290
1780122129340 0.985 291
1780122129342 0.95 292
1780122129344 0.9550000000000001 293
1780122129346 0.97 294
1780122129348 0.9399999999999998 295
1780122129350 0.9800000000000001 296
1780122129352 0.975 297
1780122129354 0.96 298
1780122129356 0.96 299
1780122129358 0.8999999999999998 300
1780122129360 0.85 301
1780122129362 0.975 302
1780122129364 0.96 303
1780122129366 0.8949999999999999 304
1780122129368 0.93 305
1780122129370 0.9549999999999998 306
1780122129372 0.9549999999999998 307
1780122129374 0.8699999999999999 308
1780122129376 0.97 309
1780122129378 0.96 310
1780122129380 0.9650000000000001 311
1780122129382 0.9349999999999999 312
1780122129384 0.9400000000000001 313
