1780129056473 0.0 0
1780129056475 0.051023506478614845 1
1780129056478 0.3289798258400799 2
1780129056480 0.2093652826047192 3
1780129056482 0.318380950070395 4
1780129056484 0.5048623281601804 5
1780129056487 0.4808595188574795 6
1780129056489 0.6655871505020318 7
1780129056492 0.7385758068831947 8
1780129056494 0.738312151074488 9
1780129056496 0.7515418555884334 10
1780129056498 0.8373194133497689 11
1780129056501 0.7589241856483235 12
1780129056503 0.8634941570909674 13
1780129056505 0.8821171908024462 14
1780129056507 0.8914005831337171 15
1780129056510 0.8629066318976616 16
1780129056512 0.8371454437731716 17
1780129056514 0.7638609830562904 18
1780129056516 0.8050086732845353 19
1780129056519 0.8102790346389351 20
1780129056521 0.9188756669244474 21
1780129056523 0.8463985900004772 22
1780129056526 0.9050048493950932 23
1780129056528 0.8690872460242851 24
1780129056530 0.8034481885742224 25
1780129056532 0.7319585858728604 26
1780129056535 0.880480069780455 27
1780129056537 0.7590967568954847 28
1780129056539 0.8095570332510759 29
1780129056541 0.9169948864883724 30
1780129056544 0.8798282291093589 31
1780129056546 0.8293985487034827 32
1780129056548 0.8741110357050207 33
1780129056550 0.9389775342214367 34
1780129056553 0.8135237798327732 35
1780129056555 0.8856641877470544 36
1780129056557 0.915407003415034 37
1780129056559 0.9039220941659967 38
1780129056562 0.7574085518764816 39
1780129056564 0.8864842116139648 40
1780129056566 0.6664202916722514 41
1780129056568 0.8798769418602538 42
1780129056571 0.9248904472446879 43
1780129056573 0.9408117164338033 44
1780129056575 0.9056835041963561 45
1780129056577 0.8664245424098546 46
1780129056579 0.9120485410633036 47
1780129056582 0.9550906346541777 48
1780129056584 0.9452836434864678 49
1780129056586 0.8720309046849483 50
1780129056588 0.802609097391706 51
1780129056591 0.7871488908339976 52
1780129056593 0.8426199037174648 53
1780129056595 0.8355418778154535 54
1780129056597 0.9046917488623626 55
1780129056599 0.9146097484980071 56
1780129056602 0.9499055565743626 57
1780129056604 0.949435549838571 58
1780129056606 0.9125438811042527 59
1780129056608 0.9277332996365694 60
1780129056611 0.8973731898539345 61
1780129056613 0.9077574857273566 62
1780129056615 0.8741241356045666 63
1780129056617 0.8530179356989042 64
1780129056620 0.8248097502269518 65
1780129056622 0.877362529894925 66
1780129056624 0.8939275886168145 67
1780129056626 0.8386481760275462 68
1780129056628 0.684456786832873 69
1780129056631 0.9109562033929889 70
1780129056633 0.8240162766646909 71
1780129056635 0.8982448956133166 72
1780129056637 0.9146241618192837 73
1780129056640 0.8746775376855684 74
1780129056642 0.8503812073665691 75
1780129056644 0.8894741464817713 76
1780129056646 0.8947895268356219 77
1780129056649 0.9490260201235812 78
1780129056651 0.9452080653621089 79
1780129056653 0.8920506864409304 80
1780129056655 0.8415203119419739 81
1780129056657 0.8684670373968363 82
1780129056660 0.9300219282298274 83
1780129056662 0.8869191259916113 84
1780129056664 0.9346371479990909 85
1780129056666 0.8490579068085082 86
1780129056669 0.9201338668893972 87
1780129056671 0.8413140244229595 88
1780129056673 0.7491392871511061 89
1780129056676 0.9209874784041128 90
1780129056678 0.9302224784303776 91
1780129056680 0.9033335232102286 92
1780129056682 0.9305113863457894 93
1780129056685 0.9457585033708268 94
1780129056687 0.9284866790688735 95
1780129056689 0.897360153277937 96
1780129056691 0.8522974091301894 97
1780129056693 0.8703865564662907 98
1780129056696 0.9297014650197026 99
1780129056698 0.8231414084743719 100
1780129056700 0.9302825230681456 101
1780129056702 0.8619338760796914 102
1780129056705 0.9400503839335675 103
1780129056707 0.9105424597529861 104
1780129056709 0.8912259306803595 105
1780129056711 0.839530723396873 106
1780129056714 0.9144289727074753 107
1780129056716 0.9698436052608066 108
1780129056718 0.8679525972529823 109
1780129056720 0.9203904679129324 110
1780129056722 0.89390752832294 111
1780129056725 0.9403749895704399 112
1780129056727 0.9198007647181615 113
1780129056729 0.7946351125834891 114
1780129056731 0.9352053915275995 115
1780129056734 0.9353797818945445 116
1780129056736 0.9348891520842739 117
1780129056738 0.9399450549450551 118
1780129056740 0.8316104720667312 119
1780129056742 0.8708540777911169 120
1780129056745 0.9108676632168289 121
1780129056747 0.9241908633372049 122
1780129056749 0.9199827795463225 123
1780129056751 0.9395239988243839 124
1780129056754 0.884983672245465 125
1780129056756 0.9448113482580748 126
1780129056758 0.9250056508258735 127
1780129056760 0.8149182348175963 128
1780129056762 0.8735432969001646 129
1780129056765 0.9068102469642906 130
1780129056767 0.8830888837307322 131
1780129056769 0.9254790456381643 132
1780129056771 0.7924946235221275 133
1780129056774 0.9542682831514668 134
1780129056776 0.8599270438744124 135
1780129056778 0.9161091757419788 136
1780129056780 0.946076805249658 137
1780129056783 0.919852304306733 138
1780129056785 0.8878281177651569 139
1780129056787 0.9597144596952043 140
1780129056790 0.9307737688225494 141
1780129056792 0.9494012546451571 142
1780129056794 0.9136887608646275 143
1780129056796 0.9059053453390693 144
1780129056798 0.8866306929889273 145
1780129056801 0.9549223573613819 146
1780129056803 0.9108818190933533 147
1780129056805 0.9345856906690713 148
1780129056807 0.9160292199874698 149
1780129056810 0.9398384721927128 150
1780129056812 0.9603135418283044 151
1780129056814 0.9543325562695955 152
1780129056816 0.9504157755748943 153
1780129056819 0.9094804540298167 154
1780129056821 0.945017506115067 155
1780129056823 0.9495596306571915 156
1780129056825 0.9450391539081571 157
1780129056828 0.9500556013970648 158
1780129056830 0.9106024503392925 159
1780129056832 0.9176743846756088 160
1780129056834 0.9497664093299523 161
1780129056836 0.9067417582278263 162
1780129056839 0.9699686834346654 163
1780129056841 0.9399020146246764 164
1780129056843 0.9748686679174485 165
1780129056845 0.9497794108769717 166
1780129056848 0.9593386612757004 167
1780129056850 0.9336481529536131 168
1780129056852 0.9703448583936389 169
1780129056854 0.9849906191369605 170
1780129056857 0.892553181903027 171
1780129056859 0.9249328110987364 172
1780129056861 0.9703278211672993 173
1780129056863 0.974987492182614 174
1780129056865 0.9439356521384763 175
1780129056868 0.9313545117717134 176
1780129056870 0.9697144596952041 177
1780129056872 0.9649265835516841 178
1780129056874 0.9699436207780238 179
1780129056877 0.9653931434419238 180
1780129056879 0.984865540963102 181
1780129056881 0.9356865036261699 182
1780129056883 0.9699686834346656 183
1780129056885 0.9700906346541777 184
1780129056888 0.9749686834346655 185
1780129056890 0.9799937460913071 186
1780129056892 0.9592672423160229 187
1780129056894 0.9698556663704287 188
1780129056897 0.9899968730456535 189
1780129056899 0.9554716154492254 190
1780129056901 0.9652306263281873 191
1780129056903 0.9648216695585117 192
1780129056905 0.9746847088310503 193
1780129056908 0.969977617589941 194
1780129056910 0.9299207979553981 195
1780129056912 0.9397273042908474 196
1780129056914 0.9395356675844482 197
1780129056917 0.9459948181899402 198
1780129056919 0.9701156973108194 199
1780129056921 0.9601973978097214 200
1780129056923 0.9450156569526962 201
1780129056925 0.9749718103890119 202
1780129056928 0.9213997502652278 203
1780129056930 0.9799776175899412 204
1780129056932 0.9650646632725625 205
1780129056934 0.969977617589941 206
1780129056937 0.984855666370429 207
1780129056939 0.9749754310729921 208
1780129056941 0.9504046231902457 209
1780129056943 0.9439354173224898 210
1780129056945 0.9851067631555436 211
1780129056948 0.9799874921826142 212
1780129056950 0.9651646787897796 213
1780129056952 0.9552986911189139 214
1780129056954 0.9750547886798895 215
1780129056957 0.9543696715647935 216
1780129056959 0.9556310056086156 217
1780129056961 0.9899749373433584 218
1780129056963 0.9391508491508491 219
1780129056965 0.9400849630375125 220
1780129056968 0.9497724704335744 221
1780129056970 0.9652313946216384 222
1780129056972 0.9496066478094718 223
1780129056974 0.9751928684007677 224
1780129056977 0.969662773128755 225
1780129056979 0.9448561601000627 226
1780129056981 0.9851067631555436 227
1780129056983 0.9899937460913073 228
1780129056985 0.9704036258891916 229
1780129056988 0.9748525394160825 230
1780129056990 0.965222460466363 231
1780129056992 0.9699843652282677 232
1780129056994 0.954901510999072 233
1780129056997 0.9700646632725624 234
1780129056999 0.9600906346541777 235
1780129057001 0.911418390981934 236
1780129057003 0.8954399330522567 237
1780129057005 0.9401665907429109 238
1780129057008 0.9446620785452622 239
1780129057010 0.9557441681125891 240
1780129057012 0.9899968730456535 241
1780129057014 0.9751125703564728 242
1780129057017 0.9275820799783933 243
1780129057019 0.984971810389012 244
1780129057021 0.9166208082769834 245
1780129057023 0.7864937812306233 246
1780129057026 0.9094916610918125 247
1780129057028 0.8540283559363189 248
1780129057030 0.9597917258892867 249
1780129057032 0.965085321182882 250
1780129057035 0.9701125703564728 251
1780129057037 0.949693642986326 252
1780129057039 0.9593266001660783 253
1780129057041 0.9552036517184141 254
1780129057044 0.9655113689773511 255
1780129057046 0.9549185581213824 256
1780129057048 0.9501457112432721 257
1780129057051 0.9269863428665124 258
1780129057053 0.984993746091307 259
1780129057055 0.919047411878801 260
1780129057057 0.9600646632725625 261
1780129057059 0.9651736129450551 262
1780129057062 0.9400593180888432 263
1780129057064 0.9071949084465132 264
1780129057066 0.9501132583160825 265
1780129057068 0.9801928684007677 266
1780129057070 0.9649534953706971 267
1780129057073 0.9446710127005378 268
1780129057075 0.9598494124617358 269
1780129057077 0.9271124482778619 270
1780129057079 0.9453462868610494 271
1780129057082 0.9691327913279132 272
1780129057084 0.9549404938236774 273
1780129057086 0.9704377112771894 274
1780129057088 0.9749718103890119 275
1780129057091 0.9801156973108192 276
1780129057093 0.9553698962093744 277
1780129057095 0.9548467792370232 278
1780129057098 0.9849718103890119 279
1780129057100 0.9599135820046648 280
1780129057102 0.9849718103890119 281
1780129057104 0.9601834875377282 282
1780129057106 0.9547726632386453 283
1780129057109 0.9791327913279133 284
1780129057111 0.9650277180623181 285
1780129057113 0.9799937460913071 286
1780129057115 0.9649843652282677 287
1780129057118 0.9646627731287551 288
1780129057120 0.9701897414464211 289
1780129057122 0.9698624140087553 290
1780129057124 0.8538837422181453 291
1780129057127 0.9550396006159207 292
1780129057129 0.9599682367269017 293
1780129057131 0.979855666370429 294
1780129057133 0.9801067631555437 295
1780129057136 0.9899968730456535 296
1780129057138 0.964564318864704 297
1780129057140 0.9749088937971525 298
1780129057142 0.9249899765047391 299
1780129057145 0.9368341182626898 300
1780129057147 0.9751156973108192 301
1780129057149 0.9459053472436697 302
1780129057151 0.9701125703564728 303
1780129057154 0.9548148259123869 304
1780129057156 0.8472203969524301 305
1780129057158 0.9599785580273383 306
1780129057160 0.9595643188647038 307
1780129057163 0.984993746091307 308
1780129057165 0.9798039798039799 309
1780129057167 0.9502855011199042 310
1780129057169 0.8918585846541378 311
1780129057172 0.964692523992909 312
1780129057174 0.9805177278861489 313
