1780550722999 0.0 0
1780550723002 0.5 1
1780550723004 0.5 2
1780550723006 0.5 3
1780550723009 0.5 4
1780550723011 0.5441558441558442 5
1780550723013 0.5499999999999999 6
1780550723016 0.5963904012905827 7
1780550723018 0.5 8
1780550723020 0.5 9
1780550723023 0.5 10
1780550723025 0.5 11
1780550723027 0.5131578947368421 12
1780550723030 0.5232558139534884 13
1780550723032 0.5 14
1780550723034 0.5 15
1780550723037 0.5 16
1780550723039 0.5 17
1780550723041 0.5 18
1780550723043 0.5 19
1780550723046 0.5556403893872877 20
1780550723048 0.6426293408929837 21
1780550723050 0.5 22
1780550723053 0.5 23
1780550723055 0.5078853046594982 24
1780550723057 0.5 25
1780550723060 0.5 26
1780550723062 0.7136829415310428 27
1780550723064 0.5 28
1780550723066 0.62 29
1780550723069 0.5151515151515151 30
1780550723071 0.5 31
1780550723073 0.5 32
1780550723075 0.5917748917748917 33
1780550723078 0.6771778945691989 34
1780550723080 0.5 35
1780550723082 0.5 36
1780550723085 0.5 37
1780550723087 0.709375 38
1780550723089 0.5 39
1780550723091 0.6124191676338916 40
1780550723094 0.6149074250811224 41
1780550723096 0.5 42
1780550723098 0.5960269980058291 43
1780550723101 0.5572493224932249 44
1780550723103 0.5 45
1780550723105 0.5138888888888888 46
1780550723107 0.5602981029810298 47
1780550723110 0.5 48
1780550723112 0.5 49
1780550723114 0.5555555555555556 50
1780550723117 0.5135135135135135 51
1780550723119 0.5217391304347826 52
1780550723121 0.5206449668474985 53
1780550723123 0.58125 54
1780550723126 0.534375 55
1780550723128 0.5838318760546096 56
1780550723131 0.6690119982224856 57
1780550723133 0.5614812189936216 58
1780550723135 0.5 59
1780550723137 0.6440689751077736 60
1780550723140 0.6626016260162602 61
1780550723142 0.536618444846293 62
1780550723144 0.5444544906570223 63
1780550723147 0.6223196881091618 64
1780550723149 0.7099567099567099 65
1780550723151 0.6683982683982683 66
1780550723154 0.5 67
1780550723156 0.5087402049427365 68
1780550723158 0.5 69
1780550723160 0.5 70
1780550723163 0.5495451591942819 71
1780550723165 0.5 72
1780550723167 0.5 73
1780550723170 0.5111111111111111 74
1780550723172 0.7224231464737794 75
1780550723174 0.5113636363636364 76
1780550723177 0.753855082075941 77
1780550723179 0.5668859649122807 78
1780550723181 0.717921146953405 79
1780550723184 0.696875 80
1780550723186 0.5546782471377812 81
1780550723188 0.5 82
1780550723190 0.5940064897881275 83
1780550723193 0.7012987012987013 84
1780550723195 0.5 85
1780550723197 0.5 86
1780550723200 0.521875 87
1780550723202 0.5696881091617934 88
1780550723204 0.5 89
1780550723207 0.5 90
1780550723209 0.688065654241448 91
1780550723211 0.5285142941786402 92
1780550723213 0.5517701081321286 93
1780550723216 0.5125 94
1780550723218 0.6714092140921409 95
1780550723220 0.5695340501792114 96
1780550723223 0.5479190847289006 97
1780550723225 0.5 98
1780550723227 0.5121951219512195 99
1780550723230 0.4969512195121951 100
1780550723232 0.5 101
1780550723235 0.5 102
1780550723237 0.6769192505388825 103
1780550723239 0.7524916943521595 104
1780550723241 0.5135135135135135 105
1780550723244 0.5602678571428572 106
1780550723246 0.5 107
1780550723248 0.5033333333333333 108
1780550723251 0.5081585081585082 109
1780550723253 0.55 110
1780550723255 0.5333008447043535 111
1780550723257 0.5 112
1780550723260 0.5 113
1780550723262 0.6627845769180155 114
1780550723264 0.5495451591942819 115
1780550723267 0.6716008771929824 116
1780550723269 0.5 117
1780550723271 0.6067251461988304 118
1780550723274 0.5605509355509356 119
1780550723276 0.5 120
1780550723278 0.5 121
1780550723280 0.5098039215686274 122
1780550723283 0.671875 123
1780550723285 0.5301075268817205 124
1780550723287 0.5707118967988534 125
1780550723289 0.6704545454545454 126
1780550723292 0.5993589743589743 127
1780550723294 0.5928751296104281 128
1780550723296 0.6263288447909284 129
1780550723299 0.803125 130
1780550723301 0.6223921006529702 131
1780550723303 0.6863704194992539 132
1780550723305 0.525 133
1780550723308 0.5 134
1780550723310 0.5 135
1780550723312 0.525 136
1780550723315 0.6427145708582834 137
1780550723317 0.5 138
1780550723319 0.7409619366141105 139
1780550723322 0.5091634911994194 140
1780550723324 0.525 141
1780550723326 0.5163242554546902 142
1780550723338 0.6118352836616798 143
1780550723340 0.515625 144
1780550723343 0.5 145
1780550723345 0.5 146
1780550723347 0.5 147
1780550723350 0.5552976289172609 148
1780550723352 0.66875 149
1780550723354 0.4967105263157895 150
1780550723357 0.5 151
1780550723359 0.49019607843137253 152
1780550723361 0.5687500000000001 153
1780550723364 0.5 154
1780550723366 0.5 155
1780550723368 0.63456901748041 156
1780550723370 0.5 157
1780550723373 0.5043760587238848 158
1780550723375 0.5392433653303218 159
1780550723377 0.5 160
1780550723380 0.5 161
1780550723382 0.5131578947368421 162
1780550723384 0.5256410256410257 163
1780550723386 0.5436909301939976 164
1780550723389 0.5 165
1780550723391 0.5 166
1780550723393 0.6655913978494624 167
1780550723396 0.5038377192982456 168
1780550723398 0.5 169
1780550723400 0.54 170
1780550723403 0.5 171
1780550723405 0.5 172
1780550723407 0.5 173
1780550723409 0.5102040816326531 174
1780550723412 0.5 175
1780550723414 0.5256410256410257 176
1780550723416 0.5125 177
1780550723419 0.5 178
1780550723421 0.5739116309291747 179
1780550723423 0.5657894736842105 180
1780550723426 0.5 181
1780550723428 0.5138557095078834 182
1780550723430 0.5989998648466008 183
1780550723433 0.587719298245614 184
1780550723435 0.6212121212121212 185
1780550723437 0.509090909090909 186
1780550723440 0.4967948717948718 187
1780550723442 0.5 188
1780550723444 0.5119047619047619 189
1780550723446 0.5727598566308244 190
1780550723449 0.5385579937304075 191
1780550723451 0.625 192
1780550723453 0.5688111424307744 193
1780550723456 0.5135135135135135 194
1780550723458 0.651014664494149 195
1780550723460 0.5622870685824323 196
1780550723462 0.7506519404816689 197
1780550723465 0.5959850943623032 198
1780550723467 0.6559139784946237 199
1780550723469 0.5 200
1780550723472 0.5 201
1780550723474 0.515625 202
1780550723476 0.583282919943537 203
1780550723478 0.5348837209302325 204
1780550723481 0.5 205
1780550723483 0.5363872644574399 206
1780550723485 0.5 207
1780550723488 0.526045357902197 208
1780550723490 0.6075174825174825 209
1780550723492 0.6000000000000001 210
1780550723495 0.5543478260869565 211
1780550723497 0.6823625476320087 212
1780550723499 0.5 213
1780550723502 0.6547619047619048 214
1780550723504 0.5 215
1780550723506 0.525 216
1780550723513 0.5 217
1780550723516 0.4940119760479042 218
1780550723518 0.5 219
1780550723520 0.5325497287522604 220
1780550723523 0.5653679653679654 221
1780550723525 0.5279503105590062 222
1780550723527 0.5 223
1780550723529 0.5 224
1780550723532 0.5920735382760699 225
1780550723534 0.5128205128205128 226
1780550723536 0.55 227
1780550723539 0.7010247136829415 228
1780550723541 0.5 229
1780550723543 0.6395458845789972 230
1780550723546 0.6603313840155945 231
1780550723548 0.5595238095238095 232
1780550723550 0.5932473323777672 233
1780550723552 0.6720355882804111 234
1780550723555 0.6541125541125541 235
1780550723557 0.5206449668474985 236
1780550723559 0.5512820512820513 237
1780550723561 0.6393867575174048 238
1780550723564 0.5605618133778334 239
1780550723566 0.6183528366167975 240
1780550723568 0.7066003616636528 241
1780550723571 0.5 242
1780550723573 0.5794153104279687 243
1780550723575 0.5992547425474255 244
1780550723578 0.6264532568880394 245
1780550723580 0.5243531202435312 246
1780550723582 0.6399051490514904 247
1780550723584 0.5184923771880294 248
1780550723587 0.5375 249
1780550723589 0.6850613154960981 250
1780550723591 0.5766317016317016 251
1780550723594 0.6700235891852658 252
1780550723596 0.5727745289148798 253
1780550723598 0.7175947231170425 254
1780550723600 0.58125 255
1780550723603 0.6773009599096556 256
1780550723605 0.6363787099983419 257
1780550723607 0.6778455284552846 258
1780550723610 0.647077713551702 259
1780550723612 0.571875 260
1780550723614 0.5796536796536796 261
1780550723617 0.553125 262
1780550723619 0.6203871748336358 263
1780550723621 0.5305880610279958 264
1780550723623 0.5581395348837209 265
1780550723626 0.6211622807017544 266
1780550723628 0.6729249011857708 267
1780550723630 0.5950970226633091 268
1780550723633 0.624750499001996 269
1780550723635 0.532608695652174 270
1780550723637 0.6588089330024813 271
1780550723639 0.629399585921325 272
1780550723642 0.6213894237890683 273
1780550723644 0.6598039215686274 274
1780550723646 0.5119047619047619 275
1780550723649 0.620694522868436 276
1780550723651 0.5634408602150538 277
1780550723653 0.5581395348837209 278
1780550723655 0.6244055836784783 279
1780550723658 0.5866379996814779 280
1780550723660 0.5699510070767556 281
1780550723662 0.5200711005776922 282
1780550723665 0.6428571428571428 283
1780550723667 0.5774891774891775 284
1780550723669 0.4969512195121951 285
1780550723672 0.5571428571428572 286
1780550723674 0.5919123092875129 287
1780550723676 0.5729450190528035 288
1780550723678 0.5 289
1780550723681 0.6052631578947368 290
1780550723684 0.6188065654241448 291
1780550723686 0.5238095238095238 292
1780550723688 0.6122482131254061 293
1780550723691 0.5823581691601244 294
1780550723693 0.5494579945799458 295
1780550723695 0.5509865693914774 296
1780550723698 0.543730720377427 297
1780550723700 0.5609969740404523 298
