1780113236068 0.0 0
1780113236071 0.1 1
1780113236073 0.21000000000000002 2
1780113236074 0.41500000000000004 3
1780113236076 0.71 4
1780113236078 0.5900000000000001 5
1780113236080 0.3350000000000001 6
1780113236082 0.205 7
1780113236083 0.5549999999999999 8
1780113236085 0.585 9
1780113236087 0.5599999999999999 10
1780113236089 0.21000000000000002 11
1780113236090 0.645 12
1780113236092 0.385 13
1780113236094 0.7150000000000001 14
1780113236096 0.605 15
1780113236098 0.7649999999999999 16
1780113236099 0.73 17
1780113236101 0.43 18
1780113236103 0.725 19
1780113236105 0.6950000000000001 20
1780113236107 0.85 21
1780113236108 0.76 22
1780113236110 0.645 23
1780113236112 0.65 24
1780113236114 0.67 25
1780113236116 0.8150000000000001 26
1780113236117 0.7000000000000001 27
1780113236119 0.75 28
1780113236121 0.76 29
1780113236123 0.325 30
1780113236124 0.82 31
1780113236126 0.865 32
1780113236128 0.79 33
1780113236130 0.825 34
1780113236132 0.78 35
1780113236133 0.5549999999999999 36
1780113236135 0.8550000000000001 37
1780113236137 0.775 38
1780113236139 0.775 39
1780113236141 0.885 40
1780113236142 0.8899999999999999 41
1780113236144 0.7550000000000001 42
1780113236146 0.8300000000000001 43
1780113236148 0.8400000000000001 44
1780113236149 0.82 45
1780113236151 0.69 46
1780113236153 0.8550000000000001 47
1780113236155 0.9149999999999998 48
1780113236157 0.875 49
1780113236158 0.825 50
1780113236160 0.8700000000000001 51
1780113236162 0.8799999999999999 52
1780113236164 0.845 53
1780113236165 0.675 54
1780113236167 0.835 55
1780113236169 0.8300000000000001 56
1780113236171 0.8299999999999998 57
1780113236172 0.805 58
1780113236174 0.905 59
1780113236176 0.945 60
1780113236178 0.875 61
1780113236180 0.6399999999999999 62
1780113236182 0.8699999999999999 63
1780113236183 0.8150000000000001 64
1780113236185 0.825 65
1780113236187 0.635 66
1780113236189 0.7250000000000001 67
1780113236190 0.725 68
1780113236192 0.85 69
1780113236194 0.905 70
1780113236196 0.8300000000000001 71
1780113236197 0.8699999999999999 72
1780113236199 0.79 73
1780113236201 0.82 74
1780113236203 0.9049999999999999 75
1780113236205 0.9349999999999999 76
1780113236206 0.9400000000000001 77
1780113236208 0.925 78
1780113236210 0.8999999999999998 79
1780113236212 0.86 80
1780113236213 0.725 81
1780113236215 0.7200000000000001 82
1780113236217 0.8550000000000001 83
1780113236219 0.9299999999999999 84
1780113236220 0.8350000000000002 85
1780113236222 0.76 86
1780113236224 0.8399999999999999 87
1780113236226 0.765 88
1780113236228 0.9349999999999999 89
1780113236229 0.7699999999999999 90
1780113236231 0.89 91
1780113236233 0.72 92
1780113236235 0.8299999999999998 93
1780113236236 0.8600000000000001 94
1780113236238 0.76 95
1780113236240 0.825 96
1780113236242 0.6950000000000001 97
1780113236243 0.8550000000000001 98
1780113236245 0.8949999999999999 99
1780113236247 0.8800000000000001 100
1780113236249 0.9349999999999999 101
1780113236250 0.885 102
1780113236252 0.945 103
1780113236254 0.8649999999999999 104
1780113236256 0.8899999999999999 105
1780113236258 0.89 106
1780113236259 0.8950000000000001 107
1780113236261 0.9400000000000001 108
1780113236263 0.9199999999999999 109
1780113236265 0.915 110
1780113236266 0.9099999999999998 111
1780113236268 0.8949999999999999 112
1780113236270 0.9199999999999999 113
1780113236272 0.61 114
1780113236273 0.9199999999999999 115
1780113236285 0.755 116
1780113236287 0.9100000000000001 117
1780113236288 0.9349999999999999 118
1780113236290 0.825 119
1780113236292 0.8300000000000001 120
1780113236294 0.9 121
1780113236296 0.9400000000000001 122
1780113236297 0.9099999999999999 123
1780113236299 0.835 124
1780113236301 0.93 125
1780113236303 0.785 126
1780113236305 0.9099999999999999 127
1780113236306 0.865 128
1780113236308 0.8949999999999999 129
1780113236310 0.9199999999999999 130
1780113236312 0.89 131
1780113236313 0.9049999999999999 132
1780113236315 0.735 133
1780113236317 0.9450000000000001 134
1780113236319 0.9400000000000001 135
1780113236321 0.915 136
1780113236322 0.9400000000000001 137
1780113236324 0.9349999999999999 138
1780113236326 0.9099999999999999 139
1780113236328 0.9650000000000001 140
1780113236330 0.9049999999999999 141
1780113236331 0.845 142
1780113236333 0.9349999999999999 143
1780113236335 0.9349999999999999 144
1780113236337 0.9349999999999999 145
1780113236338 0.865 146
1780113236340 0.97 147
1780113236342 0.8099999999999999 148
1780113236344 0.9249999999999998 149
1780113236346 0.9 150
1780113236347 0.8200000000000001 151
1780113236349 0.945 152
1780113236351 0.8800000000000001 153
1780113236353 0.885 154
1780113236355 0.9650000000000001 155
1780113236356 0.925 156
1780113236358 0.9349999999999999 157
1780113236360 0.945 158
1780113236362 0.86 159
1780113236364 0.9450000000000001 160
1780113236365 0.915 161
1780113236367 0.9049999999999999 162
1780113236369 0.925 163
1780113236371 0.925 164
1780113236372 0.885 165
1780113236374 0.9549999999999998 166
1780113236376 0.9649999999999999 167
1780113236378 0.9549999999999998 168
1780113236380 0.97 169
1780113236381 0.9800000000000001 170
1780113236383 0.9349999999999999 171
1780113236385 0.945 172
1780113236387 0.97 173
1780113236389 0.9949999999999999 174
1780113236390 0.9450000000000001 175
1780113236392 0.8400000000000001 176
1780113236394 0.95 177
1780113236396 0.9099999999999999 178
1780113236398 0.985 179
1780113236399 0.885 180
1780113236401 0.9800000000000001 181
1780113236403 0.9549999999999998 182
1780113236405 0.9 183
1780113236407 0.95 184
1780113236408 0.9749999999999999 185
1780113236410 0.9650000000000001 186
1780113236412 0.96 187
1780113236414 0.9199999999999999 188
1780113236415 0.9649999999999999 189
1780113236417 0.945 190
1780113236419 0.9649999999999999 191
1780113236421 0.9799999999999999 192
1780113236423 0.9549999999999998 193
1780113236424 0.9600000000000002 194
1780113236426 0.9550000000000001 195
1780113236428 0.9599999999999997 196
1780113236430 0.9549999999999998 197
1780113236432 0.925 198
1780113236433 0.945 199
1780113236435 0.9599999999999997 200
1780113236437 0.82 201
1780113236439 0.96 202
1780113236441 0.86 203
1780113236442 0.93 204
1780113236444 0.97 205
1780113236446 0.9800000000000001 206
1780113236448 0.9949999999999999 207
1780113236449 0.975 208
1780113236451 0.97 209
1780113236453 0.985 210
1780113236455 0.9700000000000001 211
1780113236457 0.9349999999999999 212
1780113236458 0.945 213
1780113236460 0.89 214
1780113236462 0.97 215
1780113236464 0.9650000000000001 216
1780113236466 0.95 217
1780113236467 0.9800000000000001 218
1780113236474 0.9700000000000001 219
1780113236476 0.97 220
1780113236478 0.9349999999999999 221
1780113236479 0.9649999999999999 222
1780113236481 0.8949999999999999 223
1780113236483 0.8300000000000001 224
1780113236485 0.9650000000000001 225
1780113236487 0.96 226
1780113236489 0.925 227
1780113236490 0.9749999999999999 228
1780113236492 0.93 229
1780113236494 0.975 230
1780113236496 0.97 231
1780113236497 0.9400000000000001 232
1780113236499 0.9700000000000001 233
1780113236501 0.8949999999999999 234
1780113236503 0.945 235
1780113236505 0.95 236
1780113236506 0.93 237
1780113236508 0.97 238
1780113236510 0.79 239
1780113236512 0.8899999999999999 240
1780113236514 0.985 241
1780113236515 0.9799999999999999 242
1780113236517 0.93 243
1780113236519 0.985 244
1780113236521 0.985 245
1780113236523 0.8949999999999999 246
1780113236524 0.99 247
1780113236526 0.96 248
1780113236528 0.9550000000000001 249
1780113236530 0.9649999999999999 250
1780113236532 0.985 251
1780113236533 0.97 252
1780113236535 0.9650000000000001 253
1780113236537 0.9550000000000001 254
1780113236539 0.9650000000000001 255
1780113236541 0.9549999999999998 256
1780113236542 0.9499999999999998 257
1780113236544 0.975 258
1780113236546 0.985 259
1780113236548 0.95 260
1780113236550 0.95 261
1780113236551 0.9099999999999999 262
1780113236553 0.945 263
1780113236555 0.9399999999999998 264
1780113236557 0.8699999999999999 265
1780113236559 0.9649999999999999 266
1780113236560 0.975 267
1780113236562 0.93 268
1780113236564 0.9800000000000001 269
1780113236566 0.96 270
1780113236568 0.97 271
1780113236569 0.9550000000000001 272
1780113236571 0.945 273
1780113236573 0.9799999999999999 274
1780113236575 0.9700000000000001 275
1780113236577 0.9650000000000001 276
1780113236579 0.9550000000000001 277
1780113236580 0.9549999999999998 278
1780113236582 0.985 279
1780113236584 0.96 280
1780113236586 0.985 281
1780113236588 0.97 282
1780113236589 0.885 283
1780113236591 0.975 284
1780113236593 0.975 285
1780113236595 0.97 286
1780113236597 0.85 287
1780113236598 0.96 288
1780113236600 0.9200000000000002 289
1780113236602 0.95 290
1780113236604 0.8150000000000001 291
1780113236606 0.925 292
1780113236607 0.9550000000000001 293
1780113236609 0.9549999999999998 294
1780113236611 0.9599999999999997 295
1780113236613 0.9800000000000001 296
1780113236615 0.93 297
1780113236616 0.9650000000000001 298
1780113236618 0.96 299
1780113236620 0.975 300
1780113236622 0.99 301
1780113236624 0.9399999999999998 302
1780113236625 0.9650000000000001 303
1780113236627 0.97 304
1780113236629 0.95 305
1780113236631 0.97 306
1780113236633 0.975 307
1780113236634 0.97 308
1780113236636 0.9599999999999997 309
1780113236638 0.9450000000000001 310
1780113236640 0.9599999999999997 311
1780113236642 0.845 312
1780113236643 0.97 313
