1780238230520 0.0 0
1780238230522 0.12 1
1780238230523 0.5199999999999999 2
1780238230525 0.6649999999999999 3
1780238230526 0.675 4
1780238230528 0.72 5
1780238230529 0.7700000000000001 6
1780238230531 0.74 7
1780238230532 0.82 8
1780238230534 0.9349999999999999 9
1780238230536 0.9049999999999999 10
1780238230537 0.835 11
1780238230539 0.8899999999999999 12
1780238230540 0.7550000000000001 13
1780238230542 0.945 14
1780238230543 0.8949999999999999 15
1780238230545 0.9 16
1780238230546 0.9399999999999998 17
1780238230548 0.9550000000000001 18
1780238230549 0.915 19
1780238230551 0.9149999999999998 20
1780238230552 0.9400000000000001 21
1780238230554 0.96 22
1780238230555 0.9349999999999999 23
1780238230557 0.9599999999999997 24
1780238230558 0.945 25
1780238230560 0.945 26
1780238230561 0.95 27
1780238230563 0.975 28
1780238230564 0.9549999999999998 29
1780238230566 0.95 30
1780238230567 0.9549999999999998 31
1780238230569 0.9400000000000001 32
1780238230570 0.8949999999999999 33
1780238230572 0.95 34
1780238230573 0.9199999999999999 35
1780238230575 0.975 36
1780238230576 0.9649999999999999 37
1780238230578 0.9549999999999998 38
1780238230579 0.9599999999999997 39
1780238230581 0.77 40
1780238230582 0.86 41
1780238230584 0.9199999999999999 42
1780238230585 0.96 43
1780238230587 0.9350000000000002 44
1780238230588 0.97 45
1780238230590 0.9049999999999999 46
1780238230591 0.9199999999999999 47
1780238230593 0.89 48
1780238230594 0.96 49
1780238230596 0.9800000000000001 50
1780238230597 0.93 51
1780238230599 0.9349999999999999 52
1780238230600 0.875 53
1780238230602 0.97 54
1780238230603 0.9299999999999999 55
1780238230605 0.6849999999999999 56
1780238230606 0.9400000000000001 57
1780238230608 0.9400000000000001 58
1780238230610 0.8100000000000002 59
1780238230611 0.845 60
1780238230613 0.9299999999999999 61
1780238230614 0.9649999999999999 62
1780238230615 0.9700000000000001 63
1780238230617 0.9099999999999999 64
1780238230619 0.9549999999999998 65
1780238230620 0.9 66
1780238230622 0.9649999999999999 67
1780238230623 0.8700000000000001 68
1780238230625 0.9650000000000001 69
1780238230626 0.95 70
1780238230627 0.96 71
1780238230629 0.96 72
1780238230631 0.975 73
1780238230632 0.89 74
1780238230634 0.9399999999999998 75
1780238230635 0.96 76
1780238230636 0.9049999999999999 77
1780238230638 0.9349999999999999 78
1780238230639 0.9949999999999999 79
1780238230641 0.9549999999999998 80
1780238230643 0.9349999999999999 81
1780238230644 0.89 82
1780238230646 0.95 83
1780238230647 0.9199999999999999 84
1780238230649 0.9199999999999999 85
1780238230650 0.8950000000000001 86
1780238230652 0.9450000000000001 87
1780238230653 0.8150000000000001 88
1780238230655 0.9799999999999999 89
1780238230656 0.9199999999999999 90
1780238230658 0.945 91
1780238230659 0.9550000000000001 92
1780238230661 0.805 93
1780238230662 0.9549999999999998 94
1780238230664 0.9650000000000001 95
1780238230665 0.535 96
1780238230667 0.6849999999999999 97
1780238230668 0.9400000000000001 98
1780238230670 0.9349999999999999 99
1780238230671 0.945 100
1780238230673 0.95 101
1780238230675 0.945 102
1780238230676 0.9549999999999998 103
1780238230701 0.8549999999999999 104
1780238230703 0.975 105
1780238230705 0.9349999999999999 106
1780238230706 0.9650000000000001 107
1780238230708 0.9549999999999998 108
1780238230709 0.9649999999999999 109
1780238230711 0.975 110
1780238230712 0.9649999999999999 111
1780238230714 0.9550000000000001 112
1780238230715 0.9400000000000001 113
1780238230717 0.9949999999999999 114
1780238230718 0.945 115
1780238230720 0.96 116
1780238230721 0.9149999999999998 117
1780238230723 0.9349999999999999 118
1780238230725 0.96 119
1780238230726 0.9399999999999998 120
1780238230728 0.9549999999999998 121
1780238230729 0.96 122
1780238230731 0.95 123
1780238230732 0.9549999999999998 124
1780238230734 0.9650000000000001 125
1780238230735 0.95 126
1780238230737 0.975 127
1780238230738 0.9650000000000001 128
1780238230740 0.9649999999999999 129
1780238230741 0.93 130
1780238230743 0.9550000000000001 131
1780238230744 0.97 132
1780238230746 0.96 133
1780238230747 0.715 134
1780238230749 0.9799999999999999 135
1780238230750 0.9649999999999999 136
1780238230752 0.9749999999999999 137
1780238230753 0.9799999999999999 138
1780238230755 0.9499999999999998 139
1780238230757 0.9549999999999998 140
1780238230758 0.985 141
1780238230760 0.95 142
1780238230761 0.96 143
1780238230763 0.96 144
1780238230764 0.96 145
1780238230766 0.9649999999999999 146
1780238230767 0.9799999999999999 147
1780238230769 0.9700000000000001 148
1780238230770 0.9400000000000001 149
1780238230772 0.865 150
1780238230773 0.9349999999999999 151
1780238230775 0.97 152
1780238230776 0.95 153
1780238230778 0.9450000000000001 154
1780238230779 0.7899999999999999 155
1780238230781 0.97 156
1780238230782 0.93 157
1780238230784 0.9349999999999999 158
1780238230785 0.9799999999999999 159
1780238230787 0.97 160
1780238230788 0.9650000000000001 161
1780238230790 0.9199999999999999 162
1780238230792 0.585 163
1780238230793 0.9299999999999999 164
1780238230795 0.89 165
1780238230796 0.945 166
1780238230798 0.74 167
1780238230799 0.76 168
1780238230801 0.9549999999999998 169
1780238230802 0.795 170
1780238230804 0.74 171
1780238230805 0.905 172
1780238230807 0.95 173
1780238230808 0.9349999999999999 174
1780238230810 0.89 175
1780238230811 0.925 176
1780238230813 0.95 177
1780238230814 0.93 178
1780238230816 0.9349999999999999 179
1780238230817 0.89 180
1780238230819 0.9599999999999997 181
1780238230820 0.9400000000000001 182
1780238230822 0.8949999999999999 183
1780238230823 0.9350000000000002 184
1780238230825 0.8949999999999999 185
1780238230826 0.945 186
1780238230828 0.9199999999999999 187
1780238230829 0.9649999999999999 188
1780238230831 0.9549999999999998 189
1780238230832 0.945 190
1780238230834 0.7649999999999999 191
1780238230835 0.8949999999999999 192
1780238230837 0.9049999999999999 193
1780238230838 0.9549999999999998 194
1780238230840 0.885 195
1780238230841 0.945 196
1780238230843 0.74 197
1780238230844 0.945 198
1780238230846 0.77 199
1780238230847 0.9 200
1780238230849 0.9299999999999999 201
1780238230850 0.9650000000000001 202
1780238230852 0.9099999999999999 203
1780238230853 0.9450000000000001 204
1780238230855 0.925 205
1780238230856 0.9649999999999999 206
1780238230858 0.8550000000000001 207
1780238230859 0.93 208
1780238230861 0.925 209
1780238230862 0.9299999999999999 210
1780238230864 0.8400000000000001 211
1780238230865 0.8999999999999998 212
1780238230867 0.9349999999999999 213
1780238230868 0.825 214
1780238230870 0.9550000000000001 215
1780238230871 0.9549999999999998 216
1780238230873 0.95 217
1780238230874 0.8099999999999999 218
1780238230876 0.93 219
1780238230877 0.9200000000000002 220
1780238230879 0.96 221
1780238230880 0.9199999999999999 222
1780238230882 0.8200000000000001 223
1780238230883 0.9099999999999999 224
1780238230885 0.85 225
1780238230886 0.9499999999999998 226
1780238230888 0.875 227
1780238230889 0.9399999999999998 228
1780238230891 0.9349999999999999 229
1780238230893 0.9349999999999999 230
1780238230894 0.9299999999999999 231
1780238230896 0.875 232
1780238230897 0.85 233
1780238230899 0.865 234
1780238230900 0.8899999999999999 235
1780238230902 0.86 236
1780238230903 0.85 237
1780238230905 0.945 238
1780238230906 0.925 239
1780238230908 0.97 240
1780238230909 0.9199999999999999 241
1780238230911 0.8299999999999998 242
1780238230912 0.9 243
1780238230914 0.89 244
1780238230915 0.9550000000000001 245
1780238230917 0.97 246
1780238230918 0.9400000000000001 247
1780238230920 0.945 248
1780238230921 0.9399999999999998 249
1780238230923 0.97 250
1780238230924 0.9550000000000001 251
1780238230926 0.9499999999999998 252
1780238230927 0.96 253
1780238230929 0.9400000000000001 254
1780238230930 0.9249999999999998 255
1780238230932 0.945 256
1780238230933 0.885 257
1780238230935 0.9650000000000001 258
1780238230936 0.9649999999999999 259
1780238230938 0.9200000000000002 260
1780238230939 0.9299999999999999 261
1780238230941 0.95 262
1780238230942 0.8150000000000001 263
1780238230944 0.875 264
1780238230945 0.885 265
1780238230947 0.8550000000000001 266
1780238230948 0.95 267
1780238230950 0.945 268
1780238230951 0.945 269
1780238230953 0.9650000000000001 270
1780238230954 0.975 271
1780238230956 0.9649999999999999 272
1780238230957 0.9399999999999998 273
1780238230959 0.9399999999999998 274
1780238230960 0.96 275
1780238230962 0.9450000000000001 276
1780238230963 0.9550000000000001 277
1780238230965 0.985 278
1780238230966 0.9 279
1780238230968 0.985 280
1780238230969 0.95 281
1780238230971 0.9550000000000001 282
1780238230973 0.9549999999999998 283
1780238230974 0.9349999999999999 284
1780238230976 0.89 285
1780238230977 0.9550000000000001 286
1780238230979 0.9400000000000001 287
1780238230980 0.9 288
1780238230982 0.9349999999999999 289
1780238230983 0.96 290
1780238230985 0.915 291
1780238230986 0.8699999999999999 292
1780238230988 0.915 293
1780238230989 0.96 294
1780238230991 0.9649999999999999 295
1780238230992 0.9499999999999998 296
1780238230994 0.9549999999999998 297
1780238230995 0.9549999999999998 298
1780238230997 0.9349999999999999 299
1780238230998 0.9400000000000001 300
1780238231000 0.925 301
1780238231002 0.9299999999999999 302
1780238231003 0.93 303
1780238231005 0.975 304
1780238231006 0.9350000000000002 305
1780238231008 0.95 306
1780238231009 0.945 307
1780238231011 0.97 308
1780238231012 0.95 309
1780238231014 0.8649999999999999 310
1780238231015 0.9 311
1780238231017 0.93 312
1780238231018 0.9650000000000001 313
