1780566798515 0.0 0
1780566798517 0.033330942541298085 1
1780566798519 0.09556935817805383 2
1780566798521 0.12297120418848166 3
1780566798523 0.08388398761880088 4
1780566798525 0.15102135263110872 5
1780566798527 0.14618353716714372 6
1780566798529 0.08840996168582375 7
1780566798530 0.21782518582046886 8
1780566798532 0.1852790346907994 9
1780566798534 0.1311117483793111 10
1780566798536 0.14561354775828458 11
1780566798538 0.1578054543756421 12
1780566798540 0.2769563814685766 13
1780566798541 0.2077293844367015 14
1780566798543 0.1752360562143171 15
1780566798545 0.22597384548604063 16
1780566798547 0.21358974358974359 17
1780566798549 0.23581617408079175 18
1780566798551 0.2713512862616311 19
1780566798553 0.27527330650570087 20
1780566798554 0.10730150309460654 21
1780566798556 0.2102110347268798 22
1780566798558 0.13692239858906524 23
1780566798560 0.36101021527492116 24
1780566798562 0.3495925329996127 25
1780566798564 0.08787697235973098 26
1780566798565 0.40636324723965167 27
1780566798567 0.2793181818181818 28
1780566798569 0.24072857431477876 29
1780566798571 0.3462198561087178 30
1780566798573 0.4191881894000538 31
1780566798575 0.41874551064385523 32
1780566798577 0.30453744382164316 33
1780566798578 0.17232204783288374 34
1780566798580 0.08099139090664513 35
1780566798582 0.36643514664759463 36
1780566798584 0.27678425935435286 37
1780566798586 0.38648824792296815 38
1780566798588 0.34809672607086395 39
1780566798589 0.2566522319488421 40
1780566798591 0.13815153826595475 41
1780566798593 0.2670682485697653 42
1780566798595 0.268903000197314 43
1780566798597 0.2347196321450955 44
1780566798599 0.43526062173120994 45
1780566798601 0.3150849673202615 46
1780566798602 0.41090519090519084 47
1780566798604 0.4914073051374218 48
1780566798606 0.31289342922523694 49
1780566798608 0.2833132045088567 50
1780566798610 0.30100525717533383 51
1780566798612 0.3021459422930011 52
1780566798614 0.3575864094625705 53
1780566798615 0.33434951964184384 54
1780566798617 0.4241301907968575 55
1780566798619 0.3890946115288221 56
1780566798621 0.25966389455616545 57
1780566798623 0.3172010342598578 58
1780566798625 0.40387613582018167 59
1780566798626 0.3135777579394601 60
1780566798628 0.36571821996852594 61
1780566798630 0.4281561015413008 62
1780566798632 0.28910601976639716 63
1780566798634 0.43275027150340045 64
1780566798636 0.2780005120327701 65
1780566798638 0.30899176869765105 66
1780566798639 0.32325 67
1780566798641 0.32828873075440584 68
1780566798643 0.36022712392277606 69
1780566798645 0.40335672913072285 70
1780566798647 0.3232154625109615 71
1780566798649 0.47701186265841444 72
1780566798650 0.3366826908681859 73
1780566798652 0.4490775232300656 74
1780566798654 0.355496959075645 75
1780566798656 0.29300324675324674 76
1780566798658 0.24695439617853415 77
1780566798660 0.23237567987567984 78
1780566798662 0.48478856058552455 79
1780566798664 0.32728751096398156 80
1780566798666 0.27194345708542766 81
1780566798668 0.31421988408476764 82
1780566798670 0.44005032141061556 83
1780566798671 0.3279280205252691 84
1780566798673 0.3647201335670337 85
1780566798675 0.39724670777302357 86
1780566798677 0.3871685678662423 87
1780566798679 0.2782819818490837 88
1780566798681 0.34965677608578005 89
1780566798682 0.3896113612909279 90
1780566798684 0.395067714016955 91
1780566798686 0.43729176558647087 92
1780566798688 0.41892814473459633 93
1780566798690 0.3269945794945795 94
1780566798692 0.3228295162122393 95
1780566798694 0.24587540638745456 96
1780566798695 0.3697487951571436 97
1780566798697 0.24366954827908174 98
1780566798699 0.41936356363555555 99
1780566798701 0.43785113579231216 100
1780566798703 0.34047601424161683 101
1780566798705 0.2685207638601402 102
1780566798707 0.2735334713595583 103
1780566798708 0.27979380255747516 104
1780566798710 0.3580123818833496 105
1780566798712 0.3469350012032939 106
1780566798714 0.31885570222113746 107
1780566798716 0.3225371401177853 108
1780566798718 0.3507351756034726 109
1780566798720 0.3751005495686347 110
1780566798721 0.3166181716833891 111
1780566798723 0.393956102377155 112
1780566798725 0.30206945228684356 113
1780566798727 0.32849173303718865 114
1780566798729 0.344488494389169 115
1780566798731 0.3293655813579912 116
1780566798732 0.25803556437237657 117
1780566798734 0.32716476505950187 118
1780566798736 0.2650082359988021 119
1780566798738 0.4126154830749343 120
1780566798740 0.3789880952380952 121
1780566798742 0.3877393638614866 122
1780566798744 0.40509988307792166 123
1780566798745 0.33944742174585396 124
1780566798747 0.38514735264735267 125
1780566798749 0.35650220156525236 126
1780566798751 0.3876169534799566 127
1780566798753 0.3967399948485141 128
1780566798755 0.30032179789226265 129
1780566798756 0.35932187943670624 130
1780566798758 0.33015634404718913 131
1780566798760 0.33758492068626633 132
1780566798762 0.39014990290015567 133
1780566798764 0.3173372199332324 134
1780566798766 0.3595471521942111 135
1780566798767 0.32723878662172673 136
1780566798769 0.3326041486012792 137
1780566798771 0.41207811006198103 138
1780566798773 0.3314665233415234 139
1780566798775 0.39095792665618023 140
1780566798777 0.37543351385456647 141
1780566798779 0.3197450697450698 142
1780566798780 0.3680300487551891 143
1780566798782 0.357725468975469 144
1780566798784 0.47348007114560603 145
1780566798786 0.4367352139172386 146
1780566798788 0.47857142857142854 147
1780566798790 0.31207102488634636 148
1780566798791 0.3664138595010925 149
1780566798793 0.3724943898970976 150
1780566798795 0.3567089421928132 151
1780566798797 0.3594588744588744 152
1780566798799 0.4106371973354139 153
1780566798801 0.3763322250439406 154
1780566798803 0.3762121735791091 155
1780566798804 0.36927823122869563 156
1780566798806 0.34114551094604884 157
1780566798808 0.3058025308025308 158
1780566798810 0.39692346072780854 159
1780566798812 0.4505839353285174 160
1780566798814 0.3557580524810347 161
1780566798815 0.44993278371954837 162
1780566798817 0.34575134336585844 163
1780566798819 0.3838518377047789 164
1780566798821 0.20714285714285713 165
1780566798823 0.3683733519758365 166
1780566798825 0.4495276809910956 167
1780566798827 0.401922753354431 168
1780566798829 0.4188240764403555 169
1780566798831 0.37263291914035623 170
1780566798832 0.40072049537924165 171
1780566798834 0.4030972087476757 172
1780566798836 0.45537294276113877 173
1780566798838 0.3597755426687433 174
1780566798840 0.34202637275005693 175
1780566798842 0.4231034354273791 176
1780566798844 0.515919911192863 177
1780566798845 0.47785014005602244 178
1780566798847 0.48215111499145114 179
1780566798849 0.3802380952380952 180
1780566798851 0.3290352062797883 181
1780566798853 0.4302825911590767 182
1780566798855 0.3564744637513516 183
1780566798856 0.40809843257517675 184
1780566798858 0.45684202271158797 185
1780566798860 0.3890842490842491 186
1780566798862 0.418630797543841 187
1780566798864 0.30779761904761904 188
1780566798866 0.4144146723016692 189
1780566798868 0.4205004374122021 190
1780566798869 0.382263987054092 191
1780566798871 0.37655612793543825 192
1780566798873 0.4244990538021228 193
1780566798875 0.3521187146187146 194
1780566798877 0.3742527080762375 195
1780566798879 0.44105736154110764 196
1780566798880 0.38937999058341755 197
1780566798882 0.46910886842775384 198
1780566798884 0.36247119815668205 199
1780566798886 0.48722721244272965 200
1780566798888 0.3180946312558006 201
1780566798890 0.4329642857142857 202
1780566798891 0.4495376712328767 203
1780566798893 0.3724724121931045 204
1780566798897 0.3905558195192341 205
1780566798899 0.35282649905875063 206
1780566798901 0.44867817367817364 207
1780566798903 0.40343046135151395 208
1780566798904 0.37770287556872917 209
1780566798906 0.4765183159920001 210
1780566798908 0.3544355921855922 211
1780566798910 0.33850187556127764 212
1780566798912 0.38702308656256024 213
1780566798914 0.42572009346003153 214
1780566798915 0.3978769177682221 215
1780566798917 0.36472683657602306 216
1780566798919 0.3767298394453567 217
1780566798921 0.5028753844475173 218
1780566798923 0.4172638146167559 219
1780566798925 0.3907948145044919 220
1780566798926 0.3650688116330131 221
1780566798928 0.41788818479994944 222
1780566798930 0.44169916105399976 223
1780566798932 0.4135953663762155 224
1780566798934 0.41709910778876297 225
1780566798936 0.47847070494864613 226
1780566798938 0.4548634803411691 227
1780566798939 0.39377828629544875 228
1780566798941 0.4749854604459867 229
1780566798943 0.45773079577427395 230
1780566798945 0.29454545454545455 231
1780566798947 0.4377912951055366 232
1780566798949 0.37263523832489354 233
1780566798950 0.4771878346224662 234
1780566798952 0.43562148730626993 235
1780566798954 0.5214937832840645 236
1780566798956 0.3943004566990368 237
1780566798958 0.4053589999260628 238
1780566798960 0.43452302998767334 239
1780566798962 0.45425983436853007 240
1780566798963 0.41313492063492063 241
1780566798965 0.4442519403018125 242
1780566798967 0.3536295867874815 243
1780566798969 0.470485347985348 244
1780566798971 0.5233028980823098 245
1780566798973 0.420600188063813 246
1780566798975 0.5102691511387164 247
1780566798976 0.4392064081555607 248
1780566798978 0.4211470312381177 249
1780566798980 0.43067663817663815 250
1780566798982 0.43901951595613564 251
1780566798984 0.3845627325890484 252
1780566798986 0.25342767295597485 253
1780566798988 0.3422508193560825 254
1780566798989 0.42588111762923797 255
1780566798991 0.4415193236714976 256
1780566798993 0.4012238455988456 257
1780566798995 0.4247830491512346 258
1780566798997 0.480278043035396 259
1780566798999 0.4587454212454213 260
1780566799000 0.3990469981995406 261
1780566799002 0.34204157838835786 262
1780566799004 0.39604880413703947 263
1780566799006 0.4129450592724299 264
1780566799008 0.4954003760810636 265
1780566799010 0.4691769614844617 266
1780566799012 0.4619147446121131 267
1780566799014 0.36323070607553365 268
1780566799016 0.3490867577554884 269
1780566799017 0.4458961301912069 270
1780566799019 0.4899194423997056 271
1780566799021 0.46671296296296294 272
1780566799023 0.3366467202649731 273
1780566799025 0.3906129586205488 274
1780566799027 0.40851851851851845 275
1780566799029 0.41869886152494845 276
1780566799030 0.4115614035087719 277
1780566799032 0.5074693345426635 278
1780566799034 0.45313749975514683 279
1780566799036 0.4263743732474382 280
1780566799038 0.4727831090638972 281
1780566799040 0.49994204638302653 282
1780566799042 0.48816914080071977 283
1780566799043 0.4024946882619296 284
1780566799045 0.39594233653057176 285
1780566799047 0.43578074057725213 286
1780566799049 0.42179821396926653 287
1780566799051 0.5383745143745144 288
1780566799053 0.49249270909859977 289
1780566799054 0.40702194357366767 290
1780566799056 0.4647557603686637 291
1780566799058 0.3702143291887662 292
1780566799060 0.45313030508429036 293
1780566799062 0.4267499092848806 294
1780566799064 0.5477328925969062 295
1780566799065 0.5331881022203603 296
1780566799067 0.4037741082095921 297
1780566799069 0.5135064935064935 298
