1780241643603 0.0 0
1780241643607 0.1 1
1780241643609 0.37 2
1780241643611 0.305 3
1780241643613 0.54 4
1780241643614 0.635 5
1780241643616 0.555 6
1780241643618 0.59 7
1780241643620 0.74 8
1780241643621 0.815 9
1780241643623 0.8 10
1780241643625 0.79 11
1780241643627 0.8 12
1780241643629 0.55 13
1780241643631 0.765 14
1780241643632 0.775 15
1780241643634 0.85 16
1780241643636 0.835 17
1780241643638 0.905 18
1780241643640 0.84 19
1780241643641 0.895 20
1780241643643 0.9 21
1780241643645 0.905 22
1780241643647 0.905 23
1780241643648 0.935 24
1780241643650 0.945 25
1780241643652 0.915 26
1780241643654 0.88 27
1780241643655 0.89 28
1780241643657 0.905 29
1780241643659 0.935 30
1780241643660 0.86 31
1780241643662 0.895 32
1780241643664 0.89 33
1780241643666 0.93 34
1780241643667 0.895 35
1780241643669 0.84 36
1780241643671 0.875 37
1780241643673 0.9 38
1780241643674 0.93 39
1780241643676 0.895 40
1780241643678 0.875 41
1780241643680 0.94 42
1780241643682 0.86 43
1780241643683 0.91 44
1780241643685 0.84 45
1780241643687 0.72 46
1780241643689 0.84 47
1780241643690 0.91 48
1780241643692 0.72 49
1780241643694 0.85 50
1780241643696 0.88 51
1780241643697 0.835 52
1780241643699 0.94 53
1780241643701 0.965 54
1780241643703 0.88 55
1780241643705 0.92 56
1780241643706 0.86 57
1780241643708 0.825 58
1780241643710 0.935 59
1780241643712 0.84 60
1780241643713 0.835 61
1780241643715 0.915 62
1780241643717 0.77 63
1780241643719 0.835 64
1780241643720 0.81 65
1780241643722 0.89 66
1780241643724 0.845 67
1780241643726 0.905 68
1780241643728 0.865 69
1780241643730 0.92 70
1780241643732 0.865 71
1780241643734 0.855 72
1780241643736 0.935 73
1780241643737 0.92 74
1780241643739 0.93 75
1780241643741 0.92 76
1780241643743 0.92 77
1780241643745 0.895 78
1780241643746 0.95 79
1780241643748 0.905 80
1780241643750 0.82 81
1780241643752 0.77 82
1780241643753 0.94 83
1780241643755 0.935 84
1780241643757 0.83 85
1780241643758 0.85 86
1780241643760 0.925 87
1780241643762 0.95 88
1780241643763 0.85 89
1780241643765 0.875 90
1780241643767 0.73 91
1780241643769 0.83 92
1780241643770 0.915 93
1780241643772 0.875 94
1780241643774 0.865 95
1780241643775 0.93 96
1780241643777 0.885 97
1780241643779 0.885 98
1780241643781 0.895 99
1780241643783 0.935 100
1780241643785 0.915 101
1780241643787 0.89 102
1780241643788 0.895 103
1780241643790 0.915 104
1780241643792 0.95 105
1780241643793 0.935 106
1780241643795 0.945 107
1780241643797 0.925 108
1780241643799 0.935 109
1780241643800 0.9 110
1780241643802 0.855 111
1780241643804 0.84 112
1780241643806 0.935 113
1780241643807 0.94 114
1780241643809 0.975 115
1780241643811 0.95 116
1780241643813 0.97 117
1780241643815 0.915 118
1780241643816 0.82 119
1780241643818 0.755 120
1780241643820 0.935 121
1780241643822 0.955 122
1780241643824 0.94 123
1780241643825 0.73 124
1780241643827 0.925 125
1780241643829 0.905 126
1780241643830 0.835 127
1780241643832 0.78 128
1780241643834 0.91 129
1780241643835 0.88 130
1780241643837 0.935 131
1780241643839 0.925 132
1780241643840 0.91 133
1780241643842 0.96 134
1780241643844 0.905 135
1780241643846 0.9 136
1780241643847 0.96 137
1780241643849 0.935 138
1780241643851 0.95 139
1780241643853 0.925 140
1780241643854 0.895 141
1780241643856 0.96 142
1780241643858 0.925 143
1780241643860 0.94 144
1780241643861 0.825 145
1780241643863 0.94 146
1780241643865 0.95 147
1780241643867 0.96 148
1780241643868 0.935 149
1780241643870 0.83 150
1780241643872 0.88 151
1780241643874 0.93 152
1780241643875 0.945 153
1780241643877 0.88 154
1780241643879 0.555 155
1780241643880 0.925 156
1780241643882 0.91 157
1780241643884 0.965 158
1780241643885 0.96 159
1780241643887 0.98 160
1780241643889 0.94 161
1780241643890 0.945 162
1780241643892 0.965 163
1780241643894 0.95 164
1780241643896 0.9 165
1780241643897 0.955 166
1780241643899 0.95 167
1780241643901 0.935 168
1780241643902 0.93 169
1780241643904 0.945 170
1780241643906 0.98 171
1780241643907 0.96 172
1780241643909 0.97 173
1780241643911 0.96 174
1780241643913 0.92 175
1780241643914 0.945 176
1780241643916 0.97 177
1780241643918 0.955 178
1780241643920 0.975 179
1780241643921 0.975 180
1780241643923 0.965 181
1780241643925 0.945 182
1780241643927 0.925 183
1780241643928 0.95 184
1780241643930 0.935 185
1780241643932 0.97 186
1780241643933 0.955 187
1780241643935 0.955 188
1780241643937 0.975 189
1780241643938 0.94 190
1780241643940 0.87 191
1780241643942 0.975 192
1780241643944 0.945 193
1780241643945 0.98 194
1780241643947 0.97 195
1780241643949 0.925 196
1780241643950 0.98 197
1780241643952 0.96 198
1780241643954 0.9 199
1780241643955 0.965 200
1780241643957 0.96 201
1780241643959 0.98 202
1780241643960 0.96 203
1780241643962 0.965 204
1780241643964 0.96 205
1780241643966 0.985 206
1780241643967 0.95 207
1780241643969 0.9 208
1780241643971 0.99 209
1780241643973 0.96 210
1780241643974 0.91 211
1780241643976 0.965 212
1780241643978 0.96 213
1780241643979 0.97 214
1780241643981 0.965 215
1780241643983 0.975 216
1780241643985 0.995 217
1780241643986 0.965 218
1780241643988 0.98 219
1780241643990 0.965 220
1780241643991 0.99 221
1780241643993 0.965 222
1780241643995 0.95 223
1780241643997 0.965 224
1780241643998 0.975 225
1780241644000 0.98 226
1780241644002 0.955 227
1780241644003 0.965 228
1780241644005 0.965 229
1780241644007 0.925 230
1780241644008 0.95 231
1780241644010 0.96 232
1780241644012 0.95 233
1780241644013 0.95 234
1780241644015 0.95 235
1780241644017 0.95 236
1780241644018 0.93 237
1780241644020 0.995 238
1780241644022 0.985 239
1780241644023 0.96 240
1780241644025 0.97 241
1780241644027 0.935 242
1780241644028 0.965 243
1780241644030 0.97 244
1780241644032 0.98 245
1780241644033 0.98 246
1780241644035 0.95 247
1780241644037 0.965 248
1780241644039 0.98 249
1780241644040 0.855 250
1780241644042 0.97 251
1780241644044 0.96 252
1780241644046 0.98 253
1780241644047 0.96 254
1780241644049 0.975 255
1780241644051 0.91 256
1780241644052 0.94 257
1780241644054 0.98 258
1780241644056 0.98 259
1780241644058 0.96 260
1780241644059 0.975 261
1780241644061 0.95 262
1780241644063 0.985 263
1780241644064 0.96 264
1780241644066 0.975 265
1780241644068 0.95 266
1780241644070 0.99 267
1780241644072 0.96 268
1780241644074 0.965 269
1780241644075 0.985 270
1780241644077 0.975 271
1780241644079 0.965 272
1780241644081 0.965 273
1780241644082 0.94 274
1780241644084 0.97 275
1780241644086 0.975 276
1780241644088 0.985 277
1780241644089 0.995 278
1780241644091 0.95 279
1780241644093 0.945 280
1780241644094 0.99 281
1780241644096 0.99 282
1780241644098 0.975 283
1780241644100 0.96 284
1780241644101 0.96 285
1780241644103 0.99 286
1780241644105 0.945 287
1780241644107 0.965 288
1780241644108 0.96 289
1780241644110 0.96 290
1780241644112 0.945 291
1780241644113 0.975 292
1780241644115 0.985 293
1780241644117 0.98 294
1780241644118 0.975 295
1780241644120 0.975 296
1780241644122 0.98 297
1780241644123 0.98 298
1780241644125 0.965 299
1780241644127 0.97 300
1780241644128 0.965 301
1780241644130 0.965 302
1780241644132 0.98 303
1780241644134 0.975 304
1780241644136 0.95 305
1780241644137 0.955 306
1780241644139 0.98 307
1780241644141 0.98 308
1780241644143 0.93 309
1780241644144 0.95 310
1780241644146 1.0 311
1780241644148 0.965 312
1780241644149 0.99 313
