1780241644725 0.0 0
1780241644726 0.010050251256281407 1
1780241644728 0.48245796349244624 2
1780241644730 0.5535329163590033 3
1780241644732 0.5368274064394754 4
1780241644733 0.7368849590531512 5
1780241644735 0.7541025641025642 6
1780241644737 0.6383619216139439 7
1780241644739 0.7961002032598142 8
1780241644740 0.8296460695643628 9
1780241644742 0.8579029576397998 10
1780241644744 0.8300434590312097 11
1780241644745 0.8282008958496372 12
1780241644747 0.7885840548340549 13
1780241644749 0.8739643225711337 14
1780241644751 0.8471533613445377 15
1780241644753 0.8785424345176667 16
1780241644754 0.8693511198945982 17
1780241644756 0.9111921107115615 18
1780241644758 0.854182654913145 19
1780241644760 0.9029722238545768 20
1780241644762 0.9068939393939394 21
1780241644763 0.9095310245310244 22
1780241644765 0.9099756637971742 23
1780241644767 0.9388042647889195 24
1780241644769 0.9495106342932429 25
1780241644770 0.9179701472156715 26
1780241644772 0.8954860595163799 27
1780241644774 0.8949563962607442 28
1780241644776 0.9089809416589603 29
1780241644777 0.9366604918092332 30
1780241644779 0.8784703737954512 31
1780241644781 0.9042556264423272 32
1780241644782 0.9069482449917231 33
1780241644784 0.9343391086411682 34
1780241644786 0.9078931302615512 35
1780241644787 0.8678928176296596 36
1780241644789 0.892124824684432 37
1780241644791 0.9126511387163561 38
1780241644793 0.9421611721611722 39
1780241644794 0.902990964032154 40
1780241644796 0.8913928797325383 41
1780241644798 0.942222601959444 42
1780241644799 0.8917570473005256 43
1780241644801 0.9136702758213057 44
1780241644803 0.8585533910533911 45
1780241644805 0.7144182684326543 46
1780241644807 0.863594845700109 47
1780241644808 0.9246230773010959 48
1780241644810 0.8505280760429501 49
1780241644812 0.9220246267843523 50
1780241644814 0.8853379326212144 51
1780241644816 0.8815168038852249 52
1780241644817 0.9450982528785732 53
1780241644819 0.9661904761904762 54
1780241644821 0.8839587714449741 55
1780241644823 0.9289495798319327 56
1780241644824 0.8958297213622292 57
1780241644826 0.867249113545553 58
1780241644829 0.9445252018936229 59
1780241644830 0.8766284695696461 60
1780241644832 0.8914035087719299 61
1780241644834 0.9183587757271967 62
1780241644836 0.8228806437445989 63
1780241644838 0.872890179995443 64
1780241644839 0.8844841884122069 65
1780241644841 0.9073308270676691 66
1780241644843 0.9234622823984525 67
1780241644845 0.913012922749765 68
1780241644846 0.8821931929626438 69
1780241644848 0.9311893259719346 70
1780241644850 0.9017696703880913 71
1780241644852 0.8915660363028785 72
1780241644853 0.9367727289237587 73
1780241644855 0.922745879851143 74
1780241644857 0.9347082627517409 75
1780241644859 0.9254367638463747 76
1780241644860 0.9251782123292422 77
1780241644862 0.9029062815982322 78
1780241644864 0.9531469979296066 79
1780241644865 0.911000227842333 80
1780241644867 0.8854297565619476 81
1780241644869 0.8475374433995123 82
1780241644870 0.9445708969393181 83
1780241644872 0.9385360139479133 84
1780241644874 0.8846188278946899 85
1780241644876 0.8769517319283873 86
1780241644877 0.932111046847889 87
1780241644879 0.9576373626373627 88
1780241644881 0.9025446224256293 89
1780241644882 0.8906435143803566 90
1780241644884 0.8476143790849673 91
1780241644886 0.892550694919116 92
1780241644887 0.9190457368718239 93
1780241644889 0.905798637636873 94
1780241644890 0.9053578000946422 95
1780241644892 0.9340242317022502 96
1780241644894 0.8956152315998864 97
1780241644895 0.89527930731269 98
1780241644897 0.9223991350926335 99
1780241644899 0.9392725390551477 100
1780241644901 0.9211874382927014 101
1780241644902 0.8915007215007215 102
1780241644904 0.9013532843967628 103
1780241644906 0.921067821067821 104
1780241644908 0.953611111111111 105
1780241644910 0.9363618940399127 106
1780241644912 0.9474076495586793 107
1780241644913 0.930959595959596 108
1780241644915 0.9364756588440798 109
1780241644917 0.9174575807334427 110
1780241644918 0.9000690131124912 111
1780241644920 0.8832061449299301 112
1780241644922 0.9433083583083584 113
1780241644924 0.9414035087719299 114
1780241644925 0.9761904761904763 115
1780241644927 0.9509523809523808 116
1780241644929 0.9718398268398267 117
1780241644931 0.9266165413533836 118
1780241644932 0.8963125899856023 119
1780241644934 0.8634305125558995 120
1780241644936 0.9451575799401887 121
1780241644938 0.9567680565048986 122
1780241644939 0.9421466545150755 123
1780241644941 0.8192105263157895 124
1780241644943 0.9346949444317865 125
1780241644944 0.9246684894053313 126
1780241644946 0.8687479206324706 127
1780241644948 0.8897091492099232 128
1780241644950 0.9104955570745045 129
1780241644951 0.9050676581643818 130
1780241644953 0.9462618965714942 131
1780241644955 0.9278217282336276 132
1780241644957 0.9171814417466593 133
1780241644958 0.9633418031244119 134
1780241644960 0.9198045131268149 135
1780241644961 0.9070438030284578 136
1780241644963 0.9625108225108224 137
1780241644965 0.936971711228004 138
1780241644967 0.9517821067821066 139
1780241644968 0.9265864343102195 140
1780241644970 0.9255248094661205 141
1780241644971 0.9625324675324676 142
1780241644973 0.9440993788819876 143
1780241644975 0.9421975393028024 144
1780241644977 0.8871925824593403 145
1780241644978 0.9440372670807452 146
1780241644980 0.9525230896741194 147
1780241644982 0.9625324675324674 148
1780241644983 0.9373176926272901 149
1780241644985 0.8823120915032681 150
1780241644987 0.9042318957217088 151
1780241644988 0.9423809523809522 152
1780241644990 0.9475663797174094 153
1780241644992 0.8932068491936912 154
1780241644994 0.7364140196414054 155
1780241644995 0.9296946169772257 156
1780241644997 0.9165948789959086 157
1780241644999 0.9656114718614719 158
1780241645001 0.9608339029391662 159
1780241645003 0.9813852813852815 160
1780241645005 0.9470995670995672 161
1780241645007 0.94811004784689 162
1780241645009 0.967169554320584 163
1780241645010 0.9526457447967743 164
1780241645012 0.9116540567720242 165
1780241645014 0.9574076495586793 166
1780241645016 0.9507142857142856 167
1780241645017 0.9416524265208477 168
1780241645019 0.934488989271598 169
1780241645021 0.9486868686868688 170
1780241645022 0.9804761904761905 171
1780241645024 0.9610970608339031 172
1780241645026 0.9721946169772258 173
1780241645028 0.9634920634920634 174
1780241645029 0.9281355778724201 175
1780241645031 0.9521946169772256 176
1780241645033 0.9725108225108224 177
1780241645034 0.9556641604010025 178
1780241645036 0.9759523809523809 179
1780241645038 0.9756208703577125 180
1780241645039 0.9663059163059161 181
1780241645041 0.9513759035269332 182
1780241645043 0.9331024531024532 183
1780241645044 0.9544018148137141 184
1780241645046 0.9401816299642386 185
1780241645048 0.9711904761904762 186
1780241645049 0.9574076495586793 187
1780241645051 0.9587301587301587 188
1780241645053 0.9759523809523809 189
1780241645055 0.9444701675136458 190
1780241645056 0.9118478963673471 191
1780241645058 0.9766933638443935 192
1780241645060 0.9476457447967747 193
1780241645061 0.9804761904761904 194
1780241645063 0.9709523809523809 195
1780241645065 0.9297685708011796 196
1780241645066 0.9799999999999999 197
1780241645068 0.9631037078863166 198
1780241645070 0.93062558356676 199
1780241645071 0.966067821067821 200
1780241645073 0.9618614718614718 201
1780241645075 0.9811471861471862 202
1780241645076 0.9635714285714284 203
1780241645078 0.965952380952381 204
1780241645080 0.9627489177489178 205
1780241645081 0.9857142857142858 206
1780241645083 0.951067821067821 207
1780241645085 0.9201997810618501 208
1780241645086 0.9902380952380951 209
1780241645088 0.9608589655958077 210
1780241645090 0.9392997198879552 211
1780241645091 0.966861471861472 212
1780241645093 0.9624327122153208 213
1780241645095 0.9726708074534163 214
1780241645096 0.9671152518978605 215
1780241645098 0.9757142857142856 216
1780241645100 0.9952380952380953 217
1780241645101 0.9661904761904762 218
1780241645103 0.9813852813852814 219
1780241645105 0.9666233766233765 220
1780241645107 0.9904761904761905 221
1780241645108 0.9661471861471862 222
1780241645110 0.9507503607503608 223
1780241645112 0.9663602187286398 224
1780241645114 0.9763852813852812 225
1780241645116 0.980952380952381 226
1780241645118 0.9615169144580908 227
1780241645119 0.9663602187286398 228
1780241645121 0.9690476190476192 229
1780241645123 0.9360305958132045 230
1780241645124 0.9527489177489178 231
1780241645126 0.9642424242424242 232
1780241645128 0.9543557422969189 233
1780241645129 0.9512808536492747 234
1780241645131 0.9527276524644945 235
1780241645133 0.9556459330143541 236
1780241645134 0.9439153919280961 237
1780241645136 0.9952380952380953 238
1780241645138 0.9854761904761904 239
1780241645139 0.9636363636363636 240
1780241645141 0.9711221234905445 241
1780241645143 0.9395676691729324 242
1780241645145 0.9670995670995671 243
1780241645146 0.9704511278195488 244
1780241645148 0.9813852813852814 245
1780241645150 0.9811471861471862 246
1780241645151 0.9541260760597146 247
1780241645153 0.9661654135338346 248
1780241645155 0.9813852813852814 249
1780241645157 0.9022729185229185 250
1780241645159 0.9716233766233767 251
1780241645160 0.9609273182957393 252
1780241645162 0.9811471861471862 253
1780241645164 0.9604778657874633 254
1780241645166 0.9761221234905445 255
1780241645167 0.9231437178805602 256
1780241645170 0.946043823326432 257
1780241645171 0.9813852813852815 258
1780241645173 0.9813852813852814 259
1780241645175 0.9625541125541126 260
1780241645177 0.9771946169772256 261
1780241645178 0.9532289055973268 262
1780241645180 0.9857142857142858 263
1780241645182 0.9627272727272727 264
1780241645184 0.9758840282524492 265
1780241645186 0.9535115456625753 266
1780241645188 0.9902380952380951 267
1780241645189 0.9615516062884485 268
1780241645191 0.9654511278195488 269
1780241645193 0.9854761904761904 270
1780241645195 0.9759523809523809 271
1780241645196 0.9649206349206347 272
1780241645198 0.9664285714285714 273
1780241645200 0.9432916778111287 274
1780241645202 0.9718614718614719 275
1780241645204 0.9761221234905445 276
1780241645205 0.9857142857142858 277
1780241645207 0.9952380952380953 278
1780241645209 0.9534572432398519 279
1780241645211 0.9562686910512997 280
1780241645213 0.9904761904761905 281
1780241645214 0.9904761904761905 282
1780241645216 0.976190476190476 283
1780241645218 0.9613602187286396 284
1780241645220 0.962099567099567 285
1780241645221 0.9904761904761905 286
1780241645223 0.948611300979722 287
1780241645225 0.9675108225108225 288
1780241645226 0.9635115456625754 289
1780241645228 0.9625773920968429 290
1780241645230 0.9476708074534163 291
1780241645232 0.9759523809523809 292
1780241645233 0.9857142857142858 293
1780241645235 0.9811471861471862 294
1780241645237 0.9763852813852815 295
1780241645238 0.9758840282524494 296
1780241645240 0.981147186147186 297
1780241645242 0.9811471861471862 298
1780241645244 0.9666233766233766 299
1780241645245 0.9713602187286398 300
1780241645247 0.9661221234905446 301
1780241645249 0.9659273182957392 302
1780241645251 0.9811471861471862 303
1780241645253 0.9761471861471861 304
1780241645255 0.9578321678321677 305
1780241645257 0.9602130325814535 306
1780241645258 0.9821946169772258 307
1780241645260 0.9821946169772258 308
1780241645262 0.9399145476948678 309
1780241645264 0.9522476646160856 310
1780241645265 1.0 311
1780241645267 0.96657666894509 312
1780241645269 0.9904761904761905 313
