1780111544121 0.0 0
1780111544123 0.10500000000000002 1
1780111544125 0.305 2
1780111544126 0.57 3
1780111544128 0.515 4
1780111544130 0.5199999999999999 5
1780111544132 0.23500000000000001 6
1780111544133 0.43 7
1780111544135 0.5 8
1780111544137 0.5149999999999999 9
1780111544139 0.635 10
1780111544140 0.425 11
1780111544142 0.56 12
1780111544144 0.635 13
1780111544146 0.45999999999999996 14
1780111544148 0.61 15
1780111544149 0.835 16
1780111544151 0.51 17
1780111544153 0.7449999999999999 18
1780111544155 0.655 19
1780111544156 0.605 20
1780111544158 0.6 21
1780111544160 0.69 22
1780111544162 0.45500000000000007 23
1780111544164 0.49000000000000005 24
1780111544165 0.6699999999999999 25
1780111544167 0.77 26
1780111544169 0.665 27
1780111544171 0.7849999999999999 28
1780111544173 0.885 29
1780111544174 0.76 30
1780111544176 0.735 31
1780111544178 0.73 32
1780111544180 0.7999999999999999 33
1780111544181 0.7999999999999999 34
1780111544183 0.85 35
1780111544185 0.805 36
1780111544187 0.735 37
1780111544188 0.8150000000000001 38
1780111544190 0.725 39
1780111544192 0.8799999999999999 40
1780111544194 0.8550000000000001 41
1780111544196 0.7899999999999999 42
1780111544197 0.6449999999999999 43
1780111544199 0.8799999999999999 44
1780111544201 0.835 45
1780111544203 0.545 46
1780111544204 0.8100000000000002 47
1780111544206 0.885 48
1780111544208 0.5800000000000001 49
1780111544210 0.8949999999999999 50
1780111544211 0.6900000000000001 51
1780111544213 0.7100000000000001 52
1780111544215 0.8 53
1780111544217 0.575 54
1780111544218 0.8400000000000001 55
1780111544220 0.655 56
1780111544222 0.85 57
1780111544224 0.8150000000000001 58
1780111544225 0.8800000000000001 59
1780111544227 0.865 60
1780111544229 0.77 61
1780111544231 0.79 62
1780111544232 0.8550000000000001 63
1780111544234 0.8400000000000001 64
1780111544236 0.795 65
1780111544237 0.85 66
1780111544239 0.875 67
1780111544241 0.885 68
1780111544243 0.8950000000000001 69
1780111544245 0.79 70
1780111544246 0.8800000000000001 71
1780111544248 0.8800000000000001 72
1780111544250 0.825 73
1780111544252 0.7949999999999999 74
1780111544253 0.9 75
1780111544255 0.9149999999999998 76
1780111544257 0.865 77
1780111544259 0.8949999999999999 78
1780111544260 0.95 79
1780111544262 0.875 80
1780111544264 0.89 81
1780111544266 0.86 82
1780111544268 0.845 83
1780111544269 0.8649999999999999 84
1780111544271 0.8899999999999999 85
1780111544273 0.785 86
1780111544275 0.8550000000000001 87
1780111544276 0.8799999999999999 88
1780111544278 0.9349999999999999 89
1780111544280 0.825 90
1780111544282 0.8600000000000001 91
1780111544284 0.885 92
1780111544285 0.885 93
1780111544287 0.7849999999999999 94
1780111544289 0.8649999999999999 95
1780111544291 0.78 96
1780111544292 0.805 97
1780111544294 0.9099999999999999 98
1780111544296 0.805 99
1780111544298 0.79 100
1780111544299 0.9399999999999998 101
1780111544301 0.89 102
1780111544303 0.93 103
1780111544305 0.9199999999999999 104
1780111544306 0.7849999999999999 105
1780111544308 0.865 106
1780111544310 0.905 107
1780111544312 0.9349999999999999 108
1780111544313 0.945 109
1780111544315 0.9199999999999999 110
1780111544317 0.9400000000000001 111
1780111544319 0.945 112
1780111544320 0.8699999999999999 113
1780111544322 0.82 114
1780111544324 0.9549999999999998 115
1780111544326 0.9499999999999998 116
1780111544327 0.9299999999999999 117
1780111544329 0.925 118
1780111544331 0.7949999999999999 119
1780111544333 0.915 120
1780111544335 0.9299999999999999 121
1780111544336 0.905 122
1780111544338 0.945 123
1780111544340 0.905 124
1780111544342 0.9299999999999999 125
1780111544343 0.86 126
1780111544345 0.915 127
1780111544347 0.9149999999999998 128
1780111544349 0.875 129
1780111544350 0.85 130
1780111544352 0.825 131
1780111544354 0.7150000000000001 132
1780111544356 0.8850000000000001 133
1780111544358 0.8699999999999999 134
1780111544359 0.905 135
1780111544361 0.9199999999999999 136
1780111544363 0.9499999999999998 137
1780111544365 0.9099999999999999 138
1780111544366 0.8800000000000001 139
1780111544368 0.95 140
1780111544370 0.905 141
1780111544372 0.8699999999999999 142
1780111544373 0.9349999999999999 143
1780111544375 0.9400000000000001 144
1780111544377 0.915 145
1780111544379 0.925 146
1780111544380 0.97 147
1780111544382 0.9199999999999999 148
1780111544384 0.9349999999999999 149
1780111544386 0.8549999999999999 150
1780111544387 0.865 151
1780111544389 0.9400000000000001 152
1780111544391 0.89 153
1780111544393 0.8549999999999999 154
1780111544394 0.82 155
1780111544396 0.95 156
1780111544398 0.905 157
1780111544400 0.9049999999999999 158
1780111544402 0.915 159
1780111544403 0.945 160
1780111544405 0.9349999999999999 161
1780111544407 0.9650000000000001 162
1780111544409 0.9549999999999998 163
1780111544410 0.9399999999999998 164
1780111544412 0.975 165
1780111544414 0.9 166
1780111544416 0.9400000000000001 167
1780111544417 0.875 168
1780111544419 0.9400000000000001 169
1780111544421 0.985 170
1780111544423 0.9049999999999999 171
1780111544424 0.915 172
1780111544426 0.9299999999999999 173
1780111544428 0.985 174
1780111544430 0.96 175
1780111544432 0.945 176
1780111544433 0.96 177
1780111544435 0.96 178
1780111544437 0.9649999999999999 179
1780111544439 0.96 180
1780111544440 0.9649999999999999 181
1780111544451 0.925 182
1780111544453 0.9600000000000002 183
1780111544454 0.9099999999999999 184
1780111544456 0.9400000000000001 185
1780111544458 0.985 186
1780111544460 0.9649999999999999 187
1780111544461 0.8949999999999999 188
1780111544463 0.9599999999999997 189
1780111544465 0.96 190
1780111544467 0.9 191
1780111544469 0.9249999999999998 192
1780111544470 0.9700000000000001 193
1780111544472 0.95 194
1780111544474 0.9349999999999999 195
1780111544476 0.93 196
1780111544477 0.9599999999999997 197
1780111544479 0.945 198
1780111544481 0.9099999999999999 199
1780111544483 0.9349999999999999 200
1780111544484 0.9649999999999999 201
1780111544486 0.9099999999999999 202
1780111544488 0.85 203
1780111544490 0.9650000000000001 204
1780111544491 0.9500000000000002 205
1780111544493 0.96 206
1780111544495 0.9549999999999998 207
1780111544497 0.985 208
1780111544499 0.9550000000000001 209
1780111544500 0.99 210
1780111544502 0.9899999999999999 211
1780111544504 0.9799999999999999 212
1780111544506 0.9649999999999999 213
1780111544507 0.95 214
1780111544509 0.865 215
1780111544511 0.975 216
1780111544513 0.96 217
1780111544514 0.9899999999999999 218
1780111544516 0.975 219
1780111544518 0.9550000000000001 220
1780111544520 0.9200000000000002 221
1780111544522 0.9650000000000001 222
1780111544523 0.945 223
1780111544525 0.96 224
1780111544527 0.96 225
1780111544529 0.9549999999999998 226
1780111544530 0.9450000000000001 227
1780111544532 0.8549999999999999 228
1780111544534 0.9599999999999997 229
1780111544536 0.9799999999999999 230
1780111544538 0.9549999999999998 231
1780111544539 0.9349999999999998 232
1780111544541 0.925 233
1780111544543 0.97 234
1780111544545 0.9800000000000001 235
1780111544547 0.9349999999999999 236
1780111544548 0.96 237
1780111544550 0.97 238
1780111544552 0.95 239
1780111544554 0.96 240
1780111544555 0.975 241
1780111544557 0.945 242
1780111544559 0.9799999999999999 243
1780111544561 0.9799999999999999 244
1780111544563 0.985 245
1780111544564 0.9650000000000001 246
1780111544566 0.975 247
1780111544568 0.99 248
1780111544570 0.9549999999999998 249
1780111544572 0.9599999999999997 250
1780111544573 0.9899999999999999 251
1780111544575 0.9650000000000001 252
1780111544577 0.96 253
1780111544579 0.975 254
1780111544580 0.97 255
1780111544582 0.97 256
1780111544584 0.95 257
1780111544586 0.975 258
1780111544588 0.86 259
1780111544589 0.95 260
1780111544591 0.97 261
1780111544593 0.9799999999999999 262
1780111544595 0.945 263
1780111544597 0.9049999999999999 264
1780111544598 0.9649999999999999 265
1780111544600 0.9799999999999999 266
1780111544602 0.9299999999999999 267
1780111544604 0.9349999999999999 268
1780111544605 0.9299999999999999 269
1780111544607 0.9199999999999999 270
1780111544609 0.8699999999999999 271
1780111544611 0.9550000000000001 272
1780111544612 0.9650000000000001 273
1780111544614 0.97 274
1780111544616 0.9799999999999999 275
1780111544618 0.9599999999999997 276
1780111544620 0.97 277
1780111544621 0.89 278
1780111544623 0.9349999999999999 279
1780111544625 0.975 280
1780111544627 0.9949999999999999 281
1780111544628 0.96 282
1780111544630 0.97 283
1780111544632 0.975 284
1780111544639 0.96 285
1780111544640 0.9649999999999999 286
1780111544642 0.96 287
1780111544644 0.9799999999999999 288
1780111544646 0.9599999999999997 289
1780111544648 0.945 290
1780111544649 0.985 291
1780111544651 0.8699999999999999 292
1780111544653 0.9549999999999998 293
1780111544655 0.945 294
1780111544657 0.9599999999999997 295
1780111544658 0.99 296
1780111544660 0.9549999999999998 297
1780111544662 0.77 298
1780111544664 0.9599999999999997 299
1780111544665 0.9650000000000001 300
1780111544667 0.9600000000000002 301
1780111544669 0.9499999999999998 302
1780111544671 0.975 303
1780111544672 0.9600000000000002 304
1780111544674 0.95 305
1780111544676 0.9549999999999998 306
1780111544678 0.9549999999999998 307
1780111544679 0.9700000000000001 308
1780111544681 0.97 309
1780111544683 0.96 310
1780111544685 0.95 311
1780111544687 0.97 312
1780111544688 0.97 313
